RUNGE KUTTA: X Z PHI
 0.4996532258814858 0.3973637814032293E-01 0.8726646259971648E-02
 0.4977578891016218 0.1986726859634131 0.1956928467717638E-01
 0.4991908603901336 0.9271821566075343E-01 0.8726646262837298E-02
 0.4994991040510350 0.5739699064713305E-01 0.8726646259971648E-02
 0.4988824959888650 0.1280394396201001 0.8829503558840164E-02
 0.4992936082771007 0.8094447398954661E-01 0.8726646259971648E-02
 0.4988374565755627 0.1330505906577161 0.8953465256966242E-02
 0.4991420338407125 0.9831318373631528E-01 0.8726649543613692E-02
 0.4992430834658819 0.8673404390514410E-01 0.8726646259983770E-02
 0.4991731140368980 0.9475174629923032E-01 0.8726646459635815E-02
 0.4992197603229552 0.8940661136984009E-01 0.8726646260529599E-02
 0.4991691536029588 0.9520556706402103E-01 0.8726646570195241E-02
 0.4991255238622579 0.1002050381166642 0.8726658270642292E-02
 0.4990937118935893 0.1038503130173541 0.8726727235760809E-02
 0.4990635524649433 0.1073061661863129 0.8727002663036781E-02
 0.4990389738091986 0.1101223950014033 0.8727671266767382E-02
 0.4990181356981534 0.1125097707004168 0.8728957442912865E-02
 0.4989989810952576 0.1147038313519600 0.8731241848625473E-02
 0.4989800454011940 0.1168720517050988 0.8735256567643294E-02
 0.4989551469156918 0.1197209154019585 0.8744919155885194E-02
 0.4989348870978814 0.1220359539628227 0.8758477141432049E-02
 0.4989166348622676 0.1241177858824125 0.8777022934462997E-02
 0.4989010315875657 0.1258933589205204 0.8799082053602412E-02
 0.4988866707878393 0.1275230428316810 0.8825585433451244E-02
 0.4988715772725391 0.1292299121299808 0.8860964723333562E-02
 0.4988568310614304 0.1308901561635824 0.8903983347863903E-02
 0.4988430450002634 0.1324343301770659 0.8952576086958009E-02
 0.4988279837487847 0.1341108881835192 0.9015683559783856E-02
 0.4988141893185725 0.1356353310086438 0.9083142309215376E-02
 0.4988006692971533 0.1371177487182604 0.9158497911066342E-02
 0.4987865719026024 0.1386497286909874 0.9246959295595660E-02
 0.4987730672694689 0.1401028609060106 0.9341113395194278E-02
 0.4987591463675472 0.1415847961161357 0.9447561483276466E-02
 0.4987458044907871 0.1429888526054549 0.9558220107451434E-02
 0.4987324356984214 0.1443789400909461 0.9677210554025196E-02
 0.4987189601827118 0.1457623790194042 0.9804891554526131E-02
 0.4987055875167542 0.1471170617987130 0.9938806792089031E-02
 0.4986916879188036 0.1485054157659156 0.1008520991423854E-01
 0.4986779583409172 0.1498566780840360 0.1023668701553019E-01
 0.4986633010197397 0.1512768746111910 0.1040547031248448E-01
 0.4986491593752216 0.1526250153962959 0.1057468012593940E-01
 0.4986349765780406 0.1539552295511643 0.1074992264628878E-01
 0.4986208351599672 0.1552598603681536 0.1092918779442786E-01
 0.4986068647629687 0.1565276630592150 0.1110963777529372E-01
 0.4985924355598126 0.1578155127261550 0.1129852361859285E-01
 0.4985783049545384 0.1590559078352911 0.1148529308311253E-01
 0.4985634052865237 0.1603420689202722 0.1168365973791765E-01
 0.4985488282911421 0.1615793533070144 0.1187884028570378E-01
 0.4985334409251260 0.1628635004073923 0.1208589088417833E-01
 0.4985184014431300 0.1640974795390840 0.1228920315053631E-01
 0.4985025759041433 0.1653740537567821 0.1250405531140105E-01
 0.4984871810247773 0.1665949718841495 0.1271383785688292E-01
 0.4984709122356533 0.1678634559366272 0.1293628519639676E-01
 0.4984551326249327 0.1690730932405107 0.1315277448715227E-01
 0.4984383803799411 0.1703356554536714 0.1338336232615310E-01
 0.4984221247603231 0.1715401294676184 0.1360779134478470E-01
 0.4984048616297433 0.1727976634749346 0.1384682665735770E-01
 0.4983881416697458 0.1739950718007876 0.1407902814671805E-01
 0.4983703522645528 0.1752475433092395 0.1432677415456223E-01
 0.4983532034523075 0.1764345503903538 0.1456616408521112E-01
 0.4983348542963483 0.1776832052513450 0.1482282981107308E-01
 0.4983171606159106 0.1788669233364850 0.1507079423081181E-01
 0.4982984602968078 0.1800969805886953 0.1533328871497273E-01
 0.4982800929754907 0.1812847891544630 0.1559140263114248E-01
 0.4982609861945601 0.1824997187282631 0.1586011618056834E-01
 0.4982420401351739 0.1836842609304517 0.1612675828061273E-01
 0.4982225930350094 0.1848799217138466 0.1640062782902788E-01
 0.4982031957043649 0.1860527885346747 0.1667390383359911E-01
 0.4981838121927466 0.1872057673712197 0.1694703711252525E-01
 0.4981635324200756 0.1883923288738020 0.1723286821607750E-01
 0.4981441291152879 0.1895093209327249 0.1750643295529847E-01
 0.4981226424264427 0.1907260538713383 0.1780942629985542E-01
 0.4981027881491697 0.1918320817236541 0.1808938927327849E-01
 0.4980808555587446 0.1930341573183810 0.1839863351590332E-01
 0.4980603997188038 0.1941372194943639 0.1868704897844063E-01
 0.4980378734026540 0.1953324003566333 0.1900460555935312E-01
 0.4980167734069864 0.1964339267942589 0.1930191618849711E-01
 0.4979936517457618 0.1976216793468238 0.1962750293942815E-01
 0.4979717729133538 0.1987275842657680 0.1993539951201596E-01
 0.4979491687819950 0.1998523549667489 0.2025330637966457E-01
 0.4979261940487628 0.2009776203868564 0.2057615626226201E-01
 0.4979036961321294 0.2020625543309912 0.2089198789481458E-01
 0.4978785401160084 0.2032564213579852 0.2124477615887563E-01
 0.4978556180890391 0.2043271314204587 0.2156593674906906E-01
 0.4978300568200870 0.2055024813851868 0.2192370456372252E-01
 0.4978066481939412 0.2065621488477814 0.2225092740980291E-01
 0.4977804191119811 0.2077311429082110 0.2261707272181821E-01
 0.4977562019435154 0.2087937916228144 0.2295468004053038E-01
 0.4977306081928887 0.2098999959607021 0.2331098831850867E-01
 0.4977052027655010 0.2109814705476744 0.2366409045099264E-01
 0.4976800764699124 0.2120353143156504 0.2401266480441431E-01
 0.4976521139763956 0.2131902870429188 0.2439982534036076E-01
 0.4976266458075793 0.2142264045867807 0.2475178302631317E-01
 0.4975978763474156 0.2153792626079484 0.2514857200155003E-01
 0.4975718232833595 0.2164076906795572 0.2550710756794350E-01
 0.4975430750158085 0.2175258779698675 0.2590183704973859E-01
 0.4975159528962674 0.2185653117231279 0.2627341131539546E-01
 0.4974885550603226 0.2196005013293704 0.2664796221813272E-01
 0.4974590485954224 0.2206992254906549 0.2705037554944280E-01
 0.4974316252683428 0.2217058343061177 0.2742340390065870E-01
 0.4974001789875392 0.2228434083197117 0.2784997702994454E-01
 0.4973719420497964 0.2238501454427370 0.2823197519449746E-01
 0.4973414155188464 0.2249233161837823 0.2864383840436624E-01
 0.4973118220329859 0.2259490679277468 0.2904194669566417E-01
 0.4972825176446733 0.2269510487489987 0.2943497962713192E-01
 0.4972489675491793 0.2280819186401899 0.2988352563493419E-01
 0.4972192223436427 0.2290704438757855 0.3027997495069447E-01
 0.4971848576232802 0.2301965174771907 0.3073655472316512E-01
 0.4971541231143906 0.2311895682207775 0.3114353592340546E-01
 0.4971222275256419 0.2322065191330725 0.3156449700385142E-01
 0.4970894363769774 0.2332379953894895 0.3199584086089534E-01
 0.4970582085487554 0.2342074609326274 0.3240532097531290E-01
 0.4970217420590279 0.2353241887385459 0.3288188562364015E-01
 0.4969895604964662 0.2362963478772639 0.3330096225506496E-01
 0.4969552195534450 0.2373203506706814 0.3374660442159183E-01
 0.4969212670489388 0.2383195749337054 0.3418568673049830E-01
 0.4968882949884227 0.2392777463100607 0.3461070429401277E-01
 0.4968495662276675 0.2403883077204298 0.3510818152302657E-01
 0.4968157188599088 0.2413460942489181 0.3554136536891041E-01
 0.4967790748109007 0.2423699593824309 0.3600866038254537E-01
 0.4967435340857027 0.2433503933576655 0.3646027459130383E-01
 0.4967087635026791 0.2442979087813589 0.3690062070826548E-01
 0.4966677260485458 0.2454017720500911 0.3741842933815257E-01
 0.4966321257946159 0.2463470877116117 0.3786590171465699E-01
 0.4965935119168814 0.2473598904836826 0.3834941529705665E-01
 0.4965561541362907 0.2483276772540419 0.3881542988952597E-01
 0.4965196845578211 0.2492613193472096 0.3926873474962193E-01
 0.4964763413730265 0.2503570270540020 0.3980536579410630E-01
 0.4964389110753353 0.2512914474342973 0.4026688553195660E-01
 0.4963989474806545 0.2522773720147959 0.4075767292502457E-01
 0.4963593749521293 0.2532420295126648 0.4124170903611932E-01
 0.4963212741743270 0.2541601792479067 0.4170597228055557E-01
 0.4962755915350308 0.2552476685559615 0.4226033675691367E-01
 0.4962361451376086 0.2561752958319579 0.4273697126387189E-01
 0.4961952199922837 0.2571268353952112 0.4322944548586020E-01
 0.4961526804525723 0.2581044987778102 0.4373921522402256E-01
 0.4961128459885666 0.2590097238548406 0.4421467266103185E-01
 0.4960660443661147 0.2600609298905489 0.4477097390442809E-01
 0.4960243494106909 0.2609865001182274 0.4526443082048746E-01
 0.4959825903028348 0.2619034426033913 0.4575659756160691E-01
 0.4959347258177730 0.2629424024078221 0.4631825341720722E-01
 0.4958927245793292 0.2638437736424748 0.4680902154433333E-01
 0.4958469225021003 0.2648160101720913 0.4734202406388544E-01
 0.4958025720389863 0.2657470641815550 0.4785594495969903E-01
 0.4957596736248209 0.2666381758312576 0.4835096136312691E-01
 0.4957074538505069 0.2677106940395862 0.4895082208566946E-01
 0.4956629578983785 0.2686142616606572 0.4945969600540377E-01
 0.4956173572587532 0.2695306707113980 0.4997911184582109E-01
 0.4955685557271856 0.2705009201466451 0.5053263836537727E-01
 0.4955238212459104 0.2713810226999154 0.5103787084277817E-01
 0.4954740609174752 0.2723498301071500 0.5159745010891973E-01
 0.4954267335473664 0.2732615726702923 0.5212739242577674E-01
 0.4953807766999900 0.2741380867734981 0.5263994635907682E-01
 0.4953243588050752 0.2752025275049314 0.5326645409393380E-01
 0.4952766884340827 0.2760922172354810 0.5379346010578585E-01
 0.4952280497919924 0.2769910407989450 0.5432893586015804E-01
 0.4951752913431318 0.2779560369102878 0.5490728954246261E-01
 0.4951274154203094 0.2788229706986535 0.5542998467660168E-01
 0.4950751227576247 0.2797605899817056 0.5599864155434811E-01
 0.4950240789925395 0.2806666774930328 0.5655143442610040E-01
 0.4949751770177112 0.2815264751652324 0.5707889608238065E-01
 0.4949164187883073 0.2825491188126056 0.5770994277534951E-01
 0.4948652252450510 0.2834310287366392 0.5825741448632819E-01
 0.4948143274082833 0.2842996635800887 0.5879964400712784E-01
 0.4947523637392796 0.2853464009726777 0.5945696667483802E-01
 0.4947006485678027 0.2862111891042581 0.6000317767541513E-01
 0.4946463683521286 0.2871104406124407 0.6057412605624989E-01
 0.4945906994791858 0.2880239332511221 0.6115723756228460E-01
 0.4945387066266692 0.2888692682812442 0.6169968776787476E-01
 0.4944807724066460 0.2898024871403030 0.6230171310453863E-01
 0.4944254645224739 0.2906850199431769 0.6287404928417076E-01
 0.4943722132642098 0.2915271725573523 0.6342285891830295E-01
 0.4943080181998569 0.2925327593447927 0.6408156014644960E-01
 0.4942522564895388 0.2933978827376343 0.6465124982014872E-01
 0.4941970614733288 0.2942467326964761 0.6521296076135792E-01
 0.4941282968016879 0.2952940947431485 0.6590974337992794E-01
 0.4940718617140435 0.2961454178447006 0.6647905310464212E-01
 0.4940135647399369 0.2970171993966255 0.6706473743056308E-01
 0.4939518356294607 0.2979320382434754 0.6768230375666821E-01
 0.4938952945885533 0.2987626857808529 0.6824570781679588E-01
 0.4938342531802973 0.2996517767698140 0.6885158383468908E-01
 0.4937730822744222 0.3005349308512632 0.6945625696105871E-01
 0.4937155105610738 0.3013591178168499 0.7002303986609101E-01
 0.4936513439511099 0.3022698824182252 0.7065211256325646E-01
 0.4935899367194178 0.3031339097188464 0.7125160364454033E-01
 0.4935311126151384 0.3039547909313729 0.7182363610632100E-01
 0.4934628191578517 0.3048996425819647 0.7248504141824332E-01
 0.4934008302873672 0.3057498238717399 0.7308283909634018E-01
 0.4933405074695887 0.3065704945814012 0.7366221271248814E-01
 0.4932640905835830 0.3076008888601360 0.7439286445706375E-01
 0.4932011357021682 0.3084421773228855 0.7499212632815599E-01
 0.4931385628554514 0.3092717131122560 0.7558543315730674E-01
 0.4930618956485630 0.3102792537853462 0.7630924279312741E-01
 0.4929984727186086 0.3111055322397469 0.7690536564105283E-01
 0.4929332167938044 0.3119490201080106 0.7751620414192607E-01
 0.4928625503563946 0.3128549658801671 0.7817487948447856E-01
 0.4927988415188718 0.3136651824351483 0.7876629283984282E-01
 0.4927315917941552 0.3145138422094487 0.7938816230365171E-01
 0.4926609829545709 0.3153977526016775 0.8003842837789495E-01
 0.4925962263192660 0.3162020979451536 0.8063237241366923E-01
 0.4925271140113487 0.3170540203544250 0.8126371211517626E-01
 0.4924558974290145 0.3179249692249139 0.8191159127027352E-01
 0.4923899921572812 0.3187248318792093 0.8250881974413474E-01
 0.4923191532559131 0.3195781244238062 0.8314831965292005E-01
 0.4922470076484066 0.3204404203181499 0.8379701766642592E-01
 0.4921799120420415 0.3212363715768039 0.8439792506596350E-01
 0.4921075085740887 0.3220889398626763 0.8504379402462857E-01
 0.4920342229929426 0.3229453085956503 0.8569487336160822E-01
 0.4919659130174145 0.3237376794369876 0.8629941854426883E-01
 0.4918921274308815 0.3245873345198927 0.8694994000083948E-01
 0.4918174920882906 0.3254403125671840 0.8760530492993883E-01
 0.4917479438832196 0.3262294096563338 0.8821355525381845E-01
 0.4916729619751558 0.3270740665270608 0.8886667169926568E-01
 0.4915967813396285 0.3279258730823633 0.8952746377739934E-01
 0.4915259596672150 0.3287121193446202 0.9013935148462709E-01
 0.4914499259846530 0.3295502888147091 0.9079372793878029E-01
 0.4913719831526107 0.3304032353505467 0.9146179727403532E-01
 0.4912998493927353 0.3311870591298676 0.9207757610478881E-01
 0.4912228761828735 0.3320176884583796 0.9273202099537604E-01
 0.4911429628646204 0.3328738430845238 0.9340864461128591E-01
 0.4910694803132260 0.3336556246668446 0.9402837833029788E-01
 0.4909916387342630 0.3344781593022421 0.9468239068066857E-01
 0.4909094962293083 0.3353399780686612 0.9536977145191788E-01
 0.4908346190191467 0.3361201543391075 0.9599385088440351E-01
 0.4907559441779282 0.3369344313200467 0.9664700619477377E-01
 0.4906712843376451 0.3378045029147419 0.9734696429911367E-01
 0.4905949582963604 0.3385835563979912 0.9797554567513438E-01
 0.4905154296543170 0.3393899752765842 0.9862806978405236E-01
 0.4904279321473849 0.3402710298383592 0.9934311102380121E-01
 0.4903500972580545 0.3410494488279553 0.9997662651912716E-01
 0.4902696566839450 0.3418487367004086 0.1006287995862884
 0.4901790496138943 0.3427428338223028 0.1013603451663237
 0.4900996568221269 0.3435209558211303 0.1019987749999638
 0.4900181954516157 0.3443142800561112 0.1026514027958632
 0.4899243208789522 0.3452222299014327 0.1034004213066426
 0.4898433431769970 0.3460001466873615 0.1040438662687776
 0.4897607524636226 0.3467885929683026 0.1046975597527650
 0.4896637060376511 0.3477087409494637 0.1054624052929054
 0.4895811592776261 0.3484861447599349 0.1061102898397647
 0.4894973370259446 0.3492706913151828 0.1067657272808691
 0.4893973757530720 0.3501999864163685 0.1075441356733437
 0.4893132932647378 0.3509764403990625 0.1081961419473924
 0.4892281885668093 0.3517575558688025 0.1088534964842358
 0.4891255368037838 0.3526934355149303 0.1096429920338602
 0.4890399505464851 0.3534685603888918 0.1102984947448920
 0.4889535340195118 0.3542465157174844 0.1109579000380330
 0.4888482564093392 0.3551880047482713 0.1117579083167652
 0.4887611740053184 0.3559616644614657 0.1124168634190964
 0.4886734373388922 0.3567365343356390 0.1130781989692673
 0.4885655236065395 0.3576833728651252 0.1138881411057675
 0.4884769430160024 0.3584555298925691 0.1145502005891329
 0.4883878691078458 0.3592274690092223 0.1152134910564092
 0.4882772547384069 0.3601798795290055 0.1160337673179461
 0.4881871606555268 0.3609506100313889 0.1166990366490856
 0.4880967259806546 0.3617198165438706 0.1173642365521526
 0.4879835226992894 0.3626765211825491 0.1181933141890052
 0.4878919224203033 0.3634457193494154 0.1188613384880964
 0.4878001143958117 0.3642123035821128 0.1195284016107018
 0.4876842494817572 0.3651736308351129 0.1203667359308788
 0.4875911287583478 0.3659413728241868 0.1210376196680280
 0.4874979337358028 0.3667054452157007 0.1217064415688547
 0.4873794170308933 0.3676710321991997 0.1225532885612499
 0.4872847733481656 0.3684373016794435 0.1232266758817941
 0.4871901777728325 0.3691989741674728 0.1238972417533519
 0.4870689396771894 0.3701691153181438 0.1247530686698653
 0.4869727562253540 0.3709340083641235 0.1254291215926358
 0.4868767424278653 0.3716934161279308 0.1261013934566524
 0.4867528881929083 0.3726670163655759 0.1269648389405564
 0.4866551709721680 0.3734304553294627 0.1276431810027063
 0.4865577314138569 0.3741876591249120 0.1283171347380755
 0.4864311305977841 0.3751655041452345 0.1291891426123696
 0.4863318627231586 0.3759275861615638 0.1298699729930158
 0.4862329928748858 0.3766826144390668 0.1305455099004768
 0.4861036473493107 0.3776644413351654 0.1314254705381755
 0.4860028304050411 0.3784251240840271 0.1321084538211973
 0.4859025252623681 0.3791780139366911 0.1327855300566443
 0.4857702985506955 0.3801646056497760 0.1336743852980959
 0.4856679138143579 0.3809239948325037 0.1343597108598792
 0.4855661584566044 0.3816748486881374 0.1350382690844837
 0.4854312329387994 0.3826646102821671 0.1359341491397726
 0.4853272934183718 0.3834225867957707 0.1366213705858195
 0.4852240858162254 0.3841714223060619 0.1373013132251117
 0.4850862297891664 0.3851658292280339 0.1382057522826527
 0.4849807089238242 0.3859225562638385 0.1388950963313757
 0.4848760253506532 0.3866695357918988 0.1395764174503343
 0.4847359239686905 0.3876634956937688 0.1404843284865469
 0.4846288790665710 0.3884185660990832 0.1411750926022622
 0.4845227687453145 0.3891633645238756 0.1418573983790259
 0.4843804793530302 0.3901564405863344 0.1427685750133877
 0.4842718853937402 0.3909100424944542 0.1434610401027419
 0.4841644071976483 0.3916522855005716 0.1441438660083647
 0.4840199416128425 0.3926443780142514 0.1450577795217259
 0.4839097687861683 0.3933967282003593 0.1457518443732051
 0.4838009716338343 0.3941361326467759 0.1464348505548205
 0.4836543380856760 0.3951271752810958 0.1473516533213122
 0.4835425400778754 0.3958785912022253 0.1480477385928867
 0.4834324753320913 0.3966148697868163 0.1487305445950713
 0.4832836758966814 0.3976048407054277 0.1496497732583964
 0.4831702045038754 0.3983556409003832 0.1503478582548430
 0.4830589089402007 0.3990886201473280 0.1510301944474949
 0.4829079318896192 0.4000775916890189 0.1519521011619791
 0.4827927194963439 0.4008282051211616 0.1526527096919454
 0.4826802197108195 0.4015577829148553 0.1533343642408561
 0.4825325124918309 0.4025107097751380 0.1542256956804630
 0.4824157956314614 0.4032597619464068 0.1549271750428245
 0.4823024717386938 0.4039837543481784 0.1556059399547576
 0.4821653474950811 0.4048555285899311 0.1564242405676139
 0.4820468948586005 0.4056048802377021 0.1571284358978408
 0.4819331594444239 0.4063211893726938 0.1578022217036461
 0.4818061546897643 0.4071174098482105 0.1585518883507784
 0.4816835876997027 0.4078821937273288 0.1592726970897742
 0.4815687665891504 0.4085954638761710 0.1599456603732310
 0.4814476621969830 0.4093444708803501 0.1606531045069420
 0.4813144495781538 0.4101645058526707 0.1614285054908299
 0.4811967259659102 0.4108858695033850 0.1621112966246017
 0.4810777545758397 0.4116117496713464 0.1627989654006349
 0.4809153647876096 0.4125975276890987 0.1637338141375740
 0.4807925883714040 0.4133390457342383 0.1644378045545867
 0.4806724258005113 0.4140616589451122 0.1651245325771434
 0.4805129392233737 0.4150160488010419 0.1660325438273611
 0.4803884080597495 0.4157575784043331 0.1667387632788532
 0.4802675924578897 0.4164739370273663 0.1674215463338911
 0.4801221478066365 0.4173323990470119 0.1682404419246016
 0.4799957687721563 0.4180748852859920 0.1689493304085621
 0.4798747422229029 0.4187829595857775 0.1696259466858017
 0.4797411665624566 0.4195611240565106 0.1703702085341770
 0.4796094574717902 0.4203250340931621 0.1711014780520291
 0.4794870937403572 0.4210317686602743 0.1717785205077521
 0.4793596062773406 0.4217650858477565 0.1724815015823271
 0.4792116988220639 0.4226120566187737 0.1732940458384455
 0.4790854497377564 0.4233318102784642 0.1739851115184614
 0.4789595300669410 0.4240467904867972 0.1746721545586359
 0.4787958909789209 0.4249716753192716 0.1755617278031414
 0.4786651241902392 0.4257073402679076 0.1762699163730689
 0.4785387487155128 0.4264154435555259 0.1769520319306368
 0.4783919057469639 0.4272347431802058 0.1777418127648197
 0.4782584308284156 0.4279762428465232 0.1784571481449469
 0.4781317638367756 0.4286771239288975 0.1791338345494650
 0.4779956739064110 0.4294271412501648 0.1798585677512934
 0.4778532806285498 0.4302086040109572 0.1806143297109212
 0.4777242638630687 0.4309137797874592 0.1812968243989540
 0.4775927149601248 0.4316300114851653 0.1819904749697815
 0.4774115673088654 0.4326117430200666 0.1829420108508120
 0.4772763473781482 0.4333411770630632 0.1836496352060808
 0.4771439691222376 0.4340525066643660 0.1843402564200557
 0.4769699894242829 0.4349832526144048 0.1852447328241810
 0.4768329158969744 0.4357132966474838 0.1859547639950516
 0.4767004164606360 0.4364162770961493 0.1866389057974120
 0.4765460223396279 0.4372321064357571 0.1874333813102708
 0.4764062048640312 0.4379678679077001 0.1881503851576888
 0.4762735538965442 0.4386632717879915 0.1888285408610770
 0.4761313361941130 0.4394059968007786 0.1895533789087717
 0.4759814292947915 0.4401857404897599 0.1903149040955019
 0.4758461686353462 0.4408865672708919 0.1909997834770651
 0.4757088023617954 0.4415956773515612 0.1916931196082382
 0.4755182856378652 0.4425748293976310 0.1926510829462880
 0.4753762976820237 0.4433013351330546 0.1933623627052117
 0.4752381760438751 0.4440054376362704 0.1940521556146405
 0.4750666299984972 0.4448763686908137 0.1949059927485877
 0.4749230049488010 0.4456025464961448 0.1956183756634381
 0.4747852144617843 0.4462966827230957 0.1962996584564560
 0.4746322228096115 0.4470645110938046 0.1970536226802901
 0.4744828560500630 0.4478112483698710 0.1977872612113297
 0.4743439488092316 0.4485031514165204 0.1984674152008680
 0.4741997019237009 0.4492190832683491 0.1991716154829973
 0.4740268475120377 0.4500735907968318 0.2000126692418752
 0.4738828515178128 0.4507826277949985 0.2007109384076687
 0.4737405611064937 0.4514807853038150 0.2013987942055843
 0.4735672717490552 0.4523277454056551 0.2022336466791852
 0.4734186235899235 0.4530514167471348 0.2029473532959928
 0.4732765723240537 0.4537405352545478 0.2036273569831309
 0.4731213599224426 0.4544908051425112 0.2043681376975175
 0.4729648916236895 0.4552443247874509 0.2051125501945675
 0.4728210914090912 0.4559343648375797 0.2057945659423087
 0.4726735467694520 0.4566399355304155 0.2064922011786509
 0.4724734293363281 0.4575930113307721 0.2074349948065667
 0.4723225328155295 0.4583087297117472 0.2081433761452959
 0.4721750624119367 0.4590057824188622 0.2088336448178885
 0.4719917613458970 0.4598689027848051 0.2096888590392124
 0.4718385203860303 0.4605877039764079 0.2104014414020447
 0.4716916538515364 0.4612742588310819 0.2110823119695844
 0.4715295131297612 0.4620295748524976 0.2118316385086902
 0.4713693695831108 0.4627728935969578 0.2125693606171664
 0.4712211500958073 0.4634585037451314 0.2132501206758977
 0.4710682702400456 0.4641633144747745 0.2139502936961456
 0.4708726941052955 0.4650615108440603 0.2148430790111847
 0.4707178775605744 0.4657697947833798 0.2155474337988724
 0.4705662280002076 0.4664612820130634 0.2162353232267230
 0.4703842007140311 0.4672882984117578 0.2170583344931610
 0.4702255392372553 0.4680065239253607 0.2177733846415201
 0.4700743928609782 0.4686884727576241 0.2184526264007826
 0.4699112140701716 0.4694222600445566 0.2191838566035320
 0.4697418109921938 0.4701813710361214 0.2199406793696003
 0.4695881478553723 0.4708676230694650 0.2206251174460530
 0.4694322153190598 0.4715617684844804 0.2213176266649770
 0.4692214838966438 0.4724963036320224 0.2222502648875952
 0.4690599983965357 0.4732097120070600 0.2229625067355428
 0.4689042410663011 0.4738955888358364 0.2236475345841829
 0.4687244962049013 0.4746844036626201 0.2244357087489273
 0.4685596283734691 0.4754054186786722 0.2251564078400801
 0.4684040693366912 0.4760835408054390 0.2258344112937292
 0.4682398494150966 0.4767971391918365 0.2265480357354745
 0.4680568144637457 0.4775897638888720 0.2273408827938146
 0.4678969304061470 0.4782797999425365 0.2280313249630137
 0.4677375646696827 0.4789654523029495 0.2287176174262180
 0.4675458415037431 0.4797875047559621 0.2295407523828566
 0.4673790599153189 0.4805001387680150 0.2302545575303853
 0.4672202307350695 0.4811766713810737 0.2309323492292127
 0.4670491543612063 0.4819030759827003 0.2316602372333605
 0.4668702718904343 0.4826601036628773 0.2324189764091309
 0.4667086273967482 0.4833419828418069 0.2331025903393587
 0.4665451701426040 0.4840294059993452 0.2337919868131553
 0.4663354398712740 0.4849083626621938 0.2346737940143490
 0.4661658893763817 0.4856164325805098 0.2353843761263605
 0.4660031606274099 0.4862939333737908 0.2360644084419229
 0.4658224577592764 0.4870439006188927 0.2368173006549313
 0.4656460427560986 0.4877736910576268 0.2375500867512941
 0.4654823106847668 0.4884489288249145 0.2382282733027472
 0.4653134830474313 0.4891430957939014 0.2389256804186612
 0.4650914046620846 0.4900530190895583 0.2398401518094162
 0.4649197297280498 0.4907539599888096 0.2405447657053434
 0.4647523869484592 0.4914351643411036 0.2412296257918539
 0.4645555425533950 0.4922338958465064 0.2420327317965273
 0.4643798760123331 0.4929443736077720 0.2427472103520747
 0.4642133243777354 0.4936159828339481 0.2434227379274624
 0.4640364069098699 0.4943272735396798 0.2441383430474083
 0.4638435901580308 0.4951000232523219 0.2449159431077565
 0.4636729964382468 0.4957815862961747 0.2456018674920219
 0.4635024675733194 0.4964609147988417 0.2462855716560601
 0.4632984131187429 0.4972712249800538 0.2471011233082709
 0.4631198898939130 0.4979778709072149 0.2478123959337650
 0.4629501314283610 0.4986478682660105 0.2484868752249206
 0.4627688138879506 0.4993613990213979 0.2492053070988855
 0.4625751840099038 0.5001210211724756 0.2499702724868574
 0.4624019249583758 0.5007986778759166 0.2506527575890640
 0.4622281208161022 0.5014765381635528 0.2513354663300346
 0.4620172928227997 0.5022962266995745 0.2521610380193749
 0.4618356895752690 0.5030000520492700 0.2528699756155044
 0.4616627577530480 0.5036683607097290 0.2535432396686645
 0.4614772460628119 0.5043832310137315 0.2542635441130028
 0.4612816996653275 0.5051344871450789 0.2550206356279400
 0.4611055302549185 0.5058093105391206 0.2557007569964933
 0.4609284868015232 0.5064855976326793 0.2563823613759356
 0.4607116405046603 0.5073113755230723 0.2572146275591878
 0.4605267702734409 0.5080131848770754 0.2579219803246517
 0.4603507674185671 0.5086794663733460 0.2585935891138784
 0.4601615182255526 0.5093938797966057 0.2593137990501024
 0.4599630250491203 0.5101409652046880 0.2600670054866675
 0.4597839197257966 0.5108131407660187 0.2607446807546132
 0.4596037889744918 0.5114873253280683 0.2614243237183299
 0.4593829504764902 0.5123113730840518 0.2622549444873618
 0.4591947734392191 0.5130113954175191 0.2629604953744972
 0.4590158063512619 0.5136753358501676 0.2636296718025352
 0.4588236190228386 0.5143863604246378 0.2643463121122470
 0.4586210690755447 0.5151335427736681 0.2650993763111735
 0.4584388542085728 0.5158038152322115 0.2657748550863678
 0.4582559033138865 0.5164750027654574 0.2664511461959905
 0.4580340091997517 0.5172866702345276 0.2672688291277279
 0.4578424961836084 0.5179851176822161 0.2679723556099001
 0.4576606813168890 0.5186464199286622 0.2686384323487912
 0.4574665476390718 0.5193506335821608 0.2693477209428888
 0.4572581184516259 0.5201045425161117 0.2701070354971264
 0.4570724160628607 0.5207743761946187 0.2707816028588551
 0.4568868762535027 0.5214418773082016 0.2714537170975510
 0.4566667335587161 0.5222316205658066 0.2722487749546345
 0.4564714228055642 0.5229302574489912 0.2729520191612349
 0.4562867542899976 0.5235890902680743 0.2736151598217639
 0.4560917068448784 0.5242831328239880 0.2743137243480075
 0.4558735000746184 0.5250573868374983 0.2750929788383259
 0.4556835238610563 0.5257295971992664 0.2757694366945546
 0.4554954757284930 0.5263932805219841 0.2764371767260410
 0.4552783053605740 0.5271576519594331 0.2772060274205826
 0.4550784298547468 0.5278591834078886 0.2779115100706901
 0.4548907372419798 0.5285162513210309 0.2785721774988573
 0.4546951184089230 0.5291993242802624 0.2792589106322017
 0.4544599057016314 0.5300183166317565 0.2800821584529956
 0.4542647346287940 0.5306959656878101 0.2807631623942479
 0.4540739462946985 0.5313567265663546 0.2814269989908894
 0.4538574389210268 0.5321045751567590 0.2821780737452166
 0.4536530069266836 0.5328087911773932 0.2828851040022722
 0.4534621870566319 0.5334644450364554 0.2835432239025286
 0.4532650387131272 0.5341401604871405 0.2842213528434093
 0.4530072962899009 0.5350209998540323 0.2851051265007676
 0.4528069750140694 0.5357036148800195 0.2857897952447685
 0.4526129487716476 0.5363631359406177 0.2864510693188180
 0.4523923434765761 0.5371110536664627 0.2872006826303174
 0.4521849459463362 0.5378123162519208 0.2879032809881620
 0.4519911780115636 0.5384658627270965 0.2885578955893702
 0.4517908232011041 0.5391399807693588 0.2892329679420780
 0.4515301091442318 0.5400147005133883 0.2901086927866724
 0.4513267212775277 0.5406951503360204 0.2907896922105226
 0.4511297203911406 0.5413526277455393 0.2914474619836536
 0.4509064313467520 0.5420959457606783 0.2921908114921375
 0.4506953774943202 0.5427966969882400 0.2928913287978984
 0.4504985044553932 0.5434487675423262 0.2935429944803903
 0.4502954651063288 0.5441196587784327 0.2942133097542640
 0.4500183966364638 0.5450325546851104 0.2951251462340491
 0.4498107020590999 0.5457149184911980 0.2958064531027049
 0.4496102240790313 0.5463719954678814 0.2964622474852859
 0.4493812794172786 0.5471204925713347 0.2972089467269037
 0.4491676759986725 0.5478170390163167 0.2979035215565772
 0.4489679098710702 0.5484669065461225 0.2985513293301581
 0.4487612987652707 0.5491374703621535 0.2992195707992749
 0.4484906079040790 0.5500136077133218 0.3000923552567408
 0.4482807268804823 0.5506910648259555 0.3007669183982606
 0.4480777262517773 0.5513447806647196 0.3014175453021445
 0.4478484378681061 0.5520813508053145 0.3021502692493706
 0.4476304816007958 0.5527797609682874 0.3028447021145810
 0.4474275637732783 0.5534284548637199 0.3034894587568205
 0.4472189112466394 0.5540939561054654 0.3041507111729524
 0.4469175962715995 0.5550522975260513 0.3051025570248485
 0.4471185742828380 0.5544134351090488 0.3044680769615870
 0.4469198095128855 0.5550452698487096 0.3050955787906436
 0.4467165173014246 0.5556900684563958 0.3057357142119441
 0.4465113560962651 0.5563393407942503 0.3063800097064330
 0.4462788705048428 0.5570733330554590 0.3071080222786565
 0.4460574711214870 0.5577706051805876 0.3077992933472710
 0.4458514895147226 0.5584178253049207 0.3084407055675426
 0.4456399603362596 0.5590809864945743 0.3090977073361224
 0.4453338211309176 0.5600381042668271 0.3100455464980278
 0.4455380147403808 0.5594000579894419 0.3094137402351742
 0.4453357251963065 0.5600321610175588 0.3100396624824063
 0.4451291500894689 0.5606762533868573 0.3106771994766819
 0.4449210398870205 0.5613237090450235 0.3113177608453019
 0.4446865281932592 0.5620516030977495 0.3120375157968917
 0.4444610757753232 0.5627496922146482 0.3127274307883081
 0.4442519434038203 0.5633957806915614 0.3133656692618191
 0.4440379649173345 0.5640553887319649 0.3140170076681314
 0.4437409944437862 0.5649684117462254 0.3149181475124731
 0.4435192481871880 0.5656483439989842 0.3155888499714150
 0.4433074612427554 0.5662962988481011 0.3162276614772981
 0.4430723399667164 0.5670140082660258 0.3169348313014875
 0.4428420913297605 0.5677151872819274 0.3176253227149111
 0.4426296518836045 0.5683606877860577 0.3182606895452778
 0.4424134216962793 0.5690162927350992 0.3189057510146333
 0.4421352651913428 0.5698575740776733 0.3197331422824874
 0.4419107030672182 0.5705350621581440 0.3203991163882514
 0.4416970952592525 0.5711781043812678 0.3210309208025266
 0.4414670381399661 0.5718691516039104 0.3217095381719143
 0.4412247563997788 0.5725952335049791 0.3224221878473926
 0.4410074150199423 0.5732451113572469 0.3230597638694346
 0.4407903603183349 0.5738927615167001 0.3236949291525348
 0.4405386611319266 0.5746420805680346 0.3244295329944238
 0.4403080108974289 0.5753271402154663 0.3251008533822772
 0.4400917815042091 0.5759679914561688 0.3257285591190864
 0.4398677694692558 0.5766305125413815 0.3263771597191795
 0.4395738873726256 0.5774975368043109 0.3272254612824304
 0.4393465582125161 0.5781665600333656 0.3278796874384918
 0.4391271525464459 0.5788109063008057 0.3285095335312507
 0.4388819861512768 0.5795293378888052 0.3292115241001573
 0.4386443094674699 0.5802242518593053 0.3298902363978531
 0.4384244873133295 0.5808655963829074 0.3305163274605316
 0.4382004757391069 0.5815178211954390 0.3311527149227079
 0.4379114104416740 0.5823574652228733 0.3319714939643318
 0.4376788196609064 0.5830314524531763 0.3326283924301899
 0.4374576670815750 0.5836709672630681 0.3332514627945118
 0.4372197248697879 0.5843575970622523 0.3339202177494928
 0.4369684014022743 0.5850812346981449 0.3346247646689016
 0.4367434038524652 0.5857276806762148 0.3352539047300620
 0.4365191420926889 0.5863707129153380 0.3358794576259690
 0.4362614988329737 0.5871078693173138 0.3365962465572454
 0.4360220450909046 0.5877914666618844 0.3372606748258442
 0.4357983096617059 0.5884288794197462 0.3378800144281762
 0.4355678199585377 0.5890842176506302 0.3385166026565932
 0.4352321416537127 0.5900362576971017 0.3394410931824261
 0.4354560249910315 0.5894015988105575 0.3388248432856710
 0.4352365080551957 0.5900238918401736 0.3394290878509038
 0.4350120641848795 0.5906589161989679 0.3400454911328704
 0.4347860967511138 0.5912969963381108 0.3406646184148068
 0.4345332349185837 0.5920095363224948 0.3413556904120993
 0.4342868439328880 0.5927023440262089 0.3420273395447505
 0.4340594479281957 0.5933404372540511 0.3426457364886347
 0.4338284082776220 0.5939874805019558 0.3432726350894456
 0.4335405684048015 0.5947918109815480 0.3440516883692885
 0.4332997904379437 0.5954631208110523 0.3447016689954585
 0.4330716828892463 0.5960978415293449 0.3453159915328617
 0.4328298882659887 0.5967693136159063 0.3459656218329711
 0.4325598734179492 0.5975175421603663 0.3466892166054217
 0.4323252724882430 0.5981662639457705 0.3473163782499310
 0.4320942717158812 0.5988037909618887 0.3479325803000418
 0.4318355264794447 0.5995164364459113 0.3486212530625650
 0.4315848663443373 0.6002053590827386 0.3492868526368040
 0.4313531855407249 0.6008408527657082 0.3499006709909113
 0.4311175579728236 0.6014859324606472 0.3505235655196037
 0.4308228711417883 0.6022909502157917 0.3513006433472956
 0.4305773959188057 0.6029600580726828 0.3519463539862749
 0.4303448393090989 0.6035927236530777 0.3525567948523609
 0.4300984027126041 0.6042618515342653 0.3532023344026110
 0.4298223524684298 0.6050098099633319 0.3539238128941041
 0.4295829709013387 0.6056570735012781 0.3545480263545210
 0.4293475428884792 0.6062924390534161 0.3551606075763677
 0.4290848366898605 0.6070000159732428 0.3558426134677246
 0.4288285301921534 0.6076889347289197 0.3565064622528484
 0.4285922083380793 0.6083229007426005 0.3571172518456458
 0.4283525131795424 0.6089647107408128 0.3577355333539881
 0.4280590258278644 0.6097489114255568 0.3584909137947691
 0.4278085305014832 0.6104168138379122 0.3591341871550833
 0.4275718525721420 0.6110466771725055 0.3597407254437817
 0.4273230928133134 0.6117074462631678 0.3603769092639288
 0.4270318895579449 0.6124793412739787 0.3611199609445637
 0.4267864577335980 0.6131285646390916 0.3617448741229861
 0.4265469345753857 0.6137609786192526 0.3623536100962849
 0.4262820995408794 0.6144588742934052 0.3630254042825649
 0.4260190468853444 0.6151506776923275 0.3636913495503628
 0.4257778756994497 0.6157837195395580 0.3643007082754240
 0.4255344964089344 0.6164213849011959 0.3649144667515646
 0.4252452444874792 0.6171777153624155 0.3656423686459771
 0.4249889305285683 0.6178465451847801 0.3662860230568055
 0.4247479042616434 0.6184743106756603 0.3668901680889887
 0.4244975005306321 0.6191253028436146 0.3675167024207797
 0.4241692632434735 0.6199768063956392 0.3683362654303518
 0.4239155590208621 0.6206335377394141 0.3689683627793048
 0.4236712325244075 0.6212648298262309 0.3695759411247226
 0.4234012760141610 0.6219610233604108 0.3702459355775516
 0.4231334830989986 0.6226502736940972 0.3709092295534496
 0.4228879456244601 0.6232810553961519 0.3715162892978894
 0.4226402204845148 0.6239163119785003 0.3721277297425678
 0.4223464261088695 0.6246682232135826 0.3728515709225961
 0.4220854337734118 0.6253348406343917 0.3734933962600280
 0.4218401856893269 0.6259600988632169 0.3740954535883552
 0.4215857957716242 0.6266074969128779 0.3747188674578415
 0.4212431916941469 0.6274775234955630 0.3755567474565659
 0.4209842254187249 0.6281337407825738 0.3761888356380449
 0.4207354713395476 0.6287629393288707 0.3767950381262459
 0.4204605503605827 0.6294570298471557 0.3774639382847972
 0.4201878838666522 0.6301440924392676 0.3781262293376814
 0.4199378677921397 0.6307729171115818 0.3787324862852428
 0.4196857571908280 0.6314058880434675 0.3793428084781506
 0.4193882538823723 0.6321513841918682 0.3800617078228778
 0.4191221730956777 0.6328168249858007 0.3807035087173597
 0.4188725028009082 0.6334401008375236 0.3813047703896957
 0.4186142919945854 0.6340835578155917 0.3819256617927216
 0.4182426436650992 0.6350076760414679 0.3828176655198390
 0.4184905008107690 0.6343916340543460 0.3822229950039956
 0.4182452997540348 0.6350010800105281 0.3828112975982647
 0.4179948053133303 0.6356226158589233 0.3834113993018969
 0.4177432129760482 0.6362457954294010 0.3840131969629036
 0.4174653615618008 0.6369327648946992 0.3846767209525213
 0.4171865018937151 0.6376209119696530 0.3853415495182695
 0.4169318775970612 0.6382481076093934 0.3859476893588387
 0.4166759769752679 0.6388773505203584 0.3865560406576640
 0.4163783608811112 0.6396077925839091 0.3872625462773855
 0.4161065979068785 0.6402734961514587 0.3879067128532563
 0.4158524583462685 0.6408949234440366 0.3885082421370025
 0.4155911498794949 0.6415327702785391 0.3891258479310192
 0.4152207335073331 0.6424350278094975 0.3899997953280136
 0.4149501746691163 0.6430926383193178 0.3906370517207154
 0.4146931949147192 0.6437161435593670 0.3912415156977088
 0.4144130387063145 0.6443946652764605 0.3918996175664778
 0.4141265983353064 0.6450871011379889 0.3925715220050942
 0.4138669538822331 0.6457136254568995 0.3931797021676365
 0.4136074365737086 0.6463387687280600 0.3937867348385969
 0.4133114796221188 0.6470503854857591 0.3944779691078020
 0.4130328913764183 0.6477189752569505 0.3951276724317261
 0.4127739995204814 0.6483392007899440 0.3957306580969001
 0.4125099733598397 0.6489706452045862 0.3963448724334795
 0.4121787108631265 0.6497613542596997 0.3971144912855047
 0.4119039679891750 0.6504158610311314 0.3977519370901926
 0.4116444019460807 0.6510331410250708 0.3983534329046662
 0.4113715481354642 0.6516809030570186 0.3989849415867834
 0.4110492357234463 0.6524446114525996 0.3997299207796761
 0.4107795081659387 0.6530825037936374 0.4003525760162847
 0.4105174640314911 0.6537011668962097 0.4009568561527495
 0.4102318666855024 0.6543742539602726 0.4016147557063953
 0.4099376916225382 0.6550662719221287 0.4022916415227353
 0.4096718743590804 0.6556904642912013 0.4029025650049686
 0.4094068187413449 0.6563118169734309 0.4035110316398942
 0.4091069675193157 0.6570134786169819 0.4041985133895947
 0.4088209184072491 0.6576816014221909 0.4048535220117631
 0.4085561467827880 0.6582989508046106 0.4054591287331311
 0.4082875606914269 0.6589241416717775 0.4060728277989202
 0.4079650683955651 0.6596734159531401 0.4068088734826488
 0.4076830056377199 0.6603275143834570 0.4074518883266765
 0.4074179554618075 0.6609411088478215 0.4080554501445816
 0.4071434499539737 0.6615755222493717 0.4086798451688750
 0.4067439703401240 0.6624968282853252 0.4095872720655734
 0.4070103829726576 0.6618826645330168 0.4089822687022098
 0.4067499954927609 0.6624829496814095 0.4095735961908746
 0.4064836495381747 0.6630959671871459 0.4101778609401488
 0.4062164378527983 0.6637099606850770 0.4107835255444175
 0.4059232334049008 0.6643825126791041 0.4114474782484728
 0.4056240395764860 0.6650675491201898 0.4121243041156062
 0.4053528036197303 0.6656874827251764 0.4127372479410584
 0.4050820513835775 0.6663052807428407 0.4133484630945794
 0.4047759144487610 0.6670025843393033 0.4140387817013696
 0.4044834436404369 0.6676675409683219 0.4146975383508819
 0.4042129726983223 0.6682814232561001 0.4153061344719356
 0.4039391449010998 0.6689018949320109 0.4159217231600448
 0.4036156589405423 0.6696335584090961 0.4166482377357562
 0.4033263646256472 0.6702866719127776 0.4172972950305392
 0.4030553552396740 0.6708974686072322 0.4179047332347767
 0.4027764400089576 0.6715250402965594 0.4185292787527475
 0.4023900659444644 0.6723926584813127 0.4193934527658703
 0.4021012110325879 0.6730399783953620 0.4200388244789333
 0.4018273230360806 0.6736527226428908 0.4206502697540384
 0.4015321429405342 0.6743119778117002 0.4213087523357920
 0.4012203777605232 0.6750070127005773 0.4220036716675799
 0.4009420517353972 0.6756264091287608 0.4226235402458320
 0.4006667220823448 0.6762381286772005 0.4232362271510213
 0.4003621792134423 0.6769135891294542 0.4239133186028221
 0.4000582854848621 0.6775863955202387 0.4245883520720371
 0.3997808468056553 0.6781995764496147 0.4252041182416470
 0.3995031502859612 0.6788123222466500 0.4258200033170392
 0.3991891615315024 0.6795039411482294 0.4265158392074888
 0.3988884724119336 0.6801650689456357 0.4271816393410092
 0.3986105027244916 0.6807752062247960 0.4277966064441579
 0.3983292832229943 0.6813914665477949 0.4284182214679228
 0.3979985840380321 0.6821148608694322 0.4291485110198852
 0.3977009309901063 0.6827647754284784 0.4298052186144979
 0.3974224094606905 0.6833718977887679 0.4304192466005426
 0.3971363281780644 0.6839944766402750 0.4310495073103994
 0.3967544882342710 0.6848238403412125 0.4318900682906506
 0.3964583609929578 0.6854657733934530 0.4325414009115353
 0.3961784123390383 0.6860716260851745 0.4331566805779087
 0.3958815349049419 0.6867130476416793 0.4338086538625930
 0.3955462277073100 0.6874361823078834 0.4345444021516236
 0.3952575532550331 0.6880576324969278 0.4351773346508294
 0.3949760361138656 0.6886626847788370 0.4357941684812675
 0.3946715485471440 0.6893160098076321 0.4364608947909914
 0.3943491104919760 0.6900066124592485 0.4371664090490259
 0.3940615126273590 0.6906215233198316 0.4377952011187213
 0.3937773005835657 0.6912282068714722 0.4384161018550604
 0.3934641119786515 0.6918956107309734 0.4390997297571489
 0.3931487950741767 0.6925663537509767 0.4397874172358888
 0.3928618578718222 0.6931756880570787 0.4404127439266546
 0.3925752942198663 0.6937832440723065 0.4410368547961396
 0.3922528530339647 0.6944656926376852 0.4417386495005987
 0.3919418340076012 0.6951227933796136 0.4424151200998090
 0.3916552596384958 0.6957272332034954 0.4430379937714417
 0.3913666976176679 0.6963348842692650 0.4436647484337359
 0.3910360487351223 0.6970299553314659 0.4443823696461707
 0.3907262485057087 0.6976800349067418 0.4450542393073837
 0.3904386927243179 0.6982824323552059 0.4456774674547972
 0.3901470777204237 0.6988923487669080 0.4463091256776209
 0.3898039598711253 0.6996087186243959 0.4470518677146793
 0.3894948722685420 0.7002528721168189 0.4477204696661018
 0.3892058438705805 0.7008542238862814 0.4483452285489022
 0.3889096690278805 0.7014694479880185 0.4489849497349399
 0.3885321743795097 0.7022521355123249 0.4497996008072120
 0.3882245180771927 0.7028888190927333 0.4504629799982291
 0.3879344340282044 0.7034881516163717 0.4510880549546935
 0.3876308679797354 0.7041143175426048 0.4517417821330865
 0.3872543213817877 0.7048895742982468 0.4525521117228046
 0.3869509217981808 0.7055130707744257 0.4532045507337996
 0.3866594410491712 0.7061111014413554 0.4538309280476552
 0.3863475439994428 0.7067499686098659 0.4545006966519353
 0.3860051795013626 0.7074499958086284 0.4552353320309728
 0.3857054983776818 0.7080616813617366 0.4558779320958044
 0.3854120484815547 0.7086596856934573 0.4565067956145687
 0.3850945511583807 0.7093056256612997 0.4571867830349887
 0.3847575042388897 0.7099901268511668 0.4579081454367264
 0.3844573046844503 0.7105987482750782 0.4585501683747985
 0.3841611611839009 0.7111981830395474 0.4591830330463195
 0.3838368126504828 0.7118536144753503 0.4598755975605707
 0.3835051610966124 0.7125226249984491 0.4605831477914845
 0.3832053722231702 0.7131263399983049 0.4612222302556384
 0.3829076981279485 0.7137248394677690 0.4618563806802157
 0.3825787027948575 0.7143852075066538 0.4625567891008519
 0.3822492356302408 0.7150453633354635 0.4632577039852239
 0.3819493249372753 0.7156452914249158 0.4638952807382872
 0.3816505776097699 0.7162419431222905 0.4645299252032356
 0.3813197475644532 0.7169015679872150 0.4652321822707338
 0.3809886258107889 0.7175606190892542 0.4659345090491821
 0.3806868109881771 0.7181603353843624 0.4665742292470411
 0.3803857804931474 0.7187575430140591 0.4672118897669736
 0.3800512869741823 0.7194200277783538 0.4679199699630752
 0.3797189010507742 0.7200771854304915 0.4686230697499707
 0.3794150927362759 0.7206768407040254 0.4692652154062286
 0.3791112452223649 0.7212756196280771 0.4699069188389819
 0.3787701065362455 0.7219467540481168 0.4706267288084707
 0.3784392226652566 0.7225965733420053 0.4713242586279695
 0.3781350248369439 0.7231929968778940 0.4719650100556141
 0.3778296521106156 0.7237907758422589 0.4726077680591502
 0.3774840618553182 0.7244661401750574 0.4733346317221359
 0.3771537264937326 0.7251105633161623 0.4740288583913386
 0.3768491025920915 0.7257038530420926 0.4746685448782099
 0.3765428618016797 0.7262993519200274 0.4753111142696168
 0.3761969454538999 0.7269708721208030 0.4760363086727509
 0.3758640421408850 0.7276160028528921 0.4767336190347387
 0.3755572243372275 0.7282096067520045 0.4773757987869436
 0.3752488811414497 0.7288052218209392 0.4780207196429581
 0.3749008238022496 0.7294764227456811 0.4787481591863363
 0.3745652509496733 0.7301224190937693 0.4794489195392950
 0.3742559079670350 0.7307169429102510 0.4800943441608124
 0.3739446305743094 0.7313142401172856 0.4807432193562560
 0.3735898993145079 0.7319937683774453 0.4814819401336942
 0.3732547145141030 0.7326347308851364 0.4821792537632389
 0.3729446232402739 0.7332267403026040 0.4828237943796068
 0.3726316566736745 0.7338232993154975 0.4834737932291427
 0.3722717340954360 0.7345081999864851 0.4842206922236691
 0.3719368855280266 0.7351442735674548 0.4849149486913198
 0.3716264372184637 0.7357330412971471 0.4855580617958200
 0.3713128508968184 0.7363268301200135 0.4862071104319710
 0.3709540324861893 0.7370051249518459 0.4869490736044007
 0.3706163894151506 0.7376422809334044 0.4876465824726018
 0.3703037912923478 0.7382312193504907 0.4882918042381853
 0.3699885924675763 0.7388241299275408 0.4889418784537966
 0.3696305301915147 0.7394965433618551 0.4896797204112956
 0.3692888947550014 0.7401369956083877 0.4903830414955013
 0.3689732448701325 0.7407277712029240 0.4910322324474465
 0.3686551764833416 0.7413221415457129 0.4916857403323737
 0.3682921319401663 0.7419994193385633 0.4924308319796079
 0.3679496350668285 0.7426372555511558 0.4931329672047448
 0.3676326246984523 0.7432266720362258 0.4937822136297706
 0.3673125527396716 0.7438208518183752 0.4944371416203695
 0.3669441316263551 0.7445036349484186 0.4951902878197403
 0.3666019003295640 0.7451367809335740 0.4958891956727124
 0.3662846134315227 0.7457228350658083 0.4965365267410218
 0.3659642169881556 0.7463137148524829 0.4971895515770349
 0.3655983924292051 0.7469872500062334 0.4979343523396906
 0.3652530921948375 0.7476219017066117 0.4986365832089607
 0.3649339076960835 0.7482076108640507 0.4992850529678693
 0.3646128929112327 0.7487957684043990 0.4999366321009917
 0.3642522717484095 0.7494554070830475 0.5006678748073626
 0.3639007192126720 0.7500973565552612 0.5013799594109477
 0.3635778289401411 0.7506860132592384 0.5020332796915407
 0.3632544482356347 0.7512746514873472 0.5026868849623665
 0.3628931463932155 0.7519312398901526 0.5034162944997590
 0.3625378831126596 0.7525757509885711 0.5041326829422007
 0.3622123499779201 0.7531653690718036 0.5047884491622301
 0.3618865659993185 0.7537545281497864 0.5054441232574436
 0.3615216125624220 0.7544134412309008 0.5061779469253842
 0.3611658974270353 0.7550545789296897 0.5068924888728511
 0.3608396977806755 0.7556415705946338 0.5075470935321503
 0.3605136051745796 0.7562274666209281 0.5082008259324895
 0.3601512738672172 0.7568774180744899 0.5089264089346492
 0.3597915332453130 0.7575216274130507 0.5096459710968815
 0.3594637110561576 0.7581077318127947 0.5103009838714443
 0.3591380254130429 0.7586891255111252 0.5109510781803497
 0.3587826907507757 0.7593224374046668 0.5116596170448842
 0.3584117137359590 0.7599825087271546 0.5123984988690777
 0.3580793563314068 0.7605728969878821 0.5130596861639380
 0.3577519779691226 0.7611535494433427 0.5137102202517826
 0.3573987869513168 0.7617789960398134 0.5144112032071176
 0.3570165336531431 0.7624547558666308 0.5151689049653765
 0.3566792922247436 0.7630499519908660 0.5158365997351000
 0.3563485893738080 0.7636327099252201 0.5164906755440268
 0.3559917504288329 0.7642605300519121 0.5171957173859274
 0.3556086504233920 0.7649334089619567 0.5179517896314589
 0.3552697814528559 0.7655276158214188 0.5186197867930078
 0.3549374129986035 0.7661095295627447 0.5192742108689615
 0.3545789948207888 0.7667360622882252 0.5199790509089597
 0.3541945283485504 0.7674069919892766 0.5207341023763580
 0.3538550506876877 0.7679984375821406 0.5213999528174500
 0.3535231436881170 0.7685758130382142 0.5220502153706258
 0.3531686730375394 0.7691914816692441 0.5227438979579370
 0.3527703621797950 0.7698821187671013 0.5235224023017298
 0.3524271756839996 0.7704761804003876 0.5241923169176109
 0.3520944702626667 0.7710512234907266 0.5248409982243464
 0.3517424606846447 0.7716586963789390 0.5255264776575486
 0.3513201234604902 0.7723862715288996 0.5263477901692029
 0.3509705744591929 0.7729874128593760 0.5270266699151832
 0.3506340925280682 0.7735651962904001 0.5276794498168985
 0.3502776325648040 0.7741763401755810 0.5283702279142889
 0.3498587007632044 0.7748933533518053 0.5291810431722976
 0.3495068760737734 0.7754944816924495 0.5298610678566481
 0.3491667787292183 0.7760746829073274 0.5305175869430774
 0.3488040568916749 0.7766925207880848 0.5312168409087323
 0.3483985486111159 0.7773820693291752 0.5319974345446370
 0.3480480538967458 0.7779770791735646 0.5326711910162445
 0.3477073487347395 0.7785545928460429 0.5333253372814899
 0.3473438838444994 0.7791697355119478 0.5340223523350822
 0.3469371589178303 0.7798569347342370 0.5348013175280449
 0.3465862889284251 0.7804487824742403 0.5354724292407554
 0.3462461944210830 0.7810215914301833 0.5361221239824305
 0.3458866176626727 0.7816262932890330 0.5368081518249831
 0.3454547641789861 0.7823512976919217 0.5376308731984670
 0.3450983823479009 0.7829485789533561 0.5383088488647141
 0.3447564700140166 0.7835207464199913 0.5389584997939608
 0.3443971906612602 0.7841210684536275 0.5396403137683906
 0.3439334708345089 0.7848945304594295 0.5405190317577852
 0.3435704586495287 0.7854989437575078 0.5412058474633682
 0.3432239682031861 0.7860749727624743 0.5418604892676752
 0.3428569180653043 0.7866842520817385 0.5425529839613600
 0.3424282630548031 0.7873945856921227 0.5433604361402845
 0.3420668091102215 0.7879925532728145 0.5440402882879362
 0.3417170542914134 0.7885702938709191 0.5446972988857480
 0.3413437826481789 0.7891859371231538 0.5453976060094760
 0.3409275642412685 0.7898712686629412 0.5461774093727136
 0.3405672463330910 0.7904635853464409 0.5468515248197577
 0.3402169531503921 0.7910385620800381 0.5475059903491213
 0.3398437567550736 0.7916502024288721 0.5482022414710485
 0.3394227255087903 0.7923390930000953 0.5489864796625297
 0.3390614481720719 0.7929292482799424 0.5496583751943092
 0.3387121528526922 0.7934989854672420 0.5503071006280142
 0.3383442191570383 0.7940982283574938 0.5509895214918251
 0.3378864988527569 0.7948424266391300 0.5518371580202009
 0.3375187866642789 0.7954392605577478 0.5525170354063378
 0.3371678621682563 0.7960080005207417 0.5531649586160410
 0.3368000744479928 0.7966031871543303 0.5538430516143296
 0.3363030504857182 0.7974060845717670 0.5547578799136617
 0.3359283818708174 0.7980102452203346 0.5554463793141494
 0.3355722577861180 0.7985836430278461 0.5560999459759174
 0.3351949054378323 0.7991903098049790 0.5567915756585896
 0.3347532056835517 0.7998992413642357 0.5575999485202140
 0.3343810438485134 0.8004955747497126 0.5582800065011211
 0.3340210922659193 0.8010714856122580 0.5589367929044017
 0.3336374693818082 0.8016843450754857 0.5596357068900256
 0.3332063155257242 0.8023720035855838 0.5604199172270451
 0.3328347598260158 0.8029636480592959 0.5610946662869313
 0.3324738930927568 0.8035374249867668 0.5617491116961759
 0.3320890910748595 0.8041483426049099 0.5624460316857085
 0.3316585330913001 0.8048307860689957 0.5632246875937825
 0.3312874016971393 0.8054180939174235 0.5638948859155118
 0.3309280720549306 0.8059858966856831 0.5645428666452408
 0.3305490922505253 0.8065838694466351 0.5652252847368531
 0.3300844811814449 0.8073157265704917 0.5660604776088072
 0.3297073993682409 0.8079087161243333 0.5667371831705181
 0.3293474747006998 0.8084738995760959 0.5673821552233428
 0.3289716284222532 0.8090632272537899 0.5680546772499381
 0.3284066926533987 0.8099474069848649 0.5690636242557263
 0.3287834156283681 0.8093580171602860 0.5683910759595803
 0.3284235672908182 0.8099210249904834 0.5690335212867302
 0.3280586061821249 0.8104912193932318 0.5696840986005487
 0.3276961969754433 0.8110566198532806 0.5703291091942008
 0.3273129710957236 0.8116536251675878 0.5710100586761669
 0.3268318108116592 0.8124019333166416 0.5718634461850507
 0.3264461754453944 0.8130006682271113 0.5725461973415920
 0.3260765561955765 0.8135736953024724 0.5731996280929904
 0.3256842725183103 0.8141809618716880 0.5738921189892638
 0.3252310299542256 0.8148814480429600 0.5746909158344546
 0.3248462206989234 0.8154752094538673 0.5753679652687118
 0.3244734305693974 0.8160495868557252 0.5760228239128193
 0.3240755356765402 0.8166617374811636 0.5767206191376416
 0.3236332454464458 0.8173410943293689 0.5774948644094221
 0.3232503992279115 0.8179282182596714 0.5781638911192787
 0.3228788502093255 0.8184971976182661 0.5788121922544143
 0.3224847886494754 0.8190997731329588 0.5794987554372113
 0.3220288316050490 0.8197958706873126 0.5802918707196102
 0.3216441726366016 0.8203821844131024 0.5809598835887210
 0.3212744121561072 0.8209449856338862 0.5816010684314593
 0.3208876173312008 0.8215328742894408 0.5822707734936421
 0.3203254606088734 0.8223857700279947 0.5832422474918728
 0.3207003238271610 0.8218172335466299 0.5825946821617880
 0.3203340104073030 0.8223728118947499 0.5832274887119511
 0.3199606380734077 0.8229383103780721 0.5838715476466698
 0.3195905411416297 0.8234980676476774 0.5845090343754965
 0.3192020097323069 0.8240848732477620 0.5851772911101103
 0.3186395943506424 0.8249327931506069 0.5861428006241403
 0.3190146289098315 0.8243675735486252 0.5854992140147074
 0.3186445392986204 0.8249253456874128 0.5861343211615373
 0.3182667262535296 0.8254939662267594 0.5867816790512939
 0.3178915541386827 0.8260578232479060 0.5874234800134119
 0.3174952942391449 0.8266525232073950 0.5881002271490983
 0.3169889431776945 0.8274111795578115 0.5889633330566115
 0.3165885109964485 0.8280101374684837 0.5896446262600409
 0.3162051007438161 0.8285828081254167 0.5902959507674933
 0.3157970854762726 0.8291913448350217 0.5909880076188356
 0.3153345158552867 0.8298801479161911 0.5917712427322624
 0.3149372359418382 0.8304708007231989 0.5924427241237981
 0.3145512374282423 0.8310438622019233 0.5930940166357646
 0.3141383575711891 0.8316559423993529 0.5937894010201676
 0.3136841762503904 0.8323281923851963 0.5945528259400671
 0.3132890296581169 0.8329121647366227 0.5952157505977851
 0.3129052013712725 0.8334786130485845 0.5958585941108171
 0.3124983970127819 0.8340781147442855 0.5965387780413733
 0.3120251988531768 0.8347743581175863 0.5973285164164750
 0.3116276507023892 0.8353583808711207 0.5979907766766930
 0.3112462108684559 0.8359179592811541 0.5986251293943137
 0.3108482930201799 0.8365008998358510 0.5992857440964222
 0.3102660278091479 0.8373524181740390 0.6002502915754875
 0.3106542958847537 0.8367848016836381 0.5996073878621243
 0.3102743324860642 0.8373402855998778 0.6002365521346811
 0.3098883318560285 0.8379038289939651 0.6008746254926053
 0.3095070299246996 0.8384597565946400 0.6015038643616896
 0.3091089641619800 0.8390393267154768 0.6021596343314278
 0.3085878929599862 0.8397967605183805 0.6030162584753530
 0.3081750820910336 0.8403958417411179 0.6036934221828769
 0.3077869321140403 0.8409583439634862 0.6043288989262967
 0.3073858130535446 0.8415388389250124 0.6049843367843111
 0.3068852680729118 0.8422620835080979 0.6058004462211980
 0.3064659801009193 0.8428669498979203 0.6064825873781717
 0.3060708036201489 0.8434362277852525 0.6071243094540746
 0.3056623808379463 0.8440237698508920 0.6077863530134902
 0.3051315744697046 0.8447861309640002 0.6086449620943638
 0.3047077725812387 0.8453938087969577 0.6093289651658568
 0.3043071612456407 0.8459674214148439 0.6099742488007669
 0.3038875018588061 0.8465674639027029 0.6106488369546369
 0.3033770334105075 0.8472961889834100 0.6114675011057339
 0.3029600633228139 0.8478904993482388 0.6121347158463907
 0.3025602874605923 0.8484595122061408 0.6127732030699957
 0.3021383027254997 0.8490592992724211 0.6134459172970810
 0.3016505343918255 0.8497515216638947 0.6142219394364524
 0.3012386077649162 0.8503352255366048 0.6148759863965241
 0.3008428305356939 0.8508952835883531 0.6155032328006237
 0.3004299174944673 0.8514787972648377 0.6161563996507906
 0.2998451445380506 0.8523037975128370 0.6170792364557184
 0.2994237140554799 0.8528973551052628 0.6177427177869147
 0.2990281665458772 0.8534537006123398 0.6183642578767382
 0.2986167582076715 0.8540315792846799 0.6190095024644753
 0.2980131397725401 0.8548780181267301 0.6199539367727734
 0.2984156408966840 0.8543137889082960 0.6193244769595848
 0.2980216850024268 0.8548660471572060 0.6199405858250370
 0.2976211020733749 0.8554268587647906 0.6205658509707145
 0.2972258950368035 0.8559794189963177 0.6211815094235489
 0.2968145607076444 0.8565537655578254 0.6218209976532205
 0.2962890344085243 0.8572864321704833 0.6226361094842372
 0.2958592329468420 0.8578847078938975 0.6233011882445472
 0.2954555126210045 0.8584459157607321 0.6239246541040824
 0.2950407001781196 0.8590217753251368 0.6245639877197567
 0.2945410999118656 0.8597143124889837 0.6253322717282904
 0.2941019109900204 0.8603221843048914 0.6260060370165106
 0.2936898777963274 0.8608916876344562 0.6266367130445086
 0.2932679962838652 0.8614740210477019 0.6272809983611665
 0.2927556895150454 0.8621801114080225 0.6280613892389737
 0.2923121842674324 0.8627904414934672 0.6287352586156577
 0.2918955033513177 0.8633630708481855 0.6293669732646503
 0.2914656891899534 0.8639529536216204 0.6300172221772826
 0.2908537120345833 0.8647914522207040 0.6309406641880255
 0.2904105547767141 0.8653976300179630 0.6316075697641303
 0.2899938046006025 0.8659669139426981 0.6322333048587384
 0.2895523856725938 0.8665690822120540 0.6328945200143336
 0.2890576752945512 0.8672429587614106 0.6336336266494577
 0.2886318561852230 0.8678221598077045 0.6342681760588705
 0.2882217171349288 0.8683793061070150 0.6348779538605318
 0.2877931913103491 0.8689606709520346 0.6355136189607093
 0.2872142261773780 0.8697449053000877 0.6363701082267925
 0.2867796866716404 0.8703325872760427 0.6370111689161992
 0.2863714924420006 0.8708839228135680 0.6376119579416208
 0.2859490912411356 0.8714537195235559 0.6382322072658723
 0.2854052029068517 0.8721863105399149 0.6390286687057983
 0.2849665104044723 0.8727763217011891 0.6396693092452302
 0.2845570794748744 0.8733262673005604 0.6402658050327026
 0.2841403152910972 0.8738853609131902 0.6408715916617295
 0.2836663267697727 0.8745203643673350 0.6415588410532748
 0.2832114823235076 0.8751288663565789 0.6422165907816390
 0.2827934351295706 0.8756874055362316 0.6428195961615694
 0.2823776485346694 0.8762422294226778 0.6434178689830334
 0.2819302918955595 0.8768384094246886 0.6440599301606591
 0.2814295634081656 0.8775047731152226 0.6447766078713749
 0.2809940191020479 0.8780835835589000 0.6453983200268795
 0.2805708000246859 0.8786452984993899 0.6460009724482608
 0.2801236236256983 0.8792380469474039 0.6466361655081688
 0.2795745650274507 0.8799647754806040 0.6474138121233446
 0.2791242356180327 0.8805599520435375 0.6480496917352027
 0.2786908406896580 0.8811320060907921 0.6486599563846865
 0.2782285338852870 0.8817414243553129 0.6493090600518121
 0.2777145881950563 0.8824179517190869 0.6500284087698728
 0.2772668216473135 0.8830065432029841 0.6506532322667165
 0.2768293784508327 0.8835808291691436 0.6512619897468840
 0.2763555905215070 0.8842020130576324 0.6519195054884329
 0.2758607708881625 0.8848498695139384 0.6526041849101004
 0.2754189503842667 0.8854275600355414 0.6532137466797405
 0.2749849418529790 0.8859943272659687 0.6538108466395379
 0.2745172265585378 0.8866043287570404 0.6544524082680007
 0.2740189462400457 0.8872533041949454 0.6551336928562782
 0.2735796321866758 0.8878247227016834 0.6557324808037277
 0.2731527617892130 0.8883792788452068 0.6563126530938661
 0.2727040231070004 0.8889615284555569 0.6569208179263026
 0.2721450158834816 0.8896858324777669 0.6576759714807892
 0.2716975828054858 0.8902647573738839 0.6582784316688578
 0.2712742942244576 0.8908117800731790 0.6588467478011745
 0.2708380932198207 0.8913748191695738 0.6594307137335141
 0.2703060495327288 0.8920606529876961 0.6601406453730341
 0.2698490562004506 0.8926489420946073 0.6607483673776990
 0.2694242884383790 0.8931950868604462 0.6613115227468702
 0.2689968362642970 0.8937440438228804 0.6618765713258943
 0.2685284234760836 0.8943448715184491 0.6624938378000457
 0.2680384206016019 0.8949725760834342 0.6631373754104082
 0.2676010760062051 0.8955321225332151 0.6637098492610886
 0.2671744352514458 0.8960773395857425 0.6642665657384366
 0.2667281072824954 0.8966470477146656 0.6648471263518088
 0.2661199563875889 0.8974222186972509 0.6656351741032346
 0.2656557635527397 0.8980130513295329 0.6662343880632720
 0.2652199218025073 0.8985671363703571 0.6667952232419411
 0.2647692940970923 0.8991393479176714 0.6673732729502079
 0.2642088284370114 0.8998500858644871 0.6680896141762315
 0.2637338606911020 0.9004515846353576 0.6686943656824448
 0.2632873896028853 0.9010163149937755 0.6692608559566676
 0.2628282870669232 0.9015963385108485 0.6698413537236056
 0.2622660299249877 0.9023057462180807 0.6705495041652111
 0.2617811081786308 0.9029167521999251 0.6711578352234409
 0.2613239372951865 0.9034920945077173 0.6717293390884336
 0.2608493540496992 0.9040886376296534 0.6723205563077594
 0.2601912970795454 0.9049146101338340 0.6731368330951992
 0.2597037166647357 0.9055257161817704 0.6737389400928331
 0.2592385923459610 0.9061079754618760 0.6743110993104130
 0.2587307246531908 0.9067429643885572 0.6749333163024891
 0.2582169220484204 0.9073845519119436 0.6755601163354858
 0.2577525209299872 0.9079637443685453 0.6761243520565065
 0.2572922612892999 0.9085371126785888 0.6766814451547608
 0.2567851010883516 0.9091681516739399 0.6772929150106425
 0.2562791167234694 0.9097969423402320 0.6779004867229962
 0.2558213858484017 0.9103650959413938 0.6784479698238748
 0.2553701156471365 0.9109246086039194 0.6789857004943993
 0.2548856738572148 0.9115245660416228 0.6795606883122394
 0.2543568027646382 0.9121787435268444 0.6801857036288305
 0.2538968353716424 0.9127470137523559 0.6807269956957170
 0.2534529658252583 0.9132948009293101 0.6812473389273843
 0.2529914056576860 0.9138638039715204 0.6817863551548649
 0.2523577412172911 0.9146439562777201 0.6825229564967267
 0.2518823667973245 0.9152284571331284 0.6830729744417481
 0.2514398875821074 0.9157719227573832 0.6835829352130015
 0.2509871379839710 0.9163274183528610 0.6841027283156020
 0.2504583787044959 0.9169754288563144 0.6847072109437781
 0.2499754408030758 0.9175665871360756 0.6852568860371746
 0.2495294181800774 0.9181119703170852 0.6857624946133740
 0.2490851530609867 0.9186546465310740 0.6862641575445019
 0.2486092844849457 0.9192353123816557 0.6867993401013427
 0.2480597039910485 0.9199051368566745 0.6874146126390153
 0.2475941946001589 0.9204718405927171 0.6879333843925136
 0.2471479510675439 0.9210145291883034 0.6884286177762906
 0.2466869940545546 0.9215745375650166 0.6889380464672406
 0.2461340256628777 0.9222455642130587 0.6895463084824913
 0.2456444777717556 0.9228389381948132 0.6900822281926825
 0.2451884171720889 0.9233911414714975 0.6905793211928737
 0.2447286589964647 0.9239472574653262 0.6910783284981573
 0.2442225222092416 0.9245588207122707 0.6916251989620982
 0.2436958352560973 0.9251944939859571 0.6921914836731632
 0.2432218986071557 0.9257658770050783 0.6926985892398556
 0.2427552005444140 0.9263279585509601 0.6931956575325107
 0.2422571947379941 0.9269271214240836 0.6937235757657757
 0.2416712966503585 0.9276312085991920 0.6943414208772581
 0.2411760642347996 0.9282256529518808 0.6948609785987351
 0.2406952055856793 0.9288022447737639 0.6953631467381901
 0.2401803159576780 0.9294189920563084 0.6958983398793366
 0.2396015162119052 0.9301114940718287 0.6964968278320106
 0.2390978613678983 0.9307134062107675 0.6970148656534516
 0.2386022343838188 0.9313051077646828 0.6975221100737292
 0.2380528456406781 0.9319602823478950 0.6980814229617288
 0.2375074388211773 0.9326099745713980 0.6986336367563826
 0.2370068790677091 0.9332056055562483 0.6991378206588706
 0.2365005576568788 0.9338074741278570 0.6996452978484697
 0.2358777402076120 0.9345469751251398 0.7002661022584082
 0.2353530895859924 0.9351691973734636 0.7007860971892890
 0.2348598276455367 0.9357535965205402 0.7012724695269036
 0.2343458688367486 0.9363619050798508 0.7017766117021874
 0.2337222254308561 0.9370992012917356 0.7023846847216155
 0.2332150713413918 0.9376981111665651 0.7028762175416892
 0.2327308453177201 0.9382693894662550 0.7033430728461423
 0.2322203874192497 0.9388710319353285 0.7038326490246302
 0.2316270706338568 0.9395695869986523 0.7043984004107737
 0.2311306254268650 0.9401534746906820 0.7048690519797780
 0.2306554074365735 0.9407118762341650 0.7053172253045393
 0.2301600604636461 0.9412933922098089 0.7057819002279235
 0.2294843522606650 0.9420857654457117 0.7064116416419747
 0.2289818672772495 0.9426743546647693 0.7068768496935567
 0.2285111904271558 0.9432251838734063 0.7073102297503958
 0.2280249083706731 0.9437937696982251 0.7077555832530213
 0.2273974421844596 0.9445266806270309 0.7083266741336590
 0.2268947739193216 0.9451132125074303 0.7087812975887952
 0.2264268198492992 0.9456587550852258 0.7092022212116795
 0.2259516259539710 0.9462122638641154 0.7096273792330010
 0.2254141503409495 0.9468377469213861 0.7101054900801549
 0.2248960495365941 0.9474401120526649 0.7105635838674775
 0.2244225261035112 0.9479901631374046 0.7109798822896497
 0.2239551560335617 0.9485326137042054 0.7113885503611210
 0.2234608858361790 0.9491057996221230 0.7118183472786451
 0.2228293109054290 0.9498374904728760 0.7123639634594763
 0.2223322723504256 0.9504127530979048 0.7127905312121422
 0.2218625194122865 0.9509559814535037 0.7131913952630117
 0.2213789101598631 0.9515147751498594 0.7136017659203272
 0.2208035517530555 0.9521789804280386 0.7140869427821778
 0.2202899044812394 0.9527713970003890 0.7145173016158761
 0.2198129258850435 0.9533210619411364 0.7149146038459790
 0.2193344415373720 0.9538720202906620 0.7153109073413377
 0.2188142754189199 0.9544704751741828 0.7157391681204284
 0.2182523406345891 0.9551164057777454 0.7161987970741207
 0.2177568184662871 0.9556855010308019 0.7166014857801057
 0.2172748749571002 0.9562385591640344 0.7169907795857489
 0.2167705279261064 0.9568168628133438 0.7173956848121052
 0.2160797832058457 0.9576081335750406 0.7179461451743456
 0.2155553094862974 0.9582083506482797 0.7183609727989577
 0.2150615293961683 0.9587729837653408 0.7187490638714145
 0.2145482791496951 0.9593594138245810 0.7191499179037152
 0.2138701473680384 0.9601335103285257 0.7196755270662123
 0.2133334180105193 0.9607456146026204 0.7200882461590661
 0.2128264826838778 0.9613232745964272 0.7204753586447602
 0.2122976461672358 0.9619254124878036 0.7208764031348229
 0.2115934970342567 0.9627264105454426 0.7214060082873541
 0.2110446793473502 0.9633501222625178 0.7218153523465043
 0.2105198762455474 0.9639460626684953 0.7222039939224252
 0.2099569599280746 0.9645847656417786 0.7226178213348716
 0.2093336303040863 0.9652913966638509 0.7230723520099114
 0.2087844060208489 0.9659134847966295 0.7234695697387808
 0.2082386404224514 0.9665311641698806 0.7238612195302391
 0.2076141364716824 0.9672373617203562 0.7243056277609480
 0.2070259081303492 0.9679019626824991 0.7247206058434350
 0.2064731962182634 0.9685259318053017 0.7251073797349863
 0.2058936322357250 0.9691796949535949 0.7255097028927120
 0.2052341091886395 0.9699230126384359 0.7259635003908981
 0.2046674211998298 0.9705611601143835 0.7263499637834341
 0.2041064747447739 0.9711923550853688 0.7267293287033467
 0.2034316945777479 0.9719510037901629 0.7271814570203254
 0.2028520181366171 0.9726021795452523 0.7275661942146169
 0.2023062906809066 0.9732147600450439 0.7279253387073970
 0.2017321647791452 0.9738587419664231 0.7283000127445461
 0.2010929566459585 0.9745751563360717 0.7287133845100976
 0.2005428925796684 0.9751911844872873 0.7290659266268487
 0.2000073485466138 0.9757905332596017 0.7294063184081058
 0.1994256509565205 0.9764410713327873 0.7297728411660341
 0.1988301621760780 0.9771065381541761 0.7301445835899333
 0.1982961196482378 0.9777029165526454 0.7304749902426695
 0.1977702120761054 0.9782898247235621 0.7307976372038043
 0.1971996114802750 0.9789261810093430 0.7311446763938175
 0.1966067958743145 0.9795868441152462 0.7315019184891220
 0.1960783240082731 0.9801754009589835 0.7318175514425902
 0.1955607753280336 0.9807514321508080 0.7321240638652701
 0.1950083014981770 0.9813659449586150 0.7324484104448441
 0.1943922580144754 0.9820506956143578 0.7328065944340493
 0.1938617640688720 0.9826399621106765 0.7331120974479196
 0.1933497035031917 0.9832084112392737 0.7334044193698255
 0.1928130541046568 0.9838038000383601 0.7337080961155571
 0.1921099510736449 0.9845833147851676 0.7341018460207409
 0.1915700072384806 0.9851815218534523 0.7344010686205398
 0.1910597556398245 0.9857465035399152 0.7346813191990137
 0.1905283880613226 0.9863345294028797 0.7349705629209292
 0.1897251145486322 0.9872228089543166 0.7354027631472065
 0.1902606729140857 0.9866306611897910 0.7351152823974811
 0.1897532685555955 0.9871916885825269 0.7353877177122620
 0.1892402335387265 0.9877586308168699 0.7356607135866232
 0.1887333888755484 0.9883184282210453 0.7359279945443894
 0.1882034174092132 0.9889034485681277 0.7362049131850810
 0.1873795940850219 0.9898122015694267 0.7366302185140303
 0.1879288526134801 0.9892064051956584 0.7363473546720656
 0.1874191928061130 0.9897685382611120 0.7366099183183998
 0.1869052474750623 0.9903350991755384 0.7368722724249801
 0.1863977359562310 0.9908942759282061 0.7371289673543505
 0.1858673041021193 0.9914783996180363 0.7373947396715989
 0.1850922997268254 0.9923312950797967 0.7377784495441680
 0.1856090057016034 0.9917627311716654 0.7375232313068791
 0.1850977643605258 0.9923252835243470 0.7377757630455761
 0.1845806809055127 0.9928939754536690 0.7380287734952322
 0.1840710460617103 0.9934541939044115 0.7382757813418750
 0.1835400356429938 0.9940376153400120 0.7385306695376576
 0.1828336236596654 0.9948132904772315 0.7388658431173202
 0.1822827595721385 0.9954178061172889 0.7391241266051046
 0.1817669289656474 0.9959835933404534 0.7393635408698752
 0.1812358678304947 0.9965658033802168 0.7396075677638443
 0.1805839195196546 0.9972801560090313 0.7399037597455405
 0.1800265155472934 0.9978905795688429 0.7401540655592145
 0.1795055549703788 0.9984608173665500 0.7403855808082958
 0.1789756530901394 0.9990405716912750 0.7406186790306176
 0.1783685096659098 0.9997045027259314 0.7408828039787463
 0.1777949781774940  1.000331356535909 0.7411294239101942
 0.1772652422615382  1.000910068802522 0.7413547374387086
 0.1767347095036641  1.001489390627462 0.7415780279255247
 0.1761520762700255  1.002125306736198 0.7418205526835961
 0.1755489749041972  1.002783238692971 0.7420686637525040
 0.1750060204542221  1.003375276820995 0.7422895048345161
 0.1744707730503607  1.003958655699105 0.7425048822352713
 0.1738966287158064  1.004584150525878 0.7427333434763871
 0.1732512417699030  1.005286919582085 0.7429869733676979
 0.1726926065120955  1.005894936701128 0.7432037880278142
 0.1721488379117537  1.006486520369530 0.7434124098424082
 0.1715700991043675  1.007115878833207 0.7436318384554521
 0.1708955811732850  1.007849046467694 0.7438842188465630
 0.1703234923072169  1.008470589651704 0.7440954643151775
 0.1697678445082622  1.009074019826820 0.7442981839611248
 0.1691733153768527  1.009719404799303 0.7445124098573210
 0.1685031276621975  1.010446589933637 0.7447505641293355
 0.1679214202914026  1.011077489991561 0.7449544019000831
 0.1673508983465702  1.011696009735982 0.7451517277671216
 0.1667297236714681  1.012369167099637 0.7453636761676325
 0.1660741597207978  1.013079283444919 0.7455841306033593
 0.1654832684565322  1.013719078176059 0.7457800488298174
 0.1648924899490615  1.014358501123640 0.7459733374287217
 0.1642209806896674  1.015085003291380 0.7461899506906469
 0.1635762199676764  1.015782271486439 0.7463949047778355
 0.1629732479031890  1.016434090270624 0.7465839500154462
 0.1623500438827027  1.017107522022122 0.7467767412458919
 0.1615118495794317  1.018012864170071 0.7470320014349925
 0.1608646982418712  1.018711544216778 0.7472259904228675
 0.1602317407601158  1.019394639080676 0.7474131493120303
 0.1594713687748512  1.020214904748971 0.7476346040645665
 0.1588006892301762  1.020938112991289 0.7478268388210174
 0.1581544833311411  1.021634669022093 0.7480092825420339
 0.1574286884906965  1.022416713914800 0.7482109393002988
 0.1567303712468916  1.023168855645464 0.7484017274622854
 0.1560674013413074  1.023882661421581 0.7485799512311515
 0.1553338150053792  1.024672203660420 0.7487738811035742
 0.1546230126080714  1.025436933764148 0.7489585088704167
 0.1539507631513910  1.026159927689704 0.7491301528568983
 0.1531994692916580  1.026967640907593 0.7493185789604325
 0.1524958391413146  1.027723836841533 0.7494918407532228
 0.1518301553315999  1.028439011840619 0.7496529600191767
 0.1510905732144645  1.029233310733321 0.7498288442841972
 0.1503945067954210  1.029980620914944 0.7499914287568340
 0.1497429054702072  1.030679973635252 0.7501410590050039
 0.1490482401651400  1.031425317158942 0.7502978603046879
 0.1483355163466143  1.032189795330036 0.7504558491438970
 0.1476919112797707  1.032879929447079 0.7505960405682471
 0.1470388851405920  1.033579969154021 0.7507359295443692
 0.1461688572011655  1.034512331484076 0.7509186967397977
 0.1455119410083547  1.035216089160887 0.7510540088875975
 0.1448766530616157  1.035896496334430 0.7511826896627724
 0.1441227343280466  1.036703734056840 0.7513326450122174
 0.1434651977182290  1.037407576979857 0.7514610165677398
 0.1428455379091656  1.038070711291699 0.7515799699428993
 0.1421916953021579  1.038770256634353 0.7517033977782595
 0.1414717163284328  1.039540362814447 0.7518368783699823
 0.1408445676609631  1.040211009102507 0.7519511016260737
 0.1402259963997281  1.040872333910915 0.7520619118520960
 0.1395209507500774  1.041625932435192 0.7521859839799950
 0.1388643502649552  1.042327582635155 0.7522994096063629
 0.1382530829467976  1.042980647193952 0.7524031844250193
 0.1376251502585970  1.043651376441424 0.7525079864071825
 0.1366884143826682  1.044651696425090 0.7526609907605498
 0.1373129219968404  1.043984832383419 0.7525594258501860
 0.1367170702176178  1.044621100008638 0.7526563687659416
 0.1361101516536434  1.045269059039524 0.7527534777783674
 0.1354995310888692  1.045920844222733 0.7528495305851340
 0.1348145035536046  1.046651904528105 0.7529553382814808
 0.1341537884314404  1.047356873189172 0.7530554603018997
 0.1335436197531761  1.048007785378194 0.7531462650368728
 0.1329234249594293  1.048669272844656 0.7532369605743175
 0.1321408331894615  1.049503799901168 0.7533491491193570
 0.1314978922670430  1.050189269414771 0.7534394721955673
 0.1308889202787763  1.050838409644550 0.7535235130587818
 0.1302414944230697  1.051528421373729 0.7536112698631613
 0.1295314612678687  1.052285020401331 0.7537056508700211
 0.1289092273748169  1.052947945513199 0.7537867808432996
 0.1282952811892867  1.053601936251265 0.7538654046493419
 0.1276060699530245  1.054335979616521 0.7539520068809783
 0.1269425057020968  1.055042588514100 0.7540337552560045
 0.1263285238865972  1.055696296468604 0.7541079951931748
 0.1257030104131797  1.056362183108556 0.7541822720448638
 0.1248991461414893  1.057217788074001 0.7542757654601413
 0.1242503624972670  1.057908214940502 0.7543496636533983
 0.1236339818246270  1.058564065132600 0.7544186301245679
 0.1229724662574331  1.059267840469295 0.7544913554581421
 0.1222695029840297  1.060015599971276 0.7545672366583307
 0.1216422209699614  1.060682760263808 0.7546337844133744
 0.1210174600241937  1.061347151493813 0.7546990203728334
 0.1202976095573566  1.062112557272388 0.7547729460067675
 0.1196326255862878  1.062819524453475 0.7548401028815892
 0.1190101354946822  1.063481229386811 0.7549020137221110
 0.1183660900801115  1.064165761809075 0.7549651214212704
 0.1175061067051340  1.065079673119361 0.7550479163391075
 0.1168516662958425  1.065775051528587 0.7551098097778930
 0.1162188804465312  1.066447339413400 0.7551687485196161
 0.1154992942674100  1.067211750513836 0.7552346950521152
 0.1148233903864513  1.067929667006874 0.7552955995826354
 0.1141919788444616  1.068600247101403 0.7553515892740688
 0.1135394486225722  1.069293177529069 0.7554085342524884
 0.1126633232564043  1.070223423502992 0.7554835268944096
 0.1119986638649147  1.070929048323960 0.7555393001758512
 0.1113540973129359  1.071613267238891 0.7555924684490831
 0.1106083775629680  1.072404771996007 0.7556528572249945
 0.1099252012858729  1.073129810032514 0.7557071295149094
 0.1092818611527721  1.073812499524226 0.7557573217749726
 0.1086074433228551  1.074528094522733 0.7558089872606579
 0.1078226377639845  1.075360724797466 0.7558678841138844
 0.1071557170228434  1.076068210113467 0.7559168999497976
 0.1064965831433186  1.076767367335206 0.7559644138324555
 0.1057212252453097  1.077589721559737 0.7560191309587717
 0.1050248943062099  1.078328182803931 0.7560671967664669
 0.1043643443923999  1.079028633100051 0.7561118579794697
 0.1036596508326260  1.079775825171275 0.7561585024758566
 0.1029006666296399  1.080580504847303 0.7562075848530672
 0.1022226601678598  1.081299265276401 0.7562504189590680
 0.1015375882094643  1.082025453954077 0.7562927350783125
 0.1006007499060736  1.083018421273508 0.7563490470786456
 0.9988714961017919E-01  1.083774701517345 0.7563907448585723
 0.9919337786570641E-01  1.084509907446105 0.7564302971139034
 0.9834362024456718E-01  1.085410336958296 0.7564774172643253
 0.9761755717846832E-01  1.086179629489781 0.7565165234222774
 0.9691726082480821E-01  1.086921564830411 0.7565532376830404
 0.9612412598649699E-01  1.087761793806135 0.7565936381707608
 0.9537238975872077E-01  1.088558104200397 0.7566307826447743
 0.9465982360234548E-01  1.089312868022332 0.7566649675088580
 0.9388970317462976E-01  1.090128537212925 0.7567007950274117
 0.9309551265307535E-01  1.090969639823369 0.7567365255846458
 0.9236322593363880E-01  1.091745129558132 0.7567683788816627
 0.9159265576254293E-01  1.092561108842053 0.7568007737083543
 0.9074880538928096E-01  1.093454627069107 0.7568349407689321
 0.8999173559772894E-01  1.094256205847825 0.7568644412128717
 0.8920237836755726E-01  1.095091920790290 0.7568940464445963
 0.8832673520967167E-01  1.096018932343866 0.7569255190850991
 0.8754341778219976E-01  1.096848153523521 0.7569524680010273
 0.8671697609643074E-01  1.097722978631105 0.7569796955299978
 0.8583779377336215E-01  1.098653580863367 0.7570073515728987
 0.8502413312076600E-01  1.099514784410026 0.7570318001890708
 0.8412205807816665E-01  1.100469520311686 0.7570576884556272
 0.8324094501433014E-01  1.101402023832739 0.7570818155495365
 0.8237640452006043E-01  1.102316945361068 0.7571044519196028
 0.8124129150479423E-01  1.103518145623186 0.7571327361249647
 0.8032554668014542E-01  1.104487157460591 0.7571544539119149
 0.7919158173196802E-01  1.105687025867671 0.7571800711849097
 0.7824622052201170E-01  1.106687283366529 0.7572003945953736
 0.7710990793968767E-01  1.107889528091998 0.7572236283801966
 0.7615432169187013E-01  1.108900517959714 0.7572421945921769
 0.7500462568470469E-01  1.110116823293581 0.7572633960458428
 0.7405299435412271E-01  1.111123550700073 0.7572800296990947
 0.7296642453416277E-01  1.112272989137209 0.7572980318879313
 0.7202718352026195E-01  1.113266541836727 0.7573127658159683
 0.7104693429400663E-01  1.114303443593920 0.7573273522926818
 0.7009958969009285E-01  1.115305511008826 0.7573407058732607
 0.6918440415966123E-01  1.116273536910503 0.7573529305591005
 0.6808639408147854E-01  1.117434912826475 0.7573667388861336
 0.6717367761089633E-01  1.118400278177029 0.7573775078676530
 0.6617539026650199E-01  1.119456127379534 0.7573885223008033
 0.6524097631337571E-01  1.120444399897265 0.7573980296578114
 0.6432996683265239E-01  1.121407901651145 0.7574064117111377
 0.6307458806353290E-01  1.122735590792570 0.7574161767922658
 0.6212531382819727E-01  1.123739528173842 0.7574219277267770
 0.6113043646299747E-01  1.124791683968760 0.7574263391274232
 0.6012325253959673E-01  1.125856847081077 0.7574292446055187
 0.5915606629376526E-01  1.126879705474928 0.7574308573778346
 0.5804006839766722E-01  1.128059938316461 0.7574317648594752
 0.5698715377402019E-01  1.129173455610852 0.7574321046438718
 0.5586084510897289E-01  1.130364590778850 0.7574322255085797
 0.5460514067613470E-01  1.131692569112166 0.7574322585934847
 0.5333332391414529E-01  1.133037587100068 0.7574322644163143
 0.5178021669743115E-01  1.134680085607104 0.7574322652196164
 0.5014930463201350E-01  1.136404867130395 0.7574322652658735
 0.4810509071661742E-01  1.138566738677985 0.7574322652672901
 0.4556121503773874E-01  1.141257030730766 0.7574322652672570
 0.4180884031992294E-01  1.145225378699266 0.7574322652672549
 0.3353346284004781E-01  1.153977057270949 0.7574322652672549
 0.4319529205473113E-03  1.188983771557682 0.7574322652672549
-0.1319740867574547  1.329010628704614 0.7574322652672549
-0.1611068660169503  1.359820186407443 0.7574322652672549
