RUNGE KUTTA: X Z PHI
 0.6130995876022888 0.3913418337900412E-01 0.1745329251994329
 0.5852657592242622 0.1956290232677701 0.1829624487960199
 0.6038990377386738 0.9131309455100950E-01 0.1745329297893154
 0.6100327376477505 0.5652715376967250E-01 0.1745329251994329
 0.5977647304290907 0.1260989282155928 0.1746549061059612
 0.6059436043750327 0.7971778095723045E-01 0.1745329251995180
 0.6086696932235112 0.6425736283219179E-01 0.1745329251994329
 0.6032175154964042 0.9517819907695285E-01 0.1745329797771756
 0.6068523006578589 0.7456430824888420E-01 0.1745329251994330
 0.6042364751434316 0.8939939191443551E-01 0.1745329277196405
 0.6059803588207260 0.7950933613757930E-01 0.1745329251995558
 0.6049735215451965 0.8521939407305093E-01 0.1745329252941670
 0.6056447463955799 0.8141268878274187E-01 0.1745329252009709
 0.6049005016485709 0.8563351048496368E-01 0.1745329253406747
 0.6041614292298600 0.8982499842797696E-01 0.1745329288175214
 0.6035188221249032 0.9346940415851542E-01 0.1745329524130288
 0.6030345731005041 0.9621571598320952E-01 0.1745330164340866
 0.6026094992865474 0.9862642723854667E-01 0.1745331560689999
 0.6022233156895523 0.1008165787816623 0.1745334223523164
 0.6018593183673608 0.1028809016030821 0.1745338950224068
 0.6014750694545634 0.1050600679638770 0.1745347890139502
 0.6011151239410851 0.1071013903612067 0.1745362129570422
 0.6008070169332291 0.1088487094146850 0.1745381024072005
 0.6005146742064880 0.1105066053953414 0.1745406892722519
 0.6001809181879310 0.1123993219644136 0.1745449108499621
 0.5999095148900990 0.1139383984249524 0.1745496296289856
 0.5996420110936500 0.1154553139235588 0.1745556912992072
 0.5993811029832463 0.1169347690310998 0.1745632339051062
 0.5991378609462037 0.1183139846549069 0.1745719816558308
 0.5988760728909305 0.1197982710326755 0.1745835477842216
 0.5986464602570927 0.1211000383624364 0.1745957912760867
 0.5983621761038400 0.1227116182653936 0.1746140562594828
 0.5981404755021993 0.1239682879973894 0.1746309794100564
 0.5978956188593804 0.1253560573873835 0.1746527054013357
 0.5976844206120354 0.1265529100444608 0.1746742460255135
 0.5974547305007883 0.1278543726849036 0.1747008878039519
 0.5972515729193884 0.1290053183275207 0.1747274615455819
 0.5970222217113144 0.1303044305409787 0.1747610935484253
 0.5968251639918124 0.1314204081123860 0.1747932532838462
 0.5965840031408152 0.1327858493070815 0.1748369682079969
 0.5963909545264213 0.1338786177697055 0.1748755982660953
 0.5961322137982719 0.1353428351946431 0.1749326756343357
 0.5959420212087898 0.1364188128068919 0.1749786376320322
 0.5956926659226010 0.1378290348614677 0.1750442191106986
 0.5955069630566803 0.1388789083758133 0.1750970875918021
 0.5952582650886019 0.1402843982517035 0.1751733761706456
 0.5950755482608334 0.1413165911186744 0.1752334653607676
 0.5948535177617368 0.1425703702913465 0.1753111342796295
 0.5946750283130655 0.1435778555833160 0.1753773033628756
 0.5944850407931140 0.1446498044005410 0.1754514003242676
 0.5943072294366734 0.1456526240305218 0.1755241593614640
 0.5941335594501994 0.1466316685323626 0.1755983892934183
 0.5939349640686601 0.1477506974836791 0.1756870959674835
 0.5937641993537845 0.1487124377530029 0.1757666301828359
 0.5935741492656520 0.1497822596635507 0.1758586738070641
 0.5934014844009909 0.1507537126084397 0.1759454872489559
 0.5932311998431931 0.1517112860109101 0.1760340384661888
 0.5930388311660364 0.1527924447891035 0.1761375204649983
 0.5928715193306470 0.1537322425111147 0.1762304194130845
 0.5926871168970981 0.1547674443318536 0.1763357894966580
 0.5925164092884486 0.1557251955243119 0.1764359512874409
 0.5923498314068405 0.1566592357233138 0.1765359499880376
 0.5921455909193948 0.1578037128075152 0.1766614128299444
 0.5919786095865247 0.1587387823963025 0.1767662139017029
 0.5917986433899406 0.1597459254096021 0.1768813261119700
 0.5916282427353766 0.1606989145148526 0.1769923326459958
 0.5914632874628067 0.1616208633895405 0.1771016276117548
 0.5912408908917350 0.1628629278253755 0.1772518411067586
 0.5910729957860700 0.1637998881347013 0.1773674409594470
 0.5908905157102761 0.1648175285716868 0.1774952439026968
 0.5907221489275490 0.1657557940245170 0.1776151555320913
 0.5905576821777631 0.1666716962439765 0.1777341323994195
 0.5903540543671955 0.1678048083256776 0.1778839779525734
 0.5901889387206659 0.1687228932394519 0.1780075709097161
 0.5900125085605923 0.1697031647131776 0.1781417151346255
 0.5898435158922488 0.1706414001609710 0.1782722180560402
 0.5896813968301603 0.1715408098647220 0.1783992593081041
 0.5894558348510518 0.1727910927206731 0.1785790446210520
 0.5892894004592037 0.1737128023289216 0.1787139956443446
 0.5891148801728482 0.1746785222883931 0.1788576198466024
 0.5889464568419138 0.1756097478465244 0.1789982848475676
 0.5887856725535977 0.1764980343903733 0.1791344561804042
 0.5885804472722118 0.1776308346906552 0.1793109647544051
 0.5884159186845017 0.1785381690779192 0.1794546916657562
 0.5882489660230767 0.1794581076037854 0.1796025809536259
 0.5880748343168225 0.1804167737047755 0.1797590269787497
 0.5879152719483925 0.1812944763378590 0.1799043471919054
 0.5877378040510892 0.1822698151484330 0.1800681867625794
 0.5875724069035998 0.1831779930808000 0.1802230033574594
 0.5874125961058486 0.1840547349887542 0.1803745558415535
 0.5871902387100069 0.1852733535533461 0.1805886318012539
 0.5870262736664427 0.1861710036220196 0.1807488473052890
 0.5868558111358079 0.1871033578445323 0.1809174909329697
 0.5866885331781145 0.1880174253830389 0.1810850047729378
 0.5865307526428009 0.1888787993393891 0.1812447894104272
 0.5863473127629411 0.1898792748162780 0.1814326222434408
 0.5861848923555747 0.1907642227892416 0.1816006523485540
 0.5860263381232009 0.1916272952428751 0.1817661286582381
 0.5858048945704972 0.1928313482611378 0.1819995270562201
 0.5856424726388817 0.1937134756353364 0.1821724286702815
 0.5854736760863116 0.1946293134098024 0.1823537368189457
 0.5853057621484150 0.1955394346155987 0.1825358587485133
 0.5851476134171147 0.1963957738686749 0.1827091347548491
 0.5849637914560641 0.1973900786732949 0.1829128654464166
 0.5848006740370423 0.1982714376049818 0.1830959102877591
 0.5846405577448077 0.1991356995833063 0.1832777599761033
 0.5844434198183102 0.2001985815801605 0.1835046460007580
 0.5842837463888841 0.2010584803784535 0.1836907825021923
 0.5841190978176048 0.2019442340020984 0.1838848603633345
 0.5839492483610250 0.2028569595732639 0.1840872761426332
 0.5837936256018753 0.2036923292706882 0.1842746570199454
 0.5836263039047042 0.2045895240997279 0.1844781283904353
 0.5834597621205030 0.2054815271804581 0.1846826801160294
 0.5833037296236662 0.2063163211957417 0.1848761627508791
 0.5831294558566491 0.2072476469020568 0.1850944434019310
 0.5829657543593691 0.2081214454994552 0.1853017282399546
 0.5828084600273667 0.2089600973032539 0.1855031411205763
 0.5826122671296473 0.2100048320313504 0.1857577405441101
 0.5824509746607485 0.2108626160615159 0.1859700927881309
 0.5822908815280684 0.2117130243569479 0.1861837666409288
 0.5821070506808789 0.2126882857459328 0.1864328562276271
 0.5819497232643256 0.2135218744757797 0.1866492720843947
 0.5817871832782646 0.2143820359708177 0.1868759609775685
 0.5816150552685357 0.2152917654645087 0.1871193117398567
 0.5814593582890853 0.2161136047229529 0.1873421607458046
 0.5812942560602666 0.2169839902901005 0.1875811052048917
 0.5811259145627953 0.2178702782709746 0.1878273589860514
 0.5809702390346985 0.2186888188050712 0.1880573188177681
 0.5808006409266430 0.2195793929282978 0.1883101642406657
 0.5806360508104526 0.2204424943806909 0.1885577312740607
 0.5804809414055777 0.2212548137472257 0.1887929127494344
 0.5803070494718225 0.2221642622877179 0.1890586792413600
 0.5801450689809379 0.2230102325025994 0.1893082665519570
 0.5799907829308986 0.2238149514002122 0.1895478946517654
 0.5798149379019069 0.2247308413721294 0.1898234031772749
 0.5796538115072917 0.2255688689443852 0.1900782411541996
 0.5794995126850954 0.2263703027287025 0.1903245670203368
 0.5793211544068635 0.2272953720757187 0.1906122718066195
 0.5791601674845572 0.2281291092513660 0.1908748396056446
 0.5790050259798900 0.2289314564644909 0.1911305469730547
 0.5788190269020147 0.2298919329928526 0.1914405794917485
 0.5786585157022720 0.2307195057305013 0.1917110919772493
 0.5785022085670194 0.2315242479262912 0.1919770640539958
 0.5782871645926090 0.2326295184837693 0.1923469490198199
 0.5781263898079818 0.2334544297644317 0.1926264181126348
 0.5779662064589183 0.2342750818630665 0.1929072955797784
 0.5777868552422777 0.2351924757873511 0.1932245872065835
 0.5776305642205180 0.2359906514104442 0.1935034196651412
 0.5774699461785209 0.2368096924352318 0.1937921813740350
 0.5772928111880666 0.2377115026100727 0.1941132107542801
 0.5771366702748866 0.2385051576647443 0.1943984363099613
 0.5769755610542031 0.2393228106576513 0.1946949480676665
 0.5767989324135205 0.2402177546378733 0.1950225861765665
 0.5766426084414882 0.2410085282766400 0.1953147722635283
 0.5764810099200534 0.2418247042173043 0.1956189911562379
 0.5763046546071394 0.2427139209089943 0.1959535370843702
 0.5761482106856867 0.2435014329234098 0.1962525731785163
 0.5759864895271496 0.2443142116299680 0.1965639545575809
 0.5758096348818671 0.2452015311840650 0.1969070871398723
 0.5756530510588567 0.2459858191434532 0.1972131309205343
 0.5754916627588210 0.2467928607401190 0.1975307349007310
 0.5753129761029196 0.2476848467618875 0.1978849427068136
 0.5751560034734637 0.2484670824294452 0.1981983386416759
 0.5749950154363808 0.2492680055414080 0.1985219189505408
 0.5748135488404270 0.2501691991755284 0.1988892545102732
 0.5746559595618925 0.2509504238764830 0.1992104333983655
 0.5744951595850445 0.2517462287974409 0.1995402003456280
 0.5743108915696833 0.2526565130736744 0.1999206215652329
 0.5741526648369105 0.2534367301558660 0.2002494464101806
 0.5739918995490525 0.2542281139618279 0.2005856020171002
 0.5738050409240981 0.2551462287506329 0.2009788906636437
 0.5736462106898148 0.2559251736100927 0.2013153130309475
 0.5734853971018931 0.2567124799119554 0.2016578893831008
 0.5732960688473999 0.2576376221273830 0.2020637201973519
 0.5731366502829879 0.2584151280903744 0.2024075616370379
 0.5729757257446385 0.2591985993209484 0.2027566287158660
 0.5727839083133325 0.2601306594652262 0.2031752720015301
 0.5726238839841694 0.2609067199705895 0.2035266103711119
 0.5724627816441179 0.2616866146474138 0.2038821897792930
 0.5722684613121305 0.2626254529085000 0.2043135772459617
 0.5721078039261875 0.2634001097741978 0.2046723066892610
 0.5719464370574160 0.2641767795188011 0.2050345180735825
 0.5717497467551672 0.2651215514188298 0.2054785574317415
 0.5715884480803258 0.2658947547374656 0.2058447255670815
 0.5714267718112993 0.2666683459116843 0.2062135396381197
 0.5712276279879457 0.2676192526625183 0.2066702675061999
 0.5710656558928343 0.2683910678985394 0.2070437438649158
 0.5709036079151363 0.2691618087630048 0.2074191937947105
 0.5707020684739444 0.2701183743873764 0.2078886073460365
 0.5705394124930262 0.2708887637069468 0.2082693834773788
 0.5703769570446342 0.2716567540477609 0.2086513558383036
 0.5701730613573992 0.2726185974109552 0.2091330941615762
 0.5700097159205458 0.2733875033964734 0.2095209070121216
 0.5698468127199174 0.2741528661270440 0.2099093420528480
 0.5696406926871588 0.2751191799271964 0.2104031789128046
 0.5694766618045909 0.2758865033765502 0.2107979926990760
 0.5693132934789267 0.2766492542726103 0.2111927635134768
 0.5691050671988277 0.2776193109975474 0.2116981539417181
 0.5689403685663234 0.2783848945451490 0.2120996735286234
 0.5687765435658974 0.2791449338228115 0.2125006227784339
 0.5685657479077554 0.2801207091233279 0.2130187680208629
 0.5684003204888293 0.2808847589181748 0.2134270893285826
 0.5682359747036483 0.2816423195278681 0.2138341587704884
 0.5680232063085126 0.2826208763661502 0.2143632368938223
 0.5678570789892833 0.2833831898965319 0.2147779716483136
 0.5676921886492516 0.2841383247801507 0.2151910447643038
 0.5674770844498574 0.2851211708763757 0.2157320075713399
 0.5673101938994298 0.2858819677228293 0.2161532923288161
 0.5671447035586814 0.2866348698137478 0.2165723529256949
 0.5669274874511512 0.2876208166951976 0.2171243591680091
 0.5667598254875473 0.2883800660688554 0.2175519791491936
 0.5665937149181043 0.2891307699436844 0.2179769811693473
 0.5663739979878043 0.2901214148391686 0.2185411451171326
 0.5662055091247260 0.2908792959136094 0.2189752547581448
 0.5660387437496507 0.2916278960644807 0.2194061399221362
 0.5658165174422845 0.2926230967072199 0.2199821818127933
 0.5656471773410179 0.2933796475753404 0.2204225784291999
 0.5654797124764314 0.2941262841323923 0.2208593371542840
 0.5652553090120622 0.2951243870822346 0.2214464863786591
 0.5650851318418937 0.2958794775905272 0.2218931309024176
 0.5649169727140646 0.2966240703684813 0.2223355945614428
 0.5646900038591048 0.2976266379858462 0.2229345358831829
 0.5645189641865350 0.2983803141324131 0.2233872239375300
 0.5643500973854489 0.2991228659270664 0.2238352987967267
 0.5641206876430469 0.3001291781026444 0.2244457860423091
 0.5639487839091881 0.3008813822435019 0.2249045064775094
 0.5637791871815099 0.3016219360421921 0.2253580778769694
 0.5635478157143178 0.3026297461284498 0.2259784513262858
 0.5633750759059847 0.3033803005518661 0.2264428352364502
 0.5632047614419378 0.3041187569961649 0.2269017340672466
 0.5629701302895954 0.3051335488100990 0.2275355747216159
 0.5627964308042921 0.3058829221754664 0.2280059762335201
 0.5626252794549472 0.3066197365777775 0.2284703968091652
 0.5623907229624454 0.3076269942871387 0.2291083371187576
 0.5622162882911497 0.3083741864480539 0.2295838894323279
 0.5620444888714068 0.3091085232300006 0.2300532188079219
 0.5618016725428856 0.3101437670200326 0.2307181477716316
 0.5616258482565728 0.3108914608487550 0.2312007243260209
 0.5614528370943630 0.3116256130558744 0.2316764309361209
 0.5612204388711639 0.3126093087880318 0.2323167397955302
 0.5610446248689342 0.3133516267759045 0.2328021717655095
 0.5608715967464459 0.3140806152289891 0.2332807908030844
 0.5606261767553690 0.3151119400096689 0.2339611114356651
 0.5604482238659807 0.3158578029723899 0.2344554059721183
 0.5602741296867272 0.3165859142392430 0.2349397383088535
 0.5600272698125367 0.3176156837062118 0.2356277626735378
 0.5598484487416956 0.3183596819622311 0.2361270997645760
 0.5596734715022554 0.3190861070174493 0.2366164874921726
 0.5594251705244763 0.3201142626804362 0.2373122420923652
 0.5592454049645098 0.3208566759989386 0.2378168296605835
 0.5590696215428406 0.3215810618891552 0.2383108941469537
 0.5588198673126805 0.3226075931580759 0.2390139534231508
 0.5586391066286001 0.3233485927419985 0.2395236181711129
 0.5584626023404884 0.3240705632700006 0.2400219665700608
 0.5582113832495056 0.3250954611602671 0.2407323965651352
 0.5580295340499981 0.3258353893995573 0.2412474110516753
 0.5578523571295610 0.3265547275349428 0.2417497508755000
 0.5576033362747115 0.3275631265046933 0.2424566938297620
 0.5574204970561579 0.3283015792138672 0.2429764570156969
 0.5572429461975393 0.3290171010474187 0.2434817784313483
 0.5570128686248322 0.3299420062376423 0.2441374397230195
 0.5568295479685204 0.3306771001001916 0.2446604803419287
 0.5566528204042194 0.3313842085618399 0.2451651805091057
 0.5564484023470212 0.3322002210640401 0.2457495084495231
 0.5562622705985062 0.3329414802959068 0.2462820917358833
 0.5560861117614481 0.3336414859765979 0.2467866269362114
 0.5558976383806375 0.3343887763953057 0.2473269629377995
 0.5556994349141426 0.3351728124317895 0.2478957497838316
 0.5555207876587926 0.3358778842503664 0.2484088481717611
 0.5553393806480020 0.3365922958114343 0.2489302470634864
 0.5550802078615339 0.3376102589970802 0.2496757965247145
 0.5548934461375633 0.3383418464450894 0.2502135395070380
 0.5547112333082584 0.3390540354917800 0.2507386075244227
 0.5544569857699092 0.3400451792724887 0.2514719222162075
 0.5542689542825413 0.3407762515458890 0.2520146912810058
 0.5540868469172072 0.3414827255002345 0.2525406628924584
 0.5538616562154850 0.3423542169696095 0.2531914620775294
 0.5536728718286426 0.3430830146510828 0.2537374052149333
 0.5534920860443535 0.3437794001929552 0.2542605511787636
 0.5532916733615627 0.3445496409326607 0.2548408757902001
 0.5530964047841822 0.3452983505806367 0.2554066533959823
 0.5529150229592152 0.3459922636682509 0.2559324501855511
 0.5527267556574036 0.3467109442769855 0.2564784278924823
 0.5525035151175101 0.3475610597783776 0.2571261169493895
 0.5523166048030338 0.3482711067341762 0.2576686718316996
 0.5521318302303257 0.3489715048948153 0.2582052950248307
 0.5519050748005013 0.3498289555915575 0.2588641920992579
 0.5517128479775668 0.3505540535554151 0.2594230109663756
 0.5515291407309254 0.3512454890193051 0.2599572274926448
 0.5513274506573490 0.3520028974255111 0.2605438925188516
 0.5511270411286130 0.3527537306205247 0.2611270026459449
 0.5509421686166815 0.3534447993533974 0.2616650844733374
 0.5507518257475741 0.3541547633949028 0.2622192819638527
 0.5505100440179055 0.3550543272839997 0.2629234978342451
 0.5503180172302400 0.3557669780456448 0.2634829322461223
 0.5501298266340441 0.3564638551921783 0.2640312523538207
 0.5499008492609881 0.3573097246578499 0.2646984670210542
 0.5497049125741061 0.3580317651613472 0.2652694733536187
 0.5495180180233739 0.3587189677154132 0.2658142147869269
 0.5493144568756649 0.3594657740975614 0.2664076343747961
 0.5491085934301024 0.3602192543083980 0.2670078347404732
 0.5489200344370061 0.3609078409487432 0.2675575909488815
 0.5487272389877073 0.3616103650597879 0.2681196649343794
 0.5484510400886499 0.3626141128247831 0.2689248255993351
 0.5486352624722620 0.3619449723495221 0.2683877967968326
 0.5484531244320258 0.3626065498317502 0.2689187495716717
 0.5482658196152286 0.3632854657770692 0.2694647614447346
 0.5480746445043203 0.3639769221328849 0.2700220772634339
 0.5478385770666839 0.3648286829825797 0.2707102867823228
 0.5476391897801807 0.3655463270374555 0.2712915352475749
 0.5474488479255345 0.3662299086353464 0.2718463426299858
 0.5472409080566620 0.3669750168590068 0.2724523384623508
 0.5470318156892398 0.3677225002786810 0.2730615968624377
 0.5468399168728869 0.3684069769449868 0.2736207069748648
 0.5466435783230954 0.3691057688306141 0.2741927281584597
 0.5463606070466001 0.3701102035867392 0.2750170800115588
 0.5465493465523888 0.3694406063265178 0.2744672570880384
 0.5463635772639649 0.3700996769625631 0.2750084279537786
 0.5461727488348773 0.3707752770241884 0.2755642473310975
 0.5459781662903734 0.3714626929405409 0.2761308673502889
 0.5457406349235917 0.3722998276325213 0.2768223523528983
 0.5455372231233101 0.3730149662605685 0.2774143598198001
 0.5453434643379540 0.3736946745988802 0.2779781747102778
 0.5451336735831500 0.3744289878330941 0.2785885400809316
 0.5449181460625047 0.3751816179400094 0.2792154515600092
 0.5447221132153114 0.3758646271447947 0.2797854759954449
 0.5445230545985553 0.3765566794899186 0.2803640760940663
 0.5442452621989837 0.3775199473133451 0.2811711380074750
 0.5440393443251654 0.3782321046588316 0.2817691223132214
 0.5438408914528391 0.3789169377135649 0.2823452460507618
 0.5436080905917610 0.3797184242170448 0.2830208517353802
 0.5433997749191944 0.3804339034108895 0.2836251412000486
 0.5432027014603854 0.3811092907018789 0.2841965428975042
 0.5429934225151899 0.3818249395754468 0.2848030086690311
 0.5427659577453304 0.3826009539340117 0.2854618055661602
 0.5425647357333991 0.3832858638469668 0.2860443147315183
 0.5423634689482071 0.3839694536842317 0.2866267221488770
 0.5421170719893950 0.3848043296538796 0.2873394106952928
 0.5419072046497440 0.3855137067449868 0.2879461290592862
 0.5417073467487690 0.3861877832917784 0.2885236008776413
 0.5414912976194286 0.3869148664788993 0.2891474932033720
 0.5412681280651443 0.3876641722900230 0.2897915692699240
 0.5410656971588643 0.3883423244158210 0.2903754989652409
 0.5408607666120865 0.3890273819901687 0.2909663829391862
 0.5405904892094410 0.3899286376862355 0.2917452781399664
 0.5403781716777766 0.3906348380043960 0.2923567640375686
 0.5401746182711189 0.3913104203326386 0.2929426435408027
 0.5399467431301822 0.3920650293039644 0.2935980767229959
 0.5397278087916270 0.3927883515156388 0.2942273609769725
 0.5395240931798020 0.3934599225766005 0.2948125539299503
 0.5393135946021917 0.3941523715483333 0.2954168991530946
 0.5390447782540682 0.3950344800753799 0.2961881592729256
 0.5388322748628520 0.3957300778888583 0.2967973846635885
 0.5386250785280834 0.3964068469595579 0.2973909496234406
 0.5383831255945949 0.3971953304279732 0.2980835097919083
 0.5381648533924901 0.3979049760096893 0.2987077849012565
 0.5379588659150989 0.3985732388709791 0.2992965288005025
 0.5377415927175242 0.3992766036304200 0.2999171368083898
 0.5374984837347840 0.4000617745808694 0.3006110482561933
 0.5372871168766286 0.4007428643924319 0.3012138918041382
 0.5370774054561700 0.4014171897057185 0.3018115487374201
 0.5368304405208547 0.4022094857350744 0.3025147725394547
 0.5366096322026106 0.4029162114863749 0.3031429989622303
 0.5364009651682097 0.4035826472824889 0.3037362758484293
 0.5361803553728325 0.4042857211710617 0.3043631026851688
 0.5359354093597425 0.4050645505910742 0.3050585698504867
 0.5357214488780024 0.4057433136418124 0.3056655764418351
 0.5355089181334042 0.4064161217527194 0.3062680367439824
 0.5352585420291609 0.4072069309842943 0.3069771335936502
 0.5350347673642455 0.4079120749798728 0.3076103279501466
 0.5348233902287203 0.4085767336291618 0.3082079890234779
 0.5346002453381439 0.4092769060871421 0.3088384628183667
 0.5343506213997764 0.4100583595826429 0.3095431653136611
 0.5341335841509596 0.4107362594320232 0.3101553198989720
 0.5339184211387721 0.4114068979890944 0.3107616353173440
 0.5336666472268959 0.4121898783351137 0.3114704034612534
 0.5334396063252953 0.4128943139033359 0.3121089145662714
 0.5332255193544188 0.4135571496407905 0.3127104889212431
 0.5330003375700282 0.4142528683467618 0.3133427356894009
 0.5327442686037973 0.4150421959806826 0.3140610656504027
 0.5325239465270379 0.4157197922884573 0.3146785322230776
 0.5323063128228361 0.4163877269593039 0.3152878968483968
 0.5320541806685479 0.4171598168052119 0.3159931429425789
 0.5318235692501082 0.4178643932920606 0.3166375571653430
 0.5316066816104972 0.4185256419410872 0.3172431124752266
 0.5313797390231633 0.4192161018848169 0.3178762396944088
 0.5311140257559813 0.4200226514482669 0.3186168619247212
 0.5308897887433629 0.4207017434505653 0.3192412676436346
 0.5306694199844980 0.4213677363311104 0.3198543121486112
 0.5304163862868330 0.4221307642719773 0.3205574854982132
 0.5301819914732823 0.4228359880457939 0.3212081755280525
 0.5299622153624928 0.4234958390615479 0.3218177189590201
 0.5297335124755160 0.4241810705528671 0.3224514611606862
 0.5294545868514400 0.4250148256576098 0.3232235772427862
 0.5292260543496002 0.4256963566823802 0.3238554915032947
 0.5290027706020045 0.4263608582083975 0.3244722328026853
 0.5287475848725917 0.4271186435216492 0.3251762762069720
 0.5285097129364102 0.4278234303390720 0.3258317958130598
 0.5282870318522426 0.4284818298564030 0.3264448353750712
 0.5280558575625467 0.4291639374898137 0.3270806558729358
 0.5277680849257406 0.4300110574679065 0.3278712835967598
 0.5275360489684395 0.4306925073372904 0.3285080450514002
 0.5273099707210344 0.4313550958646911 0.3291277906416349
 0.5270522416121177 0.4321088117931424 0.3298334926639151
 0.5268110129358051 0.4328127029098480 0.3304932712798604
 0.5265853773446151 0.4334697268810830 0.3311098011925134
 0.5263514886066104 0.4341493943495690 0.3317483040027010
 0.5260549422770960 0.4350091189478741 0.3325570071739327
 0.5258192372190168 0.4356908524363923 0.3331990678533599
 0.5255900359550815 0.4363524188528550 0.3338227546605193
 0.5253287491412211 0.4371049740450442 0.3345329434106144
 0.5250842761533954 0.4378075442130259 0.3351966774580571
 0.5248557016120722 0.4384630693305349 0.3358166267785109
 0.5246190772740585 0.4391403064268488 0.3364578006187608
 0.5243123868395545 0.4400160088220895 0.3372878885676086
 0.5240729259977556 0.4406981328042932 0.3379352179183112
 0.5238405762974065 0.4413586527881474 0.3385626093766137
 0.5235753546748613 0.4421110066812526 0.3392778841124041
 0.5233278215745756 0.4428116391282604 0.3399446380280250
 0.5230962912067637 0.4434656334612556 0.3405676166914214
 0.5228564666119072 0.4441416938105393 0.3412122604005361
 0.5225483290705133 0.4450083022392281 0.3420395470703159
 0.5223061086913822 0.4456879344461896 0.3426890411582904
 0.5220710614092237 0.4463461087381903 0.3433185728399544
 0.5218040956189757 0.4470920778481189 0.3440327112998223
 0.5215527633596554 0.4477928322470562 0.3447042037865375
 0.5213181256508479 0.4484457062136086 0.3453304139595140
 0.5210757931810432 0.4491186453717453 0.3459765017078684
 0.5207482650760349 0.4500260051570864 0.3468486539342314
 0.5205013704436058 0.4507083502233019 0.3475052192580638
 0.5202625890150602 0.4513669439049409 0.3481394462409323
 0.5199887380424447 0.4521206638520694 0.3488658785137584
 0.5197350567361148 0.4528173526459850 0.3495379327992398
 0.5194975111444045 0.4534684104227158 0.3501665166953757
 0.5192513214875066 0.4541418215126873 0.3508172623821090
 0.5189337000800124 0.4550086204286904 0.3516557386042393
 0.5186848090155404 0.4556862839563826 0.3523118768844489
 0.5184434786550387 0.4563420528434110 0.3529472889614454
 0.5181700484977276 0.4570834972481786 0.3536662653942314
 0.5179117380077691 0.4577824379386293 0.3543445916935969
 0.5176708709565884 0.4584328692398084 0.3549763814076669
 0.5174225892970148 0.4591020050475486 0.3556269222772896
 0.5170699354743298 0.4600501433620397 0.3565497267912502
 0.5168154238541423 0.4607327591974380 0.3572147955091585
 0.5165699769210030 0.4613897523699384 0.3578554073359514
 0.5162865327208993 0.4621468604093157 0.3585942442134988
 0.5160271066177442 0.4628383242408626 0.3592696173465435
 0.5157834161785766 0.4634865564697714 0.3599033209828079
 0.5155299320136559 0.4641595202919839 0.3605617932974585
 0.5152143545053045 0.4649954607092639 0.3613805469528273
 0.5149599083132836 0.4656679644241229 0.3620398191036172
 0.5147125064862413 0.4663205683533902 0.3626800352855071
 0.5144346172163660 0.4670520936758254 0.3633981755159654
 0.5141685007418441 0.4677511482780715 0.3640849488408311
 0.5139211976212582 0.4683994911780537 0.3647223823860313
 0.5136676399884389 0.4690629455879553 0.3653751800903278
 0.5133092692099488 0.4699984436393124 0.3662965148432449
 0.5130472848259512 0.4706807046092037 0.3669690353495159
 0.5127963152856074 0.4713329978500834 0.3676124398565402
 0.5125143435877088 0.4720643784447442 0.3683343384889832
 0.5122452369526432 0.4727609261574158 0.3690223667214481
 0.5119947285248687 0.4734080565199774 0.3696620785335744
 0.5117376179594729 0.4740709661265148 0.3703179216866904
 0.5113537744965446 0.4750582393026677 0.3712956686017074
 0.5116097773921352 0.4744000988778361 0.3706437489104967
 0.5113638775562768 0.4750322900867283 0.3712699552152773
 0.5111131265662554 0.4756757492509389 0.3719077817281466
 0.5108603557513299 0.4763231664945464 0.3725499597655176
 0.5105755453257890 0.4770511794356780 0.3732725728886501
 0.5103026714165266 0.4777472302509497 0.3739639647415843
 0.5100490124657852 0.4783930000164892 0.3746058859359351
 0.5097895989727679 0.4790521626972378 0.3752616124971457
 0.5094350340891898 0.4799510566589437 0.3761565997687614
 0.5091664239505950 0.4806304728759109 0.3768335985586493
 0.5089100212935814 0.4812777597332258 0.3774789568533718
 0.5086270758789749 0.4819906410726906 0.3781901123733746
 0.5083475035966639 0.4826935752346171 0.3788917732931569
 0.5080901969433581 0.4833392601688877 0.3795367059731023
 0.5078292443315191 0.4839928602560357 0.3801899873745759
 0.5075036732108504 0.4848065743738245 0.3810039362274614
 0.5072320820910324 0.4854839084063329 0.3816819669595943
 0.5069745383234082 0.4861249837410583 0.3823240822750859
 0.5067004840171522 0.4868058530866833 0.3830064417606453
 0.5064012619938618 0.4875477220947319 0.3837504056532469
 0.5061374872801773 0.4882003893032155 0.3844053653649500
 0.5058764312787835 0.4888451206550793 0.3850528107674890
 0.5055805116756826 0.4895745072347941 0.3857858135909088
 0.5052998934563595 0.4902647644290948 0.3864799897049747
 0.5050388646035361 0.4909056060692174 0.3871248485503932
 0.5047712071773339 0.4915614957379652 0.3877851845394261
 0.5043802196579449 0.4925173850681026 0.3887481431943133
 0.5046409802800642 0.4918801673421982 0.3881061336883330
 0.5043847908871320 0.4925062244515860 0.3887368958055939
 0.5041233293654939 0.4931440061520154 0.3893798089959440
 0.5038609009932355 0.4937829740795168 0.3900242889150207
 0.5035693744983371 0.4944914202577469 0.3907392899161968
 0.5032814128388400 0.4951897937452504 0.3914445535269526
 0.5030167696801461 0.4958303848957003 0.3920917953458592
 0.5027487335804516 0.4964779940746665 0.3927464173892939
 0.5024205476456808 0.4972693033433893 0.3935466910083145
 0.5021404514951598 0.4979432484822356 0.3942286564762034
 0.5018754225607019 0.4985797486150544 0.3948731057079073
 0.5015955459520881 0.4992506552139832 0.3955528143422515
 0.5012792086350070 0.5000074223850953 0.3963200205212629
 0.5010063391917070 0.5006588945983670 0.3969808693643937
 0.5007383887277909 0.5012974497088292 0.3976289219588660
 0.5004394704595180 0.5020084391200405 0.3983508198084857
 0.5001479321648455 0.5027004944842772 0.3990538442054984
 0.4998790663097391 0.5033375272236091 0.3997013111248485
 0.4996062240063395 0.5039828070696351 0.4003575117108658
 0.4992705262163613 0.5047751263183584 0.4011637118813217
 0.4989855769875232 0.5054462760779405 0.4018469768270326
 0.4987160011142478 0.5060800456746042 0.4024924356695970
 0.4984315176483551 0.5067476340317671 0.4031725679367663
 0.4981076426419291 0.5075061326642437 0.4039456172501491
 0.4978296898447354 0.5081557923377654 0.4046080364924822
 0.4975570986201711 0.5087917671677913 0.4052568112472683
 0.4972534513993919 0.5094988593552287 0.4059785166178888
 0.4969566467426539 0.5101886604556455 0.4066829446514232
 0.4966832157859823 0.5108229571587862 0.4073309783360869
 0.4964061203126465 0.5114646036956513 0.4079867705440545
 0.4960690514018332 0.5122435711075759 0.4087832432552154
 0.4957789899892577 0.5129125446097680 0.4094675724067186
 0.4955051137013429 0.5135430413079923 0.4101128502395523
 0.4952178727770878 0.5142031114967910 0.4107887321484958
 0.4948771533299258 0.5149844965391911 0.4115892518626308
 0.4945925168962395 0.5156359584963104 0.4122569532163601
 0.4943152700857311 0.5162693701456260 0.4129063494401773
 0.4940088434055029 0.5169681478795218 0.4136229535715297
 0.4937047419711210 0.5176602803582315 0.4143329526998222
 0.4934259990298115 0.5182935276672175 0.4149827645111599
 0.4931447696993354 0.5189312950843183 0.4156374563727622
 0.4928104553310771 0.5196879801121851 0.4164145439538213
 0.4925145191939907 0.5203564760109622 0.4171013259904020
 0.4922362850492887 0.5209838557877229 0.4177460512274661
 0.4919472905846947 0.5216343456308635 0.4184146888303626
 0.4915711870104469 0.5224791563197057 0.4192833295975401
 0.4912783279785858 0.5231356172845426 0.4199585569244074
 0.4909962389214965 0.5237668127267289 0.4206080413221485
 0.4906851502302888 0.5244616238966244 0.4213232734110521
 0.4903751312525754 0.5251527234256712 0.4220349530456259
 0.4900912407498715 0.5257844242815246 0.4226856470051289
 0.4898050496159251 0.5264201341107571 0.4233406002085948
 0.4894662924599997 0.5271711737482656 0.4241145186548546
 0.4891647613357699 0.5278383802530684 0.4248022005250559
 0.4888816320845812 0.5284637579005542 0.4254469326722894
 0.4885883438976418 0.5291104455612903 0.4261138240843426
 0.4881890130793188 0.5299891143670433 0.4270202427647158
 0.4878898363590451 0.5306460268272574 0.4276980822572539
 0.4876030184313826 0.5312746967686746 0.4283468862565198
 0.4872866172210296 0.5319669596342300 0.4290614295197263
 0.4869715336578435 0.5326550425206906 0.4297717998634362
 0.4866829183008065 0.5332841932621816 0.4304214969112488
 0.4863919747156998 0.5339173299748189 0.4310755058785469
 0.4860484759257983 0.5346634331165998 0.4318464611590465
 0.4857414266571997 0.5353290866531607 0.4325344804047047
 0.4854531773343394 0.5359528903235715 0.4331793551980368
 0.4851547420308813 0.5365976269648912 0.4338459402051845
 0.4847447219215652 0.5374815969838180 0.4347599598639111
 0.4844401074329877 0.5381369541518389 0.4354376903407364
 0.4841485474292799 0.5387631394952828 0.4360853561502060
 0.4838278343665987 0.5394507157457581 0.4367966403159988
 0.4835064592234483 0.5401384338976603 0.4375081693333955
 0.4832129386075442 0.5407654332969386 0.4381569193765105
 0.4829180445808950 0.5413943020827215 0.4388076107912831
 0.4825762751599439 0.5421218053033958 0.4395603633959205
 0.4822623105824412 0.5427888710819264 0.4402506202605079
 0.4819688102067623 0.5434113791984579 0.4408948518422255
 0.4816669543656520 0.5440505269180936 0.4415564200990460
 0.4812235403855268 0.5449874289001861 0.4425263990792639
 0.4815192506847288 0.5443628753632053 0.4418797706277973
 0.4812299952391790 0.5449738070969893 0.4425122949355613
 0.4809353466400802 0.5455951045489451 0.4431556181227222
 0.4806405575635552 0.5462156673494213 0.4437982063023732
 0.4803178909002274 0.5468937387800208 0.4445003440181027
 0.4799873641116031 0.5475870587649634 0.4452182743507516
 0.4796881871162386 0.5482135163947717 0.4458669967455938
 0.4793896831141986 0.5488375255271831 0.4465132320384811
 0.4790522050585382 0.5495417634546935 0.4472426112316137
 0.4787293811175047 0.5502141911488453 0.4479390665684651
 0.4784304344891277 0.5508358154453473 0.4485828769401888
 0.4781267520255951 0.5514662405564186 0.4492357441435373
 0.4777572620094469 0.5522318619304235 0.4500285408039894
 0.4774392121312174 0.5528896551923527 0.4507096530025597
 0.4771392997244356 0.5535088913542265 0.4513508656282411
 0.4768258890262890 0.5541549186013124 0.4520198788173872
 0.4764414265720556 0.5549459040901349 0.4528390880692332
 0.4761286658998699 0.5555881588971204 0.4535042851816528
 0.4758263704407112 0.5562078941098495 0.4541461370482184
 0.4754972024774322 0.5568815750916054 0.4548438093421113
 0.4751581870195488 0.5575741675216647 0.4555610165471236
 0.4748520551317859 0.5581985019593134 0.4562075219509520
 0.4745472193669860 0.5588191805723044 0.4568502464765474
 0.4742049859362887 0.5595148063279490 0.4575705843231324
 0.4738732009206181 0.5601879897011555 0.4582676502800183
 0.4735670754560570 0.5608080631899698 0.4589096465691270
 0.4732572947940015 0.5614345218167934 0.4595581450508242
 0.4728890230228400 0.5621779380237423 0.4603275688335891
 0.4725625263671115 0.5628358246783008 0.4610083748518106
 0.4722558187321423 0.5634528143342502 0.4616468259753501
 0.4719380497174994 0.5640910155319017 0.4623072292597496
 0.4715008153944257 0.5649674265161834 0.4632141403548128
 0.4711767341128384 0.5656157479412702 0.4638849931411589
 0.4708668561292741 0.5662346409688839 0.4645253281112375
 0.4705273522047251 0.5669115695564526 0.4652256104468897
 0.4701839266088081 0.5675951167973318 0.4659326418853824
 0.4698717333275636 0.5682154567955217 0.4665742347238512
 0.4695598144099717 0.5688342638509077 0.4672142056736579
 0.4692076864596915 0.5695316591759128 0.4679354055201354
 0.4688695183437923 0.5702002328107398 0.4686267150556384
 0.4685567781895925 0.5708175150956047 0.4692648673852022
 0.4682397759879174 0.5714422147715653 0.4699105341937687
 0.4678607894837934 0.5721877551168624 0.4706808904142478
 0.4675271957578458 0.5728428252790084 0.4713576167000800
 0.4672135968591176 0.5734576345431611 0.4719926739115922
 0.4668883250055508 0.5740943116004140 0.4726502772187060
 0.4664471454905130 0.5749562156606840 0.4735404503080747
 0.4661162825764698 0.5756013629846570 0.4742066756451285
 0.4657997480111414 0.5762175829191410 0.4748429228769530
 0.4654541957480109 0.5768891947347623 0.4755362215836582
 0.4651014054570285 0.5775736962831088 0.4762426831698777
 0.4647819343711322 0.5781925278939991 0.4768812708349611
 0.4644636971420862 0.5788080075715248 0.4775163313424884
 0.4641076859347925 0.5794954103167653 0.4782255248991858
 0.4637597991670975 0.5801659754229107 0.4789172368654764
 0.4634396919861537 0.5807819940656417 0.4795525443107115
 0.4631168621320885 0.5814022855763542 0.4801920947447030
 0.4627407205853439 0.5821237922241664 0.4809357953238263
 0.4623975533274904 0.5827809090337414 0.4816129706173193
 0.4620766595107694 0.5833943962391048 0.4822451028436954
 0.4617469311745210 0.5840237917484715 0.4828935850843808
 0.4612900886912774 0.5848941899663009 0.4837903239732813
 0.4609491424645937 0.5855425439905041 0.4844582229709909
 0.4606260874510943 0.5861559076427288 0.4850899751831342
 0.4602784037355176 0.5868149844835251 0.4857686746185561
 0.4599097381027334 0.5875126538179196 0.4864869653328174
 0.4595814559990393 0.5881328817392458 0.4871254226281136
 0.4592574247179356 0.5887441411937249 0.4877545791958243
 0.4589015940655491 0.5894143193013071 0.4884443104001552
 0.4585397641372826 0.5900946546835024 0.4891443999723980
 0.4582113542143590 0.5907111591643276 0.4897786874224402
 0.4578836184668664 0.5913254605002747 0.4904105711287077
 0.4575149088775100 0.5920154476201702 0.4911201450580472
 0.4571584762303322 0.5926813430298199 0.4918048210209148
 0.4568293392621656 0.5932952728838149 0.4924360130201392
 0.4564961113571978 0.5939158873244696 0.4930740696577226
 0.4560992765027642 0.5946537286553686 0.4938326568621873
 0.4557485934134393 0.5953046449336352 0.4945018587054311
 0.4554195707112939 0.5959144098903800 0.4951286983815568
 0.4550798765574556 0.5965429941817004 0.4957747948381008
 0.4545564753290806 0.5975096223639211 0.4967681613832207
 0.4549055161794973 0.5968652613421309 0.4961060006296510
 0.4545798493511587 0.5974665036112567 0.4967238541237800
 0.4542500962129152 0.5980743879349463 0.4973484684996215
 0.4539206114696114 0.5986808744165902 0.4979716093376898
 0.4535631252088929 0.5993378865967190 0.4986466376349789
 0.4531858728337631 0.6000300830743293 0.4993577746942882
 0.4528489815335670 0.6006472354136098 0.4999917511088134
 0.4525160095647932 0.6012562955462932 0.5006173341209004
 0.4521497071742209 0.6019252789361970 0.5013043743452098
 0.4517782603129706 0.6026025459607407 0.5019998606234601
 0.4514404539700037 0.6032175074292168 0.5026313624887732
 0.4511026037095312 0.6038316300888377 0.5032620409609331
 0.4507192049469962 0.6045274392385848 0.5039766692548628
 0.4503547637854047 0.6051877549159085 0.5046548779080159
 0.4500170765606751 0.6057986532206029 0.5052823141450099
 0.4496742886232971 0.6064178549292941 0.5059182231997069
 0.4492610794302275 0.6071630309777506 0.5066834118785140
 0.4489021260498802 0.6078092738618271 0.5073469487114063
 0.4485653176049294 0.6084147311698109 0.5079685937112614
 0.4482176827131803 0.6090387230332007 0.5086092855130377
 0.4476964058941323 0.6099726380177087 0.5095682450884852
 0.4480440232888633 0.6093500835668803 0.5089289898438016
 0.4477103465831949 0.6099476893638263 0.5095426268737971
 0.4473718487147211 0.6105530510455068 0.5101642354875560
 0.4470344915325555 0.6111554954507448 0.5107828397302636
 0.4466710892639497 0.6118034743901943 0.5114481894244153
 0.4462765964166395 0.6125057490703315 0.5121693107451540
 0.4459287185630617 0.6131240577193353 0.5128042778788948
 0.4455864498157390 0.6137315018866504 0.5134281861174933
 0.4452119553906990 0.6143951254731747 0.5141099229000292
 0.4448274086384487 0.6150754644974435 0.5148089446353180
 0.4444794259342455 0.6156901594355686 0.5154405741057420
 0.4441324624627159 0.6163021539350813 0.5160694416050206
 0.4437410802182886 0.6169914223665950 0.5167777132537186
 0.4433660361843639 0.6176508527312859 0.5174553493258548
 0.4430197580587463 0.6182587831590676 0.5180801320972866
 0.4426698234896652 0.6188722372446762 0.5187107030672394
 0.4422590791178193 0.6195911497517189 0.5194498499134511
 0.4418894115402039 0.6202371141002406 0.5201141533998560
 0.4415443515778323 0.6208391819602165 0.5207334285382383
 0.4411918847482395 0.6214532827694791 0.5213651779825492
 0.4407599926189689 0.6222045430971623 0.5221381676616208
 0.4403911357667186 0.6228450938686760 0.5227973980861176
 0.4400444508917870 0.6234462524712711 0.5234162494158130
 0.4396860248026968 0.6240668682829812 0.5240553139626585
 0.4391810044274173 0.6249397616631630 0.5249544521469207
 0.4388097033183493 0.6255803777072617 0.5256145024461568
 0.4384574301370227 0.6261872649454365 0.5262398983196849
 0.4380769514129373 0.6268417637846482 0.5269144553570059
 0.4376766148813553 0.6275293270290576 0.5276232329867544
 0.4373183539079120 0.6281436784917653 0.5282567208649516
 0.4369632564871240 0.6287517239610195 0.5288839284523460
 0.4365676458029126 0.6294281121176736 0.5295819292232891
 0.4361799696888120 0.6300898851573081 0.5302651493306454
 0.4358244905248480 0.6306957875758544 0.5308909224219081
 0.4354678192732458 0.6313028502019645 0.5315180886910825
 0.4350622721289583 0.6319920435421683 0.5322303252065650
 0.4346785772474118 0.6326430687437030 0.5329033449569816
 0.4343239359583860 0.6332439086465707 0.5335247085150402
 0.4339664299816471 0.6338487400755101 0.5341504425534120
 0.4335581134999004 0.6345384780226215 0.5348643234096505
 0.4331730710645775 0.6351878736399548 0.5355367304120530
 0.4328163473114028 0.6357886214234748 0.5361589827613268
 0.4324556469244509 0.6363952017319426 0.5367874744825237
 0.4320386275690570 0.6370954124504616 0.5375132423010990
 0.4316522825826372 0.6377430885543907 0.5381848586202540
 0.4312921768355232 0.6383458878274901 0.5388102535340619
 0.4309246757889003 0.6389601849716539 0.5394479284766074
 0.4304719343162407 0.6397157456543191 0.5402327400120956
 0.4300877611240642 0.6403558226691911 0.5408979933032625
 0.4297257722076728 0.6409580564380295 0.5415242025658494
 0.4293484829805120 0.6415848374671437 0.5421762003598750
 0.4288679726143937 0.6423817606564229 0.5430055727201875
 0.4284894163914738 0.6430085427898220 0.5436582193301714
 0.4281269060374503 0.6436078923829461 0.5442826296339002
 0.4277381483988950 0.6442496997606874 0.5449516639882354
 0.4273187416343401 0.6449410215477206 0.5456727773311094
 0.4269492664308851 0.6455491095733745 0.5463074552136824
 0.4265874651935685 0.6461437261236852 0.5469284050236214
 0.4261981455398271 0.6467826415747380 0.5475959785795633
 0.4257754771783093 0.6474752009017509 0.5483200508922101
 0.4254033330527945 0.6480840420639679 0.5489570185761358
 0.4250385835298808 0.6486799408638864 0.5495808590992186
 0.4246452156733928 0.6493216596846237 0.5502531343489100
 0.4242204812601693 0.6500134627905721 0.5509783952020932
 0.4238447253335603 0.6506245535541831 0.5516194447582250
 0.4234747052828336 0.6512254593785134 0.5522501482844310
 0.4230695608594509 0.6518824345205476 0.5529400803409423
 0.4226547481532021 0.6525540381311912 0.5536458222542132
 0.4222792766031190 0.6531610335839405 0.5542841215781444
 0.4219050688431384 0.6537651254966176 0.5549198481549520
 0.4214838449031256 0.6544440918587021 0.5556349827700516
 0.4210791539197609 0.6550953894985923 0.5563215847519990
 0.4207063638052401 0.6556944653497707 0.5569536354890300
 0.4203312349186033 0.6562964487137536 0.5575892083069421
 0.4199019649378344 0.6569842700821493 0.5583159491097240
 0.4195004036112780 0.6576266877788074 0.5589952504359947
 0.4191289007552489 0.6582201544971457 0.5596232772072899
 0.4187545915402177 0.6588172672798881 0.5602556616262556
 0.4183299753495772 0.6594936173590280 0.5609725835155318
 0.4179247990070592 0.6601380001524905 0.5616562229291461
 0.4175510175659964 0.6607315875090208 0.5622864729453865
 0.4171754539691411 0.6613271705212138 0.5629193132836915
 0.4167536224512425 0.6619951322842794 0.5636296346394043
 0.4163418365103691 0.6626461748280492 0.5643225911999417
 0.4159629715721156 0.6632442876467664 0.5649598046803024
 0.4155821768845683 0.6638445984584974 0.5655999656392633
 0.4151502289643912 0.6645245236536551 0.5663257638828393
 0.4147372642606210 0.6651735494707408 0.5670192739858009
 0.4143549995462862 0.6657734418597611 0.5676608380653204
 0.4139677795704729 0.6663802459419187 0.5683102971368620
 0.4135085068873780 0.6670988373057487 0.5690800435268839
 0.4131009872611679 0.6677354351546579 0.5697625739019679
 0.4127197369793212 0.6683301316996724 0.5704007527948060
 0.4123283689205444 0.6689397427814541 0.5710555590812978
 0.4118100601309228 0.6697457326080128 0.5719223111518829
 0.4114063532960019 0.6703724497073271 0.5725970615369886
 0.4110267025274336 0.6709609755630899 0.5732312957423334
 0.4106298662580303 0.6715752672065329 0.5738939002487337
 0.4101215257418396 0.6723608616942889 0.5747421806507725
 0.4097227320965634 0.6729761400651498 0.5754072878509107
 0.4093426277946569 0.6735617500416844 0.5760409503027775
 0.4089414579868322 0.6741789344318287 0.5767094539624490
 0.4084596476130459 0.6749189894933244 0.5775119493783719
 0.4080612842833123 0.6755298912820139 0.5781751107869121
 0.4076776362607995 0.6761173907565344 0.5788134597120542
 0.4072702822999944 0.6767402967657066 0.5794909171103763
 0.4067984746874875 0.6774606123656849 0.5802751793413050
 0.4063975078204771 0.6780718068000082 0.5809414227277551
 0.4060075463524003 0.6786653750337246 0.5815891965582082
 0.4055866997242976 0.6793050152659680 0.5822880941849803
 0.4051371573846901 0.6799871957275551 0.5830344186776291
 0.4047376007341102 0.6805925939100032 0.5836975109832170
 0.4043432141446695 0.6811893032606146 0.5843517479909159
 0.4039083306818366 0.6818463020320560 0.5850728183887570
 0.4034733180793990 0.6825024675302499 0.5857937519547628
 0.4030777852260761 0.6830981919898851 0.5864489931023446
 0.4026839961603612 0.6836904495546066 0.5871011417394294
 0.4022464057733560 0.6843476026854469 0.5878256281777404
 0.4018152247341778 0.6849941223293935 0.5885393036385386
 0.4014220578014868 0.6855827727618938 0.5891898691074915
 0.4010312681876406 0.6861670431521073 0.5898362974025293
 0.4006039972687311 0.6868049226359256 0.5905428236511596
 0.4001621413686770 0.6874635523833336 0.5912732005124557
 0.3997655242985505 0.6880538647002680 0.5919285881204908
 0.3993753867074573 0.6886337186693309 0.5925730927398151
 0.3989576546270931 0.6892536922919009 0.5932629939763308
 0.3984879857562370 0.6899496466156990 0.5940384144642131
 0.3980823364480630 0.6905498013315537 0.5947078867810406
 0.3976880310629207 0.6911323437473192 0.5953583899200312
 0.3972685613552646 0.6917511685701813 0.5960501404938711
 0.3967830662138190 0.6924662485600944 0.5968504732466522
 0.3963700759157530 0.6930735688462104 0.5975310876923124
 0.3959684552846730 0.6936633178946209 0.5981928391152077
 0.3955357834578846 0.6942977256358562 0.5989056329237156
 0.3950697996450319 0.6949798920698952 0.5996731378899373
 0.3946571360165453 0.6955830642024463 0.6003526207246407
 0.3942504036896307 0.6961767072263784 0.6010221004338605
 0.3938028718944677 0.6968289151207530 0.6017584317575441
 0.3933530966413157 0.6974833566805614 0.6024981433146731
 0.3929448212011095 0.6980765173945070 0.6031693749101131
 0.3925387562603644 0.6986656219437308 0.6038368045267606
 0.3920881863868476 0.6993183089670589 0.6045772285531604
 0.3916433881101879 0.6999616226600973 0.6053080147765795
 0.3912383290203882 0.7005465880323413 0.6059733583633070
 0.3908363077121533 0.7011263450480184 0.6066335398384501
 0.3903983742279027 0.7017569621295799 0.6073524760459214
 0.3899413708644017 0.7024140089736880 0.6081024720941529
 0.3895332683492089 0.7029998621570034 0.6087720186794611
 0.3891334524217585 0.7035730093189573 0.6094278065168737
 0.3887087113314572 0.7041810108908563 0.6101243067520804
 0.3882080939300515 0.7048964700126076 0.6109449877496845
 0.3877891549536151 0.7054942385656302 0.6116315376042341
 0.3873860855875206 0.7060685400658692 0.6122918573590840
 0.3869624272701799 0.7066713087989850 0.6129856666127315
 0.3864064531095309 0.7074609857812716 0.6138958294244887
 0.3859759081789031 0.7080714618358531 0.6146004467759973
 0.3855644225022490 0.7086540608666465 0.6152737344488390
 0.3851260585572164 0.7092738005432103 0.6159908555816176
 0.3846279972376375 0.7099767951843692 0.6168054078838680
 0.3841991554772255 0.7105811176319978 0.6175064950914416
 0.3837804199715046 0.7111703331716340 0.6181907729988795
 0.3833259153628099 0.7118089153287228 0.6189331552040006
 0.3828508141676943 0.7124753645116836 0.6197088132638336
 0.3824249295292281 0.7130718466108349 0.6204038538557750
 0.3820031248103160 0.7136617513510762 0.6210920430925208
 0.3815352303971489 0.7143151110829861 0.6218552439611039
 0.3810740521804962 0.7149580628245273 0.6226072967139867
 0.3806534326558972 0.7155435804411127 0.6232930064536503
 0.3802346418145796 0.7161257116056491 0.6239754965580505
 0.3797720593735919 0.7167677414189183 0.6247290335319031
 0.3793098140451073 0.7174082857184366 0.6254816711288194
 0.3788910604951427 0.7179876864020084 0.6261632042377934
 0.3784777754200050 0.7185587061023714 0.6268355882640219
 0.3780339994143228 0.7191709549336378 0.6275573207824925
 0.3775454095308807 0.7198439563822262 0.6283516263982897
 0.3771205833013643 0.7204282146653115 0.6290419877999300
 0.3767091536038230 0.7209932414600083 0.6297103066408024
 0.3762779640549217 0.7215845543041793 0.6304104221497852
 0.3756450203921318 0.7224509704450306 0.6314375757419063
 0.3760670817161501 0.7218734319122733 0.6307527166602339
 0.3756579838305075 0.7224332439436967 0.6314165446300025
 0.3752404596802078 0.7230037830583893 0.6320937877613059
 0.3748259974852746 0.7235693370822551 0.6327658198265199
 0.3743898477476148 0.7241636249839513 0.6334727506727366
 0.3738028449509497 0.7249620734896549 0.6344237087229261
 0.3733556553001836 0.7255692801522083 0.6351477361397826
 0.3729308115003503 0.7261452931703115 0.6358352018287997
 0.3724817395636822 0.7267532551678617 0.6365614613401622
 0.3719417721699863 0.7274830515417187 0.6374342039541242
 0.3714935452755356 0.7280878449376929 0.6381582995480508
 0.3710594396416459 0.7286727128462011 0.6388593099318293
 0.3705916471384992 0.7293020090049402 0.6396144305134625
 0.3700887960451625 0.7299773621794029 0.6404257687762706
 0.3696427915466680 0.7305754116289115 0.6411449918127271
 0.3692025432601816 0.7311648634077629 0.6418545023936428
 0.3687156007152542 0.7318158198597523 0.6426387234156737
 0.3682328271247553 0.7324601539455922 0.6434156708183083
 0.3677928376452222 0.7330464787098162 0.6441233195155438
 0.3673540345061955 0.7336303628384581 0.6448286883206150
 0.3668632418482114 0.7342824110483729 0.6456172325565626
 0.3663877302308438 0.7349131381040676 0.6463808313095281
 0.3659530561376737 0.7354888220441164 0.6470784836895792
 0.3655208760676651 0.7360603758862535 0.6477717427041345
 0.3650491737877958 0.7366832586216743 0.6485279103607662
 0.3645611405394597 0.7373266777629619 0.6493096928091483
 0.3641249888245972 0.7379008138339029 0.6500078788083318
 0.3636986707158856 0.7384612019915153 0.6506898891674737
 0.3632489852152629 0.7390514477369249 0.6514088250788908
 0.3626828201659797 0.7397933316002258 0.6523133073148926
 0.3622330282044134 0.7403817336429340 0.6530313148725714
 0.3618062386579191 0.7409392361510935 0.6537121192350203
 0.3613638435636215 0.7415162947688345 0.6544173057859739
 0.3607953693372036 0.7422565751840891 0.6553227057412907
 0.3603341505932667 0.7428561669326075 0.6560566763690091
 0.3599023331025971 0.7434167122055714 0.6567433853931709
 0.3594606120225358 0.7439892906013067 0.6574453723863274
 0.3589462118596695 0.7446550328335971 0.6582622357144409
 0.3584708772794220 0.7452692181715577 0.6590164207125403
 0.3580291590667591 0.7458391106782269 0.6597166796211514
 0.3575837864290095 0.7464128846806427 0.6604221452381771
 0.3570867647801173 0.7470522128948908 0.6612087499719426
 0.3565897083209733 0.7476905494138728 0.6619947607122296
 0.3561345814059805 0.7482741320379841 0.6627139588797237
 0.3556790975452184 0.7488573069064702 0.6634332721247672
 0.3551713594531617 0.7495063671680096 0.6642345750425133
 0.3546661141949269 0.7501511784030424 0.6650313335538094
 0.3542023487049923 0.7507421215270866 0.6657620724923204
 0.3537352085698054 0.7513364670853250 0.6664974833620515
 0.3531909858723503 0.7520277524841932 0.6673533996881755
 0.3526956501875102 0.7526558837039532 0.6681316680288711
 0.3522331198455411 0.7532415082217694 0.6688577910843508
 0.3517586653926024 0.7538413230738688 0.6696020791175538
 0.3511019845817093 0.7546700008334657 0.6706313309103966
 0.3506150855132389 0.7552832983243305 0.6713937576944758
 0.3501573106660365 0.7558590363856925 0.6721099556770674
 0.3496737265687671 0.7564663163468712 0.6728658115262384
 0.3491234317123911 0.7571562270013739 0.6737249872626440
 0.3486560873454282 0.7577411883318206 0.6744538565663583
 0.3482068196247646 0.7583027005480638 0.6751538709053451
 0.3477369603718887 0.7588890880235155 0.6758853085478501
 0.3471340141815985 0.7596402833093376 0.6768229701371563
 0.3466616418862484 0.7602277933743546 0.6775568202222506
 0.3462162896040545 0.7607808899610897 0.6782480670825620
 0.3457566711715517 0.7613508845343536 0.6789607936267766
 0.3451815453477891 0.7620629561043821 0.6798516604627073
 0.3447031825945744 0.7626542368050638 0.6805918104922190
 0.3442577472743656 0.7632040139002003 0.6812803417917003
 0.3438071194376480 0.7637594133931792 0.6819762474673013
 0.3433048531412568 0.7643775277602513 0.6827511242381630
 0.3428037836662468 0.7649931955698378 0.6835233255128254
 0.3423491616915890 0.7655509539406872 0.6842232100280046
 0.3419020484602007 0.7660987237015738 0.6849108386732642
 0.3414304543356139 0.7666756535769832 0.6856353687618105
 0.3407785704065682 0.7674717408772141 0.6866356502428187
 0.3402963571348983 0.7680595809806710 0.6873746899787612
 0.3398415477927196 0.7686132036514861 0.6880710494812030
 0.3393683561320885 0.7691883692927350 0.6887948417990433
 0.3387823225843288 0.7698995202880236 0.6896901788055370
 0.3382902985407407 0.7704955905768263 0.6904409276648834
 0.3378262762275134 0.7710569037659770 0.6911481105286971
 0.3373496678147603 0.7716326016798928 0.6918736209769284
 0.3367890697650621 0.7723086646444649 0.6927259122301490
 0.3362790711066636 0.7729226893103219 0.6935003297567200
 0.3358011104133943 0.7734972641752985 0.6942253256014042
 0.3353135223330200 0.7740825406498851 0.6949641655695203
 0.3347428445236515 0.7747664388228696 0.6958278954678510
 0.3342180823105763 0.7753942538568694 0.6966210825283853
 0.3337259739740910 0.7759820843756257 0.6973639235260772
 0.3332196904659701 0.7765859229488428 0.6981271192860291
 0.3325807953051823 0.7773465925198653 0.6990887227737682
 0.3320552584812075 0.7779711860817407 0.6998785245199423
 0.3315532830628528 0.7785668436302020 0.7006319858198687
 0.3310118630215058 0.7792082878670076 0.7014436711917984
 0.3304464667459760 0.7798770121553408 0.7022901911280357
 0.3299395296682062 0.7804756189602186 0.7030481508085098
 0.3294355531910287 0.7810698192754227 0.7038006332188647
 0.3288619989062928 0.7817449526884109 0.7046556536055060
 0.3283270529909831 0.7823735874650831 0.7054518094658018
 0.3278331394222612 0.7829531047120587 0.7061858095387773
 0.3273351631171086 0.7835365179052167 0.7069248461424857
 0.3267574683693714 0.7842122345029966 0.7077809952985175
 0.3262329953853245 0.7848246860685059 0.7085571784120394
 0.3257480742567549 0.7853900962780591 0.7092738834097839
 0.3252608640584272 0.7859573508850686 0.7099930161813740
 0.3247157724597874 0.7865910196974464 0.7107963973823277
 0.3241856911006256 0.7872062532092059 0.7115764277854194
 0.3237031161189811 0.7877655063517066 0.7122855070432632
 0.3232269808424797 0.7883165119588098 0.7129841800620388
 0.3227195006416684 0.7889029359520995 0.7137278583549296
 0.3221378448026151 0.7895739921787166 0.7145790241729620
 0.3216456410411572 0.7901409474785593 0.7152982919685561
 0.3211747450545242 0.7906825890350404 0.7159855558259978
 0.3206887583381729 0.7912408013022838 0.7166939358828970
 0.3200953638123785 0.7919213031054072 0.7175575973783991
 0.3195869371179531 0.7925034219632787 0.7182964654872966
 0.3191149892841276 0.7930429988831809 0.7189813968331530
 0.3186409589330494 0.7935842070847012 0.7196684665595894
 0.3181239737944378 0.7941736034660978 0.7204167963892435
 0.3175770529045820 0.7947961616042472 0.7212073228804270
 0.3170926744345048 0.7953467003809249 0.7219064634036984
 0.3166229961837576 0.7958797909766141 0.7225834843683966
 0.3161361171995131 0.7964316376610659 0.7232843456368906
 0.3155398671331194 0.7971063894291930 0.7241413060620375
 0.3150285442743934 0.7976841059236150 0.7248750204463682
 0.3145533330430161 0.7982202572264282 0.7255559298575889
 0.3140758986860868 0.7987581772052740 0.7262390558659609
 0.3135568509724441 0.7993421440630040 0.7269806000544007
 0.3129967377715042 0.7999713359800051 0.7277794657571611
 0.3125040397985567 0.8005239630357374 0.7284809962534414
 0.3120270520365078 0.8010582265786008 0.7291590893683281
 0.3115328681274313 0.8016109832220050 0.7298605240000542
 0.3109354021248593 0.8022782232691711 0.7307070808940791
 0.3104131746644310 0.8028605088450627 0.7314457421938516
 0.3099271714799686 0.8034016280477750 0.7321321050056586
 0.3094385258546258 0.8039449372980882 0.7328211680744205
 0.3089060655155434 0.8045361068336458 0.7335708179251240
 0.3083340310889879 0.8051702226493807 0.7343747520139319
 0.3078283617042250 0.8057299189244019 0.7350841539262546
 0.3073366986342898 0.8062733482989731 0.7357727660640618
 0.3068237094557827 0.8068395486349559 0.7364900715534544
 0.3061959938695074 0.8075312672514506 0.7373662289111724
 0.3056617715681255 0.8081190022316193 0.7381105897010278
 0.3051592341246199 0.8086710774238912 0.7388097398694011
 0.3046468757032070 0.8092331446569977 0.7395214867555446
 0.3040640888808012 0.8098714980827507 0.7403297155445998
 0.3035014814273132 0.8104867668882069 0.7411085287547484
 0.3029831826106156 0.8110527295867084 0.7418247220221178
 0.3024658427915257 0.8116168348693458 0.7425383577262125
 0.3019045960200151 0.8122279037439698 0.7433112022352720
 0.3012919755122818 0.8128938267302223 0.7441532466686760
 0.3007512821230055 0.8134806310522377 0.7448951412284368
 0.3002217806711027 0.8140544436452785 0.7456205176451361
 0.2996578642372727 0.8146646344201689 0.7463917327653350
 0.2989850055557628 0.8153914742538330 0.7473100587603692
 0.2984210744667784 0.8159996182542314 0.7480780469232894
 0.2978738360108854 0.8165888669441972 0.7488218009585551
 0.2972877894708162 0.8172189301346453 0.7496166756423882
 0.2966221701072921 0.8179333271089644 0.7505175224247399
 0.2960440032603138 0.8185528177089888 0.7512983997403330
 0.2954743900258824 0.8191621966209006 0.7520662865169406
 0.2948482287033615 0.8198309910744802 0.7529087170053776
 0.2942031524373661 0.8205188097702446 0.7537746414013972
 0.2936115097609142 0.8211486070603182 0.7545669982384503
 0.2930095340764448 0.8217883794322531 0.7553713420839736
 0.2923141470271314 0.8225261475711760 0.7562982119729547
 0.2916820544438621 0.8231955775666377 0.7571386819581651
 0.2910695608095010 0.8238431777724772 0.7579513159318551
 0.2903895560549151 0.8245609263640006 0.7588514764492780
 0.2897206214502416 0.8252657304455979 0.7597347864232658
 0.2890947375980426 0.8259240486856461 0.7605591434316351
 0.2884297086984704 0.8266223523613507 0.7614327204103956
 0.2877309554987222 0.8273547548861588 0.7623479855779693
 0.2871009481161843 0.8280139530203003 0.7631709848532624
 0.2864556975333932 0.8286879771268414 0.7640118199292634
 0.2856939828937617 0.8294822019470479 0.7650017924764166
 0.2850602546281483 0.8301417811058943 0.7658232246199944
 0.2844367474761806 0.8307896660578417 0.7666293668475701
 0.2836745597653715 0.8315802372063449 0.7676119475347836
 0.2830340031077024 0.8322434483620891 0.7684352733051182
 0.2824286494586592 0.8328692092864901 0.7692113581439325
 0.2817834628254522 0.8335350783994228 0.7700364855889054
 0.2810995164042298 0.8342397519322893 0.7709089965573083
 0.2804930576768115 0.8348635625142019 0.7716807845296955
 0.2798931799689663 0.8354796579669469 0.7724424082122523
 0.2792159416024278 0.8361740797664234 0.7733000075131389
 0.2785751062699519 0.8368300802224158 0.7741092408961552
 0.2779831314930897 0.8374351221891800 0.7748548085252993
 0.2773835942626863 0.8380469756169067 0.7756080254293501
 0.2766610042589780 0.8387831872749628 0.7765134214942740
 0.2760360326947242 0.8394188672407579 0.7772944161250581
 0.2754503024931504 0.8400137337432153 0.7780245873502878
 0.2748458467656711 0.8406267087625910 0.7787762084191804
 0.2739311302443672 0.8415525699160137 0.7799097607932178
 0.2745410578985238 0.8409354443684849 0.7791544425262469
 0.2739634719435647 0.8415198699375763 0.7798697633587964
 0.2733783431008065 0.8421110768760564 0.7805924677687178
 0.2727950651127057 0.8426995649719945 0.7813109406961448
 0.2721656734636752 0.8433336320879035 0.7820841013808613
 0.2714922651975190 0.8440109594937523 0.7829089861707834
 0.2708962787658301 0.8446094843107684 0.7836370412349817
 0.2703107983876437 0.8451966114106426 0.7843504127603258
 0.2696751308626957 0.8458331203849742 0.7851227829465492
 0.2690096875725417 0.8464983935961471 0.7859288416398463
 0.2684142616346443 0.8470927602234567 0.7866478889890319
 0.2678264358282507 0.8476787035668425 0.7873557405660884
 0.2671842531132541 0.8483178837107856 0.7881268231161556
 0.2665216621658338 0.8489763457998785 0.7889200523902339
 0.2659245125150754 0.8495688813083638 0.7896329113249962
 0.2653324944149891 0.8501554926777664 0.7903377136491183
 0.2646809485573588 0.8508001344730562 0.7911110733168090
 0.2640197904569368 0.8514532697972617 0.7918932634729060
 0.2634193594934434 0.8520455315647958 0.7926013095864589
 0.2628208439502586 0.8526350710687337 0.7933049316194600
 0.2621537482870445 0.8532911867153756 0.7940867007251915
 0.2614946668561109 0.8539384148377693 0.7948565988975861
 0.2608896498269586 0.8545316753442515 0.7955612088628632
 0.2602811728684951 0.8551274869846177 0.7962677631914865
 0.2595847635574131 0.8558083697143714 0.7970737670683131
 0.2589284622439146 0.8564490363289887 0.7978306586189200
 0.2583171765675389 0.8570448891798044 0.7985332403480579
 0.2576925672721858 0.8576528661834431 0.7992487673178915
 0.2569350827502293 0.8583890154827788 0.8001133866311456
 0.2562810307715856 0.8590236235555857 0.8008572656718174
 0.2556588664049135 0.8596264173787442 0.8015625875764034
 0.2550004587988189 0.8602634017093574 0.8023065082811548
 0.2542452270894950 0.8609928952025406 0.8031565455274918
 0.2535949851386364 0.8616199854686898 0.8038855043400286
 0.2529511913996151 0.8622399581234416 0.8046045555581853
 0.2522056111105724 0.8629568392521052 0.8054340177787100
 0.2515162550404693 0.8636186043150951 0.8061978961364271
 0.2508629072341885 0.8642448707078916 0.8069192349509401
 0.2501655366370980 0.8649123399553934 0.8076863220931927
 0.2494161951944632 0.8656284124956086 0.8085071822532456
 0.2487424376635618 0.8662712549220936 0.8092421371599819
 0.2480503642652215 0.8669305906504937 0.8099939606108798
 0.2472371834666393 0.8677040405862692 0.8108733729264769
 0.2465501944255754 0.8683564059559653 0.8116130716353159
 0.2458565662981686 0.8690140979828137 0.8123569753307469
 0.2450814726691169 0.8697478789469446 0.8131847285079395
 0.2444043268487664 0.8703879398496330 0.8139047338709017
 0.2437304415504873 0.8710240048421762 0.8146182405626587
 0.2429477230122344 0.8717616573394898 0.8154430925911492
 0.2422764194021375 0.8723933415586534 0.8161472158233267
 0.2416304082915926 0.8730003868177761 0.8168219849830670
 0.2409118255893148 0.8736746647510594 0.8175693777147808
 0.2402333416960003 0.8743103918255242 0.8182720115116162
 0.2396060421472916 0.8748973657087703 0.8189189590919455
 0.2389678132258535 0.8754937872919103 0.8195744622492442
 0.2381957855390355 0.8762141990191652 0.8203636367132152
 0.2375533494789348 0.8768128170385542 0.8210171940552399
 0.2369452892008407 0.8773786832647534 0.8216331810211587
 0.2363056159163744 0.8779732164643286 0.8222785190178291
 0.2356125608434026 0.8786164985111679 0.8229746576750642
 0.2349995939382482 0.8791846976579578 0.8235876909077468
 0.2344060368191921 0.8797342405048044 0.8241788750638125
 0.2337761954508733 0.8803166662818308 0.8248034937352271
 0.2330948050870983 0.8809459409689322 0.8254760127463051
 0.2324931012432066 0.8815009200066125 0.8260670645499714
 0.2319108305075679 0.8820373500539458 0.8266365193909075
 0.2312972502136507 0.8826019632397555 0.8272339586314270
 0.2306029008648266 0.8832400856200187 0.8279068200964096
 0.2300048141341601 0.8837890516371925 0.8284836637815632
 0.2294314795216052 0.8843147032623758 0.8290342378328113
 0.2288340619133456 0.8848618185186866 0.8296054052383710
 0.2280861493641703 0.8855458756087163 0.8303167586566513
 0.2274848120765458 0.8860951653403739 0.8308857088689966
 0.2269173631903763 0.8866129258466796 0.8314201698153437
 0.2263309661431678 0.8871473929976835 0.8319700408872042
 0.2255457882770462 0.8878621161194343 0.8327025015273977
 0.2249424500850660 0.8884106038729959 0.8332623993872583
 0.2243794208869833 0.8889218921340181 0.8337825915050845
 0.2238005026316112 0.8894470535294416 0.8343151315934145
 0.2230803187081228 0.8900995810715526 0.8349742876412579
 0.2224788513242901 0.8906438842680984 0.8355219386531805
 0.2219186718056541 0.8911502862489469 0.8360296644209608
 0.2213505473399092 0.8916633439818599 0.8365423029994992
 0.2207047615457964 0.8922458953136322 0.8371222293900100
 0.2200907337509958 0.8927991702423289 0.8376708824310503
 0.2195275350624628 0.8933061099650056 0.8381717416433785
 0.2189686327236730 0.8938086790857914 0.8386665084096162
 0.2183685066631513 0.8943477616787573 0.8391952204904096
 0.2176995994101534 0.8949479557178797 0.8397813906237078
 0.2171221651449085 0.8954655058238261 0.8402847281722047
 0.2165654280836465 0.8959640103006083 0.8407676758221977
 0.2159862689884164 0.8964820789346354 0.8412676283863435
 0.2152038976244196 0.8971811000771286 0.8419390438777690
 0.2146046744006050 0.8977158481671677 0.8424502081049996
 0.2140446730857078 0.8982150986093083 0.8429255014755148
 0.2134689018178568 0.8987279115999032 0.8434117541128108
 0.2127727618233663 0.8993472632611392 0.8439963947880700
 0.2121670858475373 0.8998855383683246 0.8445021736971280
 0.2116025531277276 0.9003867564933974 0.8449711918830775
 0.2110316623131080 0.9008931395042128 0.8454431400962240
 0.2103927072797808 0.9014593266914269 0.8459685452316679
 0.2097613787813267 0.9020181692016005 0.8464847480303676
 0.2091853566868214 0.9025275497832047 0.8469531760371679
 0.2086146903939979 0.9030317214680152 0.8474148442998123
 0.2080017863291258 0.9035726885131412 0.8479080298841634
 0.2073131872881767 0.9041798268960825 0.8484588759254479
 0.2067178154098114 0.9047042251253011 0.8489323954694807
 0.2061401404742762 0.9052125589679856 0.8493894072806059
 0.2055308486668293 0.9057482085623706 0.8498688182704234
 0.2047521979355277 0.9064319965916133 0.8504775235546010
 0.2041357067482146 0.9069727876306520 0.8509562579886030
 0.2035452346236445 0.9074902665120438 0.8514121077820851
 0.2029186659645443 0.9080388610771569 0.8518929582311648
 0.2021803064464564 0.9086846540379110 0.8524558418899848
 0.2015574460059371 0.9092288594749472 0.8529275401041796
 0.2009513748892800 0.9097579001037641 0.8533837735716850
 0.2002967860103770 0.9103287466696268 0.8538734561236351
 0.1995887941145610 0.9109455315907699 0.8543994342203468
 0.1989581499221878 0.9114943836417694 0.8548646987951920
 0.1983300227600794 0.9120405344365572 0.8553250391357861
 0.1976183265108238 0.9126587366814288 0.8558429475854141
 0.1969381468220857 0.9132489606919459 0.8563343293021972
 0.1962994855181974 0.9138026259128139 0.8567925802475823
 0.1956318961415262 0.9143808234232444 0.8572683739072420
 0.1948500675597597 0.9150572595395819 0.8578213989394408
 0.1941877022269510 0.9156297472243490 0.8582863432401963
 0.1935296847014303 0.9161979464332699 0.8587449472984897
 0.1926696975923726 0.9169397563810086 0.8593393712643959
 0.1919946538867499 0.9175214155549166 0.8598020932469093
 0.1913485298765785 0.9180776479297508 0.8602418729071463
 0.1906151148612322 0.9187084299631909 0.8607374327372049
 0.1899383749745315 0.9192899092917471 0.8611912903069896
 0.1893089143455677 0.9198302871495608 0.8616104880118222
 0.1886613086307650 0.9203857656553179 0.8620387718214690
 0.1879128102406732 0.9210271868686223 0.8625299708484515
 0.1872706729627447 0.9215769564854033 0.8629481303559897
 0.1866559291142748 0.9221028387207643 0.8633456843417344
 0.1860046024096757 0.9226595557427026 0.8637639894320932
 0.1853059832918336 0.9232561736678422 0.8642093825268928
 0.1846848262620273 0.9237861891244493 0.8646025455416679
 0.1840803628544928 0.9243015567224599 0.8649825592256821
 0.1834354074489046 0.9248510121934509 0.8653851975133715
 0.1827389188349884 0.9254438690548393 0.8658167023147605
 0.1821237877547689 0.9259670444231807 0.8661949424541426
 0.1815256412378937 0.9264753911841076 0.8665601708103040
 0.1808907262169750 0.9270145763538882 0.8669450865736447
 0.1801734085134506 0.9276232360126261 0.8673765351333038
 0.1795570304002889 0.9281458227785946 0.8677443581251837
 0.1789614444399023 0.9286504124867792 0.8680971990490929
 0.1783326267739222 0.9291827664388135 0.8684669648547774
 0.1775796393776893 0.9298197191694260 0.8689059990389612
 0.1769575416407420 0.9303455262865827 0.8692656330638449
 0.1763600048985185 0.9308502143811883 0.8696084414496988
 0.1757296118364708 0.9313822745423193 0.8699673067875628
 0.1749664668281057 0.9320258633279063 0.8703978951376239
 0.1743394838313130 0.9325542027737991 0.8707484898446787
 0.1737365512127327 0.9330619226564812 0.8710829361992902
 0.1730973649546758 0.9335997964573919 0.8714346078040841
 0.1723479126899486 0.9342299722801397 0.8718431883525620
 0.1717160733387910 0.9347608492739966 0.8721845211841041
 0.1711033284335106 0.9352753330733687 0.8725128168995090
 0.1704478425953208 0.9358253258089302 0.8728610419425337
 0.1697167094920423 0.9364383346840548 0.8732458121671940
 0.1690782849910062 0.9369732233636824 0.8735786345363689
 0.1684503452907435 0.9374989764710114 0.8739031171930045
 0.1677665453600500 0.9380711072241759 0.8742532462616343
 0.1670585971747240 0.9386630160272028 0.8746122502405579
 0.1664122339791453 0.9392030589322814 0.8749369655300268
 0.1657591322304414 0.9397483716987700 0.8752621231646069
 0.1650060330554794 0.9403767331202341 0.8756333886708136
 0.1643153754899447 0.9409525806231578 0.8759703812728873
 0.1636554460108953 0.9415024413399140 0.8762892377189624
 0.1629461410677319 0.9420930468587687 0.8766285258277001
 0.1622002316956231 0.9427136940871208 0.8769815318312867
 0.1615251365281369 0.9432750369900105 0.8772977248122503
 0.1608337126600044 0.9438495849499181 0.8776183586167493
 0.1600094063622601 0.9445340665448314 0.8779963926601648
 0.1593222428125170 0.9451042684332478 0.8783080052574234
 0.1586451568627518 0.9456657562752562 0.8786118844530501
 0.1577897157678972 0.9463746555667063 0.8789913031790267
 0.1570971901925933 0.9469481490936890 0.8792947968962990
 0.1564388739227374 0.9474929865348027 0.8795802942236000
 0.1557189767275644 0.9480884292829795 0.8798891854431660
 0.1550142291982392 0.9486709807306962 0.8801882461779938
 0.1543653671886251 0.9492070246617783 0.8804606771531049
 0.1537113737495060 0.9497470084906123 0.8807324220858121
 0.1529215641150303 0.9503987359632882 0.8810567849389199
 0.1522429342339306 0.9509583793274807 0.8813321569418396
 0.1516058724973898 0.9514834587118214 0.8815878775195847
 0.1509441168842175 0.9520286032215981 0.8818506786585391
 0.1501390984715464 0.9526913744957012 0.8821665100616268
 0.1494784618581424 0.9532349595699922 0.8824225381897095
 0.1488439683320397 0.9537567680460913 0.8826657538588496
 0.1481636994542488 0.9543159365709627 0.8829235965864406
 0.1474310909315143 0.9549178007137261 0.8831979034104821
 0.1467840068873399 0.9554491251874671 0.8834372910288212
 0.1461472612281692 0.9559717090537706 0.8836702226135079
 0.1454501394145482 0.9565435613624044 0.8839222817297073
 0.1447369451550991 0.9571282957072291 0.8841770060342075
 0.1440907827054067 0.9576578112085015 0.8844051101490973
 0.1434459511190149 0.9581859918626204 0.8846302900069870
 0.1427220571027618 0.9587786450756322 0.8848802779739091
 0.1420189037146566 0.9593540301861424 0.8851203904090600
 0.1413673272660265 0.9598869599826273 0.8853405867862079
 0.1407041718720365 0.9604291156965843 0.8855624545781771
 0.1399216149381885 0.9610685730121649 0.8858213333810462
 0.1392235046802405 0.9616387422871634 0.8860495138495489
 0.1385578943291974 0.9621821219922206 0.8862645554717917
 0.1378498214108067 0.9627599063811159 0.8864905350463583
 0.1370616911137710 0.9634027060154957 0.8867386225001597
 0.1363666416348285 0.9639693205727318 0.8869543707931736
 0.1356651862835658 0.9645409059464788 0.8871692122037378
 0.1347614928015121 0.9652769197728799 0.8874417119305976
 0.1340323349519398 0.9658704866955918 0.8876580803723515
 0.1333151659792568 0.9664540401188022 0.8878678694328394
 0.1323506129142849 0.9672384967314247 0.8881453864696548
 0.1316140486632820 0.9678372363939866 0.8883538147350409
 0.1308873827315906 0.9684276818449689 0.8885565514212596
 0.1300580898480634 0.9691012193389804 0.8887844678724789
 0.1293407247111341 0.9696835998834424 0.8889786732454291
 0.1286332124001341 0.9702577567984364 0.8891675345140098
 0.1277477886027261 0.9709759819653504 0.8894001535163318
 0.1270232245574642 0.9715634712178112 0.8895874525668086
 0.1263326653744336 0.9721231808902632 0.8897634374860842
 0.1255706644923253 0.9727405633152293 0.8899548143813699
 0.1248355093496028 0.9733359677918215 0.8901366850906282
 0.1241532185460770 0.9738883606016930 0.8903030689259149
 0.1234558460746408 0.9744527709372532 0.8904707478959767
 0.1224944137291438 0.9752305806405086 0.8906979987646592
 0.1217805316194417 0.9758078874873012 0.8908638295452495
 0.1210955870492084 0.9763616102235740 0.8910206395129363
 0.1203210885692697 0.9769875178440812 0.8911952714129548
 0.1195894046380513 0.9775786213087231 0.8913576630352998
 0.1189070794086855 0.9781296738713098 0.8915068575360660
 0.1182029309239611 0.9786981760738647 0.8916585799608484
 0.1172229065257178 0.9794891188632643 0.8918660105278494
 0.1164999835379434 0.9800723509746543 0.8920162855154675
 0.1157974247464712 0.9806389833440706 0.8921601330062184
 0.1149934809799800 0.9812871824510053 0.8923221088068408
 0.1142535409310724 0.9818835886925477 0.8924687231392607
 0.1135474571859891 0.9824525405331291 0.8926064395108653
 0.1127955065244492 0.9830582763517242 0.8927507760554122
 0.1119872254580249 0.9837091914426458 0.8929032920395069
 0.1112563609213356 0.9842975888997624 0.8930388913465045
 0.1105052623101786 0.9849021074324223 0.8931759903976630
 0.1095806365372064 0.9856460578108112 0.8933416487779388
 0.1088177263097850 0.9862597042412004 0.8934757570417814
 0.1080435237710540 0.9868822628901193 0.8936094874278426
 0.1071570812261230 0.9875948696682388 0.8937597284299931
 0.1063900568111685 0.9882113015061202 0.8938873037065207
 0.1055975401727120 0.9888480529332131 0.8940168032295039
 0.1047515073237883 0.9895276176206889 0.8941524838689437
 0.1039923807464541 0.9901372167157376 0.8942719869563961
 0.1032034623316264 0.9907705827914831 0.8943939437547995
 0.1023805734896524 0.9914310543227182 0.8945187439334779
 0.1016317223767124 0.9920319558945468 0.8946302106120857
 0.1008672916616273 0.9926452187788198 0.8947419667884497
 0.1000084587765342 0.9933340497583599 0.8948651243477288
 0.9925815569190076E-01 0.9939356929808033 0.8949706732884978
 0.9851430265029322E-01 0.9945320368367268 0.8950734579231824
 0.9757351939911194E-01 0.9952860808354609 0.8952008473880333
 0.9680863057930288E-01 0.9958990006515092 0.8953023140823290
 0.9607268251303648E-01 0.9964886104744846 0.8953981960287312
 0.9523506483613407E-01 0.9971595339962113 0.8955052787642074
 0.9445653857566773E-01 0.9977829951217625 0.8956028838649007
 0.9372257927097088E-01 0.9983706528639544 0.8956932254538050
 0.9294559159029497E-01 0.9989926445874635 0.8957871116302428
 0.9210744438008482E-01 0.9996634626959168 0.8958863949148963
 0.9135688121498807E-01  1.000264067436746 0.8959735715983275
 0.9059633702634376E-01  1.000872550601314 0.8960602573822637
 0.8958827378595272E-01  1.001678899868693 0.8961726179837568
 0.8880270348351013E-01  1.002307149791988 0.8962581921179317
 0.8802391544608357E-01  1.002929867982794 0.8963413333678079
 0.8703730126995980E-01  1.003718613145556 0.8964442912494776
 0.8623565682944415E-01  1.004359363673407 0.8965260451659766
 0.8542816251241861E-01  1.005004682514679 0.8966067122212733
 0.8447080789058689E-01  1.005769627351778 0.8967001972032923
 0.8365563956441706E-01  1.006420848300213 0.8967779804600055
 0.8280486371247900E-01  1.007100405795768 0.8968574061706648
 0.8191950762566812E-01  1.007807468086802 0.8969381965894724
 0.8110177948209213E-01  1.008460418486425 0.8970111691011030
 0.8018995438607247E-01  1.009188390759295 0.8970907187464875
 0.7933977248124834E-01  1.009867043282167 0.8971631973213511
 0.7852226451066857E-01  1.010519519925170 0.8972313831413019
 0.7748837705759101E-01  1.011344566215698 0.8973155699787587
 0.7665567411727055E-01  1.012008964070021 0.8973817906731949
 0.7583543093310738E-01  1.012663333182686 0.8974457170746438
 0.7491336217695384E-01  1.013398834771219 0.8975161195161011
 0.7410704745710052E-01  1.014041917254615 0.8975764771318183
 0.7329652312618776E-01  1.014688277626604 0.8976360588067311
 0.7235928657948350E-01  1.015435588345968 0.8977036365378251
 0.7155450131859763E-01  1.016077206394583 0.8977605701846997
 0.7075043858100798E-01  1.016718174218465 0.8978164712664491
 0.6974983197818854E-01  1.017515717607844 0.8978846989406216
 0.6893653224964082E-01  1.018163884724791 0.8979390838718458
 0.6812764614171844E-01  1.018808463250377 0.8979922407399871
 0.6709902469869698E-01  1.019628042158350 0.8980585269998260
 0.6627625984143706E-01  1.020283520390839 0.8981105188833699
 0.6545041553478800E-01  1.020941382241043 0.8981618070300496
 0.6446372523408798E-01  1.021727283013451 0.8982219236871163
 0.6363235372966995E-01  1.022389397502952 0.8982716109607498
 0.6277933562149787E-01  1.023068682071807 0.8983216923851609
 0.6183096736229595E-01  1.023823815733934 0.8983763316948686
 0.6098466667949434E-01  1.024497607739114 0.8984241916991346
 0.6007998622513573E-01  1.025217806954974 0.8984744343445374
 0.5916951271748019E-01  1.025942543647180 0.8985240479817950
 0.5830152821130058E-01  1.026633391035974 0.8985704630820590
 0.5724517345119386E-01  1.027474078484075 0.8986258050252224
 0.5635642199353613E-01  1.028181307601079 0.8986714158843285
 0.5543571941108760E-01  1.028913892859987 0.8987177738353782
 0.5453642102684725E-01  1.029629380563859 0.8987621874746409
 0.5368216223422122E-01  1.030308974632389 0.8988035828590341
 0.5267123495421444E-01  1.031113130393512 0.8988515677308224
 0.5180527269838425E-01  1.031801909430355 0.8988918132198400
 0.5096268631654659E-01  1.032472041401286 0.8989302244672881
 0.4984772872702452E-01  1.033358717354402 0.8989799383966094
 0.4899427652549168E-01  1.034037369273564 0.8990171406869060
 0.4814657894738746E-01  1.034711394411995 0.8990533578412453
 0.4721879470388658E-01  1.035449041608240 0.8990921528419893
 0.4638773898807654E-01  1.036109734153524 0.8991261552801395
 0.4554710306351614E-01  1.036777996572885 0.8991598373801408
 0.4463551683157094E-01  1.037502609205780 0.8991955619907668
 0.4379602338003244E-01  1.038169869374122 0.8992277291634065
 0.4295289147937524E-01  1.038839977651355 0.8992593269139515
 0.4205479248051923E-01  1.039553725686393 0.8992921966361122
 0.4119605973025720E-01  1.040236143603182 0.8993228607921533
 0.4033718563206170E-01  1.040918631398579 0.8993527837204974
 0.3945602772735645E-01  1.041618783568417 0.8993827145024835
 0.3857734892171633E-01  1.042316923599709 0.8994117930833434
 0.3768466049753145E-01  1.043026152632993 0.8994405506625408
 0.3682269663680544E-01  1.043710932210769 0.8994675611555368
 0.3593300544317188E-01  1.044417700261942 0.8994946509804832
 0.3499257747517093E-01  1.045164731378855 0.8995224107013358
 0.3414669325322284E-01  1.045836625627320 0.8995466187156566
 0.3324183960859817E-01  1.046555323473299 0.8995717288622214
 0.3235746417540202E-01  1.047257720856492 0.8995954915505473
 0.3153438215419406E-01  1.047911406869967 0.8996169086182007
 0.3063960849712047E-01  1.048621997822877 0.8996394106469454
 0.2977141738000377E-01  1.049311447241933 0.8996604512099343
 0.2896245651397472E-01  1.049953834305711 0.8996793423919655
 0.2809787383177528E-01  1.050640363039774 0.8996987504804757
 0.2721342442215228E-01  1.051342639426360 0.8997177095166644
 0.2640413137108920E-01  1.051985216304706 0.8997341584218836
 0.2556313065902666E-01  1.052652946705288 0.8997501785334487
 0.2460249700982822E-01  1.053415636502744 0.8997668952143147
 0.2376773283014657E-01  1.054078372757237 0.8997798731461014
 0.2291812826413844E-01  1.054752874026384 0.8997915339626386
 0.2179943432206663E-01  1.055640982702377 0.8998046415544732
 0.2091457439254735E-01  1.056343439561599 0.8998134843099401
 0.2001000074618901E-01  1.057061534022885 0.8998214642306342
 0.1898812395689314E-01  1.057872736060762 0.8998295198318867
 0.1807821038515461E-01  1.058595046974057 0.8998360083534648
 0.1709768183501863E-01  1.059373403469513 0.8998423430105182
 0.1612946478182541E-01  1.060141977518578 0.8998479492222560
 0.1520938314415371E-01  1.060872333741091 0.8998527199539329
 0.1409908449354708E-01  1.061753674303528 0.8998578497048150
 0.1315398010440606E-01  1.062503878894479 0.8998617471965906
 0.1221824550137550E-01  1.063246640331261 0.8998652061123210
 0.1109521268734017E-01  1.064138067638734 0.8998688251130204
 0.1015585986171814E-01  1.064883690957416 0.8998714101561884
 0.9177680329405264E-02  1.065660129578538 0.8998737104319501
 0.8149071593585128E-02  1.066476593183185 0.8998757565312324
 0.7197113725057050E-02  1.067232211944244 0.8998773496401392
 0.6151478400443329E-02  1.068062184817889 0.8998787802499205
 0.5109228924279743E-02  1.068889468033233 0.8998798710336590
 0.4099576431130561E-02  1.069690875958112 0.8998806196018201
 0.2890480801593663E-02  1.070650589842112 0.8998811749881612
 0.1772719599349325E-02  1.071537806728794 0.8998814466824958
 0.6209085518422823E-03  1.072452050127957 0.8998815787104112
-0.9179289262615160E-03  1.073673493293959 0.8998816412834435
-0.2240276595718048E-02  1.074723098880746 0.8998816552774782
-0.3742874664632112E-02  1.075915777129563 0.8998816588420689
-0.5389356567621958E-02  1.077222662308389 0.8998816594224490
-0.7111966061108465E-02  1.078589973306938 0.8998816594807255
-0.9569275877700343E-02  1.080540448299462 0.8998816594846136
-0.1197630703446412E-01  1.082451014905994 0.8998816594845886
-0.1509472952837095E-01  1.084926244138144 0.8998816594845874
-0.2025397345200772E-01  1.089021363192901 0.8998816594845873
-0.3416897384271260E-01  1.100066311656349 0.8998816594845873
-0.8982897540553210E-01  1.144246105510140 0.8998816594845873
-0.2290037544091723  1.254715255229586 0.8998816594845873
