RUNGE KUTTA: X Z PHI
 0.4997919338387438 0.3973734652027661E-01 0.5235987755982988E-02
 0.4984796489317335 0.1986799648837600 0.1555777166513506E-01
 0.4995145122904022 0.9272047521397876E-01 0.5235987758745935E-02
 0.4996994599892965 0.5739838941817732E-01 0.5235987755982988E-02
 0.4993294483566321 0.1280425604006249 0.5334338322087919E-02
 0.4995761615233669 0.8094644661537828E-01 0.5235987755982988E-02
 0.4992948898404849 0.1343294101263687 0.5495900946255769E-02
 0.4994829898041332 0.9874077090389566E-01 0.5235991980371021E-02
 0.4995451042848489 0.8687788804489049E-01 0.5235987755997431E-02
 0.4995025459552668 0.9500585594538383E-01 0.5235987997953075E-02
 0.4995309181750721 0.8958721067838871E-01 0.5235987756661460E-02
 0.4994999622531415 0.9549930216214854E-01 0.5235988141947609E-02
 0.4994724477069943 0.1007541406869509 0.5236003651822395E-02
 0.4994907907443989 0.9725091500378408E-01 0.5235989365620200E-02
 0.4994695295911883 0.1013114526742727 0.5236009451157566E-02
 0.4994491631367068 0.1052010739736775 0.5236130857508900E-02
 0.4994332319346068 0.1082435150721551 0.5236480839763647E-02
 0.4994196537546728 0.1108363240436043 0.5237252334671393E-02
 0.4994073601966980 0.1131833365292884 0.5238742559459837E-02
 0.4993960777449393 0.1153364967530161 0.5241307700417142E-02
 0.4993853938621081 0.1173741376149645 0.5245464911403856E-02
 0.4993744328112195 0.1194624721690471 0.5252387234581365E-02
 0.4993628216695549 0.1216708364310505 0.5263989564174351E-02
 0.4993529482773448 0.1235440166826581 0.5278608206316530E-02
 0.4993438405425337 0.1252665363440087 0.5297090880670699E-02
 0.4993344510918162 0.1270350722479962 0.5322298686420723E-02
 0.4993246602322658 0.1288690135770741 0.5356478352499508E-02
 0.4993158742646992 0.1305035795843100 0.5394985282632022E-02
 0.4993069245841390 0.1321553927804046 0.5442647941283422E-02
 0.4992976535895717 0.1338498605090895 0.5501699709354079E-02
 0.4992891796830064 0.1353815318771750 0.5564671787115929E-02
 0.4992800599759108 0.1370093052276388 0.5642214882397662E-02
 0.4992714158123810 0.1385304029208978 0.5725060570923346E-02
 0.4992629170901777 0.1400034816825394 0.5815167741784027E-02
 0.4992533037651558 0.1416411595381326 0.5926932154670069E-02
 0.4992447623744525 0.1430694889815526 0.6034465461052290E-02
 0.4992357258218694 0.1445522315352176 0.6156038478733472E-02
 0.4992269388596817 0.1459653866925082 0.6281263825141863E-02
 0.4992178465023478 0.1473975570772829 0.6417432169677191E-02
 0.4992084067444351 0.1488519200882581 0.6565299695506362E-02
 0.4991992828329374 0.1502262078444973 0.6713980123561510E-02
 0.4991893283776091 0.1516906863265841 0.6881988840682630E-02
 0.4991799904478380 0.1530318369043029 0.7044374034536496E-02
 0.4991700725265971 0.1544224378569565 0.7220945013281730E-02
 0.4991604465596370 0.1557396790856404 0.7395205568536335E-02
 0.4991504619368000 0.1570734259835913 0.7577767506500598E-02
 0.4991404174388063 0.1583830432660557 0.7762364934986754E-02
 0.4991301907118676 0.1596847673317988 0.7950676844188764E-02
 0.4991196003411082 0.1610006733594765 0.8145676096252835E-02
 0.4991089007226154 0.1622985584350175 0.8342462197468670E-02
 0.4990976767423834 0.1636275743965634 0.8548583427373682E-02
 0.4990863725311217 0.1649341116182003 0.8755826151296612E-02
 0.4990744331872469 0.1662809282398995 0.8974242846730136E-02
 0.4990624802334622 0.1675968743907713 0.9192367444959005E-02
 0.4990503500085084 0.1689008269913231 0.9413200778641509E-02
 0.4990380180670986 0.1701955071347990 0.9637187082454686E-02
 0.4990255568027550 0.1714735857554744 0.9862968938520787E-02
 0.4990127935971539 0.1727526891211069 0.1009365444209384E-01
 0.4989999664391533 0.1740091114851602 0.1032496898174826E-01
 0.4989867291436196 0.1752765632051070 0.1056312480680201E-01
 0.4989735380674639 0.1765115096242370 0.1079982034259747E-01
 0.4989597940868874 0.1777697924937575 0.1104572626352116E-01
 0.4989460950179176 0.1789964286142359 0.1129011144037623E-01
 0.4989317932965991 0.1802490564035489 0.1154444767768572E-01
 0.4989174142705852 0.1814809818911131 0.1179924771484618E-01
 0.4989025053297904 0.1827305779486385 0.1206243664718941E-01
 0.4988876462955520 0.1839491986554755 0.1232377478365763E-01
 0.4988721310849963 0.1851944051585319 0.1259565299129240E-01
 0.4988570775692021 0.1863771725387460 0.1285845002034744E-01
 0.4988409528983456 0.1876176287076913 0.1313888728831225E-01
 0.4988254750214096 0.1887837103383783 0.1340712368722081E-01
 0.4988092512126263 0.1899812464349899 0.1368733729481633E-01
 0.4987929039967038 0.1911633861225941 0.1396867859618823E-01
 0.4987764706017748 0.1923280384623580 0.1425047599875626E-01
 0.4987589378990938 0.1935455175095608 0.1455004104050492E-01
 0.4987419404019308 0.1947021713868898 0.1483943403650625E-01
 0.4987234276674840 0.1959365908609850 0.1515343732145085E-01
 0.4987059287305783 0.1970801578683657 0.1544906598397323E-01
 0.4986869425394908 0.1982964696224173 0.1576856050731690E-01
 0.4986690596944618 0.1994198049062194 0.1606834663145962E-01
 0.4986495842056106 0.2006196290913072 0.1639357060468346E-01
 0.4986312307853342 0.2017287754669759 0.1669882514520811E-01
 0.4986111729391002 0.2029180139711353 0.1703109427675072E-01
 0.4985921989500972 0.2040218613146619 0.1734420262894914E-01
 0.4985713957754538 0.2052094915462316 0.1768617974369261E-01
 0.4985516206927835 0.2063173655779603 0.1800994669270506E-01
 0.4985307201595642 0.2074668875357845 0.1835074594008530E-01
 0.4985099650178168 0.2085875152756002 0.1868781263125071E-01
 0.4984891457576326 0.2096915139489508 0.1902459346450480E-01
 0.4984668609962293 0.2108518150942862 0.1938356620836296E-01
 0.4984457541794357 0.2119311746859898 0.1972207309762002E-01
 0.4984223776330782 0.2131052332399193 0.2009532055073518E-01
 0.4984007862891038 0.2141704540813494 0.2043858361762400E-01
 0.4983767909735954 0.2153335254620774 0.2081842093968378E-01
 0.4983545428430232 0.2163931394874345 0.2116902751706922E-01
 0.4983302069051689 0.2175323158300241 0.2155081514778550E-01
 0.4983069353196236 0.2186029826785546 0.2191429683433251E-01
 0.4982833290319801 0.2196710876745987 0.2228144868436997E-01
 0.4982582277446483 0.2207877350671509 0.2267010002128568E-01
 0.4982345202419078 0.2218249713730767 0.2303546757933690E-01
 0.4982077899048533 0.2229749493429988 0.2344546137228361E-01
 0.4981834450239726 0.2240049695922182 0.2381712463130749E-01
 0.4981558874497777 0.2251517358136384 0.2423585324450149E-01
 0.4981305144183787 0.2261902444392333 0.2461948766998736E-01
 0.4981042797096004 0.2272471755033419 0.2501422231409109E-01
 0.4980772404915492 0.2283192406654640 0.2541907683620591E-01
 0.4980512734184736 0.2293328735666576 0.2580605442318278E-01
 0.4980216654929976 0.2304702819437946 0.2624512145938713E-01
 0.4979950378119854 0.2314770988407972 0.2663799049085695E-01
 0.4979649197747568 0.2325981832311883 0.2708009620406454E-01
 0.4979371625298804 0.2336153333102514 0.2748551278918768E-01
 0.4979088455046139 0.2346376797768713 0.2789716469728302E-01
 0.4978787954290044 0.2357062579865375 0.2833186548046484E-01
 0.4978506163721421 0.2366935384211597 0.2873747599506947E-01
 0.4978180918326033 0.2378159235645879 0.2920325342626888E-01
 0.4977889868953687 0.2388052555177499 0.2961799457886328E-01
 0.4977579057830875 0.2398466070881828 0.3005880811086650E-01
 0.4977271465355486 0.2408622739729741 0.3049292454492368E-01
 0.4976971245113130 0.2418397733022212 0.3091457871361079E-01
 0.4976622757122278 0.2429578784705847 0.3140153944274474E-01
 0.4976315210579015 0.2439303400832483 0.3182916674307940E-01
 0.4975972953362220 0.2449973404522975 0.3230276398771709E-01
 0.4975651821024850 0.2459843773766929 0.3274490466727906E-01
 0.4975330871028046 0.2469576491467329 0.3318462244148258E-01
 0.4974967146098280 0.2480451946092293 0.3368037926906761E-01
 0.4974642913992927 0.2490012669736734 0.3412009480452370E-01
 0.4974269038382790 0.2500885731780049 0.3462458472442372E-01
 0.4973931321094668 0.2510572142545221 0.3507790353747275E-01
 0.4973589539523469 0.2520248717374702 0.3553436301334731E-01
 0.4973215896238278 0.2530686410352517 0.3603077699582104E-01
 0.4972874881806277 0.2540088057483514 0.3648156145122370E-01
 0.4972478033985435 0.2550884088518248 0.3700345884437561E-01
 0.4972121798811033 0.2560446579063105 0.3746945582268824E-01
 0.4971761918267082 0.2569987109606235 0.3793782241960647E-01
 0.4971365293267923 0.2580366485608962 0.3845129160320422E-01
 0.4971005868907828 0.2589653506751221 0.3891423545707198E-01
 0.4970595677283446 0.2600118443054480 0.3943987539459311E-01
 0.4970219478507713 0.2609594434145430 0.3991941469986723E-01
 0.4969844149747949 0.2618935909465172 0.4039541494987436E-01
 0.4969408324585919 0.2629646151846314 0.4094516875648402E-01
 0.4969028383287267 0.2638866555531741 0.4142193108926900E-01
 0.4968609320880294 0.2648914235247815 0.4194514859729608E-01
 0.4968210773942794 0.2658354573118358 0.4244017714902440E-01
 0.4967820275608242 0.2667498201477613 0.4292276388892517E-01
 0.4967352036874613 0.2678327763971456 0.4349830503257520E-01
 0.4966950893245427 0.2687492319806940 0.4398878156311833E-01
 0.4966526539285369 0.2697076704269238 0.4450510987066727E-01
 0.4966099285309877 0.2706615034422502 0.4502234522767570E-01
 0.4965692657016441 0.2715591782166931 0.4551215618153448E-01
 0.4965199290537620 0.2726354707993126 0.4610329279529572E-01
 0.4964774300061112 0.2735516050663349 0.4660984156229013E-01
 0.4964344193261041 0.2744686960283694 0.4712006943252248E-01
 0.4963870059871545 0.2754682367992750 0.4767972544638395E-01
 0.4963442798568485 0.2763589745737731 0.4818152497303873E-01
 0.4962971883413659 0.2773300465072658 0.4873184795881003E-01
 0.4962519735331123 0.2782521631683575 0.4925763014717197E-01
 0.4962081249555207 0.2791370695085688 0.4976518431974555E-01
 0.4961545998940167 0.2802051148274685 0.5038167893872882E-01
 0.4961091216087916 0.2811023816884610 0.5090283307500347E-01
 0.4960625499352551 0.2820117561320297 0.5143399520749002E-01
 0.4960125348498896 0.2829779752835937 0.5200167298988549E-01
 0.4959668096509841 0.2838521391019407 0.5251826166957473E-01
 0.4959162855087113 0.2848081085981124 0.5308646332082725E-01
 0.4958677633262902 0.2857166197512898 0.5362956294785165E-01
 0.4958208857610008 0.2865856449379149 0.5415182260820305E-01
 0.4957630733200682 0.2876459208130086 0.5479265924526636E-01
 0.4957142096660258 0.2885324552095185 0.5533160171093208E-01
 0.4956648667486103 0.2894189669300574 0.5587339692845714E-01
 0.4956096598707813 0.2904007031364933 0.5647668903505782E-01
 0.4955605868356153 0.2912645997758321 0.5701036002484605E-01
 0.4955078860450136 0.2921834026334195 0.5758077706146564E-01
 0.4954551936306112 0.2930930058928173 0.5814838469418067E-01
 0.4954052804733266 0.2939464799835730 0.5868364178846262E-01
 0.4953477764596190 0.2949201540753643 0.5929745097384869E-01
 0.4952951861954926 0.2958018434809922 0.5985612743474353E-01
 0.4952437005194646 0.2966570771388662 0.6040057486259435E-01
 0.4951797543897060 0.2977086242117253 0.6107341620493997E-01
 0.4951265464332288 0.2985747963454331 0.6163053030542563E-01
 0.4950723196500806 0.2994495321003131 0.6219582900647945E-01
 0.4950130034283616 0.3003973050869040 0.6281131893562968E-01
 0.4949596217966732 0.3012423441159076 0.6336263956495670E-01
 0.4949024110095381 0.3021398721940143 0.6395078817742073E-01
 0.4948446740772813 0.3030373212837857 0.6454156833480888E-01
 0.4947903912306493 0.3038736155260557 0.6509455008943732E-01
 0.4947295731956164 0.3048021902179168 0.6571133361048670E-01
 0.4946718632977200 0.3056752808086259 0.6629387329500516E-01
 0.4946162782704207 0.3065089958377812 0.6685243432605606E-01
 0.4945496694479582 0.3074989243482061 0.6751853919293299E-01
 0.4944914216170024 0.3083566161707668 0.6809824018979016E-01
 0.4944340068407211 0.3091949189113981 0.6866718526445724E-01
 0.4943619727493971 0.3102368993234323 0.6937756879594081E-01
 0.4943029700354558 0.3110824549607216 0.6995656765755065E-01
 0.4942427448151501 0.3119383360996560 0.7054489042182811E-01
 0.4941769010429674 0.3128659271112734 0.7118508148163100E-01
 0.4941177754369092 0.3136917846354793 0.7175736577885126E-01
 0.4940550941705468 0.3145601362653989 0.7236146408085772E-01
 0.4939902439364107 0.3154509293280744 0.7298365417221447E-01
 0.4939301895360593 0.3162690903243762 0.7355726124076913E-01
 0.4938650231706369 0.3171496986081622 0.7417691644298809E-01
 0.4938000336533558 0.3180206107038752 0.7479209527901375E-01
 0.4937388462447418 0.3188340384833390 0.7536883068706786E-01
 0.4936710235133221 0.3197284227343475 0.7600539154717285E-01
 0.4936055080207616 0.3205852849253635 0.7661757952546740E-01
 0.4935430897578159 0.3213952828646853 0.7719831916993576E-01
 0.4934722632648761 0.3223070340454373 0.7785434722103270E-01
 0.4934060367080743 0.3231526336389147 0.7846501902617005E-01
 0.4933422962988850 0.3239602844181200 0.7905033598660431E-01
 0.4932676796543177 0.3248981691439857 0.7973253343959133E-01
 0.4932006059107027 0.3257344069204975 0.8034297868295263E-01
 0.4931353910291516 0.3265413864635028 0.8093393791994816E-01
 0.4930544673356796 0.3275345807941706 0.8166375232461730E-01
 0.4929863649983678 0.3283635472880049 0.8227502662784290E-01
 0.4929192395867732 0.3291746025312156 0.8287500886893616E-01
 0.4928334642306492 0.3302024776333520 0.8363807535434226E-01
 0.4927644567637006 0.3310226172804406 0.8424900457555824E-01
 0.4926947851775530 0.3318446231902812 0.8486312250803132E-01
 0.4926153782589260 0.3327742493240711 0.8555982774257066E-01
 0.4925462004628371 0.3335779560507768 0.8616408774502872E-01
 0.4924746623268382 0.3344031616562536 0.8678640255014151E-01
 0.4923960326021783 0.3353033522503851 0.8746741841989802E-01
 0.4923258991310442 0.3361003620987847 0.8807218355694331E-01
 0.4922527678142526 0.3369256146721348 0.8870012423070528E-01
 0.4921734630381057 0.3378139351125621 0.8937805634848316E-01
 0.4921021751344078 0.3386067053541066 0.8998487234625674E-01
 0.4920276280308820 0.3394300029322519 0.9061688225751013E-01
 0.4919470918168297 0.3403129949984612 0.9129674474426862E-01
 0.4918745665685759 0.3411025273663970 0.9190635179128941E-01
 0.4917987441479245 0.3419223542514339 0.9254100130353729E-01
 0.4917166187334406 0.3428039911183874 0.9322538754915256E-01
 0.4916427972177723 0.3435909568128286 0.9383798059588973E-01
 0.4915657900914988 0.3444064052556015 0.9447445539908914E-01
 0.4914817742236312 0.3452898044887261 0.9516588638726173E-01
 0.4914066009302239 0.3460747818822313 0.9578188170640860E-01
 0.4913284652782814 0.3468853387990730 0.9641947432362924E-01
 0.4912423267898383 0.3477727020335815 0.9711926653830988E-01
 0.4911657581542071 0.3485561066775649 0.9773866916761996E-01
 0.4910865046576925 0.3493617468053261 0.9837723765766207E-01
 0.4909980306722594 0.3502549357429969 0.9908703968848329E-01
 0.4909200277652240 0.3510370991395771 0.9971012856611090E-01
 0.4908396521277943 0.3518379350712773 0.1003495081567594
 0.4907486966847043 0.3527380259810643 0.1010698509544234
 0.4906692363170949 0.3535191027036956 0.1016964707463032
 0.4905877140882403 0.3543154366575266 0.1023368202856901
 0.4904941527000610 0.3552232251764824 0.1030685941174833
 0.4904132157455824 0.3560033137470958 0.1036988898038371
 0.4903305220951895 0.3567954269838822 0.1043402298136886
 0.4902342859649053 0.3577111242617355 0.1050833031898109
 0.4901518634509546 0.3584902233591571 0.1057169880158545
 0.4900679589183651 0.3592785228090946 0.1063595493680552
 0.4899690125575810 0.3602020136331999 0.1071140512952952
 0.4898850957171879 0.3609801184001152 0.1077511514494155
 0.4897999421809424 0.3617649746660077 0.1083949968767778
 0.4896983753062482 0.3626950045070826 0.1091595116760675
 0.4896129743720780 0.3634719492426446 0.1097995413618622
 0.4895265405688952 0.3642536648513423 0.1104447755387201
 0.4894223919155602 0.3651895151008349 0.1112188769610890
 0.4893355105741445 0.3659652059160614 0.1118617796620478
 0.4892477761838560 0.3667439735176547 0.1125083394768168
 0.4891410951201021 0.3676848756894889 0.1132909871811652
 0.4890527403974583 0.3684592042573230 0.1139363387363491
 0.4889636897790676 0.3692351766072674 0.1145842353100757
 0.4888544699109228 0.3701808926096370 0.1153754169948007
 0.4887646354745053 0.3709538726667939 0.1160232854628605
 0.4886742549992711 0.3717271773311042 0.1166724469381202
 0.4885625230589085 0.3726772014676531 0.1174713586587762
 0.4884712120028976 0.3734487735020776 0.1181213917742655
 0.4883794885184551 0.3742195359302767 0.1187718446472722
 0.4882652444217314 0.3751736176023803 0.1195785014784731
 0.4881724542666236 0.3759437721062036 0.1202307911128924
 0.4880793841902846 0.3767120319605244 0.1208824365482013
 0.4879625722809298 0.3776703886047060 0.1216966731935419
 0.4878682972302412 0.3784391462112224 0.1223509591171939
 0.4877738698918889 0.3792050022879883 0.1230038192680257
 0.4876544399716603 0.3801677957154136 0.1238260104430765
 0.4875586671645238 0.3809352304216808 0.1244824558284644
 0.4874628704914886 0.3816987845806075 0.1251364789272288
 0.4873408487631530 0.3826655618795574 0.1259658567461829
 0.4872435781924405 0.3834316485249420 0.1266241363240304
 0.4871463965343539 0.3841930328807675 0.1272793502148333
 0.4870218003008082 0.3851634377799505 0.1281158188453126
 0.4869230243110968 0.3859282126811338 0.1287760558996011
 0.4868244534084155 0.3866874651354249 0.1294323562185594
 0.4866972037513115 0.3876618950036044 0.1302758716934263
 0.4865969121023002 0.3884254138715338 0.1309378209599940
 0.4864969332436339 0.3891826823071113 0.1315952679977877
 0.4863670852140046 0.3901605075200722 0.1324455266754689
 0.4862652774094093 0.3909227521045341 0.1331092979626114
 0.4861638895159586 0.3916780470163719 0.1337678009970915
 0.4860313778600970 0.3926595599170145 0.1346247015877566
 0.4859280472463522 0.3934205599352822 0.1352900507617123
 0.4858252418609166 0.3941739480600873 0.1359496159502851
 0.4856900026485168 0.3951594165526714 0.1368136427051397
 0.4855851398547469 0.3959192173775407 0.1374807310615942
 0.4854809112485977 0.3966707392004230 0.1381412811075210
 0.4853430542201236 0.3976591739386389 0.1390111699053053
 0.4852366711115587 0.3984176756301464 0.1396796041162198
 0.4851310223848355 0.3991673170097151 0.1403410367801748
 0.4849902937131483 0.4001603424082062 0.1412184192056850
 0.4848823664060906 0.4009176926993521 0.1418884173788619
 0.4847752798816703 0.4016655757285020 0.1425506985367020
 0.4846321726792291 0.4026595565091214 0.1434319183381887
 0.4845227431852378 0.4034154619254006 0.1441028940161838
 0.4844142430109457 0.4041614388055472 0.1447657934956038
 0.4842684729312121 0.4051582360403911 0.1456526986182394
 0.4841575010661575 0.4059129676923117 0.1463250046965862
 0.4840475850732295 0.4066570649260817 0.1469884419495767
 0.4838996532208872 0.4076531686723310 0.1478775117340282
 0.4837871759986696 0.4084064873737447 0.1485506594232264
 0.4836758890018830 0.4091484386062287 0.1492143455630008
 0.4835258076838773 0.4101437558295236 0.1501057372653244
 0.4834117976758933 0.4108958592096421 0.1507800509751921
 0.4832991951636096 0.4116353390268885 0.1514436137524291
 0.4831469763530912 0.4126297840683559 0.1523368513770941
 0.4830314019087319 0.4133808921627696 0.1530122426559641
 0.4829175285288942 0.4141176643684149 0.1536753893977464
 0.4827631753821682 0.4151112156750552 0.1545706442720942
 0.4826459826894265 0.4158616803529786 0.1552475400685565
 0.4825308805526883 0.4165955337164005 0.1559099567921250
 0.4823743817768580 0.4175882620104976 0.1568068311766998
 0.4822555121938777 0.4183384528303336 0.1574852344669574
 0.4821391999802317 0.4190693357665699 0.1581467573494521
 0.4819831700353422 0.4200449395621223 0.1590306591487262
 0.4818627069519967 0.4207943977033054 0.1597102934522442
 0.4817453962476037 0.4215211374616946 0.1603697879132580
 0.4815975505432953 0.4224327318513855 0.1611976686831067
 0.4814756363836269 0.4231808663957839 0.1618776798995324
 0.4813578632411942 0.4239005633358415 0.1625323873425641
 0.4812218134175648 0.4247282892010605 0.1632860432535105
 0.4810972004627120 0.4254830339171429 0.1639738378229555
 0.4809788748027501 0.4261967258448370 0.1646246855475667
 0.4808511087949544 0.4269641446752083 0.1653250059906445
 0.4807194929426068 0.4277512394230447 0.1660438219920254
 0.4805992173900951 0.4284674922911639 0.1666984697722913
 0.4804754268395502 0.4292016958676441 0.1673700846507523
 0.4803228998970181 0.4301022259176521 0.1681946068577035
 0.4801982852513778 0.4308346326809369 0.1688657543974485
 0.4800747725714359 0.4315576457398647 0.1695287355733914
 0.4799114497139872 0.4325092934615383 0.1704020311685275
 0.4797834472256105 0.4332516737661730 0.1710838615533689
 0.4796592368367964 0.4339691866777640 0.1717433733138080
 0.4795096852454019 0.4348293724303908 0.1725346971521253
 0.4793798302512752 0.4355730154990255 0.1732193424742113
 0.4792554673346056 0.4362824056330383 0.1738728519384251
 0.4791180447006663 0.4370631389378989 0.1745925020287933
 0.4789829693365069 0.4378273482213037 0.1752973638853555
 0.4788573608183945 0.4385351925344712 0.1759506708127739
 0.4787263080849011 0.4392708667662799 0.1766301287968008
 0.4785755845085631 0.4401134065434388 0.1774088394747088
 0.4784462075891122 0.4408336174164537 0.1780748928728095
 0.4783169520340407 0.4415504147140171 0.1787381063111110
 0.4781479409083369 0.4424835994138631 0.1796019941871063
 0.4780139053133819 0.4432204195300642 0.1802845165431811
 0.4778841642244944 0.4439309259418208 0.1809430600576353
 0.4777316814053420 0.4447626085323472 0.1817144207049742
 0.4775952373122597 0.4455037626459391 0.1824022339200512
 0.4774653509078868 0.4462066499208294 0.1830548442640023
 0.4773246410736616 0.4469652274981884 0.1837594749692999
 0.4771804859714049 0.4477393048625302 0.1844788663501111
 0.4770486364009332 0.4484446096568561 0.1851347165489581
 0.4769132811978559 0.4491660167537867 0.1858059476279045
 0.4767393056425627 0.4500893598881350 0.1866656617863549
 0.4766019871460712 0.4508150891337332 0.1873417912148556
 0.4764668277313491 0.4515267978908541 0.1880051628606060
 0.4762949286003402 0.4524282679646787 0.1888458363978980
 0.4761547532382785 0.4531603410671798 0.1895289375890101
 0.4760196024044983 0.4538636224321532 0.1901855580584332
 0.4758655894106708 0.4546620348877985 0.1909314661218452
 0.4757216729599520 0.4554052273635640 0.1916261902516944
 0.4755860515709547 0.4561030645945188 0.1922788140000879
 0.4754424025636784 0.4568395691470808 0.1929678730657626
 0.4752856958644950 0.4576399582947017 0.1937170285633644
 0.4751468375795301 0.4583465418119658 0.1943787082173820
 0.4750069780787539 0.4590557344536516 0.1950431707720049
 0.4748214031912528 0.4599929287875550 0.1959217600658935
 0.4746764979758171 0.4607217440945708 0.1966053329964305
 0.4745363290166056 0.4614242716265219 0.1972644661908153
 0.4743720379262875 0.4622446440454491 0.1980344124109670
 0.4742245507947207 0.4629783276740370 0.1987232572560622
 0.4740844486778512 0.4636728632152802 0.1993756182707742
 0.4739338203689720 0.4644169860384094 0.2000748728671620
 0.4737763561520353 0.4651920330965456 0.2008035112902020
 0.4736337912599213 0.4658912606149763 0.2014611028448637
 0.4734887694143565 0.4666001401186243 0.2021279576950734
 0.4732866873820854 0.4675839444784100 0.2030537582068009
 0.4731370800825441 0.4683093230742699 0.2037366668297735
 0.4729913867017246 0.4690133295860236 0.2043997453692836
 0.4728093377516327 0.4698897220537430 0.2052255929237950
 0.4726582805710611 0.4706141736178699 0.2059085538808876
 0.4725131394397217 0.4713079309679959 0.2065627748424811
 0.4723510634248086 0.4720799721840654 0.2072910229870034
 0.4721945185834576 0.4728230244072870 0.2079921587879579
 0.4720485005544468 0.4735137931011142 0.2086442122072712
 0.4718963738400793 0.4742311034225521 0.2093216068347083
 0.4717177046874247 0.4750705256378981 0.2101146706046891
 0.4715667602287651 0.4757771565617971 0.2107825145863444
 0.4714172207019359 0.4764749429720320 0.2114421629670452
 0.4712360388906995 0.4773173854936048 0.2122387626212007
 0.4710799598223049 0.4780405029880447 0.2129227424750776
 0.4709307668143980 0.4787294854369363 0.2135746605689398
 0.4707678965589945 0.4794791625308553 0.2142842751438847
 0.4706034402184343 0.4802335509023118 0.2149985963511889
 0.4704524325712233 0.4809239778945726 0.2156525136553273
 0.4702976126911430 0.4816295994882080 0.2163209359772923
 0.4700855358893720 0.4825925441075555 0.2172332989620498
 0.4699270467408506 0.4833094545635002 0.2179127371644611
 0.4697722417954198 0.4840074787391531 0.2185744688368400
 0.4695799901459741 0.4848713256518403 0.2193936610984965
 0.4694194451772963 0.4855901598593449 0.2200755034172395
 0.4692654585655732 0.4862774741048523 0.2207275352145785
 0.4690954268626663 0.4870339760366134 0.2214452764475774
 0.4689279786697914 0.4877765149169456 0.2221498692902629
 0.4687728022936411 0.4884624682154578 0.2228009020398186
 0.4686125753804306 0.4891685792150586 0.2234712336149658
 0.4684105788291066 0.4900556571018945 0.2243135894692315
 0.4682488813690546 0.4907632839528762 0.2249856682130312
 0.4680903190633766 0.4914550732311355 0.2256427663357168
 0.4679015891723101 0.4922757725193958 0.2264223772488569
 0.4677357715996107 0.4929944304095603 0.2271051530635329
 0.4675778375661431 0.4936768470478514 0.2277536277272754
 0.4674079725922864 0.4944085772598490 0.2284491267448508
 0.4672306527010970 0.4951699676728669 0.2291729706114377
 0.4670700882801950 0.4958572691228194 0.2298264604302526
 0.4669073881813449 0.4965516530830897 0.2304867194878777
 0.4666910834567179 0.4974716353023441 0.2313615387476749
 0.4665226635581792 0.4981854655436692 0.2320404107480784
 0.4663603148304682 0.4988715199212648 0.2326929817172275
 0.4661754573376425 0.4996502703596625 0.2334338722826270
 0.4660030588922772 0.5003742309590800 0.2341227407129462
 0.4658407406824853 0.5010538469273912 0.2347694537405757
 0.4656705844780206 0.5017642005756937 0.2354454233190927
 0.4654770746754046 0.5025694849179925 0.2362117469522193
 0.4653098859458586 0.5032630573130956 0.2368718228285056
 0.4651440854695719 0.5039488941159720 0.2375246285168627
 0.4649471316143038 0.5047610617048022 0.2382978005220831
 0.4647731856571538 0.5054760830038159 0.2389785518378093
 0.4646079199399903 0.5061534681706783 0.2396234685525581
 0.4644312959602074 0.5068753198337452 0.2403106841799804
 0.4642437160648477 0.5076396053540129 0.2410382679424606
 0.4640752387018566 0.5083240193864250 0.2416898296922462
 0.4639058187883581 0.5090103326809530 0.2423432450398595
 0.4636937001255696 0.5098669123972418 0.2431588225670814
 0.4635173259187650 0.5105768788097078 0.2438348003504275
 0.4633487909896135 0.5112533808816279 0.2444788576328197
 0.4631643520030532 0.5119916024857921 0.2451815818369571
 0.4629793301155854 0.5127299503595881 0.2458843486674746
 0.4628092005781451 0.5134069346394748 0.2465286830726063
 0.4626354424462938 0.5140964606348264 0.2471849602635877
 0.4623886002707734 0.5150727397688051 0.2481141584305026
 0.4622091042618138 0.5157802737584155 0.2487875073939158
 0.4620355310919724 0.5164625679217493 0.2494367350313571
 0.4618276298814182 0.5172773720766484 0.2502119094369480
 0.4616461788609937 0.5179863674596238 0.2508863332559668
 0.4614738354599927 0.5186579399021759 0.2515251294025261
 0.4612893452846560 0.5193748781085571 0.2522070699444838
 0.4610935084091075 0.5201337030757165 0.2529288234896100
 0.4609178603935788 0.5208123828668537 0.2535742736832565
 0.4607413789978150 0.5214924709928962 0.2542209520994873
 0.4605234359819251 0.5223298504001029 0.2550170310118943
 0.4603393540005634 0.5230350077730435 0.2556873036722838
 0.4601639281556150 0.5237052135820114 0.2563243038740461
 0.4599741187895756 0.5244284156980660 0.2570116338202323
 0.4597779667491555 0.5251736661427933 0.2577198406341191
 0.4596000364063587 0.5258478386203371 0.2583603775470873
 0.4594200781788420 0.5265279213583464 0.2590063621791304
 0.4591882896962648 0.5274012709586212 0.2598356596445267
 0.4590014153102819 0.5281032721226888 0.2605020700574723
 0.4588226972166917 0.5287728800367197 0.2611376173753930
 0.4586259325684503 0.5295081358044808 0.2618353601921872
 0.4584304683086055 0.5302365066624336 0.2625264222350877
 0.4582504669721186 0.5309054854824640 0.2631609566365703
 0.4580665194504778 0.5315873891743029 0.2638075387310431
 0.4578035717621879 0.5325591211999817 0.2647285716871199
 0.4576133329477272 0.5332599518073816 0.2653926237140509
 0.4574299162486423 0.5339339136512051 0.2660310929418671
 0.4572139690417456 0.5347252405323680 0.2667805997874979
 0.4570213510052486 0.5354291163835290 0.2674471066954994
 0.4568392579262235 0.5360928432201202 0.2680754008448147
 0.4566467989119785 0.5367925838940004 0.2687375504542333
 0.4564323054099477 0.5375703111479094 0.2694732230481370
 0.4562452282512521 0.5382468145938372 0.2701129506040661
 0.4560596014432742 0.5389164142435662 0.2707460058683389
 0.4558424432949245 0.5396976733562914 0.2714844492621426
 0.4556462905175186 0.5404014481283196 0.2721494504105802
 0.4554613117338387 0.5410634800259519 0.2727747801277507
 0.4552668469901108 0.5417577459793506 0.2734302846316800
 0.4550447534310171 0.5425485161874078 0.2741765712809466
 0.4548539938854745 0.5432259180317821 0.2748156223664803
 0.4546657140364954 0.5438928932002739 0.2754446519844261
 0.4544483274842450 0.5446609897861646 0.2761688293747663
 0.4542483588033664 0.5453656762370012 0.2768329788895253
 0.4540604932762682 0.5460260937159772 0.2774551469058243
 0.4538643492031991 0.5467139534726220 0.2781028697520140
 0.4536317607654569 0.5475274399322572 0.2788685049756053
 0.4534370077626588 0.5482067899716978 0.2795076182013443
 0.4532460574887461 0.5488712894039094 0.2801325571991750
 0.4530277832038827 0.5496289663599726 0.2808448931233615
 0.4528241228945209 0.5503340922808800 0.2815075684438599
 0.4526334305076079 0.5509927365913462 0.2821262941430974
 0.4524354253926135 0.5516750301781499 0.2827669339813505
 0.4521907658043817 0.5525158414427841 0.2835560006819835
 0.4519919682505351 0.5531972264507445 0.2841951628933567
 0.4517981616321594 0.5538599509712472 0.2848166138855317
 0.4515775337855490 0.5546125372474335 0.2855220961996546
 0.4513704499800721 0.5553171406206550 0.2861823438447236
 0.4511768486755728 0.5559743198740752 0.2867978857860062
 0.4509763353559980 0.5566533943062260 0.2874336327551139
 0.4507218252218959 0.5575130589472655 0.2882380103045911
 0.4505193175665457 0.5581952657810373 0.2888760362246061
 0.4503225628717148 0.5588565691202233 0.2894942905537319
 0.4500989827952754 0.5596062250669278 0.2901948894457360
 0.4498885715060557 0.5603099814347722 0.2908523090930121
 0.4496920302212582 0.5609658297290320 0.2914646783820612
 0.4494887764662413 0.5616425463201173 0.2920961956652178
 0.4492259154141162 0.5625154298302371 0.2929102700118070
 0.4490199588064833 0.5631975592326550 0.2935460823832645
 0.4488202943378147 0.5638573578194153 0.2941608162253515
 0.4485934833760610 0.5646050944731289 0.2948571768212237
 0.4483800238933772 0.5653071087387336 0.2955106300562041
 0.4481807034316724 0.5659611404270009 0.2961190908892244
 0.4479747478536647 0.5666354499806943 0.2967460540122133
 0.4477045367873320 0.5675178498675847 0.2975659500998810
 0.4474952981002547 0.5681993701343391 0.2981988208452186
 0.4472927016490885 0.5688577957189078 0.2988099804450776
 0.4470622559435689 0.5696049954864515 0.2995032442722864
 0.4468458824564789 0.5703048989821722 0.3001523163636909
 0.4466437687373286 0.5709572269784311 0.3007569602052794
 0.4464349142393424 0.5716298501371916 0.3013800776408759
 0.4461594418651827 0.5725147644008398 0.3021993497186713
 0.4459470734127342 0.5731952292854552 0.3028289898654631
 0.4457416083099093 0.5738521454404457 0.3034365939572177
 0.4455083570228465 0.5745962079009834 0.3041245227102349
 0.4452885954463222 0.5752956037082629 0.3047708538356564
 0.4450835141232619 0.5759468581647793 0.3053723894302874
 0.4448719217343532 0.5766173605933306 0.3059913613092374
 0.4445854488693351 0.5775228523770594 0.3068267134424731
 0.4443694561320348 0.5782038358138892 0.3074545745777295
 0.4441609708688619 0.5788597469625798 0.3080590557971226
 0.4439237498394173 0.5796043984404059 0.3087450184132503
 0.4437011904785286 0.5803014257335026 0.3093867942209820
 0.4434933628936628 0.5809509255632122 0.3099844957352788
 0.4432788246840508 0.5816199989550294 0.3105998670425978
 0.4429894450389809 0.5825202436554943 0.3114273226052698
 0.4427706084543374 0.5831993408948398 0.3120511616285894
 0.4425593472958280 0.5838535575439072 0.3126519089490654
 0.4423192507944581 0.5845954429408307 0.3133329030954474
 0.4420935821898784 0.5852911798628802 0.3139712717837008
 0.4418829907181321 0.5859390731540456 0.3145654789261016
 0.4416658719153604 0.5866056812600622 0.3151765635529745
 0.4413639324369761 0.5875304192094749 0.3160238160942832
 0.4411414324812217 0.5882101675827620 0.3166463192929218
 0.4409270511600364 0.5888637633711225 0.3172446878606169
 0.4406822273476548 0.5896085608166868 0.3179263472574633
 0.4404538794612674 0.5903016980473172 0.3185605048074817
 0.4402404378883807 0.5909482546752600 0.3191518129605205
 0.4400199739339545 0.5916147392022976 0.3197610818651020
 0.4397224199310843 0.5925121233131153 0.3205810092871893
 0.4394976123768174 0.5931884858207027 0.3211987170145402
 0.4392808115116566 0.5938394409304484 0.3217930357042684
 0.4390357892137546 0.5945735838033854 0.3224630989164898
 0.4388032895086181 0.5952686962817021 0.3230973119237658
 0.4385869096184063 0.5959143021406411 0.3236861187034046
 0.4383646841913973 0.5965760398772719 0.3242893735646643
 0.4380415537208064 0.5975358994649007 0.3251639397980821
 0.4382570673138178 0.5968960244699633 0.3245809820555982
 0.4380452126425646 0.5975250461500670 0.3251540536567825
 0.4378284866110906 0.5981673018805947 0.3257389845711627
 0.4376101717252300 0.5988130159281415 0.3263269026905348
 0.4373644506708511 0.5995382976496937 0.3269870945057760
 0.4371278701764303 0.6002351155452881 0.3276211907052734
 0.4369085916627973 0.6008796803397973 0.3282075429956977
 0.4366844682647827 0.6015372093705927 0.3288054734915155
 0.4363802172323779 0.6024277626037186 0.3296149730249999
 0.4361480103017618 0.6031058599564657 0.3302311453655948
 0.4359265015486607 0.6037514492998464 0.3308176574127766
 0.4356830849147881 0.6044594710112949 0.3314607745992775
 0.4354396570236859 0.6051660488295370 0.3321024440941635
 0.4352166855297255 0.6058119614242577 0.3326888649808518
 0.4349911678976348 0.6064640041593500 0.3332806690886549
 0.4347152274753385 0.6072601412772137 0.3340030025574378
 0.4344796203892456 0.6079384431913433 0.3346182391391951
 0.4342566405296050 0.6085791552416944 0.3351992659527311
 0.4340209795619913 0.6092550054153683 0.3358120632739516
 0.4337551268827824 0.6100158479184077 0.3365018014863840
 0.4335255383598270 0.6106715540347817 0.3370960929805482
 0.4332996500733698 0.6113154762633030 0.3376795534483202
 0.4330456891434708 0.6120379909402837 0.3383340453505660
 0.4328016068415921 0.6127309807765505 0.3389616468314608
 0.4325753480529719 0.6133721304179283 0.3395422227901038
 0.4323442035889867 0.6140259029621672 0.3401341937761728
 0.4320346438421679 0.6148995437094595 0.3409252119033458
 0.4317952306786758 0.6155737155836045 0.3415355714596643
 0.4315672309920697 0.6162145380436105 0.3421156649384374
 0.4313189434385028 0.6169110470220133 0.3427460773084267
 0.4310652350448711 0.6176213328434859 0.3433888883304806
 0.4308348088775055 0.6182651917111026 0.3439715644591406
 0.4306033100003813 0.6189108601582523 0.3445558968849253
 0.4303304665874036 0.6196703214118673 0.3452432481696214
 0.4300860943081178 0.6203491442296014 0.3458576240291774
 0.4298562809098535 0.6209863341285643 0.3464342877167536
 0.4296170492166263 0.6216484177045599 0.3470334232758766
 0.4293177664857094 0.6224749527898860 0.3477813042681373
 0.4290776519649622 0.6231366896930364 0.3483800563216294
 0.4288450589411053 0.6237765226284949 0.3489590200005875
 0.4285869680607381 0.6244851500321108 0.3496002905005944
 0.4283332315736447 0.6251804478551986 0.3502295440553224
 0.4280997154754172 0.6258191396031002 0.3508075790779991
 0.4278630026148033 0.6264654094031626 0.3513924619112501
 0.4275720906264419 0.6272580543418053 0.3521098116735852
 0.4273249187791685 0.6279301433740407 0.3527180992831798
 0.4270910502407272 0.6285649000449501 0.3532926838253250
 0.4268441224447202 0.6292338843827739 0.3538983746919609
 0.4265638388106129 0.6299917299685274 0.3545846733338966
 0.4263228472943882 0.6306420605163495 0.3551737085723740
 0.4260863815616631 0.6312790379256996 0.3557507103203105
 0.4258230068808391 0.6319871784032832 0.3563922352509225
 0.4255652254258848 0.6326789373255832 0.3570190048408430
 0.4253277102597546 0.6333151413914216 0.3575955515896388
 0.4250868741494903 0.6339591005017510 0.3581792663013790
 0.4247919343050274 0.6347461683108706 0.3588928972732282
 0.4245402121619922 0.6354165581166387 0.3595008746280225
 0.4243022546498921 0.6360491536879990 0.3600746545321279
 0.4240517130772610 0.6367140157161321 0.3606777611870983
 0.4237626884760149 0.6374794947059660 0.3613722307172357
 0.4235168387018675 0.6381293625785839 0.3619619345629310
 0.4232764119675029 0.6387637780391126 0.3625377667715866
 0.4230099548931368 0.6394655950964045 0.3631749754276450
 0.4227467403581673 0.6401575517499525 0.3638034289439845
 0.4225050320217920 0.6407918214872879 0.3643796372596074
 0.4222607427011856 0.6414317505931939 0.3649611116147576
 0.4219677417692234 0.6421978131778077 0.3656573720448740
 0.4217111675598664 0.6428673270910157 0.3662660797440691
 0.4214693712397709 0.6434971652480455 0.3668389322876549
 0.4212168583533891 0.6441537696649914 0.3674363861637990
 0.4209075632401579 0.6449564323889285 0.3681670971113841
 0.4206553847500993 0.6456095791628689 0.3687619506560649
 0.4204108798589441 0.6462417495591521 0.3693378838073376
 0.4201414561169754 0.6469370976580426 0.3699715676670382
 0.4198723336086851 0.6476303656932235 0.3706035759718624
 0.4196261974114301 0.6482632856780078 0.3711807970969686
 0.4193783712664417 0.6488994608903249 0.3717612377938768
 0.4190871927510665 0.6496455309693915 0.3724422764493436
 0.4188251566204411 0.6503156516851993 0.3730542674351064
 0.4185793014522173 0.6509432947831301 0.3736276754979036
 0.4183248381838410 0.6515917998646447 0.3742203382572545
 0.4179731136857375 0.6524863214661855 0.3750381856486494
 0.4177131582194075 0.6531460747091675 0.3756417093383589
 0.4174637738559143 0.6537779041448797 0.3762199982109822
 0.4171860971670497 0.6544801576473166 0.3768631296301549
 0.4169153714748886 0.6551635630396604 0.3774893863439577
 0.4166659165246824 0.6557921695426204 0.3780657403028254
 0.4164133644050252 0.6564275063777376 0.3786485519430695
 0.4161097985064679 0.6571897526557055 0.3793481674588783
 0.4158446603219176 0.6578542414823602 0.3799584388615075
 0.4155949730243299 0.6584789323518665 0.3805325248720552
 0.4153348571806100 0.6591286098425346 0.3811299752212906
 0.4150047970302645 0.6599513680974284 0.3818871720047663
 0.4147429769158256 0.6606027413907700 0.3824870589332004
 0.4144903066052606 0.6612302826782052 0.3830653080175767
 0.4142126842614935 0.6619185907398397 0.3836998827438355
 0.4139337863484318 0.6626087963353309 0.3843365728810622
 0.4136793809945150 0.6632372876369069 0.3849166897513398
 0.4134239549430612 0.6638672479414749 0.3854985367822715
 0.4131280003059705 0.6645958507881723 0.3861719754716786
 0.4128563515235098 0.6652633796680515 0.3867894020017137
 0.4126025869075985 0.6658858970004934 0.3873655443989165
 0.4123420103854009 0.6665240592177518 0.3879564983240510
 0.4119836241125391 0.6674000055618894 0.3887682138944583
 0.4117137670374278 0.6680582382121470 0.3893786654226273
 0.4114573717937082 0.6686825763187040 0.3899581161608168
 0.4111793255688204 0.6693584745785170 0.3905859219946848
 0.4108914598324252 0.6700569748337478 0.3912352610336444
 0.4106318987523354 0.6706856927658541 0.3918201662060163
 0.4103731981150313 0.6713112910867540 0.3924025501997599
 0.4100800814201332 0.6720188713051275 0.3930616998420703
 0.4098013032986890 0.6726906170347656 0.3936879286174835
 0.4095429451800696 0.6733120997479847 0.3942677362350971
 0.4092803777683462 0.6739426682950437 0.3948564778550653
 0.4089606231995302 0.6747091648636064 0.3955727587768927
 0.4086857732776704 0.6753667863365752 0.3961878204153543
 0.4084267537538171 0.6759854925720511 0.3967668945145309
 0.4081565324925844 0.6766298858844740 0.3973704155170391
 0.4078173307988740 0.6774372358718714 0.3981271635039175
 0.4075460855022009 0.6780816110931339 0.3987316871230071
 0.4072843912636259 0.6787022660012475 0.3993144557776232
 0.4069984824075386 0.6793791974787604 0.3999506529571468
 0.4067070462141796 0.6800679815161564 0.4005986145151574
 0.4064427836839760 0.6806914698350686 0.4011856677857212
 0.4061788355012531 0.6813132014333283 0.4017715318749361
 0.4058794660910173 0.6820171447690662 0.4024354188087310
 0.4055948959699462 0.6826850880861521 0.4030659226621466
 0.4053311684642635 0.6833030687163915 0.4036497934082198
 0.4050633168218361 0.6839296919790897 0.4042423757863500
 0.4047399922098049 0.6846847250883991 0.4049571238861717
 0.4044588927169268 0.6853399438319969 0.4055779978548598
 0.4041943719541681 0.6859554954365108 0.4061617637223356
 0.4039194873300912 0.6865941165340560 0.4067678724622641
 0.4035538846449097 0.6874418490078325 0.4075731850880503
 0.4032751467954044 0.6880869069874869 0.4081865724054716
 0.4030078898712037 0.6887043770524433 0.4087742608201905
 0.4027158729805101 0.6893779164954988 0.4094159350044111
 0.4024185209711063 0.6900625468293798 0.4100688324786212
 0.4021489147991228 0.6906822389615700 0.4106603467560289
 0.4018798910701216 0.6912995953178285 0.4112501234846645
 0.4015765597089400 0.6919944906990957 0.4119145596652369
 0.4012849285275841 0.6926613972804097 0.4125528446212183
 0.4010154381514600 0.6932766428484751 0.4131422565343081
 0.4007426182535702 0.6938984862890213 0.4137385768282231
 0.4004194358071778 0.6946338202961134 0.4144444979274621
 0.4001314870436143 0.6952878024832393 0.4150729900702284
 0.3998614708519325 0.6959000458742620 0.4156618991944006
 0.3995829864650107 0.6965304691468902 0.4162687983432335
 0.3991773936621777 0.6974467886576490 0.4171518300301595
 0.3994478787659991 0.6968359487720553 0.4165630597277264
 0.3991808959344164 0.6974388856368799 0.4171442093693397
 0.3989096076624054 0.6980505777834300 0.4177343031507645
 0.3986387760646395 0.6986602703569591 0.4183230047302109
 0.3983448558877873 0.6993208468648563 0.4189614618364538
 0.3980357584340807 0.7000143111053535 0.4196323928227871
 0.3977592745286444 0.7006335481372322 0.4202320746311708
 0.3974855734831828 0.7012455716254065 0.4208252704693971
 0.3971826508109195 0.7019218039906825 0.4214812732017903
 0.3968804560836306 0.7025952287923741 0.4221351799876464
 0.3966042861144419 0.7032096295781399 0.4227323643335451
 0.3963273098313858 0.7038248402916901 0.4233309380767091
 0.3960108403819618 0.7045265699319683 0.4240144426129007
 0.3957135276231599 0.7051846582101314 0.4246561457128634
 0.3954374818624997 0.7057946670121510 0.4252515389619529
 0.3951568896584697 0.7064137332939134 0.4258563027354619
 0.3948183326249950 0.7071593635745737 0.4265854001986107
 0.3945240830665336 0.7078062412584574 0.4272185677356241
 0.3942477893275567 0.7084126572717410 0.4278126944393707
 0.3939623511463349 0.7090381425259088 0.4284260940133549
 0.3935469479693826 0.7099466111738766 0.4293180611462009
 0.3938239734541547 0.7093410065715607 0.4287233210610150
 0.3935502591253745 0.7099393782846561 0.4293109549088948
 0.3932719970048881 0.7105467407421977 0.4299079327153350
 0.3929943346632854 0.7111518412307479 0.4305031717453285
 0.3926937908268941 0.7118057376317201 0.4311469404787924
 0.3923743906620110 0.7124994462861813 0.4318305257887113
 0.3920899670228135 0.7131161401637837 0.4324387986713424
 0.3918089331424118 0.7137245170800105 0.4330394405153376
 0.3914987207628988 0.7143949464664713 0.4337020251042063
 0.3911878505789755 0.7150656302754425 0.4343655598082156
 0.3909045216901474 0.7156758811486890 0.4349698779509273
 0.3906213090983244 0.7162849181990846 0.4355735039196312
 0.3903022354040182 0.7169699233055029 0.4362530129107337
 0.3899949472682133 0.7176284790705975 0.4369068853424820
 0.3897116270072897 0.7182346747338414 0.4375093172107035
 0.3894261423730108 0.7188445398991261 0.4381159462113845
 0.3890981420585998 0.7195440416723213 0.4388124154312829
 0.3887921524542123 0.7201954622114418 0.4394616327470361
 0.3885077758025360 0.7207998873711228 0.4400645081547117
 0.3882187289959733 0.7214132709444804 0.4406767754966365
 0.3878726951102436 0.7221463078771957 0.4414090768255112
 0.3875685495213022 0.7227894626810184 0.4420521547843778
 0.3872831988104423 0.7233919018958572 0.4426550461284903
 0.3869889106950283 0.7240122281727428 0.4432763991130063
 0.3865761572280623 0.7248805926288784 0.4441471626571968
 0.3862723740607445 0.7255184582763754 0.4447874687473216
 0.3859848495210447 0.7261212175143766 0.4453930218336358
 0.3856765361140856 0.7267665162204286 0.4460418123719542
 0.3853439775160860 0.7274613557074809 0.4467409940299788
 0.3850503434859915 0.7280738319263689 0.4473578229941032
 0.3847619211014385 0.7286744954938608 0.4479632569737592
 0.3844486668416658 0.7293258195194277 0.4486203214361782
 0.3841200546213200 0.7300079007020314 0.4493090215700780
 0.3838257853221890 0.7306176804973661 0.4499252027602391
 0.3835347226346957 0.7312198729339728 0.4505341293564573
 0.3832144899482269 0.7318813371473853 0.4512034472482069
 0.3828903959461192 0.7325496300250299 0.4518801807458524
 0.3825960601720377 0.7331555640565199 0.4524942477783802
 0.3823026523819037 0.7337586469804547 0.4531059162821021
 0.3819745961511777 0.7344318393982567 0.4537892912304390
 0.3816542316933089 0.7350881223565240 0.4544560953679097
 0.3813601749570801 0.7356895371611445 0.4550676335117027
 0.3810652429855887 0.7362918073866620 0.4556804709891429
 0.3807321514520263 0.7369708803339154 0.4563719560109227
 0.3804122008690844 0.7376220466375933 0.4570355296790359
 0.3801171433010415 0.7382215844861637 0.4576469527143910
 0.3798201816279254 0.7388240586577767 0.4582618337585793
 0.3794822093454498 0.7395086003775432 0.4589610313334498
 0.3791614640220089 0.7401571368816567 0.4596239646734047
 0.3788645742122240 0.7407564757589625 0.4602370047131871
 0.3785644202047200 0.7413614667676482 0.4608561763837075
 0.3782155705133998 0.7420634289545135 0.4615750203641915
 0.3778960399070179 0.7427052858214171 0.4622327409388337
 0.3775983051505744 0.7433024095592707 0.4628450291584379
 0.3772948983287399 0.7439099686306045 0.4634684528282657
 0.3769270560013662 0.7446452885786194 0.4642235735923501
 0.3766092977892851 0.7452793748455098 0.4648752385735238
 0.3763113049681228 0.7458730835118077 0.4654857928302596
 0.3760046033254434 0.7464832007272848 0.4661135800148958
 0.3756040027955869 0.7472786751298813 0.4669326238571270
 0.3752861107547401 0.7479087629946022 0.4675818249668938
 0.3749863529075904 0.7485019772284816 0.4681934143378079
 0.3746724568158931 0.7491222063153282 0.4688332564132125
 0.3742766379025543 0.7499029059283027 0.4696391937545489
 0.3739611768659771 0.7505239954975589 0.4702807455587477
 0.3736584000050501 0.7511191855465705 0.4708958179257811
 0.3733338812389894 0.7517561112899011 0.4715542928949116
 0.3729807378953890 0.7524480421508004 0.4722699670901685
 0.3726703398305417 0.7530552120772405 0.4728982986631171
 0.3723659697789211 0.7536496781094314 0.4735138226877129
 0.3720358012500352 0.7542935130920940 0.4741808731460001
 0.3716894448790430 0.7549677800138623 0.4748799091491559
 0.3713798914336919 0.7555694214242521 0.4755040218999715
 0.3710747369506277 0.7561616112285467 0.4761186439020588
 0.3707430661007824 0.7568042473528588 0.4767859601450785
 0.3703953344281363 0.7574768747175437 0.4774848058629410
 0.3700843246729021 0.7580774953833529 0.4781091995114465
 0.3697777698590914 0.7586686153813450 0.4787240731244603
 0.3694453117533897 0.7593086803787319 0.4793902631128232
 0.3690933228653179 0.7599852130582019 0.4800948390688471
 0.3687795269172748 0.7605873580259042 0.4807222708840389
 0.3684702868670705 0.7611798603359147 0.4813399166258773
 0.3681336513623469 0.7618238398294144 0.4820114980217998
 0.3677825884277115 0.7624942988804442 0.4827110115491340
 0.3674676446120983 0.7630948083056804 0.4833378559421340
 0.3671562199071992 0.7636877094097670 0.4839570828779414
 0.3668147601012082 0.7643367692000530 0.4846353507714127
 0.3664663183752987 0.7649980011039108 0.4853267415720151
 0.3661514110180278 0.7655946434999237 0.4859509085636650
 0.3658393216730190 0.7661850581855644 0.4865688126533478
 0.3654976399011134 0.7668304454971460 0.4872445077320310
 0.3651464362259088 0.7674927213540804 0.4879381636443015
 0.3648299059080027 0.7680886633311672 0.4885626023662777
 0.3645169812793902 0.7686769352793814 0.4891792634441968
 0.3641768685167318 0.7693153281370894 0.4898487580922945
 0.3638186087943810 0.7699866711976776 0.4905531117632843
 0.3634985966092337 0.7705853813229712 0.4911814834041054
 0.3631831990266057 0.7711745741010869 0.4918000377235203
 0.3628406867441989 0.7718134294746579 0.4924709092597774
 0.3624800966463655 0.7724848937517858 0.4931762488882236
 0.3621578382526321 0.7730840198105040 0.4938058397229672
 0.3618398040526761 0.7736744075040486 0.4944265095618491
 0.3614924283828473 0.7743182626395476 0.4951037094278372
 0.3611342006446113 0.7749811411367076 0.4958012557468199
 0.3608117358621715 0.7755768986870721 0.4964284267778814
 0.3604928560988057 0.7761651566670061 0.4970479009467284
 0.3601449173946385 0.7768060310764353 0.4977229779527954
 0.3597844040904327 0.7774689805994577 0.4984215172252570
 0.3594607510794875 0.7780632093091144 0.4990478445120597
 0.3591416594970625 0.7786481972991539 0.4996646339140337
 0.3587967474975837 0.7792795580933634 0.5003305481651787
 0.3584269523955831 0.7799553594779297 0.5010435802144415
 0.3580995869147355 0.7805526675081590 0.5016739700979055
 0.3577785369316491 0.7811375861614801 0.5022914139299407
 0.3574331501238044 0.7817658896343415 0.5029547863725352
 0.3570566424130788 0.7824496835234735 0.5036769232279159
 0.3567257152544180 0.7830497331133669 0.5043108136301032
 0.3564014512437252 0.7836368298362228 0.5049312336875885
 0.3560511359148042 0.7842701283528544 0.5056007327035522
 0.3556773501378012 0.7849447548511485 0.5063141948966444
 0.3553456968176946 0.7855423897547902 0.5069464245484686
 0.3550198089261347 0.7861287694892078 0.5075668760061877
 0.3546670348609224 0.7867625623276463 0.5082376039016104
 0.3542936603273178 0.7874322783871673 0.5089464635971804
 0.3539617241569477 0.7880267315924587 0.5095757795938974
 0.3536360130757881 0.7886091836939043 0.5101925226753697
 0.3532860655186287 0.7892340385854364 0.5108543248755172
 0.3529034277223881 0.7899161561266442 0.5115769552023388
 0.3525684503897980 0.7905123641248636 0.5122086998079899
 0.3522417154064106 0.7910930537899047 0.5128240885705643
 0.3518932925978618 0.7917113685527589 0.5134794346255231
 0.3514971217157395 0.7924132687930350 0.5142234955597266
 0.3511572326151179 0.7930144834301331 0.5148609638526108
 0.3508270474090778 0.7935976781018196 0.5154794808275923
 0.3504744085784520 0.7942196043497379 0.5161392544676315
 0.3500792139107370 0.7949154493674290 0.5168776368312910
 0.3497372863135337 0.7955165399369214 0.5175155832867083
 0.3494040895396112 0.7961014253561969 0.5181363790489610
 0.3490462257184116 0.7967286721963701 0.5188021545829046
 0.3486578608501746 0.7974082842900708 0.5195235283956657
 0.3483166916571251 0.7980043699286530 0.5201562836022599
 0.3479832310903540 0.7985861432112484 0.5207739157127694
 0.3476255933699057 0.7992091733117601 0.5214354486528656
 0.3472339739664050 0.7998903090765120 0.5221587988455078
 0.3468917958625484 0.8004845209252971 0.5227899188012302
 0.3465585135879524 0.8010624524433704 0.5234037939430606
 0.3462041441425520 0.8016760527727395 0.5240555911605009
 0.3457948463133382 0.8023836161344844 0.5248072533487471
 0.3454476007763315 0.8029829478463085 0.5254440093061645
 0.3451119112223489 0.8035614994849404 0.5260587737029297
 0.3447565160780370 0.8041731218077157 0.5267087785241903
 0.3443341714157806 0.8048987742228177 0.5274800756502056
 0.3439821142368513 0.8055026800914976 0.5281220095431209
 0.3436423258422853 0.8060846971008047 0.5287406711936959
 0.3432803741333063 0.8067037692746315 0.5293986953820748
 0.3428722652481566 0.8074006683474079 0.5301394279399354
 0.3425207593398884 0.8079999633577156 0.5307764481435707
 0.3421788097203680 0.8085821275112846 0.5313953316502820
 0.3418121829911729 0.8092053892176078 0.5320580154540758
 0.3414120102788196 0.8098846020382783 0.5327803201652064
 0.3410617314579420 0.8104782109930699 0.5334116718355678
 0.3407201188289811 0.8110563102289420 0.5340265629117933
 0.3403555890198980 0.8116722979383613 0.5346817593380733
 0.3399457359151788 0.8123637761242353 0.5354172420650183
 0.3395929414562744 0.8129580617516436 0.5360493464855663
 0.3392512312244395 0.8135328614280432 0.5366607360331366
 0.3388903772736065 0.8141389962427246 0.5373054681095497
 0.3384508795138797 0.8148760325540927 0.5380894251335107
 0.3380914694494450 0.8154777876855509 0.5387294349049003
 0.3377466523337322 0.8160542892563523 0.5393425039940952
 0.3373826472652142 0.8166620023691515 0.5399886613404605
 0.3369421492716463 0.8173962331278150 0.5407692176107409
 0.3365795617647983 0.8179996283059018 0.5414106264015719
 0.3362302970681448 0.8185800250611295 0.5420275790793626
 0.3358582037516265 0.8191974675520480 0.5426839218602070
 0.3354389996326897 0.8198919885910537 0.5434221979196222
 0.3350777167631016 0.8204896198732636 0.5440574359667674
 0.3347263059515512 0.8210700996826858 0.5446743586649136
 0.3343499817976435 0.8216908380847164 0.5453339422164040
 0.3339372070930624 0.8223706409720398 0.5460561335245350
 0.3335771039750152 0.8229627963746368 0.5466851075022137
 0.3332265901000392 0.8235383788545392 0.5472964184427133
 0.3328537114478068 0.8241498188394921 0.5479457758037763
 0.3324282194202380 0.8248464443622344 0.5486855638899615
 0.3320654673685164 0.8254394373584247 0.5493152518299479
 0.3317151953732361 0.8260112344862266 0.5499223715768433
 0.3313464280779628 0.8266123833681750 0.5505605806639583
 0.3308814183418886 0.8273691981572633 0.5513639544761442
 0.3305109568831031 0.8279711596344799 0.5520029003007527
 0.3301571098258133 0.8285453212350602 0.5526123227844033
 0.3297844241444585 0.8291492052711430 0.5532532821871593
 0.3293213855534370 0.8298982893470457 0.5540483065022707
 0.3289475720618331 0.8305020593529024 0.5546890105002514
 0.3285888282690411 0.8310806780396907 0.5553028986982079
 0.3282074549163900 0.8316949278494312 0.5559544288533015
 0.3277731742770222 0.8323933062767980 0.5566950000031287
 0.3274012795225428 0.8329904453236289 0.5573280884705124
 0.3270400364155209 0.8335696761814531 0.5579421174951369
 0.3266530664219754 0.8341892813469707 0.5585988909246558
 0.3262296866910012 0.8348661491710344 0.5593162886434881
 0.3258597186722654 0.8354567437218754 0.5599421474636288
 0.3254992526947373 0.8360313809646357 0.5605509627701060
 0.3251151584063238 0.8366428316391167 0.5611985984215628
 0.3246810610445817 0.8373328275436241 0.5619291806582356
 0.3243090258040578 0.8379232877037914 0.5625541720752049
 0.3239496026659777 0.8384929553962525 0.5631569964874193
 0.3235717240809359 0.8390910549572693 0.5637897506883398
 0.3230868193153525 0.8398573285480162 0.5646001774237217
 0.3227063897717368 0.8404575444333338 0.5652347567527795
 0.3223443186887339 0.8410280146498411 0.5658376820531096
 0.3219642548135379 0.8416260175432899 0.5664694818179477
 0.3214681332023682 0.8424053758765758 0.5672925639735815
 0.3210829512065750 0.8430094844759430 0.5679303530892506
 0.3207154034948959 0.8435851448885401 0.5685379663729345
 0.3203256164550651 0.8441947959238331 0.5691813128838692
 0.3198722211654642 0.8449028491442104 0.5699282789953031
 0.3194885589416762 0.8455010944856839 0.5705591582654097
 0.3191168147784228 0.8460799651785729 0.5711693378060666
 0.3187191923245776 0.8466982747199676 0.5718207598080748
 0.3182811063074848 0.8473784828760136 0.5725369960386960
 0.3178994059716160 0.8479702712770368 0.5731598159710835
 0.3175273695070437 0.8485462995233114 0.5737658049529073
 0.3171291473478474 0.8491620242818698 0.5744133166347190
 0.3166919005579020 0.8498370833163833 0.5751229466788439
 0.3163110783192799 0.8504241755397300 0.5757398445008053
 0.3159411904815276 0.8509936527478684 0.5763379698112604
 0.3155501038831999 0.8515949579879822 0.5769692154692430
 0.3150811496476166 0.8523148940461583 0.5777245671869277
 0.3146944217911012 0.8529077037956780 0.5783461950878426
 0.3143242648721990 0.8534743592923026 0.5789401213820506
 0.3139375461562521 0.8540655847617633 0.5795595182729157
 0.3133656405015300 0.8549384671003040 0.5804734387346027
 0.3137469995861434 0.8543566036164002 0.5798642955203762
 0.3133777924755937 0.8549199379888430 0.5804540458428736
 0.3130024020545529 0.8554919652197989 0.5810525811362912
 0.3126296430027095 0.8560592454965902 0.5816458119412761
 0.3122358952484565 0.8566576724036143 0.5822712412148832
 0.3117387377168310 0.8574121021997363 0.5830591935802162
 0.3113416431036480 0.8580137603839447 0.5836872162991172
 0.3109610137991081 0.8585897010633576 0.5842881234099770
 0.3105572237304399 0.8591998659837726 0.5849244617954661
 0.3100937216166971 0.8598992235687283 0.5856534411129283
 0.3096977701352129 0.8604957819176730 0.5862748936015355
 0.3093131771723544 0.8610744581273477 0.5868773345588812
 0.3089018835023693 0.8616924742869823 0.5875202738420371
 0.3084534618463972 0.8623652999839870 0.5882196846009362
 0.3080603311781410 0.8629543282067936 0.5888315384181656
 0.3076767532320418 0.8635282926690568 0.5894273725608113
 0.3072677055068683 0.8641395545852839 0.5900615453433313
 0.3068151108999829 0.8648149155959091 0.5907617650677579
 0.3064222335307740 0.8654003391666842 0.5913683253039614
 0.3060414825201064 0.8659669624394646 0.5919550081762543
 0.3056414516821562 0.8665615053576967 0.5925701466369384
 0.3051387886152061 0.8673074677479079 0.5933412699952763
 0.3047377931114472 0.8679016651941572 0.5939549693076900
 0.3043563138643161 0.8684662147553484 0.5945376117284500
 0.3039597315616295 0.8690523649807964 0.5951420975561529
 0.3034071012724340 0.8698678847559612 0.5959823344875134
 0.3029967438672369 0.8704724991192943 0.5966046349100300
 0.3026106530456941 0.8710406215986424 0.5971888486572966
 0.3022078059412457 0.8716326409190657 0.5977970813701682
 0.3016460643609030 0.8724568804584992 0.5986429788087708
 0.3012317682037262 0.8730638165730500 0.5992652274126845
 0.3008382386349194 0.8736395803597024 0.5998550512499483
 0.3004191791320295 0.8742518965081362 0.6004818272448752
 0.2999513905939869 0.8749344434217085 0.6011798569100079
 0.2995438064787982 0.8755283153107843 0.6017865948403949
 0.2991462148102000 0.8761068850201121 0.6023771000984449
 0.2987189802283687 0.8767277765665836 0.6030101011354383
 0.2982616441784573 0.8773914834501385 0.6036859426280995
 0.2978560117128433 0.8779793540635675 0.6042838856641226
 0.2974589926915746 0.8785540147198591 0.6048678119095087
 0.2970325848822576 0.8791704162985932 0.6054935408754861
 0.2965755365344994 0.8798301974951422 0.6061626079771090
 0.2961715766504973 0.8804125583081631 0.6067525417416484
 0.2957784509647493 0.8809785972537387 0.6073253476052961
 0.2953631538125068 0.8815758094752240 0.6079290327416311
 0.2948716640737196 0.8822815979236220 0.6086415645965093
 0.2944616515049320 0.8828695649870816 0.6092344000374071
 0.2940700029105169 0.8834305053259054 0.6097993586407572
 0.2936634539891917 0.8840120739677900 0.6103844509426087
 0.2931200069788221 0.8847883465468398 0.6111643883566701
 0.2926986003132641 0.8853894087763576 0.6117674381172428
 0.2923038779706681 0.8859517125286168 0.6123308994477502
 0.2918968688762473 0.8865308153385509 0.6129104689768474
 0.2913918749589000 0.8872483440695266 0.6136275582278813
 0.2909644737183129 0.8878547717944483 0.6142327583889490
 0.2905635305703294 0.8884229517899201 0.6147990958119284
 0.2901525108556138 0.8890047037730510 0.6153782690706360
 0.2896599127190520 0.8897009811052577 0.6160705058484505
 0.2892240526521557 0.8903162098731516 0.6166812390506030
 0.2888155128142486 0.8908921537005235 0.6172521292257986
 0.2883966597971718 0.8914819148677515 0.6178358276071692
 0.2878756417602378 0.8922145132600887 0.6185596273154781
 0.2874381246589723 0.8928288366917209 0.6191655148654234
 0.2870263705295949 0.8934062680572767 0.6197341739995359
 0.2865985796852074 0.8940054546592333 0.6203234215505790
 0.2860430900411848 0.8947823917124139 0.6210862028549445
 0.2856111043941412 0.8953857258433914 0.6216775169720600
 0.2852009017456930 0.8959579405336331 0.6222374521317297
 0.2847678265759863 0.8965613287546902 0.6228269201121058
 0.2842705378818770 0.8972532596528768 0.6235016288495349
 0.2838484221062328 0.8978398232834087 0.6240725400945327
 0.2834433056087982 0.8984021022626082 0.6246189231518451
 0.2830207397269069 0.8989879113078927 0.6251872575600597
 0.2824285255727770 0.8998077285983883 0.6259810558249539
 0.2819970205721899 0.9004042108670174 0.6265574362490413
 0.2815921664345789 0.9009631960205629 0.6270966585912551
 0.2811709885530512 0.9015440476156578 0.6276560025482539
 0.2805465968233553 0.9024038996591178 0.6284821726945624
 0.2809629369250164 0.9018307222873447 0.6279316927416527
 0.2805582118603797 0.9023879181747205 0.6284668373380812
 0.2801476444572515 0.9029525180201151 0.6290081493955837
 0.2797423903923175 0.9035091823772488 0.6295409231729223
 0.2793197787776741 0.9040890269481278 0.6300948896412727
 0.2787642153291697 0.9048502643189792 0.6308205701529062
 0.2783234881153447 0.9054533291598470 0.6313941380871444
 0.2779093189831029 0.9060193932719655 0.6319314089247301
 0.2774808999436083 0.9066042634702136 0.6324853881148559
 0.2769267184812398 0.9073598169738754 0.6331993346644306
 0.2764786751088161 0.9079698404496832 0.6337744048122937
 0.2760556963227466 0.9085450646227208 0.6343155881824775
 0.2756137704601914 0.9091453604914249 0.6348792498386402
 0.2750478591256804 0.9099130417224559 0.6355983924420313
 0.2745992484493215 0.9105207808047073 0.6361662946519551
 0.2741693520519473 0.9111024912883456 0.6367086437991649
 0.2737072459595669 0.9117270518279631 0.6372895576318006
 0.2732158483286746 0.9123903712177093 0.6379049339488491
 0.2727796777903580 0.9129784285314891 0.6384491361725153
 0.2723516108529295 0.9135549116091618 0.6389814200603779
 0.2718879341841671 0.9141786292585371 0.6395559901902467
 0.2714036001398784 0.9148293371838285 0.6401539476378599
 0.2709721493620343 0.9154083134389702 0.6406846890471081
 0.2705499337540206 0.9159742773503236 0.6412022773009752
 0.2701004300924018 0.9165761498250715 0.6417513330829782
 0.2695925179081078 0.9172554025388594 0.6423692440552790
 0.2691576707539567 0.9178362487549035 0.6428961674605825
 0.2687397032566342 0.9183939481961519 0.6434008248124327
 0.2683050980544490 0.9189732271351736 0.6439237010694070
 0.2677033161328392 0.9197742950623828 0.6446445730346808
 0.2672545219294436 0.9203709313408325 0.6451798043710532
 0.2668353484150837 0.9209275903830441 0.6456778653688641
 0.2664032437576315 0.9215008194568804 0.6461894218810523
 0.2658708493558568 0.9222062562518035 0.6468171094716385
 0.2654172553403874 0.9228065559334904 0.6473496496260747
 0.2649934845410658 0.9233667876740780 0.6478453294195197
 0.2645631316906419 0.9239351317611030 0.6483468883513118
 0.2640763199979358 0.9245773260060722 0.6489120238956315
 0.2636032742969107 0.9252006401897689 0.6494588847190339
 0.2631682575023218 0.9257732220366055 0.6499597550727949
 0.2627337814459510 0.9263444994408487 0.6504580456705672
 0.2622582633615652 0.9269690663216669 0.6510011674772683
 0.2617597333770323 0.9276231045678611 0.6515680907367952
 0.2613114560356277 0.9282105597881752 0.6520757346971884
 0.2608672877066192 0.9287920219576165 0.6525767578168667
 0.2603799480769233 0.9294293069275936 0.6531242231231229
 0.2598788885711131 0.9300837814859916 0.6536846014360984
 0.2594250414632460 0.9306759341488605 0.6541899355498304
 0.2589722647714656 0.9312660743498259 0.6546919046547304
 0.2584604005195583 0.9319324917115848 0.6552567350269470
 0.2579730017772821 0.9325663344521273 0.6557919648506655
 0.2575231843920831 0.9331506829809195 0.6562837039892078
 0.2570691939265105 0.9337398515755755 0.6567778808564492
 0.2565377806561263 0.9344287333967667 0.6573536561781912
 0.2560605563185126 0.9350466721520835 0.6578682597564012
 0.2556174648104959 0.9356198268193343 0.6583439530509170
 0.2551692527289523 0.9361990334708404 0.6588230546820885
 0.2546529766504366 0.9368654881834109 0.6593722801085010
 0.2541763723750127 0.9374800619712718 0.6598767956321645
 0.2537368709954880 0.9380462263299086 0.6603399157561320
 0.2532977060665312 0.9386114180829161 0.6608006697561901
 0.2528173968169448 0.9392289477263218 0.6613023083831371
 0.2523205519177621 0.9398670665807672 0.6618187173031770
 0.2518763769785747 0.9404369653288749 0.6622782256270366
 0.2514425047540640 0.9409931251674706 0.6627250999827453
 0.2509864089038759 0.9415772214596877 0.6631927508659514
 0.2503814218992422 0.9423511285091813 0.6638097234771062
 0.2499182005821317 0.9429430240745689 0.6642795568533713
 0.2494812527950037 0.9435008241544854 0.6647207121405464
 0.2490287372220993 0.9440779650197194 0.6651755095433799
 0.2484538894350561 0.9448103522076166 0.6657501949320791
 0.2479809555736209 0.9454122479172606 0.6662204033541270
 0.2475379285786289 0.9459755547102927 0.6666587379537698
 0.2470847056328743 0.9465513013422068 0.6671050154113497
 0.2465554287891328 0.9472229952192837 0.6676234507410683
 0.2460679893752407 0.9478409625623232 0.6680983320480121
 0.2456139436793067 0.9484160526476240 0.6685384829644896
 0.2451543498993166 0.9489976414287273 0.6689818602378608
 0.2446337894115038 0.9496557418519584 0.6694814182849164
 0.2441289600110525 0.9502933116348501 0.6699631627175069
 0.2436620606852447 0.9508824180354080 0.6704062869058669
 0.2431901728017369 0.9514772755757894 0.6708517523092787
 0.2426439356922661 0.9521651798831240 0.6713644022299897
 0.2421375172997394 0.9528022938672003 0.6718368418738218
 0.2416638242970713 0.9533976792638684 0.6722763255163012
 0.2411761072518736 0.9540101321696023 0.6727264078432034
 0.2404766378859060 0.9548875107989775 0.6733676516739326
 0.2409430133354750 0.9543026415667505 0.6729406557231016
 0.2404780075209488 0.9548857939248362 0.6733664009695557
 0.2400043218900944 0.9554793094194284 0.6737977943085641
 0.2395303767301410 0.9560726262222777 0.6742270721526911
 0.2390098171084570 0.9567236984105085 0.6746958347370500
 0.2384873135589511 0.9573765749519864 0.6751634666602917
 0.2380143013167915 0.9579670734407635 0.6755843398347429
 0.2375450779743713 0.9585523403558779 0.6759995616590145
 0.2370268597238265 0.9591981424424900 0.6764555351062970
 0.2365127031870473 0.9598382887498080 0.6769052482145969
 0.2360465213113322 0.9604181966096675 0.6773106778115827
 0.2355858656907663 0.9609907586524697 0.6777091105164043
 0.2350887505035839 0.9616081151235040 0.6781366087134875
 0.2345565269493736 0.9622684752769141 0.6785914370577664
 0.2340882766382772 0.9628489536229367 0.6789891451750483
 0.2336336439344709 0.9634121000379782 0.6793731003932709
 0.2331569209537447 0.9640021357800639 0.6797734077080863
 0.2325250711829527 0.9647834290697409 0.6803003502397468
 0.2320426864043559 0.9653793416592936 0.6806998584238196
 0.2315879824608679 0.9659406146026356 0.6810742266405211
 0.2311166375810948 0.9665219767019657 0.6814600228746399
 0.2304971495691124 0.9672853658613768 0.6819635605571848
 0.2300078504264410 0.9678877713839853 0.6823584682121094
 0.2295500636314086 0.9684509415239545 0.6827257081308258
 0.2290807815806765 0.9690278160629598 0.6830999302781989
 0.2285268541888410 0.9697081773583961 0.6835387253501241
 0.2280265837131792 0.9703221125824051 0.6839322761602937
 0.2275610659699890 0.9708929574589069 0.6842961388544339
 0.2270914252961145 0.9714684299106852 0.6846609264396968
 0.2265687851950263 0.9721083431391542 0.6850641791771876
 0.2260425418681405 0.9727521380770349 0.6854673623616609
 0.2255627143174361 0.9733386889807926 0.6858325143076582
 0.2250855031352263 0.9739216097014115 0.6861933480834808
 0.2245659588674637 0.9745557549081508 0.6865835426274286
 0.2240111326109610 0.9752324096265500 0.6869971531695347
 0.2235152648477898 0.9758366787010799 0.6873640831198983
 0.2230241892095756 0.9764346641980099 0.6877249084440515
 0.2224834052231199 0.9770926729908546 0.6881193139375690
 0.2219305941692978 0.9777647715093409 0.6885193313930744
 0.2214259660192262 0.9783778136132961 0.6888817313117090
 0.2209165895272304 0.9789961668666604 0.6892449033502551
 0.2203041685444386 0.9797390070819023 0.6896780374789835
 0.2197682124684600 0.9803885632485285 0.6900539230581750
 0.2192608779416420 0.9810029750253810 0.6904069747100545
 0.2187235282572811 0.9816532572457334 0.6907779603811743
 0.2181353728456407 0.9823644623703331 0.6911805408682734
 0.2176213582040625 0.9829855402949798 0.6915294236233100
 0.2171152217598124 0.9835966698685226 0.6918703098746996
 0.2165455164469882 0.9842840500669778 0.6922509040104456
 0.2160059659012439 0.9849345582183030 0.6926083344435233
 0.2155089690747382 0.9855333446852685 0.6929349664410600
 0.2150082688072211 0.9861361923753026 0.6932614819055863
 0.2144259930143022 0.9868367564935584 0.6936379502896463
 0.2138990102178738 0.9874703346211344 0.6939756557943200
 0.2134106522775905 0.9880570882392462 0.6942860649577328
 0.2129177370015444 0.9886489434144358 0.6945969095126787
 0.2123535521565675 0.9893259166669827 0.6949496894238851
 0.2118274636459734 0.9899567421435810 0.6952757692638931
 0.2113425779445665 0.9905377931785132 0.6955738519303731
 0.2108575036492293 0.9911187194388601 0.6958696849859454
 0.2103231038708494 0.9917583155051862 0.6961928546699858
 0.2097814758389549 0.9924061361448826 0.6965174585015127
 0.2092927879794615 0.9929902720345503 0.6968078054005062
 0.2088121379490618 0.9935644655082215 0.6970910480559183
 0.2083003278658519 0.9941755217712609 0.6973901266846545
 0.2077065278791570 0.9948840039520783 0.6977338630158832
 0.2072053965138941 0.9954815371599023 0.6980212418135041
 0.2067235379321423 0.9960557626971190 0.6982952295189593
 0.2062198808816656 0.9966556252898244 0.6985791681888307
 0.2054776955984567 0.9975389518987489 0.6989930530482912
 0.2059725264378785 0.9969501016464999 0.6987177042678057
 0.2054907543020366 0.9975234162234452 0.6989858171226196
 0.2050008570505504 0.9981060812189984 0.6992561411533387
 0.2045148881215408 0.9986837595377109 0.6995220061162807
 0.2040029662212179 0.9992919529459796 0.6997996049944608
 0.2033205206540456  1.000102208774303 0.7001657333488863
 0.2027978309089885  1.000722384379718 0.7004430990797441
 0.2023003564969762  1.001312319170470 0.7007046221467458
 0.2017744624977336  1.001935616931451 0.7009784857730457
 0.2011359090724426  1.002691977569880 0.7013074591411282
 0.2006088335822705  1.003315915430151 0.7015760919291868
 0.2000990305170693  1.003919084822171 0.7018334379406941
 0.1995529670150010  1.004564808066452 0.7021063836694160
 0.1989403423497331  1.005288817307524 0.7024092599098265
 0.1984057667791124  1.005920225662184 0.7026706535532456
 0.1978785472884274  1.006542619434416 0.7029258093515189
 0.1972934379270296  1.007232978636902 0.7032059375020115
 0.1967070026591445  1.007924511188411 0.7034835361161886
 0.1961655673052260  1.008562635652837 0.7037370692454779
 0.1956109131730427  1.009216001328415 0.7039940751888519
 0.1948483919877332  1.010113676383121 0.7043429287466575
 0.1942728231804253  1.010790844909912 0.7046028104362064
 0.1937127664802263  1.011449422808542 0.7048528318910848
 0.1930112782754992  1.012273844419007 0.7051620232797111
 0.1924337179145121  1.012952235134108 0.7054133116028155
 0.1918815127798169  1.013600523073098 0.7056508383179283
 0.1912670349963472  1.014321554608344 0.7059120518219001
 0.1906798031538488  1.015010261351912 0.7061586489545525
 0.1901369180825358  1.015646653935367 0.7063839817675450
 0.1895815790578892  1.016297346867953 0.7066118466130905
 0.1888454833624818  1.017159373777695 0.7069097624368981
 0.1882846937166762  1.017815756679649 0.7071335955747111
 0.1877509543445982  1.018440203629662 0.7073441452095235
 0.1871715379458264  1.019117790841118 0.7075700018776011
 0.1865818065412194  1.019807124659277 0.7077970082690476
 0.1860504017414905  1.020428011166348 0.7079990930218877
 0.1855237465245811  1.021043099229278 0.7081970622470669
 0.1849410152218300  1.021723393962018 0.7084134302711372
 0.1843638121081578  1.022396943224016 0.7086249768748446
 0.1838382669511429  1.023009962603640 0.7088152109359557
 0.1833153393104076  1.023619695982043 0.7090022703867643
 0.1827375882390372  1.024293086829699 0.7092063904921900
 0.1821597638344846  1.024966286830661 0.7094078924572264
 0.1816347526056505  1.025577719835722 0.7095887106592189
 0.1811133384784240  1.026184743576748 0.7097661764481765
 0.1805416157040860  1.026850087127538 0.7099583712086018
 0.1799558804442631  1.027531471267675 0.7101527149369146
 0.1794272747118948  1.028146168293351 0.7103259119369161
 0.1789042841483025  1.028754124988893 0.7104952538451662
 0.1783352812234589  1.029415334293288 0.7106772472451562
 0.1777376661706582  1.030109532020333 0.7108658967164251
 0.1772029862629683  1.030730400388627 0.7110325279157834
 0.1766755166359953  1.031342692463392 0.7111949309611052
 0.1761026885717059  1.032007410795653 0.7113690802649814
 0.1754963245448756  1.032710791523969 0.7115509182669586
 0.1749543624530001  1.033339248770234 0.7117112687890610
 0.1744188200936909  1.033960062869449 0.7118677065980935
 0.1738337150712461  1.034638108353622 0.7120363330542364
 0.1732242090238252  1.035344186838363 0.7122094468099927
 0.1726741532637713  1.035981184900315 0.7123634483312956
 0.1721261918461688  1.036615561781395 0.7125147750466159
 0.1715139284711946  1.037324153445573 0.7126814220812896
 0.1709080806830914  1.038025087014963 0.7128438300263793
 0.1703484479174834  1.038672349327254 0.7129916805035479
 0.1697794879224871  1.039330202508079 0.7131398851301369
 0.1690886477796794  1.040128715469108 0.7133169987071251
 0.1684851544124171  1.040826035993007 0.7134691842819418
 0.1679094203594517  1.041491083003306 0.7136121834689507
 0.1672914992203434  1.042204649403552 0.7137633167178584
 0.1666256144247552  1.042973361659093 0.7139235151462249
 0.1660264087355295  1.043664887080047 0.7140653552103768
 0.1654141930903605  1.044371223830790 0.7142080425728318
 0.1646306840097233  1.045274894166239 0.7143873840332340
 0.1640025996229490  1.045999069111373 0.7145285007180084
 0.1633744844207308  1.046723074867200 0.7146672691189582
 0.1626184114504926  1.047594306353937 0.7148312079566225
 0.1619904075463772  1.048317745057473 0.7149648438938015
 0.1613595985419297  1.049044220234571 0.7150968062797658
 0.1606134345036835  1.049903297184991 0.7152500117229628
 0.1599920937845331  1.050618460982969 0.7153752275919762
 0.1593742914238200  1.051329374338132 0.7154976244297648
 0.1585579239997580  1.052268512413403 0.7156561824646063
 0.1579357591382840  1.052984042479432 0.7157746404928105
 0.1573328569833853  1.053677257250649 0.7158875134805659
 0.1565949292547021  1.054525510944283 0.7160231540175414
 0.1559764485677193  1.055236281977206 0.7161347441984659
 0.1553901993001297  1.055909865349113 0.7162387724386500
 0.1547594854315325  1.056634380623029 0.7163488030574287
 0.1541083491115332  1.057382188300351 0.7164603570427603
 0.1535221778483886  1.058055243026634 0.7165590268387630
 0.1529354958064534  1.058728751108140 0.7166561402342226
 0.1522383303027418  1.059528923585882 0.7167694365508100
 0.1516257278205871  1.060231889084094 0.7168671279355729
 0.1510493875055950  1.060893118005836 0.7169574630398317
 0.1504470360951725  1.061584061417263 0.7170502600146996
 0.1497312390371859  1.062404969094979 0.7171584125534565
 0.1491357115426007  1.063087811024980 0.7172466627459536
 0.1485557952011876  1.063752637051640 0.7173311146721818
 0.1479126933821881  1.064489768683068 0.7174230836362269
 0.1472797834139868  1.065215085938149 0.7175118930634031
 0.1466973935816962  1.065882393081679 0.7175921435415543
 0.1461065913260825  1.066559229777551 0.7176721332410078
 0.1453759132623824  1.067396161832301 0.7177691133235026
 0.1447585457382164  1.068103179491720 0.7178494050548165
 0.1441724372426500  1.068774293819803 0.7179242606790990
 0.1435489112945758  1.069488142129605 0.7180024577294100
 0.1428609904646325  1.070275583991815 0.7180870480155449
 0.1422566220670667  1.070967276064358 0.7181599430020248
 0.1416558528894916  1.071654748923036 0.7182311237168917
 0.1409594708687047  1.072451511192520 0.7183120891370860
 0.1403180977614809  1.073185221188347 0.7183852473470962
 0.1397128202655674  1.073877540488871 0.7184530932875057
 0.1390762424729121  1.074605559835324 0.7185232370685881
 0.1383401264615224  1.075447288370698 0.7186028485049918
 0.1377082972396128  1.076169660936879 0.7186699346219383
 0.1370782077268388  1.076889947919590 0.7187357223962559
 0.1362981954026163  1.077781488020212 0.7188156699676990
 0.1356349876148938  1.078539410533027 0.7188823821177160
 0.1349931574657235  1.079272806073867 0.7189458601154308
 0.1342599232024387  1.080110531810601 0.7190170847024340
 0.1335698801865716  1.080898802282566 0.7190828559613482
 0.1329101070350425  1.081652397040796 0.7191446036387896
 0.1321755791401745  1.082491267501480 0.7192120486394122
 0.1314610070951836  1.083307238848103 0.7192763656172761
 0.1307794487781660  1.084085414032025 0.7193365362166333
 0.1299980800238454  1.084977433639279 0.7194041162665326
 0.1292790178254766  1.085798217033984 0.7194649824748963
 0.1285778863177666  1.086598437147913 0.7195231046716374
 0.1276418533593602  1.087666612173429 0.7195988197742171
 0.1269266221918455  1.088482705617102 0.7196552432488942
 0.1261916481442674  1.089321230389363 0.7197119515729685
 0.1254498883694098  1.090167400780536 0.7197678861623511
 0.1247666048870275  1.090946780163989 0.7198182595588507
 0.1240317730807087  1.091784870180403 0.7198711999392537
 0.1233069810287279  1.092611423032816 0.7199221691046537
 0.1226359001838792  1.093376648726231 0.7199682662758173
 0.1219224858647987  1.094190069678889 0.7200161306156508
 0.1211929711211369  1.095021767809345 0.7200638711366932
 0.1205287267085976  1.095778984339570 0.7201062862666108
 0.1198406873835960  1.096563258799393 0.7201491628057420
 0.1190730131981499  1.097438227564124 0.7201957335862464
 0.1184060183450933  1.098198379613753 0.7202351164659804
 0.1177350079671092  1.098963047869345 0.7202737315053935
 0.1168187186019388  1.100007135871031 0.7203248486111193
 0.1161365223592530  1.100784411964962 0.7203617045754493
 0.1154650185564506  1.101549449725075 0.7203969848685731
 0.1145369601148746  1.102606689656286 0.7204441208375123
 0.1138519086666417  1.103387033711323 0.7204777135606250
 0.1131770639640648  1.104155700309296 0.7205098172612383
 0.1122450051361959  1.105217260554258 0.7205525610446114
 0.1115548680552792  1.106003228220245 0.7205830323406998
 0.1108726137492828  1.106780171816298 0.7206121867908563
 0.1099684967999880  1.107809701120555 0.7206493734140689
 0.1092724152629354  1.108602286248777 0.7206769146671830
 0.1085800522120413  1.109390594416844 0.7207034066146636
 0.1076719397561995  1.110424487155606 0.7207368529066199
 0.1069644467394222  1.111229925721140 0.7207619395041899
 0.1062558819481761  1.112036544255410 0.7207862586264602
 0.1053900923287174  1.113022092227430 0.7208149388024536
 0.1046736855066150  1.113837551996555 0.7208378526334605
 0.1039470612149899  1.114664604050557 0.7208603683721173
 0.1030913267608970  1.115638563455517 0.7208859791706685
 0.1023608963467812  1.116469868176430 0.7209070866415211
 0.1016086643042092  1.117325949004802 0.7209281195569375
 0.1007714566722141  1.118278694723092 0.7209507122221707
 0.1000243511746357  1.119128867822595 0.7209701669687378
 0.9923166742004734E-01  1.120030871135745 0.7209900956508580
 0.9840718231481520E-01  1.120969023801414 0.7210100572325909
 0.9763567301060953E-01  1.121846863591129 0.7210280392257595
 0.9675610046492857E-01  1.122847621996676 0.7210477350191893
 0.9593623595159000E-01  1.123780410843715 0.7210653412074999
 0.9511642371775937E-01  1.124713107762731 0.7210822388483999
 0.9418058405882046E-01  1.125777770618392 0.7211006826331672
 0.9334585419251590E-01  1.126727372724284 0.7211163893466850
 0.9227034402380638E-01  1.127950847180865 0.7211356213274008
 0.9141185675729692E-01  1.128927408401897 0.7211501876393659
 0.9041926248663520E-01  1.130056486489752 0.7211661919175216
 0.8956748079819961E-01  1.131025361635244 0.7211792294679809
 0.8867770004699127E-01  1.132037433004992 0.7211921787518667
 0.8781318708096064E-01  1.133020739138195 0.7212041218599869
 0.8698285173613188E-01  1.133965149547221 0.7212150181101000
 0.8591819108111644E-01  1.135176048438666 0.7212281889904224
 0.8508182983450437E-01  1.136127267573335 0.7212379109986732
 0.8416756581979037E-01  1.137167067220197 0.7212478892906572
 0.8332313300972750E-01  1.138127429344920 0.7212564463791371
 0.8249252258250017E-01  1.139072055959443 0.7212641455738806
 0.8149737426767108E-01  1.140203788114128 0.7212722325129909
 0.8065476168277855E-01  1.141162035775051 0.7212779221813206
 0.7971443578505007E-01  1.142231394802444 0.7212828667109931
 0.7882689958898929E-01  1.143240711882708 0.7212861698284043
 0.7792160739452485E-01  1.144270215657415 0.7212883361644532
 0.7689486373901540E-01  1.145437830657724 0.7212896842582355
 0.7592186487165407E-01  1.146544324902274 0.7212902724707442
 0.7479814433073857E-01  1.147822218777026 0.7212905290252083
 0.7368946700459104E-01  1.149083005145935 0.7212906016500240
 0.7239127137232301E-01  1.150559311359433 0.7212906196859172
 0.7102547999370383E-01  1.152112487333546 0.7212906222056087
 0.6941529522514442E-01  1.153943587112479 0.7212906224384947
 0.6756075561990707E-01  1.156052566856297 0.7212906224469291
 0.6538798926937335E-01  1.158523433592372 0.7212906224469187
 0.6259927794940516E-01  1.161694752052516 0.7212906224469103
 0.5776177237609532E-01  1.167195956359981 0.7212906224469102
 0.4277612972312533E-01  1.184237607405821 0.7212906224469102
-0.1716644088875464E-01  1.252404211589181 0.7212906224469102
-0.1300966744477623  1.380828309067336 0.7212906224469102
