RUNGE KUTTA: X Z PHI
 0.4997919338387438 0.3973734652027661E-01 0.5235987755982988E-02
 0.4984536142464013 0.1986793580466479 0.1611535089100168E-01
 0.4995145122904022 0.9272047521397876E-01 0.5235987758536759E-02
 0.4996994599892965 0.5739838941817732E-01 0.5235987755982988E-02
 0.4993294453780560 0.1280425603850008 0.5338858126424156E-02
 0.4995761615233669 0.8094644661537828E-01 0.5235987755982988E-02
 0.4993259168416593 0.1286334503675551 0.5347076509626624E-02
 0.4994929312343651 0.9684211550524380E-01 0.5235988754671139E-02
 0.4995484180939390 0.8624500291200138E-01 0.5235987755988119E-02
 0.4995095617510886 0.9366594992543532E-01 0.5235987819145861E-02
 0.4995354659796754 0.8871865191647946E-01 0.5235987756181161E-02
 0.4995088723012192 0.9379762394557090E-01 0.5235987830361667E-02
 0.4994869326238843 0.9798775475566614E-01 0.5235990332085929E-02
 0.4994693304703932 0.1013494817798185 0.5236009104979382E-02
 0.4994536300230965 0.1043479894828669 0.5236085893009597E-02
 0.4994379551641480 0.1073415227608052 0.5236347375721106E-02
 0.4994232193310787 0.1101554845224836 0.5237034781461159E-02
 0.4994108635550681 0.1125145126637641 0.5238332461992502E-02
 0.4993995083492054 0.1146817820840882 0.5240609757400349E-02
 0.4993877294858569 0.1169285554964233 0.5244825534988983E-02
 0.4993761788596378 0.1191294746925915 0.5251845809556444E-02
 0.4993662839973661 0.1210119658326720 0.5261185300982563E-02
 0.4993572173818516 0.1227333617587020 0.5273416174091583E-02
 0.4993478811916526 0.1245010206237157 0.5290720788932954E-02
 0.4993383847259579 0.1262921201220779 0.5314380807709013E-02
 0.4993298178689939 0.1279001068614810 0.5341998214302456E-02
 0.4993208621041200 0.1295711216876838 0.5378221302877840E-02
 0.4993118567907809 0.1312387892602280 0.5423110576913352E-02
 0.4993034506206035 0.1327818969178868 0.5473371410760615E-02
 0.4992939541941931 0.1345066447095590 0.5540475625023094E-02
 0.4992852021669006 0.1360763538242993 0.5612320002187758E-02
 0.4992767741277809 0.1375678545709642 0.5690657731038860E-02
 0.4992662818648176 0.1393943812870692 0.5800585406428818E-02
 0.4992576656015181 0.1408672800853727 0.5900744134143626E-02
 0.4992489150357520 0.1423367041886584 0.6011050278807947E-02
 0.4992398520638415 0.1438293858015135 0.6133810672607828E-02
 0.4992311971895458 0.1452263620136048 0.6258466958568832E-02
 0.4992216398217750 0.1467361499903282 0.6403727495166646E-02
 0.4992127450100711 0.1481100963614428 0.6545440473628959E-02
 0.4992032999592895 0.1495361727738518 0.6702225377375462E-02
 0.4991940197603435 0.1509046382825352 0.6862018390502941E-02
 0.4991842977762503 0.1523039389021203 0.7034821827742586E-02
 0.4991744640518930 0.1536843082342821 0.7214363177515003E-02
 0.4991646966810809 0.1550214175823219 0.7396311005440285E-02
 0.4991544906010473 0.1563836459308647 0.7588943222290712E-02
 0.4991444140572249 0.1576949450747126 0.7780494431943817E-02
 0.4991341127328811 0.1590024797419943 0.7976913831110467E-02
 0.4991236243957037 0.1603010670068848 0.8177005426671298E-02
 0.4991129172939563 0.1615943779329284 0.8381064449219820E-02
 0.4991019636670452 0.1628853065722586 0.8589469559900339E-02
 0.4990908120930023 0.1641678070192730 0.8801246116592320E-02
 0.4990794032793193 0.1654483744231917 0.9017444183595263E-02
 0.4990678690628942 0.1667122152980440 0.9235458936802249E-02
 0.4990559887667191 0.1679832012670155 0.9459404580243629E-02
 0.4990440454331301 0.1692309925572691 0.9683952652298954E-02
 0.4990316621069493 0.1704946016809445 0.9916163019025042E-02
 0.4990192461367336 0.1717322142056906 0.1014834223187251E-01
 0.4990063413907276 0.1729889311381518 0.1038900561813720E-01
 0.4989934478497279 0.1742158467056491 0.1062884554521223E-01
 0.4989800134383262 0.1754651577547797 0.1087808199540072E-01
 0.4989666695336851 0.1766780703041104 0.1112490539111496E-01
 0.4989526919150381 0.1779201028410742 0.1138264611353816E-01
 0.4989388893881378 0.1791193197537000 0.1163637348579599E-01
 0.4989243424794513 0.1803552757657016 0.1190291609549863E-01
 0.4989100403597597 0.1815437849558081 0.1216403377064770E-01
 0.4988948871143006 0.1827755523798648 0.1243964645472352E-01
 0.4988800363075153 0.1839565816368819 0.1270874563626435E-01
 0.4988642264908006 0.1851867540768256 0.1299411663902123E-01
 0.4988487618186621 0.1863642549349853 0.1327209904868415E-01
 0.4988323492545980 0.1875873067791459 0.1356585432128005E-01
 0.4988161835778210 0.1887663906413244 0.1385398580744423E-01
 0.4987995182923614 0.1899565638840637 0.1414983204351066E-01
 0.4987825496415972 0.1911431510402636 0.1444982426921448E-01
 0.4987655549323745 0.1923071675455341 0.1474903884876446E-01
 0.4987476148884809 0.1935106326437865 0.1506363396038938E-01
 0.4987302132658212 0.1946542433565954 0.1536761028425025E-01
 0.4987112616352221 0.1958743118573638 0.1569732287581052E-01
 0.4986934232395742 0.1969995659539847 0.1600635632622662E-01
 0.4986740038756370 0.1982001586096014 0.1634137158478739E-01
 0.4986557377107933 0.1993072394113007 0.1665521935367189E-01
 0.4986357787979506 0.2004933552949596 0.1699675090495248E-01
 0.4986169555737199 0.2015903813701732 0.1731748145482711E-01
 0.4985963009708044 0.2027710473834640 0.1766791947815312E-01
 0.4985767209212408 0.2038689021080718 0.1799876182008402E-01
 0.4985556922110083 0.2050257713504970 0.1835265047992482E-01
 0.4985351336379929 0.2061354490455348 0.1869716831540526E-01
 0.4985142888181187 0.2072399325083346 0.1904499849045703E-01
 0.4984923064078173 0.2083830905417576 0.1941025071568136E-01
 0.4984712551376958 0.2094578739500986 0.1975858491635020E-01
 0.4984478915800042 0.2106287904902305 0.2014350216075936E-01
 0.4984263407700387 0.2116892243037382 0.2049693945934974E-01
 0.4984023813260852 0.2128469649751304 0.2088807664077747E-01
 0.4983801482415220 0.2139020923176052 0.2124940565147130E-01
 0.4983557740136855 0.2150384502732589 0.2164377310174714E-01
 0.4983324862819348 0.2161050133341317 0.2201881409832685E-01
 0.4983088394555223 0.2171696291283849 0.2239788031647138E-01
 0.4982837301811304 0.2182805797980674 0.2279851564066170E-01
 0.4982600014118603 0.2193126855139866 0.2317541815695972E-01
 0.4982332285489925 0.2204572723320852 0.2359868002744944E-01
 0.4982088497773789 0.2214818242513520 0.2398220892094360E-01
 0.4981812958988131 0.2226203135284004 0.2441353183840355E-01
 0.4981558235003418 0.2236550823443231 0.2481030796162188E-01
 0.4981296702564237 0.2247004646895575 0.2521577772465413E-01
 0.4981023223027155 0.2257758092757801 0.2563767626139344E-01
 0.4980763130042972 0.2267822562086357 0.2603690813760991E-01
 0.4980466219940076 0.2279125157879352 0.2649029800127659E-01
 0.4980198660695442 0.2289146276682264 0.2689680710010346E-01
 0.4979902885329692 0.2300049788029606 0.2734396206656412E-01
 0.4979622678283204 0.2310216472681580 0.2776540577895095E-01
 0.4979341316814370 0.2320271245442290 0.2818644936775644E-01
 0.4979030037762117 0.2331221990445855 0.2864984546346401E-01
 0.4978746401934338 0.2341047401000036 0.2906997388271828E-01
 0.4978418947482494 0.2352215996662376 0.2955254421860692E-01
 0.4978124871004517 0.2362092104690933 0.2998365628663675E-01
 0.4977817983196700 0.2372248472989014 0.3043127177199174E-01
 0.4977503360734978 0.2382507190011577 0.3088784295304260E-01
 0.4977202754902168 0.2392168435410280 0.3132196818242599E-01
 0.4976852570294871 0.2403255977413414 0.3182513783204308E-01
 0.4976542010847036 0.2412943480326223 0.3226905178673771E-01
 0.4976210632577907 0.2423134786435518 0.3274033806526556E-01
 0.4975881629373677 0.2433109200269735 0.3320589839833805E-01
 0.4975562359135628 0.2442655942571353 0.3365553402871656E-01
 0.4975188369709632 0.2453678284122264 0.3417955727593408E-01
 0.4974859922334499 0.2463220147297423 0.3463735608069948E-01
 0.4974506107548368 0.2473359131925140 0.3512799683161505E-01
 0.4974159526140771 0.2483154689209202 0.3560615758125186E-01
 0.4973822041169106 0.2492567741772337 0.3606951800843962E-01
 0.4973423973719032 0.2503516608162338 0.3661322060464443E-01
 0.4973076867900502 0.2512932103189173 0.3708477788526576E-01
 0.4972705725295770 0.2522868296001955 0.3758637971646081E-01
 0.4972338005686684 0.2532583140832188 0.3808077604953952E-01
 0.4971983063385130 0.2541841698335935 0.3855564260504832E-01
 0.4971560746792419 0.2552710519657057 0.3911766845314810E-01
 0.4971193409218464 0.2562038350673863 0.3960386665461948E-01
 0.4970809437780151 0.2571667134609101 0.4010943901018130E-01
 0.4970414565117744 0.2581443714909589 0.4062663055330878E-01
 0.4970041609882710 0.2590564179530334 0.4111266287911601E-01
 0.4969593818899490 0.2601373553890134 0.4169312262597879E-01
 0.4969203716873594 0.2610668579291326 0.4219602597437539E-01
 0.4968807883378441 0.2619987772691474 0.4270367551002270E-01
 0.4968375113623444 0.2630050816753340 0.4325573071211463E-01
 0.4967982003106897 0.2639081121301326 0.4375461483993283E-01
 0.4967541675430581 0.2649074773394880 0.4431056807580375E-01
 0.4967127434282148 0.2658362701699126 0.4483082369459067E-01
 0.4966720948164180 0.2667372683902366 0.4533872896058466E-01
 0.4966230858069611 0.2678102724950406 0.4594773540813005E-01
 0.4965812888559750 0.2687142117118442 0.4646433485014381E-01
 0.4965374086814318 0.2696524651935638 0.4700400594421873E-01
 0.4964925471768329 0.2706006421813913 0.4755292100767270E-01
 0.4964502693635700 0.2714842562193682 0.4806759697573060E-01
 0.4964009388425720 0.2725034040971489 0.4866496027923879E-01
 0.4963565318139523 0.2734102020704753 0.4919989438571219E-01
 0.4963124622087251 0.2743004219441366 0.4972823013017789E-01
 0.4962590150958516 0.2753674778219765 0.5036564243568206E-01
 0.4962140439704825 0.2762549121714428 0.5089911356286682E-01
 0.4961663427310374 0.2771861207406188 0.5146214240882855E-01
 0.4961183981306644 0.2781118775879888 0.5202520906926385E-01
 0.4960729444000160 0.2789803374422399 0.5255650721470621E-01
 0.4960198228547575 0.2799842516411923 0.5317440179172003E-01
 0.4959720499385116 0.2808771774493617 0.5372729100879361E-01
 0.4959248255510370 0.2817508688238337 0.5427123376767369E-01
 0.4958670008560550 0.2828088342918965 0.5493384097087643E-01
 0.4958186439513771 0.2836838282111687 0.5548517321342695E-01
 0.4957681740965306 0.2845878328255814 0.5605796917613586E-01
 0.4957159028484296 0.2855144205132430 0.5664838093199798E-01
 0.4956672319610783 0.2863685463410476 0.5719551089714488E-01
 0.4956129467356292 0.2873116149788037 0.5780279756902217E-01
 0.4955612102700019 0.2882012309123586 0.5837875608293652E-01
 0.4955112505625715 0.2890520040411849 0.5893241578046877E-01
 0.4954496615498235 0.2900898839622177 0.5961159311524832E-01
 0.4953973799501516 0.2909616812928755 0.6018519791738083E-01
 0.4953451833449584 0.2918238113026268 0.6075517326225142E-01
 0.4952833540275913 0.2928346418012432 0.6142692739767491E-01
 0.4952306537052908 0.2936875352564644 0.6199669288606060E-01
 0.4951753488636284 0.2945741893475979 0.6259192144422734E-01
 0.4951180552474664 0.2954838773086900 0.6320565256927888E-01
 0.4950648557079716 0.2963206836462423 0.6377286560845062E-01
 0.4950063478505556 0.2972324339471881 0.6439374053403465E-01
 0.4949493528595998 0.2981121914020735 0.6499569569464189E-01
 0.4948949677987484 0.2989440941462999 0.6556754496701207E-01
 0.4948321433897747 0.2998961004059016 0.6622509776749713E-01
 0.4947747581182339 0.3007574557169045 0.6682286130979119E-01
 0.4947188440227352 0.3015893435927750 0.6740265203427787E-01
 0.4946484318990720 0.3026268071565457 0.6812911203788415E-01
 0.4945901769634406 0.3034768108047335 0.6872716073290973E-01
 0.4945318843956918 0.3043199847498789 0.6932297666902747E-01
 0.4944633208936702 0.3053024897590766 0.7002043983992474E-01
 0.4944047165419559 0.3061345478711879 0.7061370905140552E-01
 0.4943437797667796 0.3069923329355354 0.7122777050005935E-01
 0.4942789082711566 0.3078974086380930 0.7187839726951822E-01
 0.4942197328202796 0.3087158887241572 0.7246921751268728E-01
 0.4941564733359882 0.3095835003406434 0.7309805242546080E-01
 0.4940917321457164 0.3104637299961124 0.7373865862076869E-01
 0.4940314830376138 0.3112760326098339 0.7433210026388816E-01
 0.4939659164112742 0.3121526818428210 0.7497495491314279E-01
 0.4939006871549215 0.3130173826671264 0.7561151904900658E-01
 0.4938392449931779 0.3138252372155014 0.7620850128593661E-01
 0.4937713208689918 0.3147109735771872 0.7686556539525675E-01
 0.4937053300969874 0.3155642650922821 0.7750101166380929E-01
 0.4936426268490535 0.3163685781639948 0.7810212178791226E-01
 0.4935722146967695 0.3172644169126044 0.7877405273944449E-01
 0.4935053301778953 0.3181083125058668 0.7940939685225298E-01
 0.4934413178209926 0.3189096566891413 0.8001489024100847E-01
 0.4933681781130937 0.3198178578446426 0.8070370763358903E-01
 0.4933003166874900 0.3206535959264711 0.8133993458826921E-01
 0.4932349496218650 0.3214524428957259 0.8195013429672417E-01
 0.4931586456532059 0.3223774427796655 0.8265918208601712E-01
 0.4930897560623995 0.3232057554198752 0.8329641525510778E-01
 0.4930229616418242 0.3240028322518753 0.8391170627677479E-01
 0.4929424637132070 0.3249556881177131 0.8464991242548779E-01
 0.4928724758754755 0.3257773900059998 0.8528875318685464E-01
 0.4928040944200022 0.3265742929112910 0.8591021754209006E-01
 0.4927158975776253 0.3275936299071901 0.8670784499943762E-01
 0.4926446231829226 0.3284105397286865 0.8734929875207749E-01
 0.4925740788279004 0.3292131787589831 0.8798150803011985E-01
 0.4924837003076880 0.3302330776224425 0.8878761195574676E-01
 0.4924116142497612 0.3310399150868351 0.8942743064612940E-01
 0.4923385446401286 0.3318518727439482 0.9007314023629659E-01
 0.4922560104415513 0.3327620094540107 0.9079912563572083E-01
 0.4921837337813381 0.3335530557629592 0.9143206105491974E-01
 0.4921091940061174 0.3343631358016081 0.9208213533040770E-01
 0.4920257097849779 0.3352636369009328 0.9280700685757809E-01
 0.4919521847435103 0.3360508868431125 0.9344257528058994E-01
 0.4918762916623879 0.3368578749643496 0.9409583200961807E-01
 0.4917911859027644 0.3377561623868422 0.9482509767190639E-01
 0.4917163171060520 0.3385406835248015 0.9546386741322663E-01
 0.4916391600356790 0.3393436868659717 0.9611951614050254E-01
 0.4915520037094187 0.3402441683059496 0.9685691941181103E-01
 0.4914757224649003 0.3410266593684469 0.9749948216003868E-01
 0.4913973475660534 0.3418252514100445 0.9815691831761644E-01
 0.4913078469949199 0.3427306645139786 0.9890431650292565E-01
 0.4912301038491764 0.3435115762269819 0.9955071364158478E-01
 0.4911505123470493 0.3443057947823007 0.1002098360328276
 0.4910584357383974 0.3452180776083770 0.1009690270050680
 0.4909791886859744 0.3459977457117069 0.1016195460739508
 0.4908983564294229 0.3467878601480052 0.1022803087252157
 0.4908036220242768 0.3477073632600229 0.1030512146638641
 0.4907228556361383 0.3484858486042721 0.1037055686404612
 0.4906407448052509 0.3492722474501943 0.1043681664877030
 0.4905433256580128 0.3501987759467227 0.1051508512417226
 0.4904610335966053 0.3509760490331518 0.1058090598516038
 0.4903776183910461 0.3517589848845263 0.1064734894423127
 0.4902775488426748 0.3526917838619734 0.1072669708903440
 0.4901937364436258 0.3534677180038172 0.1079286189507780
 0.4901089951494335 0.3542474026450348 0.1085949672997425
 0.4900062525934736 0.3551862851515504 0.1093993386117083
 0.4899209163001073 0.3559608419245526 0.1100644684152883
 0.4898348346289474 0.3567374077474077 0.1107326646345073
 0.4897294520690232 0.3576816998245907 0.1115469908855912
 0.4896425962996318 0.3584547808584634 0.1122151979534683
 0.4895551602250907 0.3592283613011483 0.1128852452728275
 0.4894470709278039 0.3601783070424279 0.1137099418736546
 0.4893586835677671 0.3609499623029153 0.1143813040350017
 0.4892698763887391 0.3617207041004242 0.1150531030907233
 0.4891591364526410 0.3626754751631323 0.1158870068465724
 0.4890692227725153 0.3634456131245593 0.1165610675197776
 0.4889790286161110 0.3642136601019016 0.1172345900544073
 0.4888656231985979 0.3651730812068977 0.1180777090559340
 0.4887741764697288 0.3659417178879512 0.1187545121750436
 0.4886825853774719 0.3667071571143698 0.1194296238586491
 0.4885665244640001 0.3676708580468135 0.1202811931987686
 0.4884735447365727 0.3684379599854845 0.1209603582727198
 0.4883805443829183 0.3692009019159209 0.1216370367967028
 0.4882617866298409 0.3701689546223686 0.1224973208974840
 0.4881672620634211 0.3709345858215779 0.1231789765907341
 0.4880728374189749 0.3716951548024112 0.1238571674497123
 0.4879514676939232 0.3726666184336247 0.1247249233621840
 0.4878554050328805 0.3734307008485105 0.1254086844029756
 0.4877595532275321 0.3741889294429425 0.1260883336765754
 0.4876354394518666 0.3751646219684532 0.1269645351677990
 0.4875378214263836 0.3759272642963906 0.1276506108179290
 0.4874405351798814 0.3766832111000142 0.1283316455151213
 0.4873136751519754 0.3776629001103022 0.1292157084648230
 0.4872145003127784 0.3784240884815960 0.1299037907878641
 0.4871157692694647 0.3791778386326624 0.1305862174551929
 0.4869860221090780 0.3801623554298652 0.1314791473296520
 0.4868852672576521 0.3809222350102515 0.1321694788959620
 0.4867850732016431 0.3816739212041440 0.1328532864033329
 0.4866527232628413 0.3826608854429971 0.1337525138611803
 0.4865504077770745 0.3834192940911406 0.1344446282958500
 0.4864487502895512 0.3841689289915820 0.1351297364581892
 0.4863133321946591 0.3851615779630090 0.1360384424468968
 0.4862094084899227 0.3859188324189807 0.1367327334242596
 0.4861062546274156 0.3866666441215307 0.1374192196973255
 0.4859684686126235 0.3876596542811450 0.1383321071075121
 0.4858629956771093 0.3884153218506247 0.1390278606125288
 0.4857583821081403 0.3891610646204147 0.1397154151081611
 0.4856183299232053 0.3901536461890999 0.1406319706509171
 0.4855112874758081 0.3909078797267734 0.1413294462237342
 0.4854052660000983 0.3916512170709847 0.1420176434801943
 0.4852630168910135 0.3926428513490714 0.1429369530178865
 0.4851543804339672 0.3933958324745414 0.1436360135318227
 0.4850470053514161 0.3941364350313542 0.1443244640093362
 0.4849025689241551 0.3951270439027875 0.1452466585047295
 0.4847922946203826 0.3958790778776343 0.1459477045520302
 0.4846836214345388 0.3966166232312884 0.1466359795962759
 0.4845369985099064 0.3976061926534482 0.1475605786752976
 0.4844250423389497 0.3983575753594404 0.1482635499249597
 0.4843151144991993 0.3990918419266096 0.1489513161741669
 0.4841662960135699 0.4000804278308933 0.1498785352730217
 0.4840525960560457 0.4008315588137907 0.1505839141665879
 0.4839414483296833 0.4015623905039162 0.1512708924781970
 0.4837944372641619 0.4025238866311687 0.1521756765766777
 0.4836791596962857 0.4032737918726342 0.1528821750218020
 0.4835670890290987 0.4039994745394217 0.1535665877611067
 0.4834295499428409 0.4048856024369730 0.1544033008803781
 0.4833126575931904 0.4056348892283730 0.1551115886173004
 0.4832001367052758 0.4063528834274456 0.1557909133597582
 0.4830730107009301 0.4071602615098028 0.1565555083379665
 0.4829526331337272 0.4079211009443970 0.1572767452869355
 0.4828392218642832 0.4086346776178119 0.1579538624489832
 0.4827185768689593 0.4093903680163402 0.1586716908815058
 0.4825893449809273 0.4101960045525667 0.1594377839050092
 0.4824734275510062 0.4109153014348673 0.1601224309536895
 0.4823554551771041 0.4116441500913728 0.1608167532712098
 0.4821950358849480 0.4126301320589709 0.1617569652146462
 0.4820739821223978 0.4133703166616928 0.1624635526077681
 0.4819548266771457 0.4140957064083743 0.1631566922689512
 0.4817922270412260 0.4150805392622376 0.1640987876526868
 0.4816692089819276 0.4158218243331380 0.1648086235920557
 0.4815490799366753 0.4165425752178652 0.1654993258653717
 0.4813934898675259 0.4174715544697329 0.1663903287874196
 0.4812688792662715 0.4182119249016389 0.1671010857381092
 0.4811483017675136 0.4189252897748983 0.1677865101101607
 0.4810071854853400 0.4197564119310013 0.1685858183031647
 0.4808801053414580 0.4205014429978864 0.1693029573033470
 0.4807591587232921 0.4212075384737191 0.1699831064274195
 0.4806281812154403 0.4219689594684409 0.1707170495385288
 0.4804938243461486 0.4227465719060005 0.1714671613907771
 0.4803708986894267 0.4234549963252258 0.1721510783521050
 0.4802445621259496 0.4241800976785051 0.1728516726074717
 0.4800844004463040 0.4250950466579074 0.1737365162403089
 0.4799564688064853 0.4258224732455295 0.1744405986485598
 0.4798302752189658 0.4265370923635812 0.1751327443501298
 0.4796678496691081 0.4274526656551026 0.1760201875830520
 0.4795368679682274 0.4281875740571799 0.1767331087444912
 0.4794103947649860 0.4288943238799705 0.1774192630037477
 0.4792646540673405 0.4297052954254685 0.1782072789243529
 0.4791306118017910 0.4304479494520198 0.1789295041749145
 0.4790037400075400 0.4311480646545836 0.1796108244916062
 0.4788682077968159 0.4318929839667721 0.1803362082546474
 0.4787241477600555 0.4326814303537440 0.1811045164983958
 0.4785946301201213 0.4333873770721788 0.1817929521471354
 0.4784631823303659 0.4341010594971192 0.1824894678389494
 0.4782817611680145 0.4350815143551841 0.1834471986262919
 0.4781460247442559 0.4358116635840245 0.1841609998121248
 0.4780137238785049 0.4365205561910840 0.1848544299408202
 0.4778467468863181 0.4374113833548903 0.1857263828780086
 0.4777094064989401 0.4381409020091366 0.1864409483317631
 0.4775772344215706 0.4388402747704727 0.1871264557826344
 0.4774281729580273 0.4396258807523248 0.1878970450136269
 0.4772865035244854 0.4403694816183904 0.1886269321667536
 0.4771536043716344 0.4410643790546071 0.1893093937031379
 0.4770139404719089 0.4417918924609830 0.1900242410098502
 0.4768567267210370 0.4426074826264439 0.1908260731872257
 0.4767199725374015 0.4433140870338453 0.1915211849597354
 0.4765832391978692 0.4440179648778577 0.1922140508979317
 0.4764103401771489 0.4449043090826787 0.1930871483905073
 0.4762681400089592 0.4456302108061238 0.1938026632419161
 0.4761313916973502 0.4463256984344851 0.1944885357001214
 0.4759778181376563 0.4471037699235283 0.1952562200054113
 0.4758308083334427 0.4478456571086648 0.1959885993976499
 0.4756932531330444 0.4485372639071789 0.1966717425945652
 0.4755493534216353 0.4492581403243939 0.1973842404867068
 0.4753836784329793 0.4500848066506144 0.1982018367886796
 0.4752417122343902 0.4507903974861680 0.1989000840217499
 0.4751005330767076 0.4514895625979479 0.1995922844693373
 0.4749268764890096 0.4523461648596709 0.2004407650618154
 0.4747796073410513 0.4530696958261735 0.2011578298063815
 0.4746386095586599 0.4537599404751931 0.2018422879004956
 0.4744835530575061 0.4545162411289471 0.2025926921060954
 0.4743292828602912 0.4552658588485791 0.2033368856090394
 0.4741867957992228 0.4559557232780222 0.2040220676326810
 0.4740399610944351 0.4566641530438588 0.2047259522660216
 0.4738519627452498 0.4575675425899742 0.2056239327090739
 0.4737032097734376 0.4582794794959715 0.2063319601362255
 0.4735573542394190 0.4589751162050100 0.2070241190815286
 0.4733805382827506 0.4598152168611191 0.2078604701331219
 0.4732282495056432 0.4605360024299598 0.2085783801627057
 0.4730828247816231 0.4612219237022324 0.2092618018067828
 0.4729245197815161 0.4619659837546500 0.2100033837498327
 0.4727635137012551 0.4627199730419675 0.2107551345324838
 0.4726161023580362 0.4634078763238080 0.2114412867290976
 0.4724654054263402 0.4641087417712595 0.2121406944421943
 0.4722547576772627 0.4650844545536046 0.2131149211188108
 0.4720995816491189 0.4658002925122313 0.2138300143756509
 0.4719485664620506 0.4664945736603366 0.2145238060517831
 0.4717624880825013 0.4673468828760495 0.2153758254551334
 0.4716055181730805 0.4680631684088518 0.2160921811732429
 0.4714552624079352 0.4687465277849336 0.2167759266824608
 0.4712904303137838 0.4694936297250067 0.2175238298495564
 0.4711254736180942 0.4702386505511311 0.2182700139560282
 0.4709735713570213 0.4709223928415797 0.2189550893552794
 0.4708177302811575 0.4716215757955355 0.2196558556354631
 0.4706000430437454 0.4725943921135147 0.2206312457966299
 0.4704400711330322 0.4733064624868354 0.2213455251001044
 0.4702841667786064 0.4739981493284536 0.2220396617121867
 0.4700914990652527 0.4748498644895669 0.2228947990709583
 0.4699295800258128 0.4755630462688978 0.2236111341147810
 0.4697746124001834 0.4762434041586168 0.2242946846030995
 0.4696047960490971 0.4769864981711424 0.2250414389827243
 0.4694344073897668 0.4777295410097229 0.2257883406133309
 0.4692777323526555 0.4784105425364999 0.2264730961241828
 0.4691173307388027 0.4791055407842639 0.2271721710795539
 0.4688917675901977 0.4800791447587882 0.2281518814960120
 0.4687265829975054 0.4807893976066869 0.2288668122213512
 0.4685661522495229 0.4814770169473157 0.2295590845702916
 0.4683718949308775 0.4823067547275294 0.2303945867452601
 0.4682048093169018 0.4830179464799817 0.2311108896621746
 0.4680454111599517 0.4836942936748406 0.2317922921091150
 0.4678728962221697 0.4844239815886860 0.2325276708479548
 0.4676947234747351 0.4851750964397067 0.2332848762030064
 0.4675328469641728 0.4858553260255203 0.2339707749640027
 0.4673686552000004 0.4865431775676279 0.2346644677303241
 0.4671530192276492 0.4874433525273314 0.2355724528367836
 0.4669829699144323 0.4881506933625442 0.2362861144015591
 0.4668194250902725 0.4888288915771383 0.2369705748472102
 0.4666357160738373 0.4895882897951407 0.2377372365732663
 0.4664602161108030 0.4903113857234094 0.2384674619042211
 0.4662962316027718 0.4909849625688072 0.2391478140620187
 0.4661259274391603 0.4916823961736994 0.2398523607986854
 0.4659174572006898 0.4925332401858713 0.2407120214199963
 0.4657467577664854 0.4932275820168828 0.2414137157487172
 0.4655793475730350 0.4939065117033642 0.2421000108160670
 0.4653850684444715 0.4946919064674157 0.2428941453722369
 0.4652083337123886 0.4954040623228402 0.2436143821990492
 0.4650413046478458 0.4960751007899663 0.2442931117900214
 0.4648652313374497 0.4967803796335167 0.2450065147969999
 0.4646679102786370 0.4975682361249095 0.2458035013034700
 0.4644960700504318 0.4982521926683766 0.2464954720598255
 0.4643253653714743 0.4989296547949209 0.2471809907341685
 0.4641248783979018 0.4997228199891865 0.2479837424282399
 0.4639452337077188 0.5004312626775433 0.2487008452442182
 0.4637750138403705 0.5011005785785312 0.2493783750998975
 0.4635949410242586 0.5018065791795073 0.2500930425960806
 0.4633965632276680 0.5025819190976064 0.2508779196489865
 0.4632219538141411 0.5032622746963513 0.2515667086651261
 0.4630481403378419 0.5039376037845126 0.2522505109449042
 0.4628428005259332 0.5047329701690805 0.2530559962426870
 0.4626600078578148 0.5054387848562120 0.2537708778035907
 0.4624868178071003 0.5061056108198554 0.2544462951986501
 0.4623033767823828 0.5068098953176770 0.2551596509082163
 0.4621019098767211 0.5075810237873446 0.2559407237477567
 0.4619242386493360 0.5082590375851808 0.2566275380365765
 0.4617474285493821 0.5089318873295611 0.2573092135838763
 0.4615389057117699 0.5097230321245252 0.2581108587984140
 0.4613526305879180 0.5104276011722989 0.2588248474705927
 0.4611764430032519 0.5110921490592797 0.2594982839883954
 0.4609902364125544 0.5117925311005694 0.2602080021988680
 0.4607835985991006 0.5125674284322455 0.2609931974671153
 0.4606025480980168 0.5132443722051504 0.2616791491213045
 0.4604228673703356 0.5139143622153296 0.2623580987540451
 0.4602131139245549 0.5146941964959433 0.2631484163159279
 0.4600230047676258 0.5153988822010680 0.2638625781423146
 0.4598437864949858 0.5160613728596619 0.2645339220381409
 0.4596555026122405 0.5167554821217156 0.2652372103950705
 0.4594408174741754 0.5175445727366664 0.2660366200793161
 0.4592559068839133 0.5182222370006175 0.2667230882935284
 0.4590734555677277 0.5188890999284597 0.2673986005777013
 0.4588633359381155 0.5196549075253277 0.2681743315403713
 0.4586692572888948 0.5203601919715979 0.2688887091348883
 0.4584870398811560 0.5210205867241117 0.2695575284442336
 0.4582969978648327 0.5217075115171168 0.2702530913443608
 0.4580710681240391 0.5225217475545095 0.2710774119074443
 0.4578819432397066 0.5232013463925383 0.2717653462288059
 0.4576966669685767 0.5238653670679893 0.2724374821761049
 0.4574854229389804 0.5246203598844029 0.2732016788220313
 0.4572874346590520 0.5253259657890315 0.2739158291583192
 0.4571022021141868 0.5259843644216311 0.2745821001634088
 0.4569101116945377 0.5266653685176698 0.2752711093340118
 0.4566707912293315 0.5275113126260955 0.2761268076706223
 0.4564773257266658 0.5281931580817432 0.2768164074092133
 0.4562889787315066 0.5288552502075261 0.2774859787130156
 0.4560750711548069 0.5296051600814340 0.2782443105502027
 0.4558734444269858 0.5303100502452829 0.2789570339687631
 0.4556851009555885 0.5309667919276898 0.2796209497496688
 0.4554902846923999 0.5316443790979521 0.2803057749783622
 0.4552400681131161 0.5325121013448227 0.2811825220509787
 0.4550426654687961 0.5331946627145080 0.2818720296013033
 0.4548511733128999 0.5338551084745183 0.2825391042936276
 0.4546338865272158 0.5346025312821110 0.2832939231357594
 0.4544288704605511 0.5353058231524118 0.2840040296235012
 0.4542374727276979 0.5359607269154948 0.2846650965267199
 0.4540397385158922 0.5366356297921793 0.2853461247211457
 0.4537809598561630 0.5375163266199384 0.2862344653203427
 0.4535799783446709 0.5381983360712876 0.2869221640770445
 0.4533853959047381 0.5388569888867347 0.2875861609578153
 0.4531644794507196 0.5396028376353436 0.2883378942112076
 0.4529563144973839 0.5403037584468111 0.2890441520701854
 0.4527619832243783 0.5409564682225763 0.2897016183290499
 0.4525613024849057 0.5416288634036230 0.2903786677004982
 0.4522952415293224 0.5425177699328806 0.2912733581108369
 0.4520908229173924 0.5431987714001913 0.2919585614441746
 0.4518931300712257 0.5438557604509314 0.2926194649242280
 0.4516685064164316 0.5446003455923489 0.2933683399818743
 0.4514571174422488 0.5452992253854753 0.2940710783939279
 0.4512597555270803 0.5459501357735574 0.2947253924601728
 0.4510560226559674 0.5466204548022471 0.2953989927843221
 0.4507826180250750 0.5475174678793434 0.2963000464244696
 0.4505747109719784 0.5481976578386448 0.2969830775595588
 0.4503739225276976 0.5488529864124374 0.2976410000046764
 0.4501460845287278 0.5495947412868667 0.2983855260890430
 0.4499311951415508 0.5502925440520614 0.2990857361551328
 0.4497307178695519 0.5509419861033803 0.2997371896640819
 0.4495240574549750 0.5516098925216166 0.3004068924523756
 0.4492381851312724 0.5525312046518812 0.3013302210970975
 0.4490264235843656 0.5532117418452616 0.3020119447386915
 0.4488223601255480 0.5538659978413135 0.3026671367970704
 0.4485897342338032 0.5546099963499397 0.3034119649856170
 0.4483720762563772 0.5553043682185932 0.3041068536190007
 0.4481687144506837 0.5559516101373158 0.3047543082826819
 0.4479587548355529 0.5566183188176785 0.3054209343368994
 0.4476746718740843 0.5575179410355843 0.3063199719659683
 0.4474602380872928 0.5581951429221187 0.3069964288104451
 0.4472533900566102 0.5588468850742273 0.3076472542668347
 0.4470190477214416 0.5595834859710935 0.3083826015739338
 0.4467974946766610 0.5602781686979307 0.3090758650971592
 0.4465910399076296 0.5609240181865323 0.3097201461325639
 0.4463786931953198 0.5615868076973717 0.3103810445799595
 0.4460713927539589 0.5625433148727638 0.3113343249285523
 0.4462763610346822 0.5619056759679558 0.3106988997973447
 0.4460744392622774 0.5625338476151565 0.3113248922435453
 0.4458674870906580 0.5631762726102111 0.3119648665103168
 0.4456587803660835 0.5638227220838256 0.3126086555747861
 0.4454234081894701 0.5645500634192917 0.3133327794120720
 0.4451973232874766 0.5652470184752206 0.3140263951194132
 0.4449875278846234 0.5658922892766602 0.3146683004206976
 0.4447728136289139 0.5665512353648552 0.3153234987297565
 0.4444733834874519 0.5674677329732861 0.3162342528575882
 0.4442508908643698 0.5681469156565412 0.3169088213401227
 0.4440384288680023 0.5687940380133902 0.3175513043446197
 0.4438024988875456 0.5695110015832897 0.3182628654845642
 0.4435715269138672 0.5702112397574688 0.3189575357420819
 0.4433584331932823 0.5708558309864920 0.3195967048760627
 0.4431416288647853 0.5715102323519684 0.3202452794889545
 0.4428647580140567 0.5723438792078430 0.3210710368329870
 0.4426394285963083 0.5730206444592122 0.3217410591131044
 0.4424252048735989 0.5736626559454654 0.3223764437126970
 0.4421950937723695 0.5743507720716078 0.3230572373181071
 0.4419509169646523 0.5750792524240077 0.3237777080024564
 0.4417327226965229 0.5757287473490726 0.3244198020950095
 0.4415152950400867 0.5763745904537191 0.3250580106071744
 0.4412649863458706 0.5771164207578943 0.3257907250312867
 0.4410331119448423 0.5778020225808209 0.3264676039152425
 0.4408162159808767 0.5784419566676570 0.3270991815392540
 0.4405923094499067 0.5791011845873201 0.3277496146297097
 0.4402791489484555 0.5800208424140108 0.3286566770440152
 0.4400495119981857 0.5806934857043492 0.3293198156416692
 0.4398287548334781 0.5813387476947395 0.3299556817941522
 0.4395791547045508 0.5820667080185733 0.3306726976732640
 0.4393424445777833 0.5827555081171264 0.3313508296440375
 0.4391222884879988 0.5833947780332595 0.3319799674613957
 0.4388967259294229 0.5840483960351651 0.3326230273321172
 0.4385827634352600 0.5849559124060486 0.3335155515378443
 0.4383490668163006 0.5856297224103540 0.3341779387666248
 0.4381261948224492 0.5862709832122166 0.3348080601090830
 0.4378801802363880 0.5869773231458218 0.3355018171629308
 0.4376363149328108 0.5876759403442566 0.3361876981210964
 0.4374123497530880 0.5883161958794659 0.3368160777595622
 0.4371855907818631 0.5889631268528953 0.3374508538004397
 0.4369084414183344 0.5897520383642563 0.3382247504289970
 0.4366713633147040 0.5904253418258318 0.3388850481952916
 0.4364471582764197 0.5910607839034341 0.3395080199739223
 0.4362108896112316 0.5917290555636385 0.3401629522427496
 0.4359393438701799 0.5924953919726392 0.3409137250126362
 0.4357075640974079 0.5931480625942314 0.3415529589417538
 0.4354804718217900 0.5937862542105997 0.3421778892394923
 0.4352276930935836 0.5944951512704559 0.3428719277121668
 0.4349799035417570 0.5951885518021189 0.3435506378792570
 0.4347515772064223 0.5958261766849210 0.3441745729430912
 0.4345199160378188 0.5964718371032784 0.3448061580647634
 0.4342341602476677 0.5972665028644643 0.3455831969378570
 0.4339923940222660 0.5979373273192146 0.3462389140414850
 0.4337636464159226 0.5985707632281093 0.3468579355409350
 0.4335222046468727 0.5992380235021969 0.3475098823543885
 0.4332469168769801 0.5999971686173788 0.3482514381943735
 0.4330108309784714 0.6006468140701908 0.3488858576569641
 0.4327793707589889 0.6012824880086640 0.3495064485808322
 0.4325220315717242 0.6019877988281571 0.3501948061042245
 0.4322691357516350 0.6026794668505289 0.3508696614243434
 0.4320363405523870 0.6033148841341417 0.3514895217046179
 0.4318004271107839 0.6039575721018163 0.3521164090705630
 0.4315122857153449 0.6047408579013177 0.3528803681580900
 0.4312655844315816 0.6054100294600139 0.3535329451896396
 0.4310324809868852 0.6060410842921583 0.3541482460477106
 0.4307874853890613 0.6067030494423639 0.3547935559146318
 0.4305008260738794 0.6074759269635265 0.3555468343906036
 0.4302591675692107 0.6081260922865296 0.3561804268693511
 0.4300233587566848 0.6087593066742378 0.3567974644201933
 0.4297629178433841 0.6094572807994723 0.3574775830096761
 0.4295034794004000 0.6101511315027208 0.3581536377930205
 0.4292657857478063 0.6107855754775462 0.3587717305409545
 0.4290259642283972 0.6114244926329624 0.3593940736840895
 0.4287405725930386 0.6121832446660458 0.3601329990940696
 0.4284881584834895 0.6128529077234733 0.3607850697714818
 0.4282506731702321 0.6134817593480090 0.3613973682216303
 0.4280035588559108 0.6141348746045041 0.3620332928214385
 0.4276884600452120 0.6149658561860045 0.3628424109023324
 0.4274394800106850 0.6156210384328707 0.3634803333879043
 0.4271991545627964 0.6162522557485456 0.3640948762053282
 0.4269343702424671 0.6169463675912630 0.3647705951335817
 0.4266697342645107 0.6176386872596770 0.3654445423654732
 0.4264275934436332 0.6182709343897405 0.3660600362861236
 0.4261836217679063 0.6189067865746785 0.3666791041007690
 0.4258958671321481 0.6196552397351519 0.3674078995868518
 0.4256381956182506 0.6203240680800297 0.3680592278140994
 0.4253962209770626 0.6209509733040262 0.3686697489235215
 0.4251454608700490 0.6215994407509201 0.3693012613159664
 0.4248061076550160 0.6224750782796522 0.3701539987444973
 0.4245506571136149 0.6231327628882953 0.3707945219627200
 0.4243054860660802 0.6237628108676666 0.3714082007478933
 0.4240346448320768 0.6244575002690855 0.3720849394468516
 0.4237658346199953 0.6251456103356234 0.3727553524821511
 0.4235194162668872 0.6257752081535497 0.3733687970234028
 0.4232709581810147 0.6264088681892015 0.3739862114515033
 0.4229778103785465 0.6271550272234476 0.3747132590372216
 0.4227154479594922 0.6278214791256289 0.3753626994620345
 0.4224691268107746 0.6284460300980881 0.3759714100711151
 0.4222139995008708 0.6290917377028445 0.3766008833352040
 0.4218646633473345 0.6299739572379534 0.3774611707135771
 0.4216043597071835 0.6306298948395251 0.3781009585442197
 0.4213548100768710 0.6312575869888817 0.3787132914177458
 0.4210791175310240 0.6319497380360130 0.3793886051916390
 0.4208054948239415 0.6326353516114627 0.3800576692087101
 0.4205547214356595 0.6332625444472411 0.3806698763096594
 0.4203020894374360 0.6338932620321573 0.3812857055176409
 0.4200062994814615 0.6346303007313853 0.3820055861223901
 0.4197385640334776 0.6352961139939253 0.3826560936755617
 0.4194877053523524 0.6359188247826827 0.3832646171399256
 0.4192289142359164 0.6365600833903846 0.3838913675597820
 0.4188482987310202 0.6375011130812206 0.3848113051340124
 0.4191021385907588 0.6368737988538843 0.3841980222260762
 0.4188557735965676 0.6374826562520847 0.3847932591946099
 0.4186041092136318 0.6381035366005534 0.3854003952014196
 0.4183517090785627 0.6387251469935232 0.3860084309240901
 0.4180740528512258 0.6394077084652317 0.3866763270523161
 0.4177930078378320 0.6400972736604398 0.3873513260558782
 0.4175373449884638 0.6407234076996330 0.3879644257195459
 0.4172812729701042 0.6413494467482158 0.3885775943642541
 0.4169878329791177 0.6420654985274463 0.3892791277938982
 0.4167135168838919 0.6427335925976573 0.3899339096715839
 0.4164580851973178 0.6433545769311391 0.3905427719219739
 0.4161969525898133 0.6439883122945383 0.3911644233586333
 0.4158617302780899 0.6448002186153744 0.3919612834901628
 0.4155905136671043 0.6454557645328645 0.3926050064437140
 0.4153337235104673 0.6460753423545477 0.3932136392162470
 0.4150615468919538 0.6467308830386040 0.3938578196415113
 0.4147557071350400 0.6474660825506269 0.3945805587765641
 0.4144914152073478 0.6481002023200492 0.3952042070092434
 0.4142326871344182 0.6487198961624093 0.3958139516474089
 0.4139491579100088 0.6493977748163346 0.3964812890953602
 0.4136607401889486 0.6500860403398195 0.3971592064000398
 0.4133988752602670 0.6507098103361124 0.3977738776810476
 0.4131370359806826 0.6513324474068305 0.3983876757217069
 0.4128388733983683 0.6520401596392872 0.3990856402116854
 0.4125573274313801 0.6527071666383392 0.3997437927403714
 0.4122958752278324 0.6533254747857254 0.4003542351118931
 0.4120295452505240 0.6539542387138428 0.4009753822692968
 0.4116994916399889 0.6547319389067617 0.4017442186066235
 0.4114217979894076 0.6553849790845128 0.4023902735833068
 0.4111597874375488 0.6560000659874251 0.4029991331038861
 0.4108855729435917 0.6566426923471519 0.4036355983683279
 0.4105496615482737 0.6574283660335830 0.4044142297746637
 0.4102759659316790 0.6580672728123870 0.4050478447535688
 0.4100115410078793 0.6586834782238495 0.4056593502315493
 0.4097245774315622 0.6593510326925103 0.4063222738142089
 0.4094256396045561 0.6600451481883294 0.4070120598474049
 0.4091568459412343 0.6606681478076318 0.4076315535116000
 0.4088896712493378 0.6612863456748138 0.4082465916235571
 0.4085901307524185 0.6619781938822065 0.4089352668510536
 0.4082995432184331 0.6626481174243170 0.4096025081875733
 0.4080317355694612 0.6632644419714625 0.4102167475666472
 0.4077612101168694 0.6638859716781148 0.4108365844993833
 0.4074431293569525 0.6646154154988436 0.4115645883574369
 0.4071570906173351 0.6652701433250533 0.4122185130267708
 0.4068893788521186 0.6658818664529834 0.4128298777251165
 0.4066142526925987 0.6665094726819834 0.4134574928430739
 0.4062447155091765 0.6673507637825274 0.4142994114033161
 0.4059595893259797 0.6679985723544459 0.4149482324641318
 0.4056895052537181 0.6686111558153424 0.4155622427653838
 0.4054012217728521 0.6692638956420250 0.4162170295658278
 0.4050855003440080 0.6699774371664802 0.4169334195264244
 0.4048085502150188 0.6706022190482035 0.4175611831643505
 0.4045363061164181 0.6712153545435569 0.4181776526594662
 0.4042372262197712 0.6718877560201379 0.4188541592128628
 0.4039346617929547 0.6725667476273062 0.4195377929856872
 0.4036597431259020 0.6731826182390998 0.4201583472548901
 0.4033852397575230 0.6737965359391157 0.4207774204073449
 0.4030757822049506 0.6744874069000965 0.4214746969497623
 0.4027783046408542 0.6751503174439090 0.4221443457927376
 0.4025036902207100 0.6757612258935488 0.4227619522285957
 0.4022262787065876 0.6763773342418149 0.4233852713680455
 0.4019026846177334 0.6770947167792680 0.4241116332054402
 0.4016078048921015 0.6777472335885520 0.4247729014478868
 0.4013323049044654 0.6783558293939128 0.4253902076431110
 0.4010500478461947 0.6789783167125799 0.4260221847924207
 0.4006876551107122 0.6797760042068296 0.4268328963169646
 0.4003944578546565 0.6804201265521977 0.4274882065736043
 0.4001174243335492 0.6810277122252337 0.4281068515693454
 0.3998256945011627 0.6816664552273357 0.4287577213325529
 0.3994838803756027 0.6824134611688886 0.4295195604037923
 0.3991966625281052 0.6830399908799253 0.4301591027403155
 0.3989182141751503 0.6836463830257714 0.4307786192272665
 0.3986179533904796 0.6842991692506118 0.4314461350031741
 0.3982979909494462 0.6849935273947582 0.4321568337440568
 0.3980135961698969 0.6856096114831562 0.4327879672760780
 0.3977330885967317 0.6862162755452125 0.4334099312573372
 0.3974253176687680 0.6868807656254081 0.4340917227166877
 0.3971117701639821 0.6875565083265145 0.4347856741732666
 0.3968274458583927 0.6881682106522758 0.4354144428695746
 0.3965439415152428 0.6887771486870614 0.4360409631858824
 0.3962257642973682 0.6894593751835487 0.4367436129320684
 0.3959172156650475 0.6901197633673919 0.4374244843551281
 0.3956331072603241 0.6907268070058754 0.4380509396334358
 0.3953469271203358 0.6913372775975680 0.4386814610086407
 0.3950172040894702 0.6920393932258521 0.4394072775588735
 0.3947114359476808 0.6926893176843733 0.4400797682133311
 0.3944271834719493 0.6932924936798383 0.4407044577010630
 0.3941383890143355 0.6939043086628340 0.4413386798907871
 0.3937952313308252 0.6946299885284053 0.4420917048336219
 0.3934904395575183 0.6952733520390011 0.4427599802535754
 0.3932049773559484 0.6958749081283440 0.4433853632822169
 0.3929117484515651 0.6964918215119148 0.4440272267280844
 0.3925293548141368 0.6972947941823170 0.4448634695220678
 0.3922249999973872 0.6979326624675394 0.4455284582662399
 0.3919374031659713 0.6985344080796984 0.4461564007832938
 0.3916340154032670 0.6991681425435218 0.4468184008749393
 0.3912815766236072 0.6999029877479130 0.4475868913244573
 0.3909837210294828 0.7005228982077407 0.4482358798741212
 0.3906947955604647 0.7011232398083108 0.4488649523158234
 0.3903839036387793 0.7017681466575545 0.4495413258110543
 0.3900497842849804 0.7024599950928962 0.4502676318602492
 0.3897542961718555 0.7030707839464007 0.4509094717187079
 0.3894639861207731 0.7036698972174161 0.4515396437779793
 0.3891489267765049 0.7043189988957771 0.4522230776769778
 0.3888175054581454 0.7050005938114843 0.4529414646547716
 0.3885211598372084 0.7056090001429557 0.4535833143629923
 0.3882283918789364 0.7062090890417322 0.4542169121283990
 0.3879074227086003 0.7068658754911046 0.4549109560619504
 0.3875793777097012 0.7075359491395056 0.4556196929270615
 0.3872824750617870 0.7081413756384970 0.4562606631110174
 0.3869871262729916 0.7087426612624610 0.4568978633305273
 0.3866586046582542 0.7094103462853097 0.4576061675596480
 0.3863342837033835 0.7100683249319697 0.4583049205144505
 0.3860375295789746 0.7106693622686153 0.4589438139968203
 0.3857406206732953 0.7112697466141853 0.4595825597467405
 0.3854074380291475 0.7119423335797690 0.4602987489252290
 0.3850836681075099 0.7125947612859084 0.4609941149904235
 0.3847861298940328 0.7131933266558236 0.4616326569773422
 0.3844876989911635 0.7137927262352133 0.4622726699551015
 0.3841519689286473 0.7144658940621756 0.4629921450128147
 0.3838265751652027 0.7151171815648207 0.4636889063147540
 0.3835270534125323 0.7157156837927064 0.4643297394150316
 0.3832259586650885 0.7163163649156763 0.4649733978081941
 0.3828838129342396 0.7169977730551147 0.4657041501918825
 0.3825585684165650 0.7176443721123364 0.4663981851567096
 0.3822576869055561 0.7182415428065003 0.4670397414526806
 0.3819536352111993 0.7188440385093763 0.4676876177142459
 0.3816006693329847 0.7195422453966932 0.4684391850055092
 0.3812770803011484 0.7201811984513153 0.4691276742159993
 0.3809759251284812 0.7207748750941776 0.4697679411862157
 0.3806698932839809 0.7213772017306931 0.4704180571317039
 0.3803081665569522 0.7220878980277465 0.4711857937017072
 0.3799846932019458 0.7227222956234209 0.4718717158425229
 0.3796826531734535 0.7233136889202012 0.4725116809629981
 0.3793745907085788 0.7239159132364541 0.4731639180102676
 0.3790056224187886 0.7246359283201980 0.4739444494433234
 0.3786808905439132 0.7252684757132020 0.4746307724173656
 0.3783767527156094 0.7258599404641998 0.4752729956715048
 0.3780647858836917 0.7264656617475279 0.4759311489911467
 0.3776720028748340 0.7272269074472466 0.4767589403269185
 0.3773469035357020 0.7278558091958786 0.4774434087103496
 0.3770407053121089 0.7284471835135582 0.4780875691924865
 0.3767218912621467 0.7290619335572460 0.4787577750796007
 0.3762914493992930 0.7298903327192073 0.4796618455828469
 0.3759677551848969 0.7305120890408305 0.4803410677352733
 0.3756594564478857 0.7311033164800859 0.4809874279215860
 0.3753291680227741 0.7317356813558207 0.4816792576824219
 0.3749697189315241 0.7324226676211603 0.4824314209020081
 0.3746541968782726 0.7330246647609509 0.4830910435168526
 0.3743457923259752 0.7336121503620308 0.4837352473411815
 0.3740151974059311 0.7342408873115959 0.4844252192227445
 0.3736503279180840 0.7349335885504761 0.4851860011946779
 0.3733320294159435 0.7355368332985098 0.4858490207584251
 0.3730212397263191 0.7361249137828733 0.4864957750267802
 0.3726875574361310 0.7367552888717213 0.4871894704606666
 0.3723224864242326 0.7374437527458687 0.4879476176199504
 0.3720022950234957 0.7380465448291295 0.4886119203998082
 0.3716886920242668 0.7386359981984176 0.4892620164467903
 0.3713496035735669 0.7392723163615328 0.4899643696243486
 0.3709894390263536 0.7399470078166329 0.4907097119464124
 0.3706692794288080 0.7405457440341982 0.4913716495273418
 0.3703544815336356 0.7411335255067033 0.4920218916460457
 0.3700136024350734 0.7417689712913286 0.4927252911818223
 0.3696526565197819 0.7424406570376230 0.4934692806638933
 0.3693316763714057 0.7430369653497395 0.4941302032044180
 0.3690165713099024 0.7436214420781305 0.4947784187167740
 0.3686777175570862 0.7442489590237993 0.4954748224456209
 0.3683079297510918 0.7449325716819337 0.4962339931048934
 0.3679835711304806 0.7455311820120351 0.4968991676310913
 0.3676666244662308 0.7461151967489433 0.4975484519148666
 0.3673271513202889 0.7467397180110974 0.4982431151547580
 0.3669504031852445 0.7474316051768473 0.4990131493734247
 0.3666224872224870 0.7480327827792841 0.4996826474254302
 0.3663023085125786 0.7486188531943385 0.5003357368847444
 0.3659579330757554 0.7492482007605243 0.5010375303258224
 0.3655845335535524 0.7499294070173418 0.5017976941874676
 0.3652557940620426 0.7505281232624156 0.5024662292254447
 0.3649337463311075 0.7511137337495530 0.5031204678427513
 0.3645864023068716 0.7517443276906183 0.5038253034975132
 0.3642143296039507 0.7524186514549874 0.5045794085091339
 0.3638853954946845 0.7530137938779456 0.5052453260522457
 0.3635633464116265 0.7535955737996832 0.5058966512391947
 0.3632181667404955 0.7542181477833864 0.5065940611572289
 0.3628372620088742 0.7549039702781931 0.5073628136748028
 0.3625054860390746 0.7555003256776472 0.5080316738404220
 0.3621824521270452 0.7560800669760772 0.5086822248576914
 0.3618386150405405 0.7566961704179735 0.5093739189387543
 0.3614436861494252 0.7574025892827244 0.5101674583673586
 0.3611070480941553 0.7580037047579360 0.5108431219785532
 0.3607806635078925 0.7585856030917139 0.5114975787144153
 0.3604328474900023 0.7592047299530877 0.5121943399142946
 0.3600386490371312 0.7599052004998879 0.5129831510853226
 0.3596998711456724 0.7605061604939983 0.5136602720921022
 0.3593704663063577 0.7610895830431708 0.5143179043543108
 0.3590175709187707 0.7617136181823171 0.5150215716942592
 0.3586304590464591 0.7623969829961759 0.5157924375909846
 0.3582923062565387 0.7629929175607847 0.5164649591387515
 0.3579624924323387 0.7635732582551885 0.5171201686350595
 0.3576096894579883 0.7641930725255281 0.5178202811435180
 0.3572189548870104 0.7648783503840262 0.5185947442628760
 0.3568796546403934 0.7654724229984222 0.5192664536107167
 0.3565498983132122 0.7660488990582428 0.5199185246435868
 0.3562000596016825 0.7666595311315659 0.5206094908622728
 0.3557901270347701 0.7673738129179506 0.5214180905323313
 0.3554456321550919 0.7679730410205016 0.5220967613048199
 0.3551133918428181 0.7685500629820881 0.5227505804275188
 0.3547622567226389 0.7691589540526022 0.5234408345083037
 0.3543392799093142 0.7698911362973565 0.5242712632144270
 0.3539900873168949 0.7704945406283825 0.5249559156969769
 0.3536537888963313 0.7710747646248617 0.5256144590087846
 0.3532961516910710 0.7716908404167454 0.5263138735566009
 0.3528893206720966 0.7723904547492041 0.5271083628394765
 0.3525408220514087 0.7729887415115546 0.5277880238132853
 0.3522024455488738 0.7735687580037797 0.5284471856189676
 0.3518406216169480 0.7741879960012634 0.5291512300300121
 0.3514409093647887 0.7748709160232221 0.5299280484773579
 0.3510933245489538 0.7754637874031941 0.5306027218205934
 0.3507552002880965 0.7760396438521228 0.5312582482571704
 0.3503955629425390 0.7766511919392992 0.5319546066698224
 0.3499836890666841 0.7773503712399277 0.5327509940264967
 0.3496331044142637 0.7779445073471700 0.5334279539050640
 0.3492946261857920 0.7785172562832368 0.5340807552611768
 0.3489381411971183 0.7791195536363695 0.5347674645407602
 0.3484915555033835 0.7798727514477410 0.5356265297537790
 0.3481339997392575 0.7804747329844377 0.5363133266625242
 0.3477921433326431 0.7810494040909637 0.5369690975281215
 0.3474315391204085 0.7816546630020323 0.5376598975325818
 0.3469928042369329 0.7823897813899761 0.5384991046870459
 0.3466331226149756 0.7829913990745755 0.5391861144697871
 0.3462870353908453 0.7835693938509347 0.5398463659842855
 0.3459188253034222 0.7841833866921097 0.5405479937921692
 0.3455007822279792 0.7848792947577580 0.5413435289535795
 0.3451422654361599 0.7854751134410579 0.5420248508637291
 0.3447942311174444 0.7860526338644538 0.5426853768845974
 0.3444227280415230 0.7866681474566053 0.5433894550601186
 0.3440088481912959 0.7873527205076800 0.5441726342028959
 0.3436509488272929 0.7879437252242296 0.5448488744144399
 0.3433037512358533 0.7885161975074736 0.5455040317405676
 0.3429360095943751 0.7891216227838154 0.5461970534218136
 0.3425038232549906 0.7898319392418139 0.5470103406524465
 0.3421423361226884 0.7904250613370308 0.5476895836815435
 0.3417949537065936 0.7909941879478354 0.5483414386939404
 0.3414304186243697 0.7915905208277826 0.5490245344231311
 0.3409469647421143 0.7923799807910334 0.5499289913253800
 0.3405771265438339 0.7929828309125027 0.5506197916364594
 0.3402255710242700 0.7935550149116660 0.5512755874682675
 0.3398547934710325 0.7941575743380062 0.5519663466318505
 0.3394017856706785 0.7948925050133370 0.5528090267880554
 0.3390314430197552 0.7954922970395272 0.5534968428156329
 0.3386754691062481 0.7960679497513327 0.5541570041776596
 0.3382975153130989 0.7966782184692477 0.5548568681504731
 0.3378632391597827 0.7973782533615982 0.5556596975701352
 0.3374935590168156 0.7979731755658726 0.5563420424340879
 0.3371352863856344 0.7985488772483986 0.5570024465530014
 0.3367529091719819 0.7991623788089142 0.5577063605645912
 0.3363274606627534 0.7998438571972657 0.5584884550479970
 0.3359592280777206 0.8004327316957492 0.5591644035948250
 0.3356018439628539 0.8010034121574162 0.5598195462108795
 0.3352231094445197 0.8016072800255538 0.5605128407852922
 0.3347799685606142 0.8023126613246206 0.5613227369436466
 0.3344084348476593 0.8029030844595455 0.5620007013316840
 0.3340515958769533 0.8034693208606343 0.5626509643861897
 0.3336780628424798 0.8040611746403284 0.5633307332753862
 0.3331501094388559 0.8048961867507547 0.5642899138782801
 0.3327682121356247 0.8054990933207498 0.5649825329384571
 0.3324074937766969 0.8060677175697404 0.5656357809667603
 0.3320267847992936 0.8066669652610265 0.5663242089943926
 0.3315646792126343 0.8073931117223800 0.5671584354670606
 0.3311850255264850 0.8079886955713826 0.5678427124935358
 0.3308200795840038 0.8085603604782947 0.5684995748653253
 0.3304340189854661 0.8091642005931911 0.5691934824133918
 0.3299738191376442 0.8098827986440283 0.5700193234865260
 0.3295909236589103 0.8104796926408208 0.5707052798658825
 0.3292215087827842 0.8110547194403570 0.5713660304178088
 0.3288278852896554 0.8116665114036890 0.5720689044004630
 0.3283866740508231 0.8123511460156917 0.5728553101439156
 0.3280062089929659 0.8129405722328003 0.5735322554767268
 0.3276369478068714 0.8135118052170920 0.5741882617975552
 0.3272441777740321 0.8141185050361213 0.5748849877591427
 0.3267988487067203 0.8148052725449678 0.5756736661664491
 0.3264182241104741 0.8153913168987635 0.5763466636030653
 0.3260509054150453 0.8159560570320881 0.5769951606118695
 0.3256651550226350 0.8165482742382785 0.5776751514833326
 0.3251636417730004 0.8173169008606387 0.5785576029935029
 0.3247748813734846 0.8179117031081401 0.5792404347603688
 0.3244062897682665 0.8184748295444680 0.5798868813662788
 0.3240216678818262 0.8190616011733560 0.5805604601472779
 0.3234598658676575 0.8199171297618575 0.5815425132839709
 0.3238344939037586 0.8193468386691591 0.5808878897703612
 0.3234658889317102 0.8199079673656433 0.5815319963584688
 0.3230916834607101 0.8204768174560693 0.5821849110323075
 0.3227206383990299 0.8210400659259163 0.5828313183881829
 0.3223295060814995 0.8216329504615095 0.5835116462041869
 0.3218124133666627 0.8224154238305023 0.5844094163135644
 0.3214146613451850 0.8230162717373122 0.5850987684131626
 0.3210351990728827 0.8235886536610857 0.5857554787320580
 0.3206315952630746 0.8241965565808643 0.5864529765568240
 0.3201718600824637 0.8248878850422127 0.5872462079666341
 0.3197778877384368 0.8254793778844777 0.5879248398097869
 0.3193952236404868 0.8260530615936339 0.5885829372793723
 0.3189858593297261 0.8266658701078201 0.5892857609166424
 0.3185353647048159 0.8273391742436326 0.5900577661551009
 0.3181432213405522 0.8279243534268369 0.5907285791283060
 0.3177619181833402 0.8284925437006824 0.5913798176943720
 0.3173566561362235 0.8290955606912321 0.5920708939211297
 0.3168943982831103 0.8297822888689281 0.5928578122173114
 0.3165010571903320 0.8303657176923011 0.5935262588007266
 0.3161223222911820 0.8309266879635228 0.5941688531143989
 0.3157260709196433 0.8315127725319779 0.5948400596158050
 0.3151534012666640 0.8323582981049624 0.5958080807153875
 0.3155352719867601 0.8317946759833956 0.5951628442738203
 0.3151597923522175 0.8323488716218993 0.5957972905419978
 0.3147777466746555 0.8329119827286658 0.5964417909790122
 0.3143995474585854 0.8334686563333362 0.5970787837348027
 0.3140035732549571 0.8340506770334319 0.5977446354613863
 0.3134551596268048 0.8348553869700560 0.5986649786456132
 0.3130459505429352 0.8354548017360636 0.5993502785997008
 0.3126610692241406 0.8360177773174432 0.5999936933066411
 0.3122596247503821 0.8366041533964933 0.6006636088623386
 0.3117085886604776 0.8374076637230387 0.6015812178596452
 0.3112945523989715 0.8380103655967033 0.6022692656966746
 0.3109022426261120 0.8385806224410294 0.6029201203125969
 0.3104874657316309 0.8391826743715701 0.6036071071860207
 0.3099983608566073 0.8398914788498663 0.6044156570688508
 0.3095878940457792 0.8404853777817536 0.6050928530210065
 0.3091908663114109 0.8410590153245906 0.6057466380756081
 0.3087671740527937 0.8416702963459657 0.6064429450834898
 0.3082996244613367 0.8423437995911158 0.6072096598497703
 0.3078925353347293 0.8429293138860332 0.6078758339040455
 0.3074962320012488 0.8434985170959877 0.6085231549360115
 0.3070740330356972 0.8441040509327725 0.6092115076450925
 0.3066042615411050 0.8447767730149978 0.6099759063439082
 0.3061982737413667 0.8453572748372099 0.6106352184073859
 0.3058056295963312 0.8459179234617498 0.6112716883784767
 0.3053938435465012 0.8465050901014941 0.6119379242958539
 0.3048592279391378 0.8472661610487286 0.6128009468791464
 0.3044447224581106 0.8478552859363387 0.6134685838549507
 0.3040526616666978 0.8484117431368962 0.6140988929313909
 0.3036462931111363 0.8489877227768070 0.6147510152016943
 0.3031209236668642 0.8497311929563549 0.6155923165197275
 0.3027000621342402 0.8503258146246985 0.6162647945302901
 0.3023054422541406 0.8508825914131947 0.6168941388446405
 0.3019012840837003 0.8514520574883373 0.6175374832968882
 0.3014279805093291 0.8521179659181840 0.6182893531795602
 0.3009968985645359 0.8527235503935948 0.6189727405259867
 0.3005947905771990 0.8532876440270184 0.6196090155055619
 0.3001888876576176 0.8538562925819264 0.6202501540342018
 0.2997358885629277 0.8544900117751423 0.6209643131711762
 0.2992866227793787 0.8551175653492200 0.6216711092487742
 0.2988740562900559 0.8556930319837052 0.6223188148622302
 0.2984622182772398 0.8562666989770907 0.6229640393366771
 0.2980078116625393 0.8568987568722310 0.6236743866014174
 0.2975502607337731 0.8575342332561285 0.6243880083834087
 0.2971325605549798 0.8581135289564112 0.6250380847849042
 0.2967165629672118 0.8586896759064329 0.6256842344484317
 0.2962550346725433 0.8593279657892092 0.6263996393857264
 0.2958003351560118 0.8599558729891926 0.6271029380898234
 0.2953841782808074 0.8605297424171398 0.6277452562355811
 0.2949705076074045 0.8610994162485510 0.6283823949726370
 0.2945170721569935 0.8617229757290268 0.6290791992390755
 0.2940577704880704 0.8623536731133743 0.6297833169750024
 0.2936427754063692 0.8629227293190244 0.6304180538672211
 0.2932354432570722 0.8634805414295249 0.6310397514601377
 0.2928028416737192 0.8640721624764031 0.6316986136042135
 0.2923050898226028 0.8647518723099201 0.6324549286877315
 0.2918826147422858 0.8653279428222447 0.6330953677454871
 0.2914781678434193 0.8658787073637413 0.6337071730319159
 0.2910596694303075 0.8664478647588592 0.6343388745690052
 0.2905360032530410 0.8671589915311608 0.6351273650869554
 0.2900992043240558 0.8677512582061836 0.6357834025879695
 0.2896916154767271 0.8683031859890228 0.6363942203924665
 0.2892781701322270 0.8688623248427232 0.6370124861559794
 0.2888135953907661 0.8694897495103533 0.6377055975278807
 0.2883575931138772 0.8701047143659878 0.6383842238439885
 0.2879399723085309 0.8706671542930566 0.6390042225203161
 0.2875258962267684 0.8712241024133295 0.6396175155204530
 0.2870817931546577 0.8718206467872013 0.6402736876099030
 0.2865802167440115 0.8724934121728293 0.6410128317024392
 0.2861454291538282 0.8730757557309911 0.6416519312060783
 0.2857232020849208 0.8736405344673921 0.6422711618555513
 0.2852759750668811 0.8742379598921386 0.6429255560635032
 0.2847462403267491 0.8749445508948672 0.6436986455808804
 0.2843004020285463 0.8755383558567084 0.6443475308636997
 0.2838693222964517 0.8761117426360583 0.6449733483341247
 0.2834081330119767 0.8767243533149992 0.6456411182910768
 0.2829052108121786 0.8773914308947615 0.6463672500422432
 0.2824626741089754 0.8779775813594746 0.6470044541852111
 0.2820298058832633 0.8785501758163279 0.6476262048085861
 0.2815619919663432 0.8791681658132307 0.6482964794621209
 0.2810717848264072 0.8798148161537183 0.6489969766485663
 0.2806346357081073 0.8803906837189091 0.6496200129216791
 0.2802066991760812 0.8809536951875678 0.6502283718059447
 0.2797498352448128 0.8815539818044843 0.6508761162696648
 0.2792450237307414 0.8822163321008326 0.6515897190318546
 0.2788074086268993 0.8827897241817187 0.6522065284750708
 0.2783856411989586 0.8833416590757075 0.6527994314817097
 0.2779464797970164 0.8839156368187453 0.6534151688938075
 0.2773038023854070 0.8847542907746868 0.6543132963824081
 0.2777323377000546 0.8841952522770442 0.6537148177147524
 0.2773105106757653 0.8847455449230028 0.6543039398598988
 0.2768852681111328 0.8852996150967406 0.6548962923023851
 0.2764674644402849 0.8858433323198434 0.6554767605015976
 0.2760351100046254 0.8864052991557595 0.6560758404808956
 0.2755112346477147 0.8870852921912894 0.6567995386285489
 0.2750563885559860 0.8876748612817745 0.6574259332900002
 0.2746335489214156 0.8882222603431890 0.6580066405586388
 0.2742082122039395 0.8887722305610095 0.6585892186937069
 0.2737427720521056 0.8893732984789313 0.6592249284296045
 0.2732527729153801 0.8900052309230829 0.6598921269664609
 0.2728158460144610 0.8905679855542494 0.6604852551702185
 0.2723893267555825 0.8911166721210210 0.6610625941035699
 0.2719418919248635 0.8916915640147096 0.6616664771024786
 0.2713345791098893 0.8924707343302180 0.6624832723626275
 0.2708716117540183 0.8930638328470523 0.6631037485585257
 0.2704344122873309 0.8936232256260951 0.6636879737208946
 0.2699781583794102 0.8942062817487720 0.6642958756709604
 0.2693708735663884 0.8949812135668507 0.6651021161387506
 0.2688984500135961 0.8955831667645221 0.6657269562628135
 0.2684496318051927 0.8961543268352566 0.6663186135835766
 0.2679746911494523 0.8967579743573189 0.6669426060641561
 0.2674235080202000 0.8974575566951272 0.6676640863250162
 0.2669537935302541 0.8980529186572236 0.6682767079759646
 0.2664968757146561 0.8986313428816874 0.6688707325358596
 0.2660013977612225 0.8992577850154719 0.6695127937605430
 0.2654851215655118 0.8999096455943402 0.6701794786868305
 0.2650222192210855 0.9004933579459902 0.6707751772431377
 0.2645646808241552 0.9010696062846382 0.6713620041094295
 0.2640609803406854 0.9017031926987154 0.6720057261518843
 0.2635574908998299 0.9023356791680813 0.6726467400229371
 0.2631017793001824 0.9029074312727943 0.6732248387034158
 0.2626515470952353 0.9034716443705416 0.6737940672943303
 0.2621638496593232 0.9040820659978421 0.6744085387770988
 0.2616515490822424 0.9047224557583607 0.6750516374626327
 0.2611975619554242 0.9052892482868274 0.6756194837736280
 0.2607557770007479 0.9058401749297696 0.6761701831679319
 0.2602918738537094 0.9064180165572564 0.6767464137656514
 0.2596974807090856 0.9071574038001461 0.6774816301757437
 0.2592318120062840 0.9077358905174885 0.6780551789880370
 0.2587931326428742 0.9082802293560940 0.6785935268131015
 0.2583421148519917 0.9088392546448307 0.6791450470066769
 0.2578015450250265 0.9095084485528272 0.6798034559274504
 0.2573267567822901 0.9100954672289230 0.6803793888882405
 0.2568865260327831 0.9106391434686030 0.6809114285449444
 0.2564454301859278 0.9111832963461047 0.6814426026574436
 0.2559672155447639 0.9117725745865372 0.6820163142815689
 0.2554476753290206 0.9124119952211712 0.6826370658385219
 0.2549921554836453 0.9129719577115381 0.6831791645635428
 0.2545513850633035 0.9135132001490547 0.6837017974601270
 0.2540942783556916 0.9140738939701630 0.6842418115836325
 0.2535337374281598 0.9147606202873210 0.6849012342576167
 0.2530520157665486 0.9153500475809474 0.6854654523048705
 0.2526025440064693 0.9158994039047290 0.6859898085319099
 0.2521479196870707 0.9164544614677883 0.6865181194359924
 0.2516431481217812 0.9170700456693925 0.6871022982190178
 0.2511298233285768 0.9176953107807188 0.6876938126185846
 0.2506640496076635 0.9182620045638691 0.6882283273604967
 0.2502037153106744 0.9188214751912285 0.6887545511241731
 0.2497114109755086 0.9194191386226264 0.6893150545790819
 0.2491395823735700 0.9201124912010645 0.6899631054848724
 0.2486520194239294 0.9207029493113272 0.6905130590939018
 0.2481786718549110 0.9212755610651370 0.6910446487959608
 0.2476738622013738 0.9218855516951028 0.6916090298735923
 0.2470968701976703 0.9225819088325202 0.6922509240994797
 0.2465993492138792 0.9231816261531351 0.6928017228609393
 0.2461119450785197 0.9237684985242941 0.6933389451496643
 0.2455768248063321 0.9244120883064982 0.6939260614546882
 0.2450328773376035 0.9250655093018176 0.6945199362293982
 0.2445377974179517 0.9256595438502357 0.6950578420933006
 0.2440407527612881 0.9262552842219505 0.6955953279767711
 0.2434575396763966 0.9269534758879731 0.6962227018805446
 0.2429358402588379 0.9275772747902601 0.6967809120025888
 0.2424490211712053 0.9281587308173659 0.6972992982259544
 0.2419500215216451 0.9287541016180950 0.6978281988977262
 0.2412663316712602 0.9295687968608860 0.6985488808786726
 0.2407557580407031 0.9301764290745790 0.6990840844676378
 0.2402773087466456 0.9307452326782142 0.6995832619570725
 0.2397765257118010 0.9313399721831902 0.7001032678224950
 0.2391713634822657 0.9320578397542097 0.7007282491406064
 0.2386775299415216 0.9326429723982964 0.7012354880945172
 0.2382080994488673 0.9331986337712741 0.7017153746347017
 0.2377211816502880 0.9337744249049195 0.7022108100733855
 0.2370251143769250 0.9345965390397009 0.7029149795213908
 0.2365251293343009 0.9351863415730834 0.7034178329247210
 0.2360598033880224 0.9357347202062435 0.7038835986005147
 0.2355796855782906 0.9362999897023324 0.7043618969823343
 0.2349711449705600 0.9370156738866610 0.7049647864255016
 0.2344732866236486 0.9376005403049996 0.7054552283906359
 0.2340101104208460 0.9381441430967501 0.7059092477975905
 0.2335415409589413 0.9386935684198159 0.7063663438732484
 0.2330193338190647 0.9393052896631330 0.7068731469569358
 0.2324996274650181 0.9399134601904149 0.7073747779119307
 0.2320287339719524 0.9404639772094432 0.7078269179319382
 0.2315667043162144 0.9410036432989464 0.7082683409644127
 0.2310817891865795 0.9415695233723101 0.7087292714329901
 0.2303373074672631 0.9424372861676209 0.7094322328857346
 0.2308336964212850 0.9418588358073121 0.7089641592116182
 0.2303673954543116 0.9424022397153121 0.7094039329988785
 0.2298968305920515 0.9429501238438820 0.7098454741924222
 0.2294332398295989 0.9434894107917318 0.7102782634956062
 0.2289531597358024 0.9440473833976953 0.7107241380708759
 0.2283784964335606 0.9447146259212709 0.7112547601970998
 0.2278693481465301 0.9453052027242892 0.7117220564516490
 0.2273961270325527 0.9458536077506430 0.7121539857672485
 0.2269207336061184 0.9464040495438576 0.7125855791912437
 0.2264023140735218 0.9470037642249618 0.7130536016819966
 0.2258476064153468 0.9476448314812230 0.7135513727936719
 0.2253557486509960 0.9482127264590807 0.7139901654211140
 0.2248761558355301 0.9487659771216426 0.7144156919367746
 0.2243731197383487 0.9493457621605865 0.7148595461185502
 0.2236878360998613 0.9501347675024974 0.7154600923368112
 0.2231664660690858 0.9507344113860573 0.7159137786121289
 0.2226741927739622 0.9513000876624363 0.7163395807135944
 0.2221604505012945 0.9518899173033251 0.7167813057529985
 0.2214782410452925 0.9526723552100119 0.7173637558171061
 0.2209447202360268 0.9532836209609858 0.7178160317984227
 0.2204376092209774 0.9538641129831594 0.7182433216257149
 0.2199026596935653 0.9544759312099320 0.7186913231876850
 0.2192447538024358 0.9552276185756371 0.7192383913400772
 0.2187033208788294 0.9558456103945127 0.7196853299722770
 0.2181777547293031 0.9564449608891264 0.7201163111729814
 0.2176045341373537 0.9570980643146599 0.7205831605583566
 0.2170068243619880 0.9577784174656592 0.7210664256901550
 0.2164643336948704 0.9583953447765915 0.7215019719582237
 0.2159162788823068 0.9590180516046622 0.7219390469131880
 0.2152361381728904 0.9597900764179448 0.7224773481101388
 0.2146634936791205 0.9604394358939918 0.7229269913443807
 0.2141173150977661 0.9610582377474794 0.7233527487765453
 0.2135230206679428 0.9617309525706353 0.7238125270871324
 0.2129249715141942 0.9624072911256160 0.7242715358349655
 0.2123809314315213 0.9630220092904197 0.7246859178126348
 0.2118326456340865 0.9636410075864139 0.7251005131774036
 0.2111465094120555 0.9644149099874453 0.7256151153709408
 0.2105836809243328 0.9650491356584324 0.7260337237558724
 0.2100545741375722 0.9656448762167595 0.7264243352216100
 0.2095006634331903 0.9662680443700219 0.7268301921547951
 0.2088526359350532 0.9669964536880954 0.7273009929864841
 0.2083127884868599 0.9676027393582953 0.7276898914313517
 0.2077941945930238 0.9681847106127920 0.7280606698894662
 0.2072449452743335 0.9688006119887289 0.7284503978155844
 0.2066236384850149 0.9694967353582256 0.7288876099147016
 0.2060942389512020 0.9700894028988620 0.7292571036878375
 0.2055842981754743 0.9706598711320147 0.7296103588815235
 0.2050485958283052 0.9712587237298084 0.7299786321574420
 0.2043865200511516 0.9719982369221488 0.7304297535727496
 0.2038550165383989 0.9725914224380356 0.7307886801180032
 0.2033501110146686 0.9731545281300130 0.7311269962609726
 0.2028251069605526 0.9737396443608558 0.7314760640446059
 0.2020538750811705 0.9745984402116117 0.7319838678694379
 0.2025680781539193 0.9740259531847043 0.7316459560945191
 0.2020669582798414 0.9745838788749219 0.7319753026483783
 0.2015601929630288 0.9751477156384086 0.7323058298822916
 0.2010608006216264 0.9757029839082438 0.7326290589074108
 0.2005405564510720 0.9762810548232114 0.7329631498651973
 0.1998311576471942 0.9770686830073789 0.7334143703396110
 0.1992942431077606 0.9776643333754006 0.7337525508663876
 0.1987931734901300 0.9782198537801805 0.7340655756765260
 0.1982781353205878 0.9787904978924542 0.7343847451592453
 0.1976516234392274 0.9794841598059447 0.7347694842825284
 0.1971120210260917 0.9800811692909595 0.7350977740211116
 0.1966099711245215 0.9806362789068147 0.7354006619607878
 0.1961032579985601 0.9811962034072681 0.7357038666145231
 0.1955399359303082 0.9818182828857349 0.7360380028224228
 0.1949762540270686 0.9824403436535442 0.7363692587356222
 0.1944653537071694 0.9830038003149451 0.7366668325295138
 0.1939627416613116 0.9835577887791327 0.7369571162257663
 0.1934308172415654 0.9841437355727557 0.7372616774954618
 0.1927664707309623 0.9848750524951818 0.7376382378074331
 0.1922343449875816 0.9854604229475866 0.7379367966000008
 0.1917286347341237 0.9860164108864906 0.7382180183818915
 0.1912043643837238 0.9865924741262648 0.7385069795691661
 0.1905304121074627 0.9873325180291884 0.7388745975344697
 0.1899843886290044 0.9879316891569485 0.7391692820136635
 0.1894735699915601 0.9884919092201311 0.7394424237323106
 0.1889515229303643 0.9890641276016480 0.7397190357423912
 0.1883442995795955 0.9897293103906804 0.7400375592429891
 0.1877843503457958 0.9903423317043752 0.7403282159637047
 0.1872654733944354 0.9909100701177276 0.7405949283694531
 0.1867449067244566 0.9914793533398324 0.7408599827505060
 0.1861737193337997 0.9921036478072071 0.7411479201152322
 0.1855794307425550 0.9927528103919480 0.7414443198260642
 0.1850459467776744 0.9933352266275463 0.7417076501386771
 0.1845217279714477 0.9939072294815375 0.7419638901012593
 0.1839640465047725 0.9945154239142225 0.7422337493695380
 0.1833011275457363 0.9952379619549003 0.7425508551048716
 0.1827478163129184 0.9958406847111041 0.7428124693842995
 0.1822149457390612 0.9964208438658562 0.7430617949787034
 0.1816538498391119 0.9970314210841117 0.7433215663790566
 0.1809285861780725 0.9978201750108757 0.7436531997853927
 0.1803592643910968 0.9984389702619119 0.7439102961081048
 0.1798144315826783 0.9990308511607290 0.7441536954045382
 0.1792364221945392 0.9996584593099781 0.7444091035688979
 0.1785535102795903  1.000399559842790 0.7447071339424066
 0.1779791038966419  1.001022568449977 0.7449546853073583
 0.1774216874628158  1.001626855403968 0.7451922010374955
 0.1768240517315955  1.002274425549755 0.7454439208820397
 0.1761567953188514  1.002997049568326 0.7457214358041435
 0.1755735643023770  1.003628348476966 0.7459609999161665
 0.1749994419511759  1.004249493441847 0.7461941077109385
 0.1743700721031081  1.004930079244366 0.7464465527149542
 0.1737175412076276  1.005635349427926 0.7467048535606254
 0.1731239558708121  1.006276594606047 0.7469367721401426
 0.1725261113623741  1.006922141361881 0.7471674244421967
 0.1718263076592663  1.007677406033465 0.7474337127351129
 0.1711834552421198  1.008370852994165 0.7476748608134723
 0.1705734695586878  1.009028538500076 0.7479006430292436
 0.1699267660804144  1.009725490096829 0.7481367971485426
 0.1691956114951787  1.010513060133851 0.7483997781471453
 0.1685538113647713  1.011204041498678 0.7486270782367276
 0.1679025192408528  1.011904922691177 0.7488543343865087
 0.1670760157080402  1.012793900149551 0.7491378054120922
 0.1664055543503540  1.013514672464844 0.7493637689842138
 0.1657313925840551  1.014239096213015 0.7495874521891016
 0.1649539470794552  1.015074104145337 0.7498411151538739
 0.1642849091225137  1.015792340802709 0.7500558211031978
 0.1636033219446656  1.016523734057529 0.7502712403634911
 0.1628428010272875  1.017339459264479 0.7505077889712728
 0.1621828299275422  1.018047024907276 0.7507099121580431
 0.1615158961113213  1.018761766245619 0.7509112797377038
 0.1607286217900967  1.019605106113469 0.7511453033618881
 0.1600736604963741  1.020306411155895 0.7513369583229863
 0.1594280663414573  1.020997424517169 0.7515231404382862
 0.1585928046405110  1.021891069796211 0.7517599447184578
 0.1579340820104894  1.022595539560159 0.7519434401094937
 0.1573055881750940  1.023267441511358 0.7521158492124959
 0.1566025410828571  1.024018773007563 0.7523056548331845
 0.1559371934422149  1.024729554830009 0.7524823361385053
 0.1553203630223215  1.025388283285545 0.7526435840532976
 0.1546863490287797  1.026065142386152 0.7528067679643136
 0.1538635309467468  1.026943237616790 0.7530146895505831
 0.1532272710502787  1.027621993016922 0.7531725049612623
 0.1526148202186475  1.028275148004011 0.7533220096682663
 0.1519287662100461  1.029006567510160 0.7534867302082857
 0.1512747927197109  1.029703562315060 0.7536410882712891
 0.1506703927973131  1.030347532209132 0.7537814669139069
 0.1500552896843076  1.031002721510627 0.7539221032130201
 0.1492563542538304  1.031853450450545 0.7541014408527625
 0.1486225467911957  1.032528130986181 0.7542410640527794
 0.1480227376764624  1.033166448243574 0.7543710728844668
 0.1473826134960165  1.033847486911030 0.7545075802887373
 0.1466937315658626  1.034580193492399 0.7546519478548710
 0.1460857809772012  1.035226645530349 0.7547772024299561
 0.1454861880778118  1.035864052947117 0.7548987804351985
 0.1448188526265804  1.036573294228843 0.7550318327085358
 0.1441667285267491  1.037266187906539 0.7551595741421787
 0.1435678250181464  1.037902378820459 0.7552749334999465
 0.1429640238011915  1.038543624731010 0.7553893699375458
 0.1422531549055186  1.039298391391765 0.7555217391736503
 0.1416172303661068  1.039973417601833 0.7556380260755745
 0.1410217184593819  1.040605404875407 0.7557451245203396
 0.1404077934538321  1.041256792279028 0.7558537290817713
 0.1394135957048549  1.042311360090518 0.7560257508312785
 0.1400764143914125  1.041608333914085 0.7559115935837307
 0.1394863028744950  1.042234250236693 0.7560133310641662
 0.1388905282808481  1.042866044897964 0.7561143602783754
 0.1382923219519702  1.043500290736955 0.7562141164609932
 0.1376303061511891  1.044202043894007 0.7563225685760522
 0.1369704195036723  1.044901389787206 0.7564286638267765
 0.1363673256184615  1.045540418035177 0.7565238948931418
 0.1357614084534921  1.046182316084485 0.7566179223049603
 0.1350594940496727  1.046925762236883 0.7567248027255183
 0.1344150599989278  1.047608188164324 0.7568210242939194
 0.1338130784489838  1.048245541095860 0.7569092846932290
 0.1331950173165825  1.048899802228470 0.7569982999923888
 0.1323450079200468  1.049799408496127 0.7571181215015581
 0.1317052988608890  1.050476302773229 0.7572063507284494
 0.1310971980013609  1.051119641616377 0.7572886970025823
 0.1304367559630453  1.051818235611182 0.7573764732522138
 0.1297556149967002  1.052538596875397 0.7574652178212105
 0.1291397772972571  1.053189785511429 0.7575439178955303
 0.1285239857408712  1.053840823658965 0.7576211735026314
 0.1278164791442221  1.054588703314171 0.7577081849262652
 0.1271584089275111  1.055284209748632 0.7577874622307874
 0.1265438895384616  1.055933589071149 0.7578600785659505
 0.1259117947404618  1.056601443196389 0.7579333754326393
 0.1249308841377363  1.057637654967133 0.7580443997867400
 0.1255848373427682  1.056946859239744 0.7579707444413273
 0.1249762136791871  1.057589774920641 0.7580393403028732
 0.1243585952425910  1.058242102692884 0.7581076995275171
 0.1237362574260171  1.058899325541967 0.7581753513475554
 0.1230356312975156  1.059639119600970 0.7582500948466304
 0.1223601180788954  1.060352292964064 0.7583207974554431
 0.1217337372238376  1.061013505358341 0.7583852158692466
 0.1210930746767175  1.061689706104437 0.7584500154478834
 0.1202131289344637  1.062618321744524 0.7585373054898237
 0.1195488340821165  1.063319252268447 0.7586019440540552
 0.1189133930362930  1.063989653465406 0.7586627940046674
 0.1182065971760977  1.064735240037701 0.7587293734508793
 0.1175168357445537  1.065462762251410 0.7587932436629115
 0.1168785980100630  1.066135857893060 0.7588513808386745
 0.1162253839294401  1.066824667328207 0.7589099326783311
 0.1152548188818703  1.067847973466401 0.7589951721693078
 0.1159018719518912  1.067165778578964 0.7589385777802968
 0.1152734868802626  1.067828292678925 0.7589935523861092
 0.1146330328908989  1.068503456736911 0.7590486826729258
 0.1139853788319220  1.069186135902717 0.7591035107836712
 0.1132386709601746  1.069973133541825 0.7591655738634717
 0.1125469024571314  1.070702141013339 0.7592219707204452
 0.1118965226976500  1.071387457302518 0.7592740304120730
 0.1112157343814861  1.072104739775698 0.7593275295966339
 0.1104189554800136  1.072944134018608 0.7593888613032898
 0.1097439663475070  1.073655144773613 0.7594397430745518
 0.1090764503366104  1.074358213027868 0.7594890946427221
 0.1082848084418326  1.075191929092849 0.7595463771069024
 0.1075813701842081  1.075932674304679 0.7595961428366454
 0.1069121832652654  1.076637283844290 0.7596424977502313
 0.1061924542592839  1.077395038644324 0.7596912862337475
 0.1054363888940029  1.078190970773556 0.7597413566506229
 0.1047517689184453  1.078911622174966 0.7597856586971051
 0.1040540030919945  1.079646046243064 0.7598298004135361
 0.1030219991528868  1.080732150959933 0.7598932158625520
 0.1037100094467837  1.080008088434512 0.7598511864373109
 0.1030438700468218  1.080709134949903 0.7598918950625001
 0.1023583762327588  1.081430491121477 0.7599328173025155
 0.1016515501833241  1.082174234401991 0.7599739894039304
 0.1006082442260552  1.083271921591454 0.7600328809116459
 0.1013037887286687  1.082540136972945 0.7599938674724476
 0.1006232059196517  1.083256180944524 0.7600320521029240
 0.9992362307480532E-01  1.083992158585251 0.7600703182561453
 0.9920133696937652E-01  1.084751962205995 0.7601087823322740
 0.9813614340086298E-01  1.085872379986219 0.7601635723889320
 0.9884627928334157E-01  1.085125441299187 0.7601273015753729
 0.9815520540420368E-01  1.085852330799664 0.7601626121587538
 0.9744108126453876E-01  1.086603411924582 0.7601980826895439
 0.9669662384624123E-01  1.087386340172485 0.7602339652677480
 0.9577229695380757E-01  1.088358356006955 0.7602769780768535
 0.9501447285841821E-01  1.089155217262876 0.7603109820168096
 0.9424829219819242E-01  1.089960811312628 0.7603442111524815
 0.9332415877055909E-01  1.090932413529280 0.7603827536489700
 0.9254850294873354E-01  1.091747854721579 0.7604138089186390
 0.9175452147179168E-01  1.092582510027713 0.7604443824629642
 0.9085174886964098E-01  1.093531468845686 0.7604776674230608
 0.9005769370870585E-01  1.094366097037107 0.7605056579069664
 0.8922542649594190E-01  1.095240840658551 0.7605337136186942
 0.8833282091897128E-01  1.096178948847002 0.7605623566751664
 0.8751294335262330E-01  1.097040575298872 0.7605873655526771
 0.8661510887975475E-01  1.097984080075650 0.7606133626941064
 0.8572415071178840E-01  1.098920311521602 0.7606377829583542
 0.8485953870295661E-01  1.099828815434522 0.7606602370381123
 0.8372366241261585E-01  1.101022294176808 0.7606879946358014
 0.8279737653484535E-01  1.101995506114642 0.7607092741341491
 0.8173751752294169E-01  1.103109008674152 0.7607322538536946
 0.8077050844221111E-01  1.104124918357803 0.7607520465493897
 0.7969368871824499E-01  1.105256145664915 0.7607728596012752
 0.7870383990489237E-01  1.106295967337792 0.7607909068434910
 0.7761557734548806E-01  1.107439129129321 0.7608095961101219
 0.7662677723914216E-01  1.108477774913871 0.7608255686540886
 0.7557776216445472E-01  1.109579635905517 0.7608415017447233
 0.7459216450121887E-01  1.110614853675453 0.7608555501048011
 0.7360013605226237E-01  1.111656797502808 0.7608688106732662
 0.7258844003135051E-01  1.112719370950974 0.7608814484784514
 0.7163430952270476E-01  1.113721460140870 0.7608925726320777
 0.7045226878591013E-01  1.114962885553185 0.7609053221911938
 0.6949440621157829E-01  1.115968847929464 0.7609148432073732
 0.6837256854682014E-01  1.117146996156463 0.7609250978464285
 0.6741039763606947E-01  1.118157444704163 0.7609331379273616
 0.6641787025137644E-01  1.119199756589542 0.7609407035981401
 0.6540411950486641E-01  1.120264340912346 0.7609476427787800
 0.6444315496297395E-01  1.121273479263688 0.7609534252735196
 0.6323110479903271E-01  1.122546275112140 0.7609594768889156
 0.6221985498926384E-01  1.123608196375566 0.7609633560841484
 0.6116864169625034E-01  1.124712076122680 0.7609662374994017
 0.6006526196079118E-01  1.125870730364406 0.7609681311666622
 0.5901109805978993E-01  1.126977700156424 0.7609691134823705
 0.5780826423485205E-01  1.128240785305472 0.7609696173731003
 0.5666016141375145E-01  1.129446397156143 0.7609697879831436
 0.5539434687320152E-01  1.130775616690878 0.7609698410006994
 0.5405224790100953E-01  1.132184941687823 0.7609698521181015
 0.5257392165518708E-01  1.133737317596050 0.7609698537215290
 0.5085544566953058E-01  1.135541872391239 0.7609698538556015
 0.4888629314484844E-01  1.137609660163811 0.7609698538599416
 0.4638077690735803E-01  1.140240678215953 0.7609698538599223
 0.4289964190980657E-01  1.143896183969000 0.7609698538599156
 0.3607840644558413E-01  1.151059096496063 0.7609698538599156
 0.8793464588694327E-02  1.179710746604312 0.7609698538599156
-0.1003463028388649  1.294317347037311 0.7609698538599156
-0.1613193026714028  1.358344496752900 0.7609698538599156
