RUNGE KUTTA: X Z PHI
 0.4997919338387438 0.3973734652027661E-01 0.5235987755982988E-02
 0.4984510366563624 0.1986792960415150 0.1598863569883910E-01
 0.4995145122904022 0.9272047521397876E-01 0.5235987760536190E-02
 0.4996994599892965 0.5739838941817732E-01 0.5235987755982988E-02
 0.4993294455993433 0.1280425603861615 0.5336731976837608E-02
 0.4995761615233669 0.8094644661537828E-01 0.5235987755983085E-02
 0.4994589897993885 0.1033243765241644 0.5236044523368936E-02
 0.4995371043107710 0.8840575658512410E-01 0.5235987756309040E-02
 0.4995007085771922 0.9535676607448032E-01 0.5235988114920598E-02
 0.4994741822724457 0.1004228668908630 0.5236001306412977E-02
 0.4994550040509429 0.1040855748585290 0.5236076915436985E-02
 0.4994367973481472 0.1075626296147268 0.5236375887220358E-02
 0.4994220035791909 0.1103876322408116 0.5237093910331632E-02
 0.4994093880641162 0.1127962072308008 0.5238476237478163E-02
 0.4993978344772380 0.1150012497732924 0.5240912532071081E-02
 0.4993866269523203 0.1171389255774205 0.5245070341083678E-02
 0.4993738642453525 0.1195704631202042 0.5253217818168825E-02
 0.4993624609535968 0.1217388987256461 0.5265086104172924E-02
 0.4993525181062773 0.1236247521301366 0.5280371562237442E-02
 0.4993433961731547 0.1253492652703060 0.5299606331200075E-02
 0.4993341077107227 0.1270978458281467 0.5325470550364410E-02
 0.4993240765263181 0.1289753240486214 0.5361847531578973E-02
 0.4993152149181382 0.1306220288857492 0.5402315998360284E-02
 0.4993063499612215 0.1322557749440089 0.5451463992911891E-02
 0.4992967861892575 0.1340002655840286 0.5514952410058024E-02
 0.4992882943856150 0.1355311134595830 0.5580819466690152E-02
 0.4992793593621980 0.1371211165802193 0.5659928963160926E-02
 0.4992705967312013 0.1386576800962953 0.5747256791724606E-02
 0.4992621652183061 0.1401131612321385 0.5840158453529977E-02
 0.4992526197555412 0.1417319254373197 0.5955311789998230E-02
 0.4992440735319623 0.1431538454793387 0.6066850547654259E-02
 0.4992350667546677 0.1446234220266866 0.6192379383034773E-02
 0.4992262065371069 0.1460394618635111 0.6323132727457294E-02
 0.4992171823172170 0.1474511798039077 0.6463016712722159E-02
 0.4992075913542187 0.1489176935275733 0.6618480643279931E-02
 0.4991984532637035 0.1502826338643439 0.6772559461412228E-02
 0.4991886600893081 0.1517107734819667 0.6943460011634117E-02
 0.4991793059255446 0.1530419626156674 0.7111545595718013E-02
 0.4991694519513573 0.1544102688843916 0.7292746380426461E-02
 0.4991597910899207 0.1557188653281826 0.7473329181217751E-02
 0.4991498040786078 0.1570386373693071 0.7661833937752993E-02
 0.4991397203444007 0.1583385600752702 0.7853097153045809E-02
 0.4991294504222104 0.1596303056532050 0.8048228088402495E-02
 0.4991188254917639 0.1609341509843277 0.8250049407510873E-02
 0.4991080830197173 0.1622204060749185 0.8453820625905854E-02
 0.4990968533812640 0.1635322887935445 0.8666458183813256E-02
 0.4990855522687555 0.1648204474482736 0.8880033721181922E-02
 0.4990736883471227 0.1661398774921468 0.9103714322051187E-02
 0.4990618332685503 0.1674263712633096 0.9326620965097013E-02
 0.4990493367306579 0.1687496473713077 0.9560954538023653E-02
 0.4990368794061458 0.1700369158633363 0.9793937031245198E-02
 0.4990240817456367 0.1713278896549196 0.1003262605733538E-01
 0.4990110122491057 0.1726150069846032 0.1027570154897137E-01
 0.4989978509281132 0.1738807959240347 0.1051984463702273E-01
 0.4989843177953783 0.1751521088320348 0.1077022866185450E-01
 0.4989707854158739 0.1763941735350525 0.1101987231196669E-01
 0.4989567313842209 0.1776547228648286 0.1127833146784934E-01
 0.4989427661319726 0.1788790546014663 0.1153436338609100E-01
 0.4989281376010141 0.1801327720092388 0.1180169591809900E-01
 0.4989136695174202 0.1813451551650308 0.1206515974506590E-01
 0.4988984244127073 0.1825943838816330 0.1234172208043226E-01
 0.4988833950909168 0.1837988717072095 0.1261334006622248E-01
 0.4988677714853154 0.1850238444277332 0.1289461937210273E-01
 0.4988521387606865 0.1862231238530880 0.1317490706322488E-01
 0.4988361962177849 0.1874202269614329 0.1345953525170340E-01
 0.4988198242193921 0.1886235641236279 0.1375061728917503E-01
 0.4988035402879566 0.1897954671463989 0.1403898064741923E-01
 0.4987862131228449 0.1910163533797798 0.1434456347887098E-01
 0.4987694823448419 0.1921708289449957 0.1463840990892518E-01
 0.4987512949566281 0.1933998641771023 0.1495655927390504E-01
 0.4987340823086928 0.1945392257177689 0.1525649817323052E-01
 0.4987154151102722 0.1957498669496350 0.1558049559603284E-01
 0.4986977747493110 0.1968710390362785 0.1588540018648104E-01
 0.4986785934670362 0.1980660294071426 0.1621556622971022E-01
 0.4986604605996752 0.1991735781521721 0.1652643693269444E-01
 0.4986406545890134 0.2003598061350625 0.1686462294761915E-01
 0.4986218640328819 0.2014634692274178 0.1718412059865291E-01
 0.4986012516772597 0.2026508239083539 0.1753310296877028E-01
 0.4985815896096549 0.2037616562075922 0.1786462365304884E-01
 0.4985611290008261 0.2048959646822405 0.1820823876754349E-01
 0.4985403995824666 0.2060235913097363 0.1855492185224663E-01
 0.4985199112695793 0.2071176250959256 0.1889612410299719E-01
 0.4984973567313569 0.2082994210677953 0.1927012587840008E-01
 0.4984764469290613 0.2093747615265044 0.1961540605811555E-01
 0.4984533086085965 0.2105429061520252 0.1999584600233544E-01
 0.4984318843769229 0.2116049029316701 0.2034651617102980E-01
 0.4984080594885462 0.2127646577925504 0.2073469746222013E-01
 0.4983858512617988 0.2138263649827375 0.2109491874575788E-01
 0.4983620873825673 0.2149425857495645 0.2147868567643317E-01
 0.4983387400138480 0.2160200238256632 0.2185400229363250E-01
 0.4983154421464033 0.2170769237225249 0.2222680496820119E-01
 0.4982898350052844 0.2182183655274493 0.2263464167689543E-01
 0.4982662283952674 0.2192525927327187 0.2300890879474263E-01
 0.4982396461398120 0.2203972759520809 0.2342839465567475E-01
 0.4982153649684121 0.2214251339138632 0.2380970795216259E-01
 0.4981885320807383 0.2225420746392416 0.2422902632614047E-01
 0.4981630933602316 0.2235833093220926 0.2462462219740395E-01
 0.4981373382032865 0.2246206245114485 0.2502327281633851E-01
 0.4981096231632565 0.2257186129510039 0.2545014315171416E-01
 0.4980837644648178 0.2267266096733819 0.2584641114282221E-01
 0.4980542809927552 0.2278572574341937 0.2629589877748182E-01
 0.4980276257716308 0.2288629664995137 0.2670022217439943E-01
 0.4979986774974101 0.2299381193033194 0.2713717959126833E-01
 0.4979706593511691 0.2309623981857190 0.2755794752929823E-01
 0.4979428385629179 0.2319641336453802 0.2797364864643750E-01
 0.4979110634488194 0.2330902382641842 0.2844594737078821E-01
 0.4978827757787195 0.2340771570340414 0.2886427498134456E-01
 0.4978502006613330 0.2351961269608211 0.2934356493163683E-01
 0.4978208908367421 0.2361874512890106 0.2977255856634619E-01
 0.4977904860745454 0.2372008559828784 0.3021533287429484E-01
 0.4977590360794220 0.2382336218277522 0.3067101055999655E-01
 0.4977291393817325 0.2392012764347904 0.3110209161548505E-01
 0.4976943310868173 0.2403111775198709 0.3160146516281843E-01
 0.4976634143697389 0.2412824086003815 0.3204270936718613E-01
 0.4976305523224041 0.2423002227039306 0.3250936270255417E-01
 0.4975977530863858 0.2433016519551086 0.3297279231016603E-01
 0.4975660032600770 0.2442577445819583 0.3341926024811342E-01
 0.4975288296550167 0.2453610934349034 0.3393935073224377E-01
 0.4974961457488041 0.2463173286497809 0.3439423522616059E-01
 0.4974610071435003 0.2473314000692411 0.3488079451399293E-01
 0.4974264997008323 0.2483136060236694 0.3535618375719388E-01
 0.4973929292040071 0.2492565704044269 0.3581643240619568E-01
 0.4973533552145044 0.2503527554507863 0.3635617761295923E-01
 0.4973188219260487 0.2512961216452095 0.3682465436720181E-01
 0.4972818898359314 0.2522918500725114 0.3732308143131041E-01
 0.4972453186343998 0.2532648523049994 0.3781407926383621E-01
 0.4972099969000720 0.2541927088469982 0.3828596840834010E-01
 0.4971680060768586 0.2552810133001833 0.3884400007519802E-01
 0.4971314744145722 0.2562152063641642 0.3932684356232162E-01
 0.4970932040658909 0.2571816583930802 0.3983003833556904E-01
 0.4970540127235395 0.2581588158359779 0.4034263694324328E-01
 0.4970169014613914 0.2590727483601128 0.4082559827817373E-01
 0.4969723895525031 0.2601548025910130 0.4140179907313456E-01
 0.4969336259912371 0.2610849389706535 0.4190083816190781E-01
 0.4968941593060072 0.2620206503424538 0.4240629910081054E-01
 0.4968513765985050 0.2630224839258598 0.4295131343021451E-01
 0.4968122924707616 0.2639266731707083 0.4344666191682304E-01
 0.4967682049846016 0.2649343373430584 0.4400256372588797E-01
 0.4967270684960348 0.2658631530392317 0.4451851261760334E-01
 0.4966865554912258 0.2667674419098192 0.4502404530722059E-01
 0.4966377903288701 0.2678425751495898 0.4562921247983588E-01
 0.4965962479453014 0.2687472918561001 0.4614198643648249E-01
 0.4965522998668127 0.2696935322870760 0.4668177307131524E-01
 0.4965079725172172 0.2706369313573100 0.4722343150199908E-01
 0.4964658971657952 0.2715224548918900 0.4773497215974829E-01
 0.4964157318021727 0.2725659376708292 0.4834161697151937E-01
 0.4963716343953311 0.2734724543403663 0.4887207538393764E-01
 0.4963275171499220 0.2743695935147183 0.4940023931065075E-01
 0.4962761972667786 0.2754012217313699 0.5001147536695349E-01
 0.4962316911035183 0.2762857320843252 0.5053879522925850E-01
 0.4961839045704193 0.2772252284222353 0.5110215204698519E-01
 0.4961364827724544 0.2781473781658205 0.5165841256608709E-01
 0.4960912407310061 0.2790179368209704 0.5218661507114818E-01
 0.4960372231969362 0.2800458958881751 0.5281415820574376E-01
 0.4959897926913607 0.2809384878954542 0.5336237924646172E-01
 0.4959425452635622 0.2818185679442419 0.5390588578448428E-01
 0.4958858997420725 0.2828620921061294 0.5455417239394755E-01
 0.4958379630475757 0.2837355443255666 0.5510006774562973E-01
 0.4957872243782434 0.2846506765737795 0.5567522722013091E-01
 0.4957358499031292 0.2855676970402523 0.5625481870147501E-01
 0.4956874498031745 0.2864230249549512 0.5679827286249980E-01
 0.4956323149648009 0.2873874574782573 0.5741432017222618E-01
 0.4955811687378263 0.2882729143061863 0.5798300783154404E-01
 0.4955312921554886 0.2891280663579266 0.5853507604310712E-01
 0.4954694183000102 0.2901777794290926 0.5921654291412017E-01
 0.4954176380101002 0.2910470090891969 0.5978392572448448E-01
 0.4953651709077087 0.2919193939496529 0.6035612038337950E-01
 0.4953067039577793 0.2928818502259682 0.6099060798974527E-01
 0.4952546646492048 0.2937301115508779 0.6155266511354635E-01
 0.4951991778625688 0.2946260755800861 0.6214925504883145E-01
 0.4951427797306008 0.2955279825667684 0.6275279146447260E-01
 0.4950898960213646 0.2963658391824787 0.6331608901441491E-01
 0.4950308548645716 0.2972924866696423 0.6394199542798305E-01
 0.4949745473217562 0.2981678152694755 0.6453608864812070E-01
 0.4949203713737260 0.2990024295941496 0.6510517414046808E-01
 0.4948557801637826 0.2999880113677548 0.6578048960723638E-01
 0.4947989387204631 0.3008470027097885 0.6637190053612761E-01
 0.4947429682204014 0.3016853806099943 0.6695159782907398E-01
 0.4946728783590346 0.3027250693067797 0.6767388410395449E-01
 0.4946152555871552 0.3035715421660624 0.6826476434154000E-01
 0.4945565457987696 0.3044264741002317 0.6886415056384912E-01
 0.4944918921978591 0.3053593856755547 0.6952114533801861E-01
 0.4944340681619264 0.3061863054900541 0.7010598278915958E-01
 0.4943728835355246 0.3070537987425667 0.7072197921422453E-01
 0.4943093683523334 0.3079463707406306 0.7135843668986210E-01
 0.4942506260000390 0.3087648043996727 0.7194443982145082E-01
 0.4941869771077522 0.3096440987101581 0.7257660044974285E-01
 0.4941233017797992 0.3105161183910314 0.7320611389494629E-01
 0.4940634166310849 0.3113294077442224 0.7379547356180870E-01
 0.4939971908528993 0.3122212693519478 0.7444422306265273E-01
 0.4939329457362290 0.3130790511746127 0.7507063283706632E-01
 0.4938718112845563 0.3138886693982867 0.7566412217228097E-01
 0.4938027234244831 0.3147959961623757 0.7633184325431025E-01
 0.4937377039557148 0.3156426607129499 0.7695735118066581E-01
 0.4936752281753072 0.3164497324524568 0.7755572971459058E-01
 0.4936026372192821 0.3173796765088502 0.7824775799140490E-01
 0.4935367355007995 0.3182168185877648 0.7887310970877150E-01
 0.4934727938706257 0.3190227287343357 0.7947731522812454E-01
 0.4933948847049599 0.3199964278981798 0.8021017191119499E-01
 0.4933279717182108 0.3208256084776687 0.8083665481326016E-01
 0.4932622692851086 0.3216335449059697 0.8144914681161163E-01
 0.4931782510968276 0.3226578845835720 0.8222860581188234E-01
 0.4931103060569360 0.3234791704558934 0.8285595222749680E-01
 0.4930422382873431 0.3242957125741039 0.8348181771383018E-01
 0.4929617081403719 0.3252538664988013 0.8421889692832896E-01
 0.4928933776584437 0.3260602980890221 0.8484140217026040E-01
 0.4928232530668142 0.3268817588016191 0.8547745212021171E-01
 0.4927451405682507 0.3277896082207098 0.8618267114882167E-01
 0.4926760379733392 0.3285865529923711 0.8680375281999715E-01
 0.4926042953623009 0.3294079164269831 0.8744585700187248E-01
 0.4925255951943007 0.3303020073356884 0.8814707277662526E-01
 0.4924553132823367 0.3310944512496365 0.8877046346080351E-01
 0.4923821120824745 0.3319138980231830 0.8941692244757077E-01
 0.4923021838373042 0.3328018912503367 0.9011957355387906E-01
 0.4922306278476408 0.3335909964818597 0.9074587907883358E-01
 0.4921560837581899 0.3344072629976663 0.9139565864227639E-01
 0.4920745539311293 0.3352933838339958 0.9210321709069645E-01
 0.4920016690723488 0.3360797811651875 0.9273297345753413E-01
 0.4919258852169787 0.3368917939358299 0.9338499917447056E-01
 0.4918424583696561 0.3377791467966831 0.9409957822421379E-01
 0.4917681986456972 0.3385633237654223 0.9473291045948215E-01
 0.4916912384259204 0.3393704831623791 0.9538663612010397E-01
 0.4916056195618563 0.3402619544421939 0.9611076676415355E-01
 0.4915299346083000 0.3410443952657409 0.9674809156511202E-01
 0.4914518311789301 0.3418464307545218 0.9740302760941630E-01
 0.4913637722321876 0.3427442297403412 0.9813815124143364E-01
 0.4912866175407087 0.3435253210439387 0.9877946769954751E-01
 0.4912073556955645 0.3443224577103884 0.9943566691910254E-01
 0.4911166451596874 0.3452282758199874 0.1001833850856817
 0.4910379806725023 0.3460083227403146 0.1008289548556585
 0.4909575236837457 0.3468009707652927 0.1014864782775724
 0.4908640847400568 0.3477150653320256 0.1022466554073379
 0.4907838955874960 0.3484941111198581 0.1028961861078791
 0.4907021954027633 0.3492827698746410 0.1035553207530978
 0.4906060167569598 0.3502047509693321 0.1043278728371939
 0.4905242993622453 0.3509827284010064 0.1049813544753186
 0.4904413213516471 0.3517677415382921 0.1056421684873199
 0.4903424570745889 0.3526966283350065 0.1064259443136517
 0.4902592198231081 0.3534733725988830 0.1070829372958762
 0.4901749334936411 0.3542550380095984 0.1077455918070349
 0.4900733994362502 0.3551902637127429 0.1085403704813755
 0.4899886439236014 0.3559656838162320 0.1092008730462365
 0.4899030348390939 0.3567441383673823 0.1098652987475209
 0.4897988532750714 0.3576851126088446 0.1106702293471186
 0.4897125826019460 0.3584591176930350 0.1113338488448350
 0.4896256330306599 0.3592345301246057 0.1120000805449939
 0.4895187507359782 0.3601813676400330 0.1128154682909950
 0.4894309554459770 0.3609539814668231 0.1134822589663590
 0.4893426465765886 0.3617265188205001 0.1141502124069628
 0.4892331342639536 0.3626782520472049 0.1149747853572395
 0.4891438204495080 0.3634493738374994 0.1156442861390170
 0.4890541347594553 0.3642191959063748 0.1163139471767818
 0.4889419923582486 0.3651755223810260 0.1171476023244097
 0.4888511554974115 0.3659451492130799 0.1178198385174693
 0.4887600860213344 0.3667123195413705 0.1184910497760228
 0.4886453081917002 0.3676729994949075 0.1193331414257871
 0.4885529464733570 0.3684411128422755 0.1200077477846243
 0.4884604797464213 0.3692057532523489 0.1206804966714967
 0.4883430309212279 0.3701708114238704 0.1215312447916992
 0.4882491335991108 0.3709374662507202 0.1222083392679151
 0.4881552566139603 0.3716996867087719 0.1228825556486949
 0.4880351892103487 0.3726684373765020 0.1237409529162029
 0.4879397603907322 0.3734335745072661 0.1244201695564782
 0.4878444652249870 0.3741934480936238 0.1250958360834741
 0.4877217064741592 0.3751662375397946 0.1259624300701508
 0.4876247357551142 0.3759299126109475 0.1266439282180048
 0.4875280190073205 0.3766874694104047 0.1273209448556137
 0.4874025243305893 0.3776644030133027 0.1281954571269572
 0.4873040050630613 0.3784266426747857 0.1288789677636527
 0.4872058538798395 0.3791819881097647 0.1295573602492142
 0.4870775547885373 0.3801633482665184 0.1304402955139075
 0.4869774703476988 0.3809242507143105 0.1311260162558913
 0.4868778706375781 0.3816774902373409 0.1318057468561330
 0.4867468915192889 0.3826620955225197 0.1326956374996581
 0.4866452478017262 0.3834215951631995 0.1333831938678116
 0.4865441903490201 0.3841728038743961 0.1340642413195572
 0.4864103439391617 0.3851618382976381 0.1349623849838330
 0.4863071171039121 0.3859200844027528 0.1356520143176000
 0.4862045858351046 0.3866693753571343 0.1363343484275323
 0.4860680752831043 0.3876611263509426 0.1372387757714197
 0.4859632822133031 0.3884179785688027 0.1379300395216376
 0.4858592804548775 0.3891653338413494 0.1386135652740385
 0.4857201614872258 0.3901592382201059 0.1395239993889613
 0.4856137947974474 0.3909147382425163 0.1402170586203796
 0.4855083402203740 0.3916600408506571 0.1409015595071690
 0.4853670226152063 0.3926530868295948 0.1418148234950947
 0.4852591006105362 0.3934071139618995 0.1425092668391464
 0.4851522491680434 0.3941500074694838 0.1431943378296344
 0.4850087455502835 0.3951420912563686 0.1441105417714346
 0.4848992304092155 0.3958949180005296 0.1448067330887823
 0.4847910371533523 0.3966350688937939 0.1454919366963820
 0.4846453525304943 0.3976261450287462 0.1464105719492604
 0.4845342078183102 0.3983780258899977 0.1471084136863028
 0.4844247249311926 0.3991151413628669 0.1477933598741500
 0.4842768581369954 0.4001052124390988 0.1487145930090211
 0.4841640319166272 0.4008564933116838 0.1494145058807606
 0.4840533032228263 0.4015903485155867 0.1500988451781052
 0.4839032406351713 0.4025794990733806 0.1510222774356327
 0.4837886762559048 0.4033305434683623 0.1517242605148567
 0.4836767275603803 0.4040610452556535 0.1524077814614380
 0.4835291008339562 0.4050192976714847 0.1533055007560777
 0.4834129935881311 0.4057689674875394 0.1540086158282681
 0.4833001620465658 0.4064941689748172 0.1546893957398112
 0.4831623357679418 0.4073756403539344 0.1555176751136207
 0.4830445831893814 0.4081249659330521 0.1562225219464548
 0.4829313225046972 0.4088424773640179 0.1568981307717747
 0.4828038372971842 0.4096463606781288 0.1576558820395674
 0.4826824113312445 0.4104083983476088 0.1583749421886967
 0.4825682134425270 0.4111218764712737 0.1590487866601357
 0.4824470680192314 0.4118754141408076 0.1597610636028675
 0.4823162671449074 0.4126851898235906 0.1605271999146127
 0.4821994469915342 0.4134051010027797 0.1612089719918443
 0.4820808192205175 0.4141329937243001 0.1618989663039447
 0.4819192417634341 0.4151193712066811 0.1628350241977076
 0.4817972830553240 0.4158600818376792 0.1635386554901156
 0.4816774613008860 0.4165846663903094 0.1642274937523800
 0.4815136867704968 0.4175700627261988 0.1651650999409049
 0.4813897425806240 0.4183120361466739 0.1658717654077926
 0.4812689253056215 0.4190322035110872 0.1665582624901892
 0.4811145701903885 0.4199479047549494 0.1674319989851401
 0.4809891404747013 0.4206884360406964 0.1681392269792764
 0.4808679755115979 0.4214007855253034 0.1688200182220638
 0.4807280017079694 0.4222200861988266 0.1696035831628236
 0.4805997177637312 0.4229675877784367 0.1703190421184827
 0.4804780666767219 0.4236734934022188 0.1709952320220285
 0.4803474110118355 0.4244284917565848 0.1717190598170409
 0.4802107006336516 0.4252150164941097 0.1724737579181495
 0.4800867481295819 0.4259251188241440 0.1731556364503402
 0.4799601308813333 0.4266475523568066 0.1738498113067074
 0.4797884359516564 0.4276225049523076 0.1747873667651411
 0.4796587687706599 0.4283552826059772 0.1754926569959533
 0.4795313354628899 0.4290725176482041 0.1761835517696314
 0.4793580976724824 0.4300429718580190 0.1771192490642014
 0.4792261900979927 0.4307784018825994 0.1778289538288755
 0.4790981096315562 0.4314896361695359 0.1785157587561113
 0.4789413238627221 0.4323564832476302 0.1793534179636088
 0.4788077894028474 0.4330915270737987 0.1800642601266273
 0.4786797407340995 0.4337935987210923 0.1807437331146604
 0.4785377404078894 0.4345690226826545 0.1814947990420505
 0.4783988943954405 0.4353240616875593 0.1822266861349739
 0.4782696708728199 0.4360239978813260 0.1829055970998696
 0.4781350374177677 0.4367504210751858 0.1836106001879918
 0.4779779889214412 0.4375941963160857 0.1844300121567519
 0.4778445208549284 0.4383082768206613 0.1851239540804389
 0.4777117816764056 0.4390157505173958 0.1858119476260525
 0.4775448205143898 0.4399018304760865 0.1866742849637295
 0.4774067097474252 0.4406316432986032 0.1873850303221969
 0.4772738883667594 0.4413308415777452 0.1880663152660342
 0.4771246300310087 0.4421134843377686 0.1888292927989505
 0.4769819547562846 0.4428585919804160 0.1895560868932149
 0.4768483173212356 0.4435538550620580 0.1902346706370894
 0.4767081634203187 0.4442803004830695 0.1909441420882511
 0.4765490942402623 0.4451014496915579 0.1917466432736926
 0.4764114554684212 0.4458091377122734 0.1924386638232536
 0.4762740601413035 0.4465129810343447 0.1931272494859783
 0.4761013381168963 0.4473941597467411 0.1939897777297823
 0.4759583882116454 0.4481204213638547 0.1947010938346698
 0.4758210087246112 0.4488158261818080 0.1953825999504044
 0.4756672838301535 0.4495910307989449 0.1961428038586067
 0.4755192386462091 0.4503346897230500 0.1968725253095548
 0.4753809614676441 0.4510267353768564 0.1975519439584948
 0.4752366226857423 0.4517465207861050 0.1982589090780225
 0.4750687334912000 0.4525804448396052 0.1990783883649729
 0.4749258704397281 0.4532872944370146 0.1997733853474374
 0.4747840458218697 0.4539865159774715 0.2004612750645582
 0.4746102958302088 0.4548397891104287 0.2013012459821991
 0.4744622930693392 0.4555637437993220 0.2020143124329842
 0.4743206684625618 0.4562540488288230 0.2026945154040428
 0.4741652326725314 0.4570089410798778 0.2034386414141676
 0.4740099937165092 0.4577600538979746 0.2041793528904063
 0.4738668111079903 0.4584503567901404 0.2048604143235331
 0.4737194317367660 0.4591584356652279 0.2055593605529934
 0.4735284179530757 0.4600724846129793 0.2064621175007083
 0.4733787845637664 0.4607856547945864 0.2071668021141683
 0.4732321835470345 0.4614819588937485 0.2078550427510249
 0.4730537113550083 0.4623264492709870 0.2086900359075333
 0.4729008311581330 0.4630470868124182 0.2094028573952172
 0.4727547055239968 0.4637335311391597 0.2100821550371913
 0.4725951436247596 0.4644804915870473 0.2108216951858678
 0.4724339897989997 0.4652321735713541 0.2115662606360451
 0.4722860369621876 0.4659198884881862 0.2122477243051819
 0.4721344621531135 0.4666220866171933 0.2129437600153746
 0.4719227425948566 0.4675989732082255 0.2139124600332670
 0.4717670417702862 0.4683144845296898 0.2146223239616011
 0.4716151815517475 0.4690100026214491 0.2153126854718524
 0.4714252453991630 0.4698766823775783 0.2161734029822006
 0.4712677359709105 0.4705927066526503 0.2168848392685110
 0.4711166694266196 0.4712771717700992 0.2175651502417012
 0.4709495002752226 0.4720320295241863 0.2183156631209769
 0.4707851046025625 0.4727717591506880 0.2190513990785518
 0.4706327915856275 0.4734548375581983 0.2197310666171009
 0.4704756514531401 0.4741572838331106 0.2204303123529197
 0.4702740526696846 0.4750551105933623 0.2213244783679244
 0.4701148759686145 0.4757613691645692 0.2220281305731882
 0.4699591085947346 0.4764502678257511 0.2227146617123033
 0.4697736857123445 0.4772674694713891 0.2235292578584200
 0.4696105418433577 0.4779839435872479 0.2242436604854735
 0.4694553493422158 0.4786633132897465 0.2249212923404011
 0.4692886667571428 0.4793906308899952 0.2256470126840345
 0.4691131397368281 0.4801539331544380 0.2264089006620643
 0.4689550183829494 0.4808392752900448 0.2270931441468979
 0.4687952935852487 0.4815294034733488 0.2277822827917164
 0.4685907815657219 0.4824099012303051 0.2286616791590717
 0.4684251212857954 0.4831205652147649 0.2293716304204172
 0.4682660439562771 0.4838008506633613 0.2300514285483083
 0.4680890127194985 0.4845554740394628 0.2308057520408250
 0.4679169397218865 0.4852865201109335 0.2315367175819754
 0.4677569699862023 0.4859640061851067 0.2322142628960662
 0.4675916052743089 0.4866621925223401 0.2329126094747895
 0.4673820186463529 0.4875439805112255 0.2337947552302652
 0.4672149733974155 0.4882443210437998 0.2344955578193350
 0.4670515599604629 0.4889273397530650 0.2351792265048712
 0.4668598335721372 0.4897260796204188 0.2359789870603094
 0.4666880636494569 0.4904393005738507 0.2366933169666387
 0.4665252167954083 0.4911134133237586 0.2373685971818414
 0.4663521292285128 0.4918277411371997 0.2380842566291494
 0.4661639396087535 0.4926018720972814 0.2388599539873195
 0.4659971772015510 0.4932856840400166 0.2395453001983163
 0.4658302460384786 0.4939681573581183 0.2402294818894597
 0.4656288423035519 0.4947888862512300 0.2410524971444529
 0.4654544053767383 0.4954973765621069 0.2417631131212310
 0.4652882080145730 0.4961703920792769 0.2424382196316746
 0.4651096769523239 0.4968911874968683 0.2431612968682377
 0.4649222177907791 0.4976456362288050 0.2439181927632188
 0.4647530489867533 0.4983243878982634 0.2445992388672188
 0.4645824610106172 0.4990068470631575 0.2452841277634540
 0.4643696091102997 0.4998556156627850 0.2461360859373879
 0.4641922239001866 0.5005606264725688 0.2468438365171953
 0.4640225706660074 0.5012329421836124 0.2475187880040997
 0.4638378520521849 0.5019627944887066 0.2482515011768923
 0.4636505901014734 0.5027004111486724 0.2489920309597990
 0.4634789725038264 0.5033744025131944 0.2496687503185528
 0.4633045248714849 0.5040575612795217 0.2503547752715801
 0.4630678704926770 0.5049812199496511 0.2512824659513699
 0.4628870712384977 0.5056844864716513 0.2519888687445984
 0.4627133734105339 0.5063581977000018 0.2526655876767587
 0.4625165961184867 0.5071191574144750 0.2534299311290096
 0.4623312180462726 0.5078338494147265 0.2541478188810183
 0.4621575499035525 0.5085014882438222 0.2548185054261998
 0.4619770687191146 0.5091933789899390 0.2555136485123270
 0.4617592344154650 0.5100258553925920 0.2563501486463349
 0.4615786799941201 0.5107137169402304 0.2570413713154961
 0.4614019127918310 0.5113852820027456 0.2577161992508865
 0.4611987811062462 0.5121547461485078 0.2584893586647535
 0.4610108272004263 0.5128645787615324 0.2592025855223735
 0.4608342394896153 0.5135296285786800 0.2598708435594130
 0.4606497796215397 0.5142224200032822 0.2605670291342195
 0.4604334966219870 0.5150322724087496 0.2613808919127371
 0.4602505549157294 0.5157152259203491 0.2620672041504358
 0.4600707843603307 0.5163845212449626 0.2627397172052831
 0.4598642275012584 0.5171513347054668 0.2635101038829141
 0.4596729015931871 0.5178595158331171 0.2642215023676126
 0.4594933086124395 0.5185224547323724 0.2648874225130357
 0.4593059855554381 0.5192120714506664 0.2655801348955569
 0.4590838713690906 0.5200273329567474 0.2663990302007823
 0.4588975494279019 0.5207091985959280 0.2670838607338134
 0.4587148518593117 0.5213760240751958 0.2677534729788873
 0.4585057953705502 0.5221369161928991 0.2685173918085961
 0.4583109883145198 0.5228439059366924 0.2692270772095550
 0.4581284331547848 0.5235046599448510 0.2698902938087400
 0.4579385606011210 0.5241900947309543 0.2705782540434346
 0.4577085422904740 0.5250180101325911 0.2714091646964464
 0.4575186292350470 0.5256995709400220 0.2720930937254737
 0.4573330495524229 0.5263638451954590 0.2727595438860194
 0.4571216937481191 0.5271183117684975 0.2735163057468829
 0.4569233062384915 0.5278244943100151 0.2742244957609228
 0.4567377385269935 0.5284833113466190 0.2748851077357976
 0.4565453262822615 0.5291646737795068 0.2755682778679866
 0.4563053157044607 0.5300121056815522 0.2764178761703225
 0.4561115170385972 0.5306943764188021 0.2771017733094565
 0.4559228583894963 0.5313568528055467 0.2777656802896087
 0.4557085010899142 0.5321075520369125 0.2785178035884301
 0.4555066154304643 0.5328126266999712 0.2792240491259481
 0.4553179948818134 0.5334696797093935 0.2798820873057308
 0.4551228410496084 0.5341477815318201 0.2805611227715378
 0.4548727198730778 0.5350143565675303 0.2814287437963022
 0.4546750784683649 0.5356971213395164 0.2821121541389811
 0.4544832786389002 0.5363580418921285 0.2827734940028711
 0.4542654105307299 0.5371068176819139 0.2835224741444874
 0.4540602559920404 0.5378099954958337 0.2842256021033969
 0.4538686518139403 0.5384650741091457 0.2848804620672052
 0.4536705913506953 0.5391405587757723 0.2855555737578236
 0.4534130526081513 0.5400163790395639 0.2864306718859719
 0.4532119879046504 0.5406981857950536 0.2871116778466302
 0.4530171907827104 0.5413571130421028 0.2877695877127662
 0.4527960528434571 0.5421032166287876 0.2885142375816169
 0.4525876326045645 0.5428045522470984 0.2892139476150337
 0.4523930448172701 0.5434577252065594 0.2898654301675811
 0.4521920404749445 0.5441308094915310 0.2905366308623925
 0.4519272522424906 0.5450149767231525 0.2914181040020822
 0.4517227678808364 0.5456958474879720 0.2920966856669213
 0.4515249283057826 0.5463530025175775 0.2927514128112615
 0.4513004239977145 0.5470968478815109 0.2934922377876118
 0.4510886742448416 0.5477966152139608 0.2941889283494907
 0.4508910621170326 0.5484480812248008 0.2948373671976250
 0.4506871667483660 0.5491186725780945 0.2955047059876703
 0.4504114099223311 0.5500230622550417 0.2964044695861655
 0.4502031066096337 0.5507043008463577 0.2970819805594299
 0.4500019913523455 0.5513604708919551 0.2977343080788168
 0.4497731118274025 0.5521053746284870 0.2984745242739650
 0.4495583537019737 0.5528025401254721 0.2991670079700285
 0.4493577773209184 0.5534521233625380 0.2998120088528811
 0.4491507254495482 0.5541211243433954 0.3004760933142968
 0.4488711651873735 0.5550219206096226 0.3013699356858811
 0.4486597535546072 0.5557012476910782 0.3020437105765554
 0.4484557146563506 0.5563553595565875 0.3026921798379208
 0.4482241171517146 0.5570960180709554 0.3034260833688243
 0.4480058729825602 0.5577922320888511 0.3041156233996295
 0.4478022790059786 0.5584401998069658 0.3047571433786737
 0.4475924535489166 0.5591064842520526 0.3054165945256977
 0.4472994274978128 0.5600344103799845 0.3063346575977577
 0.4470842009386484 0.5607140863094344 0.3070068062874229
 0.4468769149850445 0.5613671906859100 0.3076523945526151
 0.4466402575860953 0.5621110556931515 0.3083873489687752
 0.4464193297973200 0.5628037775003095 0.3090714670984092
 0.4462128189995845 0.5634498192954069 0.3097092621539377
 0.4459995392455591 0.5641155504529675 0.3103662991903908
 0.4457106517187885 0.5650148928756210 0.3112535668467745
 0.4454928316180057 0.5656911883562488 0.3119204780332668
 0.4452827945795005 0.5663418598308975 0.3125618250779831
 0.4450452829880415 0.5670759308380277 0.3132850069494569
 0.4448200190670398 0.5677704795746088 0.3139689127354357
 0.4446103211997042 0.5684155841209309 0.3146038735665611
 0.4443949765235133 0.5690766149047467 0.3152542792185367
 0.4440826088752364 0.5700328878111008 0.3161947538805837
 0.4442909539087502 0.5693954051781902 0.3155678622036591
 0.4440855353137839 0.5700239430176715 0.3161859594702963
 0.4438752510271442 0.5706660103847019 0.3168170906119553
 0.4436635421375414 0.5713110480481501 0.3174508292637900
 0.4434258990479901 0.5720334646438647 0.3181602054846916
 0.4431958094052643 0.5727312801625504 0.3188450652829236
 0.4429828313767572 0.5733757721363457 0.3194773240459630
 0.4427654369273130 0.5740322225283691 0.3201210874550875
 0.4424764741399397 0.5749025991439732 0.3209742989561091
 0.4422511218551544 0.5755796590680843 0.3216377002475518
 0.4420363929164075 0.5762234114913117 0.3222681803943973
 0.4418024962342217 0.5769230948961707 0.3229531090284634
 0.4415635760406555 0.5776361659255831 0.3236508163188652
 0.4413464120662948 0.5782828760709263 0.3242833537119447
 0.4411279359175221 0.5789321301936462 0.3249181892358253
 0.4408680934097229 0.5797025452101870 0.3256712588789593
 0.4406380973685326 0.5803828745040801 0.3263360263846060
 0.4404212834271020 0.5810228503835319 0.3269611109105814
 0.4401944579322230 0.5816909732081300 0.3276133972195895
 0.4399227277577054 0.5824894864230673 0.3283926013358145
 0.4396973022019905 0.5831503846131981 0.3290372431777869
 0.4394776085408718 0.5837931405854250 0.3296639880002319
 0.4392330406017681 0.5845071277398094 0.3303599716511030
 0.4389937457934809 0.5852041568857056 0.3310391794382154
 0.4387730290358388 0.5858457085850162 0.3316640732307597
 0.4385486822074519 0.5864964802767660 0.3322976675064195
 0.4382661310192520 0.5873141905222206 0.3330933965613860
 0.4380326750382149 0.5879882330503309 0.3337490319509886
 0.4378111325030352 0.5886265611280653 0.3343697383677942
 0.4375748610205676 0.5893059223298265 0.3350301743692495
 0.4373178647544624 0.5900432377496209 0.3357467476045963
 0.4370912033550887 0.5906921168088529 0.3363771675379322
 0.4368667603279821 0.5913333542868130 0.3369999466545224
 0.4366127078063574 0.5920576462249096 0.3377031261249748
 0.4363709530090227 0.5927453685880040 0.3383705766132891
 0.4361462858593486 0.5933831701568226 0.3389894276161198
 0.4359163512039600 0.5940346250579782 0.3396214109672058
 0.4356044446672884 0.5949162349817675 0.3404764852123504
 0.4353661825993188 0.5955880775188126 0.3411279190082458
 0.4351392316910749 0.5962267370970890 0.3417469830098507
 0.4348914407161666 0.5969226158178508 0.3424212719174632
 0.4346397118317796 0.5976280378895644 0.3431045698389079
 0.4344106555318779 0.5982686050675040 0.3437248764886155
 0.4341804536633941 0.5989111167389618 0.3443469356385616
 0.4339099693266144 0.5996644566026146 0.3450761375706012
 0.4336665927299619 0.6003408255991513 0.3457306621872033
 0.4334379731083161 0.6009749212742603 0.3463440932325397
 0.4332006225348722 0.6016319468800495 0.3469794956450907
 0.4328929088089047 0.6024818112650308 0.3478010923857063
 0.4326527601225509 0.6031435593474097 0.3484406527327060
 0.4324209725421332 0.6037810195284767 0.3490566445104823
 0.4321635113930419 0.6044876577470683 0.3497394044643570
 0.4319109750046644 0.6051793263583755 0.3504076100256478
 0.4316784344351316 0.6058149635148756 0.3510215765885696
 0.4314427650153196 0.6064579225567167 0.3516424867412876
 0.4311553325267535 0.6072404357876504 0.3523979957550034
 0.4309087332855360 0.6079103321182244 0.3530446670306707
 0.4306757301578979 0.6085420695816937 0.3536544574077954
 0.4304308783812955 0.6092046569394783 0.3542940073196517
 0.4301441214986533 0.6099789907077614 0.3550413862296461
 0.4299024882167526 0.6106301009228027 0.3556697653140584
 0.4296666340066980 0.6112644322825965 0.3562818558848185
 0.4294055469538480 0.6119652453208333 0.3569579717111913
 0.4291469816446485 0.6126578661395042 0.3576260768250342
 0.4289097128421923 0.6132922005854506 0.3582379065875391
 0.4286700627728744 0.6139317037984048 0.3588547070141526
 0.4283837307648990 0.6146942078609736 0.3595901362713249
 0.4281317677831002 0.6153637815774000 0.3602359073243423
 0.4278945291387048 0.6159930305455792 0.3608427318349047
 0.4276473087890514 0.6166475273421719 0.3614738308093837
 0.4273370444147608 0.6174671656962543 0.3622640867079227
 0.4270886620318536 0.6181219218864714 0.3628953615747523
 0.4268483839003756 0.6187541315653667 0.3635049409692119
 0.4265831861704590 0.6194505649424640 0.3641765217556526
 0.4263192715896117 0.6201422362582666 0.3648435804784440
 0.4260775005256366 0.6207746608358804 0.3654535307808274
 0.4258337151150135 0.6214111864813581 0.3660674384937790
 0.4255453287601276 0.6221626592007724 0.3667922079650784
 0.4252881414824123 0.6228314640550165 0.3674372779840469
 0.4250465136357167 0.6234586368594043 0.3680422601831933
 0.4247959551915106 0.6241077984744731 0.3686685481691900
 0.4244585941302721 0.6249799474317403 0.3695101103774427
 0.4242034579062102 0.6256380833691413 0.3701452314766222
 0.4239583060925891 0.6262692985295696 0.3707543887546474
 0.4236867706140321 0.6269671197729613 0.3714278301532587
 0.4234189578068283 0.6276540156308705 0.3720907607507804
 0.4231729893870625 0.6282837018197650 0.3726985523017589
 0.4229245752713313 0.6289185056161969 0.3733113961296237
 0.4226289491602707 0.6296724662122581 0.3740394426311986
 0.4223674977596128 0.6303379256983820 0.3746821650365442
 0.4221217061508679 0.6309623838142309 0.3752853743780939
 0.4218665582078284 0.6316094462869676 0.3759104924042201
 0.4215266652057912 0.6324695888974680 0.3767416047587621
 0.4212673855304167 0.6331243266540314 0.3773744062288271
 0.4210181540944904 0.6337525521785693 0.3779817616429756
 0.4207431618923014 0.6344444230475300 0.3786508715855758
 0.4204693978913442 0.6351318674087584 0.3793159165665625
 0.4202187231021195 0.6357601690209252 0.3799238977517738
 0.4199662565400208 0.6363918424202867 0.3805352564725729
 0.4196701083254804 0.6371313832047987 0.3812511510994475
 0.4194030154995467 0.6377970545160503 0.3818956932446814
 0.4191527443752969 0.6384196772856849 0.3824987264488115
 0.4188945845098456 0.6390607913376741 0.3831198741860121
 0.4185144056897121 0.6400028408868951 0.3840329654525650
 0.4187679538132878 0.6393748464199632 0.3834242269863853
 0.4185217682795260 0.6399846205496524 0.3840153012693392
 0.4182704184129520 0.6406061173763827 0.3846179038726006
 0.4180183807081005 0.6412282354624774 0.3852212511483158
 0.4177411287643162 0.6419113483483331 0.3858839118478544
 0.4174603639933464 0.6426017957908521 0.3865538891051160
 0.4172048681551808 0.6432289532440585 0.3871626788471528
 0.4169487211330533 0.6438566145677687 0.3877722173036626
 0.4166533487211402 0.6445790391252504 0.3884741284851047
 0.4163802074591974 0.6452458053184825 0.3891222759321201
 0.4161254255391151 0.6458666463193679 0.3897260212741936
 0.4158644237953854 0.6465015393322575 0.3903436485942306
 0.4155217430331560 0.6473334299231496 0.3911532534877491
 0.4152511191487484 0.6479890472927264 0.3917916170610346
 0.4149946734373761 0.6486092236930542 0.3923957647737583
 0.4147214126199375 0.6492688998011203 0.3930387258198050
 0.4144208421129022 0.6499931217365295 0.3937449833329177
 0.4141576943495157 0.6506259904596784 0.3943624502514438
 0.4138988042113900 0.6512475462173847 0.3949691180629139
 0.4136126348362696 0.6519333618893117 0.3956387727122297
 0.4133274602715723 0.6526155108931555 0.3963051541874855
 0.4130666627558978 0.6532382331345065 0.3969137988560172
 0.4128045672471136 0.6538629851601953 0.3975247749412834
 0.4125010040341335 0.6545852485844234 0.3982315729965682
 0.4122221081007579 0.6552475645932524 0.3988801323286060
 0.4119618203146687 0.6558646091506395 0.3994847017986620
 0.4116951974101197 0.6564955940484920 0.4001032531966913
 0.4113491777061480 0.6573128588474706 0.4009049135967137
 0.4110724011326365 0.6579652674952741 0.4015453148771745
 0.4108103238832123 0.6585819583554203 0.4021510655835824
 0.4105322588911510 0.6592351373777262 0.4027931139164684
 0.4102204064156124 0.6599663024461003 0.4035123621901542
 0.4099504881604025 0.6605979750550394 0.4041341596278976
 0.4096860839888512 0.6612156915776775 0.4047425552082139
 0.4093959958817950 0.6618922198212243 0.4054092342457368
 0.4091020685590988 0.6625764343895981 0.4060838829562280
 0.4088350102071082 0.6631970010359504 0.4066961524364792
 0.4085681182062919 0.6638161377229621 0.4073074033801338
 0.4082655904451139 0.6645166861170397 0.4079995179081992
 0.4079776818361064 0.6651821471397358 0.4086574327855305
 0.4077110500648682 0.6657973603425159 0.4092660445804959
 0.4074405823522840 0.6664203780169115 0.4098827249953866
 0.4071171265928662 0.6671640747440877 0.4106193252227866
 0.4068324348351505 0.6678174077617307 0.4112668891966018
 0.4065649529338047 0.6684301956440164 0.4118747126322057
 0.4062880264838954 0.6690635522102030 0.4125034297890938
 0.4058860446081127 0.6699809966204180 0.4134150510281809
 0.4061541254527622 0.6693694077245325 0.4128072276564577
 0.4058913346210653 0.6699689379693626 0.4134030622549654
 0.4056228204504094 0.6705805237490121 0.4140113155862835
 0.4053536602091446 0.6711925686914717 0.4146204389667250
 0.4050590741258624 0.6718612723562887 0.4152864080880959
 0.4047565998723376 0.6725466285937738 0.4159694744224393
 0.4044832696329266 0.6731648613955998 0.4165861232684555
 0.4042112526753267 0.6737791021910653 0.4171992758495801
 0.4039071222726828 0.6744646561504306 0.4178842016882590
 0.4036099942551474 0.6751332048182189 0.4185527163386275
 0.4033367619104976 0.6757469264996600 0.4191668779531908
 0.4030615048761386 0.6763641721110915 0.4197849972843257
 0.4027427245878935 0.6770777365716005 0.4205001133144665
 0.4024493596278959 0.6777332025845724 0.4211575550425373
 0.4021757241726975 0.6783435470917784 0.4217702629821682
 0.4018958540473317 0.6789667635980130 0.4223964533952181
 0.4015403681893686 0.6797568592201929 0.4231911512259124
 0.4012495538796419 0.6804019717581730 0.4238406869851515
 0.4009750195509824 0.6810099460553597 0.4244533429247833
 0.4006868998486487 0.6816469400134896 0.4250957531458583
 0.4003401629360450 0.6824120868738918 0.4258681029409819
 0.4000540729528339 0.6830422225047644 0.4265047739519583
 0.3997775961332795 0.6836501734859641 0.4271195780680082
 0.3994795428104130 0.6843044605210374 0.4277818544741154
 0.3991617401606442 0.6850008384565494 0.4284874144307844
 0.3988791751780433 0.6856189121755907 0.4291141844548944
 0.3986002149666208 0.6862280977882644 0.4297324104364177
 0.3982928714357449 0.6868981164263205 0.4304128979331529
 0.3979833871907806 0.6875715885764268 0.4310974737668277
 0.3977016596533893 0.6881836044017896 0.4317201311730335
 0.3974200604407425 0.6887943406080786 0.4323420525015707
 0.3971018336914363 0.6894833150701701 0.4330443493714030
 0.3967973412927323 0.6901413663132191 0.4337158135704472
 0.3965160873751901 0.6907481676819369 0.4343355518772853
 0.3962320538994984 0.6913599673394978 0.4349609232539196
 0.3959022784647641 0.6920690395238871 0.4356863836967371
 0.3955997212611182 0.6927184068868533 0.4363514055759666
 0.3953176886154087 0.6933227090306633 0.4369708658222243
 0.3950300551458243 0.6939380074788162 0.4376022067234152
 0.3946798571677465 0.6946857781017777 0.4383702967191921
 0.3943783088871397 0.6953284720556733 0.4390311383563614
 0.3940947193386904 0.6959318843004368 0.4396521205735085
 0.3938008079549600 0.6965562336334267 0.4402951625200945
 0.3933714670091686 0.6974664047455149 0.4412335264236001
 0.3936577892012283 0.6968596687613648 0.4406078695615085
 0.3933793712002203 0.6974496684270923 0.4412162611314839
 0.3930947147099237 0.6980519282493003 0.4418378211663181
 0.3928099134248981 0.6986535263530627 0.4424592678798042
 0.3925006297990514 0.6993057465255609 0.4431336782489854
 0.3921755663380762 0.6999900209974321 0.4438419830900764
 0.3918850243310096 0.7006005696099276 0.4444745965475074
 0.3915980748432989 0.7012025934325163 0.4450989282678262
 0.3912837408269579 0.7018609616897188 0.4457823100795033
 0.3909617086391014 0.7025342558734058 0.4464818740786531
 0.3906705159088921 0.7031420319485959 0.4471139988118978
 0.3903811268364893 0.7037450682142937 0.4477418193871284
 0.3900605974529747 0.7044118644938229 0.4484367535690481
 0.3897404440593981 0.7050766960985768 0.4491303778145742
 0.3894481953436127 0.7056825525988872 0.4497630681281346
 0.3891558657648191 0.7062875984337010 0.4503954380398396
 0.3888263136156506 0.7069685161882717 0.4511077145371463
 0.3885093326083540 0.7076222947708748 0.4517922246387379
 0.3882170866729899 0.7082240485655872 0.4524228395801548
 0.3879226692587944 0.7088292987385583 0.4530577077500021
 0.3875844414020698 0.7095234089250476 0.4537865280572704
 0.3872693217803125 0.7101689425183410 0.4544650396664991
 0.3869768350403596 0.7107671192985761 0.4550943444134749
 0.3866804643994559 0.7113722678264376 0.4557315165986436
 0.3863344350268446 0.7120775798535850 0.4564748255767578
 0.3860191554538658 0.7127190623238906 0.4571515224249496
 0.3857250626677999 0.7133164503087167 0.4577823019677371
 0.3854251691654815 0.7139246435644688 0.4584251070490032
 0.3850629773311027 0.7146578681663086 0.4592008811812329
 0.3847477971206791 0.7152947584435543 0.4598754198124512
 0.3844519285376133 0.7158916436178845 0.4605081221865104
 0.3841467469265016 0.7165063242510632 0.4611601923040883
 0.3837240951286602 0.7173559488830308 0.4620623307188770
 0.3834089625715659 0.7179881874350986 0.4627343096434151
 0.3831111596634041 0.7185846818462731 0.4633688567125190
 0.3827939735482953 0.7192189606851890 0.4640442192756690
 0.3824425433319223 0.7199204694662241 0.4647919079520677
 0.3821369714065480 0.7205293753612911 0.4654415010294609
 0.3818388330276372 0.7211225192160937 0.4660747884676973
 0.3815185094254091 0.7217587590051630 0.4667546325138511
 0.3811695618937376 0.7224506295575238 0.4674945730678826
 0.3808628603788115 0.7230576879269291 0.4681444021626300
 0.3805622770805108 0.7236516869925586 0.4687808171776355
 0.3802373670275753 0.7242927059371665 0.4694682449986575
 0.3798908234710681 0.7249752037861196 0.4702008505563141
 0.3795828951934398 0.7255806135864077 0.4708512592837302
 0.3792796213585871 0.7261759215569770 0.4714912745731716
 0.3789488626926499 0.7268241085954598 0.4721886305022553
 0.3786067256512402 0.7274934212946617 0.4729092594063846
 0.3782990190025126 0.7280943641208732 0.4735567820824491
 0.3779945831767649 0.7286879767226452 0.4741969117087284
 0.3776611239261726 0.7293371094218080 0.4748975095067245
 0.3773196538290444 0.7300006790636108 0.4756143265310469
 0.3770114477687002 0.7305986055035517 0.4762607570482039
 0.3767062711992709 0.7311897210859303 0.4769002849260242
 0.3763729617835082 0.7318342712272118 0.4775981324544939
 0.3760273697472569 0.7325014114314911 0.4783210120907014
 0.3757165478298177 0.7331004236323557 0.4789705999165789
 0.3754091569031335 0.7336918890998694 0.4796125192701696
 0.3750736960210276 0.7343363082820291 0.4803124961626448
 0.3747250748359335 0.7350048434939112 0.4810392819137780
 0.3744116761340543 0.7356048243337395 0.4816920213026777
 0.3741015181237159 0.7361976631263087 0.4823373924728701
 0.3737612761305253 0.7368469352979283 0.4830446299111574
 0.3734141400713110 0.7375082143126457 0.4837654214736344
 0.3731002602925913 0.7381051462522855 0.4844165227538294
 0.3727889078342193 0.7386963411671054 0.4850618222147734
 0.3724466171187359 0.7393452156094430 0.4857706255900037
 0.3720992215195090 0.7400026298152492 0.4864893325927606
 0.3717847562823504 0.7405967417251008 0.4871393044524426
 0.3714730706820519 0.7411846820752463 0.4877829329703579
 0.3711326840671696 0.7418257191291870 0.4884851329018154
 0.3707793636391964 0.7424899666275212 0.4892132567064874
 0.3704619137998206 0.7430857837421074 0.4898668260272222
 0.3701484502134396 0.7436731998876044 0.4905116222271603
 0.3698081659200646 0.7443098462954595 0.4912109523358723
 0.3694482439985933 0.7449820699618891 0.4919498839159931
 0.3691271946759170 0.7455806860859437 0.4926083004775558
 0.3688108170931774 0.7461696673543768 0.4932564378035412
 0.3684667160819271 0.7468092220054422 0.4939605589329580
 0.3681069789593789 0.7474766866273701 0.4946957865934063
 0.3677848170270580 0.7480734378518338 0.4953534880190690
 0.3674668476313444 0.7486615040142856 0.4960019964075965
 0.3671201757801510 0.7493016168980186 0.4967083570350575
 0.3667608658422384 0.7499639279972101 0.4974397120100253
 0.3664383407254934 0.7505574516346879 0.4980955137781458
 0.3661202332689887 0.7511419384375517 0.4987416759949334
 0.3657757665456623 0.7517738448880592 0.4994406300166699
 0.3654092594251850 0.7524450315006417 0.5001834598361584
 0.3650838137484069 0.7530400302762377 0.5008423647637801
 0.3647645390042226 0.7536228436141914 0.5014881600363965
 0.3644218500484346 0.7542474057422990 0.5021806455753137
 0.3640436910224350 0.7549354252436529 0.5029439789085882
 0.3637136224898902 0.7555349342196689 0.5036094871741976
 0.3633913420424791 0.7561193879684740 0.5042585797932925
 0.3630455203515608 0.7567455375752682 0.5049542864131222
 0.3626662179121017 0.7574311265874061 0.5057164169552687
 0.3623341676459625 0.7580302965731317 0.5063828495747438
 0.3620093742416960 0.7586154622284895 0.5070340798045907
 0.3616591990530776 0.7592453527328125 0.5077355220625293
 0.3612838539134096 0.7599193654990305 0.5084865908416414
 0.3609519602924878 0.7605143613586346 0.5091499931666792
 0.3606267533156841 0.7610964714380719 0.5097993330034896
 0.3602772952510778 0.7617210024401008 0.5104962935917390
 0.3598963603386297 0.7624006256902733 0.5112550776588217
 0.3595625282922130 0.7629952208058384 0.5119192357907660
 0.3592370180474792 0.7635741045175729 0.5125661367597333
 0.3588905658959691 0.7641892698126872 0.5132539046777232
 0.3584924753267039 0.7648949056605832 0.5140432074096262
 0.3581535852873833 0.7654945819355239 0.5147142731520082
 0.3578255375783460 0.7660741790378066 0.5153630863752890
 0.3574773351822411 0.7666884275809330 0.5160509088345631
 0.3570724961753934 0.7674013506944418 0.5168495323264535
 0.3567300251369565 0.7680034102295309 0.5175242698651166
 0.3563983082811233 0.7685856644101461 0.5181771197874534
 0.3560439510517948 0.7692066840286984 0.5188737929495970
 0.3556495515377022 0.7698966990873787 0.5196482851370243
 0.3553073599962110 0.7704943713912759 0.5203194403559925
 0.3549739968091426 0.7710757310396065 0.5209725055271517
 0.3546169895876043 0.7716973502072086 0.5216710071108352
 0.3542244089904231 0.7723797512096351 0.5224380480458675
 0.3538822261810747 0.7729735626229245 0.5231057343973330
 0.3535492395732651 0.7735505369118080 0.5237547138991228
 0.3531952420792037 0.7741629704669287 0.5244438383289692
 0.3527881604860800 0.7748660404009545 0.5252352743266574
 0.3524423740257666 0.7754622415699065 0.5259066560835921
 0.3521084178111413 0.7760371711622917 0.5265542720746116
 0.3517559049769140 0.7766431189176495 0.5272370155859797
 0.3513252832193617 0.7773820422299156 0.5280698666892129
 0.3509734983640533 0.7779846378658645 0.5287493258784098
 0.3506356300591368 0.7785625111085048 0.5294011643017645
 0.3502778111117781 0.7791735660021404 0.5300907127363769
 0.3498569036224076 0.7798911241012523 0.5309007820004329
 0.3495036306789006 0.7804923534980536 0.5315797470540258
 0.3491621591384786 0.7810726115762699 0.5322351669877394
 0.3487979460945688 0.7816905568573737 0.5329332685151178
 0.3483909669225086 0.7823798973833834 0.5337121613994270
 0.3480390950418554 0.7829749105933048 0.5343846194204001
 0.3476970003928994 0.7835525165760996 0.5350375739747900
 0.3473319803747733 0.7841678837645965 0.5357334298163953
 0.3469240464657787 0.7848544446290349 0.5365100578374463
 0.3465718732273207 0.7854461843792818 0.5371796284717480
 0.3462304500748005 0.7860190020824847 0.5378279374113413
 0.3458694100958353 0.7866238147084091 0.5385125944879510
 0.3454363936066882 0.7873479637135842 0.5393325228969824
 0.3450787221716367 0.7879450958568862 0.5400088007259974
 0.3447355415707586 0.7885171758923226 0.5406568647982603
 0.3443749848508367 0.7891173180564606 0.5413368881369297
 0.3439083149514506 0.7898927145753234 0.5422157132163480
 0.3435438076946756 0.7904972918046105 0.5429010513645079
 0.3431959935671718 0.7910733094817373 0.5435540666068012
 0.3428275702557206 0.7916825327970476 0.5442447606669041
 0.3423969912979115 0.7923933346847616 0.5450506802317316
 0.3420340579900000 0.7929914647404732 0.5457289492991499
 0.3416828700401551 0.7935693686077999 0.5463844134924212
 0.3413080003521005 0.7941853022708396 0.5470831816642225
 0.3408902947899184 0.7948704785471417 0.5478607044546954
 0.3405285115490526 0.7954629567034764 0.5485331667829602
 0.3401766893989120 0.7960382643798189 0.5491862122013762
 0.3398016334517293 0.7966506366404074 0.5498813718052354
 0.3393799842009023 0.7973379451495309 0.5506616360107721
 0.3390174488933353 0.7979279349639368 0.5513314686229008
 0.3386667120770419 0.7984978821954152 0.5519786155592670
 0.3382970345888315 0.7990977151114399 0.5526597896130686
 0.3378405595862699 0.7998371247518877 0.5534996005264160
 0.3374718132492962 0.8004334168863543 0.5541769456180535
 0.3371196461304650 0.8010020576661371 0.5548229292070018
 0.3367506209790119 0.8015970400307750 0.5554988790841350
 0.3362484579107749 0.8024052427784801 0.5564171602162920
 0.3358721747656838 0.8030097660809110 0.5571041365046523
 0.3355147575578950 0.8035831242579746 0.5577558222844448
 0.3351360069842658 0.8041897980451906 0.5584455167141361
 0.3346926244398237 0.8048988167321007 0.5592517131145772
 0.3343190471312650 0.8054952238447598 0.5599299327161293
 0.3339577106316979 0.8060712349024167 0.5605849651208732
 0.3335726372491991 0.8066841643883842 0.5612819528709979
 0.3331395674665222 0.8073723600373873 0.5620644927229107
 0.3327664165422231 0.8079643816633691 0.5627376741844649
 0.3324039230591623 0.8085386502276600 0.5633907057178565
 0.3320170699994121 0.8091505948508935 0.5640866462377752
 0.3315861055058960 0.8098312091394474 0.5648607577547564
 0.3312136547377534 0.8104184764927082 0.5655287296442358
 0.3308526990190789 0.8109867927300418 0.5661751316070297
 0.3304715549992989 0.8115860154866772 0.5668566355449254
 0.3300102211371593 0.8123101064535833 0.5676800622054928
 0.3296323512624100 0.8129022174816508 0.5683533369729633
 0.3292711435985722 0.8134673989718478 0.5689959519921728
 0.3288939153444573 0.8140567949526674 0.5696660678482626
 0.3283248508303342 0.8149442813530614 0.5706750174449774
 0.3287043266732074 0.8143526875453290 0.5700024703417742
 0.3283434192407868 0.8149153540034165 0.5706421332641884
 0.3279773320601115 0.8154852881729389 0.5712899883566542
 0.3276138436155014 0.8160503746092498 0.5719322429035958
 0.3272296907744603 0.8166467209475492 0.5726099249450521
 0.3267430414732704 0.8174009076644732 0.5734668636055262
 0.3263556993687738 0.8180001807405710 0.5741477498258992
 0.3259848481630855 0.8185731028373742 0.5747987144974090
 0.3255914779675450 0.8191799221762539 0.5754882343656913
 0.3251347979999247 0.8198832566304898 0.5762874560299022
 0.3247481412999007 0.8204777877024247 0.5769630191333207
 0.3243736910132198 0.8210527138334971 0.5776162355583877
 0.3239738832612909 0.8216656686683318 0.5783125481240053
 0.3235302890499460 0.8223446642456618 0.5790837446951681
 0.3231457912005743 0.8229322794297075 0.5797510651978576
 0.3227722984172432 0.8235022579048697 0.5803983186365967
 0.3223753855464340 0.8241070967601485 0.5810851500042615
 0.3219223236099446 0.8247963940906763 0.5818678888924192
 0.3215368283515458 0.8253819702502195 0.5825328257200340
 0.3211654410509249 0.8259453156565599 0.5831724704575582
 0.3207762961895900 0.8265347571424139 0.5838416672148895
 0.3202429295464724 0.8273412621623617 0.5847571466580451
 0.3198472897900176 0.8279384754649637 0.5854349501211917
 0.3194738133800250 0.8285014281808561 0.5860737988186119
 0.3190831712304200 0.8290894214817369 0.5867409891010907
 0.3185194019130735 0.8299365082003249 0.5877019898798974
 0.3188953385827162 0.8293718439176815 0.5870614185305842
 0.3185241234670786 0.8299294211925559 0.5876939509721923
 0.3181456764128158 0.8304970754213721 0.5883377745943325
 0.3177696217475273 0.8310603582198857 0.5889764694030843
 0.3173722221760998 0.8316547679320824 0.5896502599996331
 0.3168652740912258 0.8324117792481707 0.5905080964595834
 0.3164637606494689 0.8330103532086276 0.5911862263487192
 0.3160793469152468 0.8335826143241915 0.5918344473599394
 0.3156708346299174 0.8341898732128800 0.5925222212420806
 0.3152026929730140 0.8348846653074903 0.5933089931810189
 0.3148030256110154 0.8354768997053784 0.5939794557723826
 0.3144151255953020 0.8360508796353929 0.5946290428396113
 0.3140001055224461 0.8366641011947974 0.5953227703303442
 0.3135443573609368 0.8373364478097692 0.5960830527972917
 0.3131472491149484 0.8379213898177132 0.5967442403397035
 0.3127610064111082 0.8384895298712606 0.5973862403763331
 0.3123503411692266 0.8390927351448373 0.5980676825408563
 0.3118831074417908 0.8397779585985651 0.5988415605719734
 0.3114850187209472 0.8403608800511722 0.5994996922845612
 0.3111016413685472 0.8409214823786044 0.6001324090277851
 0.3107006047589677 0.8415070942165532 0.6007930924057709
 0.3101164698381936 0.8423585933496661 0.6017532363226223
 0.3105059839687783 0.8417909895776360 0.6011132788879900
 0.3101248116781471 0.8423464456933886 0.6017395430225264
 0.3097381067714561 0.8429092035411651 0.6023737764176726
 0.3093554536796458 0.8434653135772184 0.6030002635923096
 0.3089549763222215 0.8440465301093744 0.6036547639688751
 0.3084065275299557 0.8448411810087511 0.6045491317974079
 0.3079926704494325 0.8454398168806003 0.6052224814431763
 0.3076035620460424 0.8460018698025691 0.6058543348563433
 0.3071990868279895 0.8465853166780548 0.6065098746163641
 0.3066553715464199 0.8473683303375676 0.6073890892521449
 0.3062358845084704 0.8479714387196722 0.6080659177478526
 0.3058394516728538 0.8485406025592709 0.6087043928659058
 0.3054242614200183 0.8491358674868184 0.6093718943924589
 0.3048890388517911 0.8499019780286713 0.6102305635238922
 0.3044682846999398 0.8505032583180907 0.6109041050659709
 0.3040652440657184 0.8510784181169931 0.6115480167882890
 0.3036353805465713 0.8516909888366487 0.6122333795651574
 0.3031640568011439 0.8523616178372974 0.6129831911070904
 0.3027516025027113 0.8529476084935140 0.6136379709723794
 0.3023490619521635 0.8535187296935576 0.6142758197673821
 0.3019188880850875 0.8541282033328140 0.6149561910292713
 0.3014498191377938 0.8547917826978912 0.6156966015837124
 0.3010395033639160 0.8553713924577925 0.6163429838766368
 0.3006409382154083 0.8559336440948198 0.6169696660017072
 0.3002215487464219 0.8565244675308793 0.6176277880377024
 0.2997104058056306 0.8572434391870802 0.6184280547185603
 0.2992939293555579 0.8578283544249119 0.6190786139448317
 0.2988974901885817 0.8583843817727020 0.6196966404264797
 0.2984872899381272 0.8589589459427843 0.6203348639927709
 0.2979640888082500 0.8596906667700136 0.6211470478342046
 0.2975385415995259 0.8602848897733336 0.6218060854586646
 0.2971402548553033 0.8608402989082917 0.6224216204179653
 0.2967341049909795 0.8614059311212855 0.6230480165508928
 0.2962670422319260 0.8620554722607656 0.6237667518071001
 0.2958289747094730 0.8626637966622781 0.6244393322837752
 0.2954229325535939 0.8632268798837500 0.6250614419960380
 0.2950164008459992 0.8637899036496045 0.6256830612353993
 0.2945723306603180 0.8644040750786445 0.6263606519205448
 0.2941059538904505 0.8650481560319999 0.6270706335025488
 0.2936866080823508 0.8656264655110715 0.6277075300403461
 0.2932737589339253 0.8661950600021091 0.6283331477717495
 0.2928298276080220 0.8668056291939983 0.6290042932206943
 0.2923450367693790 0.8674714133537140 0.6297353780771647
 0.2919170351552684 0.8680583580321832 0.6303792821393225
 0.2914975967167197 0.8686327907914829 0.6310089463702646
 0.2910438107643007 0.8692534098642922 0.6316886829611138
 0.2905669589116255 0.8699046229367877 0.6324012825172358
 0.2901400467858675 0.8704868115440670 0.6330377357333626
 0.2897201974038100 0.8710586122259713 0.6336622061349091
 0.2892656014761947 0.8716768927154815 0.6343366851486819
 0.2887909513402471 0.8723215179227075 0.6350390451148974
 0.2883670605495606 0.8728964066917037 0.6356646942100058
 0.2879526721279838 0.8734576817429027 0.6362748916951922
 0.2875126380839292 0.8740529098604901 0.6369213430672453
 0.2870114661578844 0.8747298600890970 0.6376557399965797
 0.2865839790627894 0.8753064618640344 0.6382805815135624
 0.2861740064836456 0.8758587337327812 0.6388784367436949
 0.2857487850490774 0.8764308198566818 0.6394970753350659
 0.2851927042635600 0.8771778493500335 0.6403038452550800
 0.2847523569016444 0.8777685138682194 0.6409409011578688
 0.2843415274500555 0.8783188775806212 0.6415338236454641
 0.2839225275525802 0.8788794869504285 0.6421371213221337
 0.2834412481188012 0.8795225560439011 0.6428283172035874
 0.2829884042308581 0.8801267863445760 0.6434769163584724
 0.2825709374711077 0.8806830909665461 0.6440733082692556
 0.2821549245589294 0.8812367721486720 0.6446661391304221
 0.2817065378229455 0.8818327767010585 0.6453034436417160
 0.2812090052874904 0.8824931836105302 0.6460086071838123
 0.2807744034835620 0.8830692673616899 0.6466228905121253
 0.2803523590074951 0.8836280028034045 0.6472179358171021
 0.2799084692480969 0.8842149144081431 0.6478421921972699
 0.2793251993638821 0.8849849598466731 0.6486599291834704
 0.2788709892859396 0.8855837138863473 0.6492946641325414
 0.2784376267005162 0.8861542519520001 0.6498985334628413
 0.2779773121398555 0.8867594917093204 0.6505380871316309
 0.2774535482200499 0.8874471825999188 0.6512634747475036
 0.2770019939753384 0.8880392349770226 0.6518869233074306
 0.2765620607283356 0.8886153159749612 0.6524926559253088
 0.2760864676209870 0.8892372806889002 0.6531456628621967
 0.2755865955126254 0.8898900915651700 0.6538299539487130
 0.2751399690175389 0.8904725849793267 0.6544395351273442
 0.2747003421462738 0.8910452328716759 0.6550378344332350
 0.2742222579203306 0.8916671712431056 0.6556864789888645
 0.2737289153661512 0.8923080860173648 0.6563536288676477
 0.2732873358339210 0.8928810055353332 0.6569488992591581
 0.2728545365688813 0.8934418503253346 0.6575306363882575
 0.2723929300109212 0.8940392834499741 0.6581492689435100
 0.2718783533814277 0.8947043747700116 0.6588366807395153
 0.2714348690721732 0.8952768230075310 0.6594272368763334
 0.2710081735867284 0.8958269426095187 0.6599937604342394
 0.2705648757394454 0.8963977868566857 0.6605805549793949
 0.2699664150471425 0.8971673439148542 0.6613698372612630
 0.2695090179116922 0.8977546653475915 0.6619708225037512
 0.2690828573181859 0.8983012237153335 0.6625290147260474
 0.2686472929481932 0.8988591939199073 0.6630977875792542
 0.2681416266634296 0.8995061479965775 0.6637559015291532
 0.2676750576469501 0.9001023042490384 0.6643610247066478
 0.2672443201525080 0.9006520186411086 0.6649178676334749
 0.2668150763510992 0.9011992009465304 0.6654710444109987
 0.2663540067918193 0.9017862607312943 0.6660633082070301
 0.2658312280026821 0.9024510285891846 0.6667324437140203
 0.2653817357675267 0.9030218748085465 0.6673057605979097
 0.2649484520309081 0.9035715006591395 0.6678566513865580
 0.2644980515129061 0.9041421807259802 0.6684274744469370
 0.2639261142900968 0.9048658912364208 0.6691495961797063
 0.2634534654711036 0.9054631569331317 0.6697439951689874
 0.2630096151223663 0.9060233686680234 0.6703001906156467
 0.2625537623740227 0.9065980647102063 0.6708694057114680
 0.2620079633595831 0.9072852751811232 0.6715482539311380
 0.2615224708561693 0.9078957515207682 0.6721496764426380
 0.2610668065297084 0.9084680368965491 0.6727121108184675
 0.2605992905563503 0.9090545223665862 0.6732871372901474
 0.2600240476604683 0.9097752015426932 0.6739918080635821
 0.2595318472934724 0.9103910183482181 0.6745921939384566
 0.2590672202537548 0.9109716430308997 0.6751567257095550
 0.2585821201133088 0.9115771370520336 0.6757437962853874
 0.2579907988419148 0.9123142324523444 0.6764561895862187
 0.2575064822414385 0.9129171450478740 0.6770370719698848
 0.2570404087093368 0.9134966718280662 0.6775939183803736
 0.2565382056297929 0.9141203853098441 0.6781916078775997
 0.2560110203295496 0.9147743068703384 0.6788164497203031
 0.2555425270688808 0.9153547268414438 0.6793694856316671
 0.2550833180186318 0.9159230087992479 0.6799094737017543
 0.2545896329710686 0.9165332573497649 0.6804876523354447
 0.2540598644038567 0.9171873088379521 0.6811053517353898
 0.2535951243500567 0.9177603979696332 0.6816448970264501
 0.2531444113912985 0.9183155876018924 0.6821660961524373
 0.2526714447667988 0.9188975551858160 0.6827108734963513
 0.2520724794858381 0.9196336326846040 0.6833976399440362
 0.2515995337495491 0.9202141154242875 0.6839374344727258
 0.2511531541212246 0.9207614060813212 0.6844448844764434
 0.2506932306802189 0.9213247108069641 0.6849656544513256
 0.2501299643761378 0.9220137744970547 0.6856005417525829
 0.2496493319549168 0.9226010453845284 0.6861397546148030
 0.2492028006846795 0.9231460716625951 0.6866386194603705
 0.2487535166863376 0.9236938995674707 0.6871385295738505
 0.2482610726940437 0.9242937141932339 0.6876841220202257
 0.2477478054495394 0.9249181842181411 0.6882501684277189
 0.2472897906710265 0.9254748242724710 0.6887530115288036
 0.2468436589002711 0.9260164755311493 0.6892407406558353
 0.2463785519831170 0.9265805930456283 0.6897470392418755
 0.2457735397397983 0.9273135306701289 0.6904023261597454
 0.2452888212279516 0.9279000356966601 0.6909246468721223
 0.2448358302844911 0.9284475882757602 0.6914106417834643
 0.2443741476898213 0.9290050909086068 0.6919038402699228
 0.2438494314558099 0.9296380319952182 0.6924617623517422
 0.2433430921792133 0.9302481265168199 0.6929974840601848
 0.2428775425132564 0.9308084879831505 0.6934877237204318
 0.2424142384725041 0.9313655932227002 0.6939733821664104
 0.2419154356627645 0.9319647709864975 0.6944937961541043
 0.2413525526876682 0.9326401648032775 0.6950780521257235
 0.2408652087561519 0.9332242745369407 0.6955813612914054
 0.2403910593531967 0.9337919979194029 0.6960688050276503
 0.2398886026074727 0.9343930031093350 0.6965829376632986
 0.2392778710050091 0.9351226769173336 0.6972044755856479
 0.2387719083878365 0.9357264820380120 0.6977165249090853
 0.2382821903653386 0.9363103049383220 0.6982096265884679
 0.2377551138814315 0.9369380139840888 0.6987375833066820
 0.2371813894750527 0.9376205150113907 0.6993090455658776
 0.2366731678732508 0.9382244348707908 0.6998125089872420
 0.2361686986261703 0.9388232873497715 0.7003097346843354
 0.2355954142915589 0.9395030987121646 0.7008717496941865
 0.2350534660024352 0.9401450407987486 0.7014000404255401
 0.2345494399878356 0.9407414481864482 0.7018886905221442
 0.2340330369653807 0.9413518900581129 0.7023866158825735
 0.2333187362419976 0.9421952557745478 0.7030707676879130
 0.2327918293047267 0.9428166211415346 0.7035720365526429
 0.2322930912997615 0.9434041879671846 0.7040438891770527
 0.2317545507241829 0.9440380176081655 0.7045505811892223
 0.2311986723272092 0.9446915726029442 0.7050705394041969
 0.2307020337110070 0.9452748979887142 0.7055324595081046
 0.2302144220996309 0.9458470913403870 0.7059835458667026
 0.2296896691396624 0.9464622865208208 0.7064662608188278
 0.2291286712699143 0.9471193107370434 0.7069791641589113
 0.2286357080524477 0.9476960934301243 0.7074271801865449
 0.2281572499972581 0.9482554059062799 0.7078596325714080
 0.2276545533622687 0.9488425272695037 0.7083114947318829
 0.2270251551188959 0.9495768748415763 0.7088736712681675
 0.2265244380798776 0.9501604896124016 0.7093180788713909
 0.2260507511552518 0.9507121176821747 0.7097361765130169
 0.2255615218306586 0.9512813572734653 0.7101656075277103
 0.2249430872289168 0.9520002279316466 0.7107049586535077
 0.2244356005909501 0.9525895486353276 0.7111446279674847
 0.2239632407876696 0.9531376088821942 0.7115515025434016
 0.2234848775158234 0.9536921766713183 0.7119612374073230
 0.2229487048187017 0.9543132189626874 0.7124177361020985
 0.2224224585741547 0.9549222082791977 0.7128629619524884
 0.2219436266902318 0.9554758535630377 0.7132656450234824
 0.2214722342087287 0.9560204584074810 0.7136598096361089
 0.2209747865042070 0.9565946963038281 0.7140733262881392
 0.2203247289915496 0.9573443819819457 0.7146099418688723
 0.2198216714130779 0.9579239827385141 0.7150222939478524
 0.2193471682702067 0.9584702433727715 0.7154089136224889
 0.2188581480341273 0.9590327716402914 0.7158049977704384
 0.2182701937667528 0.9597085119994323 0.7162780263820373
 0.2177531602520738 0.9603022112752720 0.7166911054073162
 0.2172722362685954 0.9608540037721239 0.7170728949332150
 0.2167882602659303 0.9614088701665308 0.7174547302922402
 0.2162575511619728 0.9620168251093010 0.7178707021926465
 0.2157013258875372 0.9626534644921526 0.7183036212976752
 0.2152038740262133 0.9632223641132650 0.7186881629486077
 0.2147171232455289 0.9637785998940409 0.7190620283402268
 0.2142048016375258 0.9643636052342089 0.7194529547339066
 0.2134960496540577 0.9651721517561417 0.7199893634963503
 0.2129691377061363 0.9657726900964296 0.7203848034385789
 0.2124706490844894 0.9663403942375628 0.7207562733118720
 0.2119477975917660 0.9669353888470760 0.7211431501775679
 0.2112386557361989 0.9677416400964051 0.7216634190844041
 0.2107008660298978 0.9683525129693292 0.7220545958542186
 0.2101886387934276 0.9689339033511004 0.7224244853708489
 0.2096455852799300 0.9695498107882212 0.7228137559034158
 0.2089941649918439 0.9702879885432364 0.7232767553453141
 0.2084502108195003 0.9709038622781191 0.7236600331777744
 0.2079215391191370 0.9715019790416863 0.7240296135635245
 0.2073500229301232 0.9721480694292820 0.7244259100753798
 0.2067322512792756 0.9728458734852866 0.7248505466838892
 0.2061805963336768 0.9734684931403672 0.7252265067196815
 0.2056293394403360 0.9740901945450333 0.7255991808742394
 0.2049921104720604 0.9748082755613503 0.7260262194577796
 0.2043991907467589 0.9754758733666057 0.7264199124074533
 0.2038396316501506 0.9761054255748490 0.7267881877125324
 0.2032489172872248 0.9767695259922154 0.7271735066702429
 0.2025947884501056 0.9775043210354876 0.7275960619670707
 0.2020219410675024 0.9781473002423167 0.7279625954022189
 0.2014491791818091 0.9787897113865209 0.7283258427351779
 0.2006988040967942 0.9796306271682166 0.7287968885979480
 0.2001119187811063 0.9802877737294441 0.7291614675959557
 0.1995530048770041 0.9809131540666576 0.7295055089774486
 0.1989362436761865 0.9816027609930812 0.7298815469136150
 0.1983371297443421 0.9822721393214470 0.7302431904269673
 0.1977885379204953 0.9828846451836157 0.7305712177203518
 0.1972363526937905 0.9835007568325816 0.7308984201881112
 0.1965781143229531 0.9842346723555508 0.7312846183233329
 0.1960048745232530 0.9848733550168711 0.7316175624923792
 0.1954700703715442 0.9854688302575605 0.7319253398716323
 0.1949222723507640 0.9860783931229961 0.7322377336278740
 0.1942048186178957 0.9868761647416794 0.7326424712463050
 0.1936423425548021 0.9875011575988440 0.7329562847752568
 0.1931154487735910 0.9880862573412632 0.7332474762001632
 0.1925685644230866 0.9886931954559696 0.7335469089437394
 0.1918207726156168 0.9895225150550633 0.7339517642352467
 0.1912670201664792 0.9901362076399989 0.7342481771963315
 0.1907449025356270 0.9907145078208199 0.7345250151536173
 0.1901959118470700 0.9913222273744032 0.7348133283303582
 0.1895337660890061 0.9920547410605304 0.7351572759981190
 0.1889916846885449 0.9926540559240794 0.7354357757759248
 0.1884740826676059 0.9932259953326568 0.7356991257170415
 0.1879336043694408 0.9938228911128744 0.7359714541325953
 0.1871900420964002 0.9946435392526591 0.7363417083491574
 0.1866409074922126 0.9952492135335065 0.7366118973656213
 0.1861236222217992 0.9958194599786724 0.7368638974602505
 0.1855825408586003 0.9964156314575616 0.7371248784426701
 0.1848645209790518 0.9972062768772528 0.7374670861155750
 0.1843174885766599 0.9978082773013386 0.7377246622939845
 0.1838003738653267 0.9983770688558883 0.7379656707896656
 0.1832609015030378 0.9989701603797284 0.7382145474617423
 0.1824813256797168 0.9998266995289984 0.7385696231901679
 0.1830010767164483 0.9992557042104784 0.7383334887828256
 0.1824890965608672 0.9998181644774728 0.7385661102820559
 0.1819678125421360  1.000390577329851 0.7388005836127387
 0.1814518550578557  1.000956877128673 0.7390303122088865
 0.1809108635911946  1.001550374386465 0.7392686904952710
 0.1801172997388342  1.002420447002901 0.7396137701099078
 0.1806463756965445  1.001840429044171 0.7393843068688611
 0.1801305102251905  1.002405967795046 0.7396080699697054
 0.1796063531107725  1.002980337684968 0.7398330898878047
 0.1790872181516786  1.003548949844029 0.7400536463750750
 0.1785420558840677  1.004145800293810 0.7402828052807234
 0.1777719021376026  1.004988509528346 0.7406022782734563
 0.1772133038739774  1.005599396807689 0.7408308875698357
 0.1766863332136289  1.006175440308846 0.7410441701891052
 0.1761320259108014  1.006781101437800 0.7412660334029183
 0.1754353983142323  1.007541888188698 0.7415412746899004
 0.1748787373021695  1.008149517243353 0.7417583641900622
 0.1743473312540907  1.008729333345313 0.7419632570347607
 0.1737898202803264  1.009337377648957 0.7421757609994016
 0.1730471727355683  1.010146939582807 0.7424549455883285
 0.1724802105830019  1.010764683136558 0.7426651110080279
 0.1719409039677150  1.011352053737820 0.7428626534854479
 0.1713712756325746  1.011972197048032 0.7430688134981663
 0.1706807813784996  1.012723583167407 0.7433153196834554
 0.1701121213502515  1.013342113755491 0.7435155511709849
 0.1695644433978322  1.013937588673101 0.7437060219673748
 0.1689837350156452  1.014568729648326 0.7439054277933279
 0.1682960360325885  1.015315828835221 0.7441381613999569
 0.1677192832879185  1.015942131693463 0.7443305006952385
 0.1671603433002916  1.016548862359780 0.7445144489052575
 0.1665619330528740  1.017198191565234 0.7447087682232135
 0.1658926793014444  1.017924094711336 0.7449229763900301
 0.1653095661620755  1.018556313254337 0.7451070110122473
 0.1647373278637152  1.019176515677815 0.7452853125059653
 0.1641143209969950  1.019851491466251 0.7454768763012344
 0.1634588956739541  1.020561311969324 0.7456755481613957
 0.1628687438691907  1.021200201398901 0.7458519310386449
 0.1622801325895483  1.021837199425301 0.7460254992027086
 0.1616165576376610  1.022555059514494 0.7462183735978014
 0.1609714290013980  1.023252700000945 0.7464030696733144
 0.1603715826017394  1.023901142171064 0.7465723295750726
 0.1597571738336473  1.024565099870888 0.7467432355763792
 0.1589601705064563  1.025426041332407 0.7469612115898849
 0.1583141385446500  1.026123626175275 0.7471348070398137
 0.1576924478948602  1.026794699753728 0.7472992570962250
 0.1570034302379982  1.027538191909889 0.7474785640355729
 0.1563155815793365  1.028280158253073 0.7476545202738202
 0.1556742756250045  1.028971686149388 0.7478158720533016
 0.1550027774411654  1.029695532863366 0.7479820583359272
 0.1542234451085683  1.030535320641843 0.7481714062445827
 0.1535493705402117  1.031261430625008 0.7483321364224385
 0.1528601156188214  1.032003652970966 0.7484935930647283
 0.1520605580072275  1.032864356411100 0.7486772891924730
 0.1513689718837625  1.033608577995732 0.7488331351094023
 0.1506521559719043  1.034379706366858 0.7489917515772035
 0.1498898249579183  1.035199531978778 0.7491572286607195
 0.1492002308643278  1.035940902763794 0.7493040867179923
 0.1484679186782918  1.036727962311618 0.7494571210517075
 0.1477312582899208  1.037519453873250 0.7496080715070873
 0.1470537306043214  1.038247201853931 0.7497443126172763
 0.1463354110799924  1.039018550210293 0.7498861091277358
 0.1456038403162779  1.039803904837200 0.7500277764571861
 0.1449388444778334  1.040517598295821 0.7501541774712051
 0.1442525731496271  1.041253937348738 0.7502822681032549
 0.1434819136853278  1.042080598053894 0.7504232816580036
 0.1428194998944087  1.042790962257925 0.7505421299002464
 0.1421608007308953  1.043497176631344 0.7506581889716356
 0.1412764535650738  1.044445060590339 0.7508107419688911
 0.1406039202365956  1.045165720676427 0.7509242865567516
 0.1399594003054433  1.045856210192570 0.7510311130447224
 0.1392155653339914  1.046652916324022 0.7511519906750125
 0.1385427180222554  1.047373424422871 0.7512591240974725
 0.1379110711145276  1.048049674211982 0.7513578145067993
 0.1372487359792847  1.048758636903172 0.7514593773475500
 0.1365038050016242  1.049555839413678 0.7515713026887209
 0.1358624164298844  1.050242092094511 0.7516657535801967
 0.1352302163018037  1.050918387643174 0.7517571402942579
 0.1344999297210912  1.051699458458852 0.7518606176419395
 0.1338340012882323  1.052411555862979 0.7519530523409051
 0.1332100713098392  1.053078624461446 0.7520380218931370
 0.1325612065523712  1.053772232461947 0.7521247415349448
 0.1317784161457525  1.054608842404855 0.7522271720889068
 0.1311349282574844  1.055296444982090 0.7523096126690061
 0.1305080546926655  1.055966186005186 0.7523884149546168
 0.1298011611227277  1.056721293436639 0.7524755071222891
 0.1291301821797340  1.057437916001961 0.7525564615498817
 0.1285066216406068  1.058103791280807 0.7526302259903902
 0.1278664094210737  1.058787346783769 0.7527045221084352
 0.1269022250342961  1.059816618219268 0.7528137546625894
 0.1275450271373255  1.059130448982769 0.7527412813736167
 0.1269358698776589  1.059780705965696 0.7528099955162856
 0.1263148540193303  1.060443530301857 0.7528787863473351
 0.1256874299300776  1.061113102331267 0.7529470358222782
 0.1249693359302656  1.061879323838488 0.7530236608215535
 0.1242992161613540  1.062594250707862 0.7530937923506343
 0.1236733345598446  1.063261891496269 0.7531581472724247
 0.1230266531810354  1.063951630157596 0.7532235263248876
 0.1221695929406326  1.064865617273144 0.7533085036700606
 0.1215140286650628  1.065564620746056 0.7533722641545358
 0.1208796324114613  1.066240969202533 0.7534329725211095
 0.1201549740571586  1.067013448928093 0.7535011466848609
 0.1194804508746410  1.067732390964395 0.7535634990947825
 0.1188494024700766  1.068404914635368 0.7536208808609131
 0.1181954394243885  1.069101778065976 0.7536793859209530
 0.1173646258701763  1.069986976835098 0.7537523154500598
 0.1167059142084723  1.070688716789414 0.7538090336609198
 0.1160653451240922  1.071371053210069 0.7538632572878173
 0.1153330730933669  1.072150981948558 0.7539241213070155
 0.1146512044318385  1.072877142309533 0.7539797238873891
 0.1140122887400686  1.073557486860445 0.7540308896899700
 0.1133477479723673  1.074265044742005 0.7540831524029300
 0.1125364178607816  1.075128794561852 0.7541456434335082
 0.1118717485562685  1.075836328099357 0.7541957635192920
 0.1112208000365658  1.076529187785517 0.7542439143120370
 0.1104674683193288  1.077330940021256 0.7542984892179352
 0.1097773687063759  1.078065319769735 0.7543474068736510
 0.1091268098907681  1.078757556340807 0.7543925835964350
 0.1084420460224751  1.079486122307555 0.7544391553128620
 0.1076667023475375  1.080310981063273 0.7544906766759966
 0.1069956838463482  1.081024784260433 0.7545342305677908
 0.1063280290192669  1.081734948163606 0.7545766171923174
 0.1055198604804799  1.082594492510955 0.7546266662013662
 0.1048200278256889  1.083338745218529 0.7546689002715754
 0.1041515286644802  1.084049617495580 0.7547082898949474
 0.1034235058140343  1.084823723373696 0.7547501299374734
 0.1026827563506008  1.085611295723044 0.7547915725296812
 0.1020026814037858  1.086334301474118 0.7548286210798580
 0.1013027324325775  1.087078380516817 0.7548657586373799
 0.1004116682671762  1.088025545268587 0.7549115893146916
 0.9970072785755270E-01  1.088781184404950 0.7549470015442655
 0.9899675370562880E-01  1.089529367222525 0.7549810619630239
 0.9803075835395866E-01  1.090555944249717 0.7550261753109249
 0.9729760298663526E-01  1.091335018049844 0.7550591630486349
 0.9657977561128625E-01  1.092097754759428 0.7550904202565246
 0.9558756134563436E-01  1.093151967755997 0.7551319445794240
 0.9483892485016987E-01  1.093947326048575 0.7551619952998414
 0.9410091640038576E-01  1.094731346980138 0.7551905485197726
 0.9305105561775634E-01  1.095846587797741 0.7552293429318425
 0.9228454354479479E-01  1.096660780861236 0.7552563235708222
 0.9151133998219897E-01  1.097482037999326 0.7552824073706944
 0.9063814330397119E-01  1.098409452289384 0.7553105257597538
 0.8986854563681176E-01  1.099226792675263 0.7553341621762860
 0.8906845682997115E-01  1.100076475641246 0.7553576328821210
 0.8818015173787007E-01  1.101019797408172 0.7553824263185314
 0.8738317160109223E-01  1.101866099136373 0.7554035938991760
 0.8653505542603372E-01  1.102766663004716 0.7554250703756570
 0.8565242019110336E-01  1.103703840453840 0.7554463517593792
 0.8482461316101200E-01  1.104582766129770 0.7554653887291944
 0.8388168300156022E-01  1.105583884154794 0.7554860537958105
 0.8299793677989814E-01  1.106522129299541 0.7555044881584148
 0.8211796169623423E-01  1.107456337123365 0.7555219886332855
 0.8106399974467937E-01  1.108575212634959 0.7555418762567727
 0.8015146731991650E-01  1.109543912892257 0.7555581866355131
 0.7905393533491999E-01  1.110708958994639 0.7555767205275485
 0.7809612205124593E-01  1.111725657332604 0.7555919507969097
 0.7701624717252953E-01  1.112871885380152 0.7556080951293613
 0.7602935905862421E-01  1.113919381648488 0.7556219273717196
 0.7491344169484215E-01  1.115103797497097 0.7556365421897202
 0.7392013228490450E-01  1.116158051143031 0.7556486603862055
 0.7278739132526417E-01  1.117360261041494 0.7556614846615467
 0.7180440214840755E-01  1.118403511038298 0.7556717820303503
 0.7073041259305260E-01  1.119543316415642 0.7556821794174681
 0.6975693348015176E-01  1.120576432202125 0.7556908491277335
 0.6876087291338748E-01  1.121633495022768 0.7556989709293468
 0.6776076870128785E-01  1.122694832670243 0.7557063248199005
 0.6680144382055044E-01  1.123712880334557 0.7557125505344005
 0.6565472038653430E-01  1.124929782410742 0.7557187823763734
 0.6467112364422446E-01  1.125973563727809 0.7557229566102455
 0.6345917272943238E-01  1.127259661670812 0.7557265655291521
 0.6241210301696401E-01  1.128370784992625 0.7557284581980543
 0.6118491382180486E-01  1.129673042505269 0.7557296073185025
 0.6005239860008497E-01  1.130874832937853 0.7557300478524447
 0.5872713120011323E-01  1.132281165258076 0.7557302168894319
 0.5743351291872843E-01  1.133653912275769 0.7557302551823462
 0.5588655750517948E-01  1.135295492624039 0.7557302624890802
 0.5428134130984103E-01  1.136998897468700 0.7557302631479245
 0.5234120806271950E-01  1.139057705734283 0.7557302631837904
 0.5004594174043426E-01  1.141493370028460 0.7557302631840620
 0.4719604709887470E-01  1.144517588417943 0.7557302631840294
 0.4250413168421617E-01  1.149496501207206 0.7557302631840286
 0.2958166467443576E-01  1.163209415993098 0.7557302631840286
-0.2210820336468584E-01  1.218061075136666 0.7557302631840286
-0.1571875749097575  1.361403047681650 0.7557302631840286
