RUNGE KUTTA: X Z PHI
 0.4997919338387438 0.3973734652027661E-01 0.5235987755982988E-02
 0.4984540545283121 0.1986793650368688 0.1610821489109191E-01
 0.4995145122904022 0.9272047521397876E-01 0.5235987758893279E-02
 0.4996994599892965 0.5739838941817732E-01 0.5235987755982988E-02
 0.4993294421579986 0.1280425603681090 0.5339583211689800E-02
 0.4995761615233669 0.8094644661537828E-01 0.5235987755982988E-02
 0.4992965119162092 0.1340221289528908 0.5498219743851739E-02
 0.4994835261160785 0.9863834382266801E-01 0.5235991910728454E-02
 0.4995452830554636 0.8684374568448110E-01 0.5235987755997447E-02
 0.4995029065802845 0.9493698227051221E-01 0.5235987995524372E-02
 0.4995311575638199 0.8954149121315856E-01 0.5235987756656547E-02
 0.4995004917301303 0.9539818043357269E-01 0.5235988128414287E-02
 0.4994735746014619 0.1005389220588426 0.5236002557641404E-02
 0.4994915193599662 0.9711176097536106E-01 0.5235989282339196E-02
 0.4994713186450641 0.1009697726762285 0.5236006676053198E-02
 0.4994522974666928 0.1046024786737885 0.5236103481160022E-02
 0.4994352009586651 0.1078674854711071 0.5236437280969068E-02
 0.4994213919117112 0.1105044096131816 0.5237174361761221E-02
 0.4994091372028804 0.1128440549812243 0.5238591200547202E-02
 0.4993977953684762 0.1150086267579905 0.5241073640769251E-02
 0.4993867678691933 0.1171118909790627 0.5245277500774188E-02
 0.4993742357733628 0.1194993959580704 0.5253423444347887E-02
 0.4993630581950206 0.1216248470067892 0.5265169075193314E-02
 0.4993532912149923 0.1234773484202335 0.5280237667854627E-02
 0.4993442397530626 0.1251886018396957 0.5299341864126950E-02
 0.4993347652263915 0.1269722033446922 0.5325828576781601E-02
 0.4993252065685064 0.1287613795796128 0.5360526194709537E-02
 0.4993165028036436 0.1303792818952502 0.5400074504836811E-02
 0.4993074343020846 0.1320510914052408 0.5450204547861209E-02
 0.4992984061422858 0.1336988066705103 0.5509859314988452E-02
 0.4992899665311482 0.1352217675566804 0.5574814302532638E-02
 0.4992805546747569 0.1368978535713352 0.5657905600690638E-02
 0.4992720034666799 0.1383981432265907 0.5743124426693019E-02
 0.4992634287271291 0.1398792072162302 0.5837647114578685E-02
 0.4992542467529595 0.1414375508428690 0.5948438186425998E-02
 0.4992457494771990 0.1428530313800342 0.6059244261812192E-02
 0.4992365684709791 0.1443526048885238 0.6187242763442508E-02
 0.4992278770038598 0.1457430748778987 0.6315621745366938E-02
 0.4992187776003266 0.1471680886180736 0.6456793613185656E-02
 0.4992096447464877 0.1485666625286578 0.6604832335700488E-02
 0.4992003431661790 0.1499585892728111 0.6761581292526002E-02
 0.4991904159504167 0.1514083528901383 0.6934844487149567E-02
 0.4991809998066102 0.1527498931512968 0.7104155465391905E-02
 0.4991709473714041 0.1541468188813490 0.7289270681635384E-02
 0.4991613058311465 0.1554534113223191 0.7469895183649480E-02
 0.4991513191391301 0.1567736972713633 0.7658911076481222E-02
 0.4991413196246557 0.1580633345768210 0.7849137010297798E-02
 0.4991311237917054 0.1593464675611142 0.8043426069622975E-02
 0.4991206397213934 0.1606339520725395 0.8243119449669099E-02
 0.4991100045075771 0.1619085381967467 0.8445346128025465E-02
 0.4990989989682557 0.1631957998457325 0.8654157414916907E-02
 0.4990878677047541 0.1644665855693904 0.8864864998369967E-02
 0.4990763538159334 0.1657496978146635 0.9082241338176759E-02
 0.4990647886700934 0.1670080138606783 0.9299930093920881E-02
 0.4990527629428291 0.1682856275259128 0.9525598095355591E-02
 0.4990407589700099 0.1695311350761536 0.9750202838794065E-02
 0.4990282017915670 0.1708037468680798 0.9984462886796041E-02
 0.4990157002114140 0.1720414446418466 0.1021697068800596E-01
 0.4990026006144689 0.1733085290650792 0.1045988196173120E-01
 0.4989896169569989 0.1745357270477613 0.1069996594975966E-01
 0.4989759814569901 0.1757952807112819 0.1095134624319117E-01
 0.4989625880025959 0.1770046806406407 0.1119744772358295E-01
 0.4989484319314971 0.1782544302608620 0.1145667331732844E-01
 0.4989345572129840 0.1794522406709266 0.1170986822150894E-01
 0.4989198697721149 0.1806923651857542 0.1197689038442970E-01
 0.4989053362201177 0.1818926256783994 0.1224002565956116E-01
 0.4988900755088861 0.1831255340488622 0.1251516563733710E-01
 0.4988749922498428 0.1843178051699560 0.1278599775280038E-01
 0.4988591482201916 0.1855433677847550 0.1306932520428061E-01
 0.4988438491155038 0.1867018696372032 0.1334176920668005E-01
 0.4988274438284300 0.1879181898605469 0.1363272010968805E-01
 0.4988118199012898 0.1890527237799356 0.1390875354938313E-01
 0.4987947915977711 0.1902639181436263 0.1420846139976398E-01
 0.4987784164750831 0.1914048351160939 0.1449553307911799E-01
 0.4987608907911761 0.1926011962796346 0.1480154608733385E-01
 0.4987435485196692 0.1937609769507748 0.1510317055144394E-01
 0.4987256900209620 0.1949313632506394 0.1541257492824075E-01
 0.4987074617920521 0.1961020402509736 0.1572709172173685E-01
 0.4986893046683857 0.1972451474029858 0.1603905672739435E-01
 0.4986700101612019 0.1984357925119042 0.1636916813016702E-01
 0.4986515409539078 0.1995532671505018 0.1668387322421130E-01
 0.4986313045370383 0.2007537641650094 0.1702724233910738E-01
 0.4986123937012252 0.2018539801014439 0.1734672964296246E-01
 0.4985916525236033 0.2030376664669073 0.1769564619652178E-01
 0.4985721978898444 0.2041269441825262 0.1802158231863523E-01
 0.4985507913208749 0.2053030179690140 0.1837875342670758E-01
 0.4985305996972970 0.2063916195263429 0.1871421409498910E-01
 0.4985087341937494 0.2075487161400538 0.1907591326610217E-01
 0.4984875630174413 0.2086483892441042 0.1942463462772358E-01
 0.4984660028120838 0.2097481995563036 0.1977829326488228E-01
 0.4984433964926176 0.2108804907655093 0.2014747776773940E-01
 0.4984216891941254 0.2119484300598355 0.2050036492307086E-01
 0.4983975330609924 0.2131154889003012 0.2089124183955759E-01
 0.4983753256838104 0.2141693274727315 0.2124897063857929E-01
 0.4983505518175441 0.2153242624367634 0.2164624528625100E-01
 0.4983276637991243 0.2163726324690239 0.2201157133419167E-01
 0.4983027531878369 0.2174940917888623 0.2240733437255358E-01
 0.4982787612650026 0.2185556576907870 0.2278676089855093E-01
 0.4982546093698606 0.2196066282261489 0.2316704795325541E-01
 0.4982284086594877 0.2207274573473244 0.2357767565532665E-01
 0.4982040456728202 0.2217523270798084 0.2395766560309484E-01
 0.4981764771715399 0.2228926586411516 0.2438554199317942E-01
 0.4981513891699904 0.2239131647677151 0.2477304412989795E-01
 0.4981237396537984 0.2250195731195734 0.2519807355818074E-01
 0.4980974525980252 0.2260543251954810 0.2560014400870694E-01
 0.4980709514230626 0.2270812166451651 0.2600348455209848E-01
 0.4980421186417981 0.2281805555541456 0.2644009100722638E-01
 0.4980154620930924 0.2291809182027313 0.2684176829003587E-01
 0.4979849532148385 0.2303076776042962 0.2729919467390251E-01
 0.4979574331850327 0.2313080046801672 0.2770967576186035E-01
 0.4979279888744088 0.2323620326863906 0.2814663169872433E-01
 0.4978989352853683 0.2333861871506783 0.2857561918013674E-01
 0.4978704568667925 0.2343752796765643 0.2899410530995985E-01
 0.4978376078179351 0.2354986263413951 0.2947436746764400E-01
 0.4978084926044890 0.2364791184585593 0.2989782596816612E-01
 0.4977754654119823 0.2375747121967249 0.3037570011059780E-01
 0.4977451153848128 0.2385664342913203 0.3081261373038831E-01
 0.4977143831292221 0.2395564434331029 0.3125294033702150E-01
 0.4976809248647115 0.2406185612734599 0.3172994296940289E-01
 0.4976501778293307 0.2415806518033188 0.3216608558122457E-01
 0.4976142688325909 0.2426879156981399 0.3267282081969318E-01
 0.4975822745179588 0.2436601224832299 0.3312202568992669E-01
 0.4975492402517795 0.2446502141316321 0.3358363716929680E-01
 0.4975147218727446 0.2456703766196003 0.3406359410354851E-01
 0.4974822308341331 0.2466175963029567 0.3451309802377947E-01
 0.4974439919212501 0.2477167368443689 0.3503934610571333E-01
 0.4974102361246672 0.2486734054897953 0.3550149311214406E-01
 0.4973752241426373 0.2496526275038607 0.3597851867089326E-01
 0.4973388450757273 0.2506564483721055 0.3647165467803549E-01
 0.4973045729183597 0.2515898126390825 0.3693385588252550E-01
 0.4972639119458351 0.2526821642782140 0.3747926885950067E-01
 0.4972282054613600 0.2536284058154289 0.3795568142369826E-01
 0.4971915266743409 0.2545881451317783 0.3844266359591458E-01
 0.4971526396246693 0.2555924989591374 0.3895630397527163E-01
 0.4971165180466325 0.2565136523634884 0.3943094027911759E-01
 0.4970741044051503 0.2575812369902603 0.3998525004239212E-01
 0.4970362861698218 0.2585207625998017 0.4047686717177784E-01
 0.4969981919443526 0.2594556937718450 0.4096964396327039E-01
 0.4969555707144918 0.2604885119886082 0.4151810566310614E-01
 0.4969174154186254 0.2614016167757274 0.4200650071479542E-01
 0.4968749058351664 0.2624065236797993 0.4254777012710330E-01
 0.4968347715876638 0.2633436307989632 0.4305612362382871E-01
 0.4967953664779956 0.2642530225877819 0.4355280844200101E-01
 0.4967480546955529 0.2653313009746447 0.4414600338804853E-01
 0.4967075817097786 0.2662422949039356 0.4465070564460191E-01
 0.4966648179545287 0.2671937442158290 0.4518123724678944E-01
 0.4966216161442722 0.2681436758997310 0.4571443984793388E-01
 0.4965805903600345 0.2690355695423014 0.4621831556360304E-01
 0.4965312473923713 0.2700955008608851 0.4682121705216421E-01
 0.4964882871839698 0.2710072813190763 0.4734334080398716E-01
 0.4964450910802418 0.2719139955793083 0.4786571729223606E-01
 0.4963962033394364 0.2729283331169399 0.4845384897281394E-01
 0.4963529428182040 0.2738157089436729 0.4897167438031996E-01
 0.4963059634725642 0.2747688096854776 0.4953131536800200E-01
 0.4962599834391408 0.2756912742130123 0.5007633381938394E-01
 0.4962158005195003 0.2765682807611000 0.5059750818696496E-01
 0.4961616275327720 0.2776313501721465 0.5123319040243005E-01
 0.4961154475447020 0.2785272127807303 0.5177230210429076E-01
 0.4960688609302084 0.2794215654489224 0.5231366762842094E-01
 0.4960166638256529 0.2804127042916570 0.5291728599783217E-01
 0.4959702416985858 0.2812847375900820 0.5345149514790017E-01
 0.4959201189155657 0.2822165605064707 0.5402554061119231E-01
 0.4958704904847298 0.2831294929720956 0.5459120528583879E-01
 0.4958231906661603 0.2839908300164950 0.5512790727995806E-01
 0.4957674093826415 0.2849959083966144 0.5575786249514815E-01
 0.4957177549676611 0.2858810871165560 0.5631588596351624E-01
 0.4956686396253524 0.2867480705212339 0.5686529521135478E-01
 0.4956082344165933 0.2878029336044499 0.5753757249477896E-01
 0.4955579632105158 0.2886714725688880 0.5809429027386109E-01
 0.4955056508810544 0.2895664834692065 0.5867100833870671E-01
 0.4954511124185590 0.2904902627797676 0.5926943940054423E-01
 0.4954005603302275 0.2913382282374702 0.5982152382116780E-01
 0.4953447403597969 0.2922655137062760 0.6042824669785528E-01
 0.4952907707282468 0.2931532503214970 0.6101206091415859E-01
 0.4952390044405734 0.2939967966956930 0.6156955311693084E-01
 0.4951775742261320 0.2949879637864042 0.6222801803255452E-01
 0.4951232354702117 0.2958560063238846 0.6280765138959818E-01
 0.4950696560367691 0.2967041075477188 0.6337658443015627E-01
 0.4950029742029828 0.2977490327482836 0.6408111162633452E-01
 0.4949479250935460 0.2986030457664396 0.6465989195162877E-01
 0.4948914566692183 0.2994711667168733 0.6525100335308240E-01
 0.4948305247519171 0.3003991253481579 0.6588589943004336E-01
 0.4947752841951505 0.3012327070730582 0.6645882578050895E-01
 0.4947160938257248 0.3021179487024082 0.6706990733098479E-01
 0.4946560706076321 0.3030074422708176 0.6768669464404657E-01
 0.4945998428548162 0.3038333615270467 0.6826193044024689E-01
 0.4945376278981917 0.3047391464451545 0.6889560094804750E-01
 0.4944774381383782 0.3056075456148585 0.6950581732883736E-01
 0.4944199729298047 0.3064295437260658 0.7008579293936774E-01
 0.4943539341827234 0.3073658139053218 0.7074916748431731E-01
 0.4942931982123610 0.3082191780909403 0.7135640999739445E-01
 0.4942342760542932 0.3090401369588589 0.7194298414723413E-01
 0.4941616635353129 0.3100426749772926 0.7266246145514889E-01
 0.4941000496862670 0.3108855940325656 0.7327000483194682E-01
 0.4940391375454439 0.3117120614151668 0.7386794798489281E-01
 0.4939622871897349 0.3127452781737566 0.7461861658990800E-01
 0.4938998748861417 0.3135767518904240 0.7522530477427897E-01
 0.4938361953135486 0.3144182142882391 0.7584167041123727E-01
 0.4937661901261605 0.3153353959962144 0.7651620188396557E-01
 0.4937036255827222 0.3161482653451271 0.7711630604250357E-01
 0.4936378664265453 0.3169958386029200 0.7774428021724764E-01
 0.4935683104626146 0.3178849178540084 0.7840550268928329E-01
 0.4935047391912526 0.3186909529565084 0.7900722973756698E-01
 0.4934370511921856 0.3195424508359482 0.7964526385554924E-01
 0.4933670013115342 0.3204164933763683 0.8030267962621658E-01
 0.4933022871788690 0.3212176102386390 0.8090739034826173E-01
 0.4932328209610100 0.3220709040517282 0.8155370269195342E-01
 0.4931618991169741 0.3229351146796157 0.8221063522102888E-01
 0.4930959918610836 0.3237320372434936 0.8281855766099194E-01
 0.4930249144223480 0.3245849295844784 0.8347145535132365E-01
 0.4929528628968364 0.3254427117385608 0.8413040849135942E-01
 0.4928857268707105 0.3262359333959625 0.8474174398811674E-01
 0.4928132175848322 0.3270862221922442 0.8539911664248186E-01
 0.4927398342152687 0.3279401055897312 0.8606142113073804E-01
 0.4926714360189557 0.3287300689718176 0.8667610897545164E-01
 0.4925976477422490 0.3295760094667333 0.8733645797117119E-01
 0.4925227423401794 0.3304282212880618 0.8800385335988918E-01
 0.4924530524836537 0.3312152936892514 0.8862208494637114E-01
 0.4923781246440486 0.3320554031179754 0.8928389791639235E-01
 0.4923015329707138 0.3329077363132085 0.8995739711837862E-01
 0.4922305281968604 0.3336921971941565 0.9057915003591206E-01
 0.4921545868489985 0.3345252400784598 0.9124141274797054E-01
 0.4920760992002768 0.3353798631519094 0.9192293725427297E-01
 0.4920037509018828 0.3361620236206075 0.9254847911159332E-01
 0.4919269062500622 0.3369870050092640 0.9321009470461625E-01
 0.4918462834502200 0.3378462538804478 0.9390120906978743E-01
 0.4917725492475654 0.3386265467216296 0.9453065139605572E-01
 0.4916948592014976 0.3394430788448610 0.9519122084281902E-01
 0.4916117808767166 0.3403099723009161 0.9589460887959517E-01
 0.4915365987883353 0.3410889857278733 0.9652844231964024E-01
 0.4914580624005075 0.3418972891328299 0.9718780643208798E-01
 0.4913722044171353 0.3427746707639932 0.9790548795718039E-01
 0.4912955085697588 0.3435529795604351 0.9854388921748450E-01
 0.4912160601121591 0.3443538991236031 0.9920258746636408E-01
 0.4911271082075658 0.3452443090814683 0.9993692568762232E-01
 0.4910488362319398 0.3460223932185790 0.1005803070266481
 0.4909683707558233 0.3468170870475967 0.1012389821392034
 0.4908761712287175 0.3477213081070745 0.1019903573237302
 0.4907962971357036 0.3484992559634533 0.1026384854971603
 0.4907146953484391 0.3492889488370648 0.1032980190594304
 0.4906192937984279 0.3502057879592906 0.1040657532361590
 0.4905378253390066 0.3509833600183422 0.1047184867850968
 0.4904549931689573 0.3517689684823562 0.1053794176545153
 0.4903566233147487 0.3526955336390843 0.1061608143498296
 0.4902735980518114 0.3534722446858837 0.1068174535504288
 0.4901894775920049 0.3542543195439666 0.1074801537741604
 0.4900883015042972 0.3551885641052545 0.1082737721696155
 0.4900037423571026 0.3559641023541994 0.1089341316710095
 0.4899183055743149 0.3567429016675789 0.1095986326922263
 0.4898144518008705 0.3576832112181980 0.1104027634303811
 0.4897283755145967 0.3584573531734952 0.1110663364485526
 0.4896416017387558 0.3592330712684668 0.1117326912082920
 0.4895350246158814 0.3601794778154679 0.1125475698796421
 0.4894474207036770 0.3609522526444960 0.1132144128021272
 0.4893592892261652 0.3617250719858219 0.1138825468625699
 0.4892500866971624 0.3626763569333973 0.1147066847491976
 0.4891609637912760 0.3634476392469705 0.1153763117687771
 0.4890714555357069 0.3642177328219997 0.1160462182463954
 0.4889596321203986 0.3651735529319711 0.1168794734368207
 0.4888689871241857 0.3659433266085500 0.1175518949102421
 0.4887780955226286 0.3667107540991036 0.1182234090865114
 0.4886636391671093 0.3676709262070973 0.1190651814107618
 0.4885714699232890 0.3684391747977311 0.1197400294187220
 0.4884791821609438 0.3692040522087570 0.1204131290965671
 0.4883620291980362 0.3701688303668025 0.1212638376146721
 0.4882683223070550 0.3709356286054866 0.1219412453956002
 0.4881746241188279 0.3716980745764610 0.1226158663304878
 0.4880548819122694 0.3726663174438971 0.1234741014769270
 0.4879596460162146 0.3734315693866524 0.1241536693695044
 0.4878645313629545 0.3741916427632170 0.1248297812005268
 0.4877420818640538 0.3751640641814138 0.1256964191979103
 0.4876453014727271 0.3759278649106936 0.1263783453081373
 0.4875487636861212 0.3766856203730801 0.1270558742156800
 0.4874236034345253 0.3776619986634370 0.1279303519165757
 0.4873252766194107 0.3784243376228024 0.1286143373086893
 0.4872273087752947 0.3791798350568436 0.1292932703681730
 0.4870992807002663 0.3801611363719485 0.1301767095804500
 0.4869993844515878 0.3809221577935172 0.1308629938477203
 0.4868999653489804 0.3816755544412261 0.1315433384569596
 0.4867693175899765 0.3826596436457672 0.1324334085210919
 0.4866678686741405 0.3834192009449759 0.1331215372633197
 0.4865669984073862 0.3841705041556339 0.1338032033737393
 0.4864333712177414 0.3851598581547034 0.1347023667047690
 0.4863303289735758 0.3859182216459169 0.1353926826382510
 0.4862279768639426 0.3866676481746599 0.1360757302689235
 0.4860918792344878 0.3876582965246511 0.1369799565459020
 0.4859872863001869 0.3884151433834183 0.1376718485168552
 0.4858834753213696 0.3891625393551164 0.1383560531069476
 0.4857446287862486 0.3901563586416583 0.1392672880069993
 0.4856384455150067 0.3909119587497787 0.1399611269253285
 0.4855331793973886 0.3916573025752174 0.1406463610659428
 0.4853921329014450 0.3926502570356715 0.1415604933038452
 0.4852843935695971 0.3934043730894138 0.1422557620603690
 0.4851777264691419 0.3941473193390823 0.1429416317693550
 0.4850344912426498 0.3951393136044872 0.1438587822917793
 0.4849251580946344 0.3958922175255892 0.1445558476391361
 0.4848171485037379 0.3966324072853256 0.1452418944648504
 0.4846717315768714 0.3976233808582411 0.1461615432119832
 0.4845607682315763 0.3983753268025982 0.1468603076712480
 0.4844514683254516 0.3991124665341957 0.1475461394318713
 0.4843038666340909 0.4001024340836011 0.1484684623511653
 0.4841912207248664 0.4008537709376860 0.1491693477062900
 0.4840806756711679 0.4015876262560520 0.1498546020707714
 0.4839308762100142 0.4025766674508638 0.1507791890152222
 0.4838164905103817 0.4033277626763698 0.1514821913545756
 0.4837047236444361 0.4040582565796820 0.1521666638919306
 0.4835576146904082 0.4050146818860392 0.1530639458666535
 0.4834416984869387 0.4057643129439393 0.1537680377601142
 0.4833290642329018 0.4064893925798277 0.1544496952002908
 0.4831917993014244 0.4073686571484936 0.1552771173489826
 0.4830742082626647 0.4081181274499624 0.1559831483137234
 0.4829611436375175 0.4088355096956782 0.1566596489658366
 0.4828341147948276 0.4096377530581000 0.1574169991976088
 0.4827127646828290 0.4104004828374508 0.1581378129491658
 0.4825987302306403 0.4111140215097933 0.1588127555907852
 0.4824779061365577 0.4118666933279185 0.1595253231697280
 0.4823469607913334 0.4126785709372204 0.1602946577612281
 0.4822302495302581 0.4133988671266222 0.1609778799759393
 0.4821118437886099 0.4141264546753959 0.1616686928848593
 0.4819505366778586 0.4151126011855851 0.1626060519933118
 0.4818287155998638 0.4158535310454198 0.1633110486674539
 0.4817091169125032 0.4165777888773191 0.1640007194185207
 0.4815456030395601 0.4175629940128384 0.1649397168282583
 0.4814217856633080 0.4183052343220309 0.1656478356104932
 0.4813011810811424 0.4190251197833077 0.1663352387000538
 0.4811480262769584 0.4199349495853222 0.1672048716156823
 0.4810227611172839 0.4206755280018041 0.1679133769281875
 0.4809018395384075 0.4213874175283464 0.1685949249012526
 0.4807628761538705 0.4222019162608248 0.1693752770525719
 0.4806345700908192 0.4229505666320085 0.1700931133616894
 0.4805130958964124 0.4236563961816132 0.1707704449666592
 0.4803830726745416 0.4244087491910958 0.1714930410526493
 0.4802458110576197 0.4251994918590834 0.1722531710675380
 0.4801218890028358 0.4259103412488907 0.1729370246474667
 0.4799956259471954 0.4266316807334372 0.1736314341237820
 0.4798226213393866 0.4276152986285591 0.1745790930984985
 0.4796929074106269 0.4283492260952438 0.1752868246500381
 0.4795656680291516 0.4290662242292754 0.1759788039269622
 0.4793943637697853 0.4300270051146833 0.1769069420397429
 0.4792626715732952 0.4307621301976340 0.1776177123959037
 0.4791348994950927 0.4314725112726545 0.1783050155981958
 0.4789804349114137 0.4323275775760910 0.1791328865896637
 0.4788469289230461 0.4330633829148440 0.1798458411831264
 0.4787191636297725 0.4337647674178445 0.1805259665201592
 0.4785786027904189 0.4345332866106287 0.1812717933564880
 0.4784390674167308 0.4352930139914444 0.1820096669311329
 0.4783098745857019 0.4359936316195600 0.1826905794481498
 0.4781759918370366 0.4367168756039642 0.1833938877903594
 0.4780150252494532 0.4375826890429762 0.1842363803961214
 0.4778811557985342 0.4382996773392256 0.1849345518662589
 0.4777486003875267 0.4390069083780598 0.1856237009853026
 0.4775831599119373 0.4398858397435823 0.1864808169172462
 0.4774451698152968 0.4406157847115086 0.1871931386610172
 0.4773125881103805 0.4413144508295486 0.1878752975033685
 0.4771643338974026 0.4420926420763218 0.1886354916742800
 0.4770214151140235 0.4428397982482790 0.1893657831044915
 0.4768878797100304 0.4435352415000477 0.1900459436689582
 0.4767482780791565 0.4442595604712824 0.1907548030793500
 0.4765875559556342 0.4450900606192941 0.1915681340617758
 0.4764497796617170 0.4457991258255146 0.1922629560995849
 0.4763126071343816 0.4465024831772628 0.1929525162645200
 0.4761417096712867 0.4473751763390195 0.1938085431574833
 0.4759988620348209 0.4481016099340404 0.1945215338254330
 0.4758617346082195 0.4487963934378413 0.1952038769794934
 0.4757091714553208 0.4495664678342636 0.1959606585084360
 0.4755607447589607 0.4503127449526637 0.1966945164422679
 0.4754225386214347 0.4510050733216805 0.1973756756372579
 0.4752787999227693 0.4517225236680523 0.1980818700937568
 0.4751082212036625 0.4525705484867963 0.1989170167880860
 0.4749650955529761 0.4532792801676406 0.1996153880352106
 0.4748234488689088 0.4539781891069495 0.2003044794512280
 0.4746508651217400 0.4548264218860636 0.2011413274006963
 0.4745029375473561 0.4555505956302400 0.2018561863250012
 0.4743615005528087 0.4562405383149831 0.2025375408985397
 0.4742067586820987 0.4569926602060338 0.2032805860161367
 0.4740511893775248 0.4577459648084318 0.2040251162837918
 0.4739080535745072 0.4584365744856963 0.2047080042302268
 0.4737610359681334 0.4591434546208040 0.2054073308175519
 0.4735651350754461 0.4600815413600566 0.2063359171953962
 0.4734151727829900 0.4607967218456538 0.2070441894183243
 0.4732684876154135 0.4614938454972193 0.2077348035274461
 0.4730880149450338 0.4623482846896200 0.2085815553822516
 0.4729354009192768 0.4630680508263085 0.2092951392118934
 0.4727892733470643 0.4637548643057459 0.2099763549604133
 0.4726286940464778 0.4645069645271189 0.2107226873148039
 0.4724686565141125 0.4652538060952741 0.2114641497996554
 0.4723209979459215 0.4659404932986494 0.2121461488215411
 0.4721691025351553 0.4666445175850245 0.2128455879200593
 0.4719691738986453 0.4675675523083984 0.2137629656456079
 0.4718145690263682 0.4682785437744215 0.2144699335901002
 0.4716633804533686 0.4689714940863903 0.2151592917328845
 0.4714803155941079 0.4698074905078898 0.2159913944823126
 0.4713225974517803 0.4705250806323272 0.2167059801071669
 0.4711720257761853 0.4712078840381729 0.2173861599721160
 0.4710084602080546 0.4719471207611529 0.2181227853392118
 0.4708411970618752 0.4727004122081024 0.2188736797032719
 0.4706884643069320 0.4733859401548361 0.2195573022462991
 0.4705327724714487 0.4740824874517818 0.2202522154546893
 0.4703139921886969 0.4750574646903840 0.2212253951590057
 0.4701530212784173 0.4757719977345086 0.2219389025716354
 0.4699970402524947 0.4764621230952247 0.2226282113969482
 0.4698099505388126 0.4772869831633959 0.2234522989145766
 0.4696471287886315 0.4780022961831544 0.2241671534586504
 0.4694919700363546 0.4786817550507777 0.2248464009401033
 0.4693245408532471 0.4794125731716909 0.2255772529302325
 0.4691504039474582 0.4801700793809809 0.2263350475016912
 0.4689926273374398 0.4808541575207914 0.2270195495194961
 0.4688327325948901 0.4815452475936573 0.2277111784424876
 0.4686225529476161 0.4824503839202184 0.2286171804510407
 0.4684569634703526 0.4831608849132675 0.2293285344348083
 0.4682975944588381 0.4838425458045456 0.2300112042507126
 0.4681176980477195 0.4846094970264919 0.2307795287129577
 0.4679471948923136 0.4853339669810896 0.2315054932596462
 0.4677875109300747 0.4860103366869203 0.2321833809004740
 0.4676210101720160 0.4867134063147244 0.2328881205475328
 0.4674235538418335 0.4875443399634878 0.2337211632633970
 0.4672580236588855 0.4882385620809531 0.2344173125373317
 0.4670948735912258 0.4889207149821569 0.2351015524985167
 0.4669038912720807 0.4897166294399762 0.2359001567677603
 0.4667321153151319 0.4904301197593560 0.2366162531882054
 0.4665693675543375 0.4911040480264076 0.2372927611033500
 0.4663966593893585 0.4918170460540064 0.2380085815675124
 0.4662078660070457 0.4925939093678489 0.2387886429397916
 0.4660410591760933 0.4932781127240926 0.2394758133661116
 0.4658742867087092 0.4939601411320416 0.2401609763127059
 0.4656741015783605 0.4947761510046816 0.2409809665872865
 0.4654996635672799 0.4954848614967153 0.2416932858546545
 0.4653335902129823 0.4961575750657561 0.2423694959692683
 0.4651556384553139 0.4968762442250729 0.2430919403490292
 0.4649674838249188 0.4976337089759830 0.2438534386119622
 0.4647982398400032 0.4983129469782416 0.2445363815946112
 0.4646278919455841 0.4989946268845913 0.2452218972845033
 0.4644177255892483 0.4998329233146321 0.2460650683709420
 0.4642403345745608 0.5005381663507027 0.2467744964003366
 0.4640708823510298 0.5012098807220923 0.2474502140359959
 0.4638873730186317 0.5019351688058840 0.2481798157027472
 0.4636989810471171 0.5026774500532383 0.2489265221720920
 0.4635271944370420 0.5033522869462670 0.2496054378583994
 0.4633532027955028 0.5040338403645220 0.2502912014808315
 0.4631275161994846 0.5049149999666329 0.2511779374676677
 0.4629469943210653 0.5056174911966628 0.2518849310155280
 0.4627740345961772 0.5062886299061210 0.2525603669617141
 0.4625826584619084 0.5070290534876198 0.2533055050452576
 0.4623948136026416 0.5077536098665932 0.2540346740568755
 0.4622208045082433 0.5084228662675491 0.2547082366954424
 0.4620423442063735 0.5091073274808414 0.2553971806397292
 0.4617885194056967 0.5100775290218176 0.2563738563255349
 0.4616046434036126 0.5107779574022537 0.2570789821651525
 0.4614267424511763 0.5114537190432100 0.2577592407370515
 0.4612144809131682 0.5122575683305971 0.2585683772468989
 0.4610282309148148 0.5129607490859589 0.2592761590248427
 0.4608516548928304 0.5136255564467651 0.2599453366233445
 0.4606638045395826 0.5143308509222941 0.2606553079744154
 0.4604601774404745 0.5150931156251418 0.2614226454921408
 0.4602794550586549 0.5157676811634473 0.2621016587368116
 0.4600991621620513 0.5164388249104843 0.2627771390068362
 0.4598855188591097 0.5172317841268337 0.2635750878736021
 0.4596957076244016 0.5179341840122185 0.2642818153326903
 0.4595161864668714 0.5185966986207280 0.2649483739230816
 0.4593263351810630 0.5192954402769927 0.2656513634942308
 0.4591157364885656 0.5200682806343444 0.2664288594316316
 0.4589313211983821 0.5207430975170838 0.2671076527545782
 0.4587483492163525 0.5214108596655844 0.2677792228850039
 0.4585351518938720 0.5221867201626793 0.2685593338458929
 0.4583414634462123 0.5228895394869072 0.2692658734838774
 0.4581590276802849 0.5235497610069084 0.2699295215416723
 0.4579677268133271 0.5242402385498558 0.2706235383005803
 0.4577470347658139 0.5250344963354662 0.2714217928465383
 0.4575584980846427 0.5257110898502172 0.2721016766943902
 0.4573729131751493 0.5263753596555958 0.2727690279856200
 0.4571602898521109 0.5271343150527688 0.2735313061625305
 0.4569623648813524 0.5278388115856555 0.2742387273336466
 0.4567768841704156 0.5284972832033661 0.2748998383541115
 0.4565840721158880 0.5291800200481523 0.2755852455807760
 0.4563487055333335 0.5300110255786976 0.2764193969255690
 0.4561554850999033 0.5306912582880466 0.2771020681968880
 0.4559669376306182 0.5313533430366641 0.2777663606829389
 0.4557528667035818 0.5321030376355901 0.2785183373676283
 0.4555509144053750 0.5328083422464038 0.2792256013540244
 0.4553623083303800 0.5334653401703555 0.2798842999634856
 0.4551672782231216 0.5341430060789385 0.2805636182351797
 0.4549159064873531 0.5350138971351887 0.2814364560950251
 0.4547181508851228 0.5356970353332379 0.2821209190889055
 0.4545263523480501 0.5363579290334405 0.2827828686111645
 0.4543084205322241 0.5371068963556374 0.2835327367591374
 0.4541033136719406 0.5378098833385616 0.2842363026053964
 0.4539117321803409 0.5384648578143461 0.2848916217433133
 0.4537136711694094 0.5391403157616894 0.2855672641208115
 0.4534566622756834 0.5400142982494320 0.2864412108644041
 0.4532556503131864 0.5406958993023886 0.2871225162026469
 0.4530608923773570 0.5413546673614846 0.2877807296839911
 0.4528399345047114 0.5421001331202906 0.2885252354939359
 0.4526314544179444 0.5428016410896194 0.2892255501595977
 0.4524368646806954 0.5434547924711728 0.2898773867003508
 0.4522359270849067 0.5441276237702699 0.2905486942934891
 0.4519701774669148 0.5450149564585497 0.2914337535380487
 0.4517656025299877 0.5456960894216090 0.2921128931101611
 0.4515677487327260 0.5463532527838598 0.2927678872524669
 0.4513431498627072 0.5470973664231865 0.2935092399463268
 0.4511314432868576 0.5477969481192030 0.2942059596091539
 0.4509338406391736 0.5484483428137319 0.2948545000804634
 0.4507299192559436 0.5491189782028395 0.2955220340892513
 0.4504552985145105 0.5500195917532436 0.2964182038689192
 0.4502470814239170 0.5507005151801952 0.2970954950760094
 0.4500460171528551 0.5513564873820823 0.2977476922445954
 0.4498174795201591 0.5521002443913274 0.2984868161625649
 0.4496025899529081 0.5527978055953412 0.2991797100659070
 0.4494019914395749 0.5534474311942386 0.2998247451943826
 0.4491950483156215 0.5541160511334100 0.3004884196290791
 0.4489128381599249 0.5550253328631523 0.3013905980495180
 0.4487011901159808 0.5557053693435912 0.3020649819881207
 0.4484970516235468 0.5563597513445523 0.3027136029273290
 0.4482648724803638 0.5571022119986587 0.3034491298141921
 0.4480468252296981 0.5577977427128543 0.3041378113348807
 0.4478432536967897 0.5584455890878106 0.3047790158763349
 0.4476332421050541 0.5591124133200345 0.3054387731153145
 0.4473462653841263 0.5600211434379160 0.3063374921909661
 0.4471314808983593 0.5606994186108080 0.3070079628727169
 0.4469244300622231 0.5613517807504053 0.3076525088350927
 0.4466894738894989 0.5620903053718852 0.3083818053108909
 0.4464679285474235 0.5627849749831275 0.3090674552541238
 0.4462613108201605 0.5634313602908508 0.3097051950799627
 0.4460485347008724 0.5640955309514479 0.3103602583260991
 0.4457420092884350 0.5650497145110397 0.3113009457905338
 0.4459464593021236 0.5644136241726602 0.3106739097009713
 0.4457446623009068 0.5650414691464192 0.3112928193907257
 0.4455376518984303 0.5656841528937641 0.3119260904523558
 0.4453286624117792 0.5663315708589378 0.3125637136258442
 0.4450921302679808 0.5670626144806777 0.3132832990393521
 0.4448664023353180 0.5677585969895194 0.3139680003813334
 0.4446566044036413 0.5684040116905199 0.3146026664311478
 0.4444415298883574 0.5690642175073591 0.3152516187367013
 0.4441291775734146 0.5700204537199628 0.3161910788205155
 0.4443375122734085 0.5693829955128602 0.3155648699149460
 0.4441311336151228 0.5700144749441074 0.3161852068681626
 0.4439205967765897 0.5706573149926476 0.3168164056367042
 0.4437089512919648 0.5713021619477410 0.3174492354411866
 0.4434720575399741 0.5720223081968658 0.3181555439453876
 0.4432414966125758 0.5727215633168578 0.3188409681606437
 0.4430284018641511 0.5733664178546212 0.3194727691436868
 0.4428111945860855 0.5740223146027146 0.3201151323198644
 0.4425276094526599 0.5748765346180655 0.3209513490737245
 0.4423022662690811 0.5755536200928308 0.3216138277559484
 0.4420877430547782 0.5761968084934027 0.3222428281361316
 0.4418555643550000 0.5768914181773449 0.3229217592914629
 0.4416144496578263 0.5776111072987558 0.3236248393694790
 0.4413967863261902 0.5782593597976385 0.3242578609031673
 0.4411786852074638 0.5789075563263740 0.3248906111801355
 0.4409231183894196 0.5796653802026527 0.3256301151282151
 0.4406923680646409 0.5803480319905574 0.3262959938401899
 0.4404754940558058 0.5809882704027833 0.3269202258414114
 0.4402499019468272 0.5816528545514646 0.3275678830858791
 0.4399668548230818 0.5824847058616995 0.3283781049800473
 0.4397399832482427 0.5831498718414989 0.3290256625204844
 0.4395201221040478 0.5837931429202787 0.3296516787331144
 0.4392754552962044 0.5845074486482478 0.3303465782123300
 0.4390361581134523 0.5852045166390180 0.3310244344352480
 0.4388154076587966 0.5858461982651511 0.3316481508799063
 0.4385909892625514 0.5864972123678549 0.3322806336873532
 0.4383079138769446 0.5873164851339121 0.3330761515395417
 0.4380744343736261 0.5879906346368996 0.3337304357001576
 0.4378528343081915 0.5886291680470370 0.3343499381032717
 0.4376163542593430 0.5893091733219676 0.3350094780688027
 0.4373597176384278 0.5900455090739718 0.3357234193033286
 0.4371330968732829 0.5906943220565953 0.3363522679371719
 0.4369085771886396 0.5913358310556170 0.3369737961295962
 0.4366541443369645 0.5920612687597712 0.3376763462332464
 0.4364124960936018 0.5927487489493299 0.3383418834585554
 0.4361878165121283 0.5933866457289602 0.3389592461580903
 0.4359577258970022 0.5940386063804807 0.3395900814189986
 0.4356416801111340 0.5949319919947511 0.3404542920066036
 0.4354032882865085 0.5956042492086526 0.3411043781313147
 0.4351760975452490 0.5962436323978518 0.3417224564120356
 0.4349268865783597 0.5969435509788852 0.3423987876468297
 0.4346764754845531 0.5976453360527697 0.3430766605953435
 0.4344476806769478 0.5982852307089733 0.3436945606668606
 0.4342170943992609 0.5989288774426699 0.3443159315594673
 0.4339430171655979 0.5996922893594880 0.3450527322677795
 0.4337001875973258 0.6003671912341416 0.3457039068435487
 0.4334715512993496 0.6010013880679383 0.3463155977431555
 0.4332331269774320 0.6016614438164279 0.3469519928992386
 0.4329381774105261 0.6024761715958126 0.3477372027995136
 0.4326993804109405 0.6031343317130591 0.3483713183607596
 0.4324677991229110 0.6037713644060698 0.3489849592821662
 0.4322111768229810 0.6044758619285875 0.3496634806550228
 0.4319580070521888 0.6051694290991497 0.3503313567952835
 0.4317252977901656 0.6058056791209452 0.3509439075874097
 0.4314897930699929 0.6064483456124572 0.3515624855847732
 0.4312047818681389 0.6072244693049207 0.3523093224909224
 0.4309579284585384 0.6078952409466414 0.3529546509940703
 0.4307249092647448 0.6085271989960682 0.3535625728083928
 0.4304806424634263 0.6091883938127582 0.3541985812409054
 0.4301899081020145 0.6099736885376964 0.3549539057078209
 0.4299476777464983 0.6106265832196587 0.3555817980588858
 0.4297117731519659 0.6112612227989612 0.3561920230430751
 0.4294508821424026 0.6119617048731554 0.3568654144687138
 0.4291921128029079 0.6126550698645146 0.3575318384265453
 0.4289547693549092 0.6132897879342762 0.3581418259990454
 0.4287151225988483 0.6139294713532841 0.3587565550594923
 0.4284291554847422 0.6146912348191244 0.3594885758034970
 0.4281771050701231 0.6153612493026966 0.3601323838087958
 0.4279398196653085 0.6159908215883036 0.3607372604138422
 0.4276926207363758 0.6166454727368311 0.3613661424293166
 0.4273815920860807 0.6174673984031868 0.3621556103854379
 0.4271331022218895 0.6181226541466838 0.3627849630499317
 0.4268927647248884 0.6187552321903028 0.3633925632317009
 0.4266273763934629 0.6194524036363545 0.3640622688770796
 0.4263635753786409 0.6201440172837768 0.3647266931469968
 0.4261218136982307 0.6207766410639982 0.3653344678174414
 0.4258779438410377 0.6214136161205654 0.3659464184753167
 0.4255888974195619 0.6221670824436810 0.3666702773188479
 0.4253317943388127 0.6228359142537746 0.3673128550942235
 0.4250901431563986 0.6234633822832863 0.3679157580563538
 0.4248393331107203 0.6241134420789959 0.3685404625095514
 0.4245066271653259 0.6249739026958783 0.3693675010486369
 0.4242518810230479 0.6256313136700826 0.3699994418323027
 0.4240068293205890 0.6262625459546746 0.3706062328209283
 0.4237358527661719 0.6269592400593862 0.3712759543018057
 0.4234676165179582 0.6276475321047988 0.3719376280638846
 0.4232215452067432 0.6282777681753087 0.3725435611585573
 0.4229732422407163 0.6289125800983023 0.3731540009554362
 0.4226788384660454 0.6296637772578461 0.3738765170600387
 0.4224172024680725 0.6303300272457312 0.3745174575093465
 0.4221713865604399 0.6309548509133136 0.3751186269787843
 0.4219164970166103 0.6316015767252978 0.3757409369333906
 0.4215718299276265 0.6324742225112360 0.3765807725644089
 0.4213121120842203 0.6331303761082522 0.3772124135611423
 0.4210627346328207 0.6337592685123425 0.3778179870104564
 0.4207870053312399 0.6344533256145319 0.3784865310772405
 0.4205138493818625 0.6351395749948336 0.3791477687734507
 0.4202633192257479 0.6357678232579996 0.3797532711823217
 0.4200106734579379 0.6364002596956755 0.3803629266804801
 0.4197126479524546 0.6371448580543715 0.3810808466353603
 0.4194459253855413 0.6378099373046248 0.3817222563656058
 0.4191957047041655 0.6384327486972768 0.3823230795077820
 0.4189370618488625 0.6390753888722396 0.3829432403081732
 0.4185588242460748 0.6400131160103942 0.3838485472020360
 0.4188110769750900 0.6393880026268401 0.3832449977683786
 0.4185653449627572 0.6399969705492895 0.3838329564439958
 0.4183142314462833 0.6406182112071778 0.3844329301672632
 0.4180620273955138 0.6412410724216173 0.3850346120585684
 0.4177835397738673 0.6419275968656828 0.3856979534609844
 0.4175040005017293 0.6426154022411077 0.3863627344888093
 0.4172488008355956 0.6432421780530699 0.3869687551958925
 0.4169923880245066 0.6438708404107045 0.3875768606558435
 0.4166944836386160 0.6445998604532326 0.3882823934312102
 0.4164220879626853 0.6452651739671584 0.3889265876066466
 0.4161674613141839 0.6458859845876068 0.3895279337206042
 0.4159058496024977 0.6465227205717428 0.3901449274581584
 0.4155439904464292 0.6474016115464170 0.3909969475960030
 0.4152731119917816 0.6480581380573072 0.3916337344876850
 0.4150159651940828 0.6486802884306786 0.3922374840489256
 0.4147377484915594 0.6493522202952626 0.3928898972553456
 0.4144473053807218 0.6500523604402243 0.3935700775004271
 0.4141862972616761 0.6506803994014464 0.3941805066665450
 0.4139266576635764 0.6513040743775684 0.3947869412477078
 0.4136339777914347 0.6520058395747944 0.3954695968501148
 0.4133530648959393 0.6526781254899507 0.3961238966515662
 0.4130932902197005 0.6532987248807103 0.3967282206635284
 0.4128297889421355 0.6539271535278695 0.3973405322087504
 0.4125118140055331 0.6546840638807626 0.3980785414191469
 0.4122355498702693 0.6553404182426601 0.3987189453663524
 0.4119756339651642 0.6559568610329045 0.3993207550061185
 0.4117056522818414 0.6565960818313455 0.3999451435281866
 0.4113419294129111 0.6574554923064694 0.4007851852034633
 0.4110672170529499 0.6581032570449492 0.4014188361264927
 0.4108038446072149 0.6587232124658370 0.4020257167849622
 0.4105151762722944 0.6594015136944998 0.4026902152753489
 0.4102231554717273 0.6600864222941273 0.4033616986546981
 0.4099574632005343 0.6607084743867770 0.4039719620315151
 0.4096914749929814 0.6613301687524078 0.4045822219028775
 0.4093876136412876 0.6620391030564058 0.4052785236627165
 0.4091023997027598 0.6627032937102185 0.4059312913501829
 0.4088374454767313 0.6633192353437460 0.4065370320658601
 0.4085677280921968 0.6639451962451575 0.4071530428585325
 0.4082374966393695 0.6647101567310270 0.4079064241011471
 0.4079555125356689 0.6653621043434300 0.4085489839885131
 0.4076898822471743 0.6659751923360593 0.4091536183330712
 0.4074131882222159 0.6666127375705472 0.4097827437658441
 0.4070539523588732 0.6674388371370477 0.4105985243393967
 0.4067742404493064 0.6680807899665506 0.4112329757604531
 0.4065054131431637 0.6686967159193118 0.4118421808507348
 0.4062122737119318 0.6693671805559313 0.4125058892774811
 0.4059117431080398 0.6700532941396065 0.4131856869071562
 0.4056398595660231 0.6706729149283204 0.4138000938550971
 0.4053688588843959 0.6712894959842117 0.4144119196397245
 0.4050637699737873 0.6719824116726005 0.4150999964401795
 0.4047699353257522 0.6726485471248294 0.4157620068321247
 0.4044987671041923 0.6732622391988292 0.4163723934761220
 0.4042248281035200 0.6738811749447720 0.4169885076547679
 0.4039046194719630 0.6746033484486526 0.4177080501967607
 0.4036138838588394 0.6752578385412357 0.4183607491575475
 0.4033421300552550 0.6758685585073575 0.4189702748168070
 0.4030634502555568 0.6764938045421020 0.4195947554987016
 0.4027002829728134 0.6773070344026485 0.4204076978882057
 0.4024111495878353 0.6779532153649507 0.4210542723197705
 0.4021375900359537 0.6785635606067627 0.4216655468775813
 0.4018477662709580 0.6792091047232443 0.4223126973916163
 0.4015205155334402 0.6799366711325917 0.4230428447997340
 0.4012387575551611 0.6805619593953268 0.4236709754555107
 0.4009637071820326 0.6811713521966556 0.4242836621470245
 0.4006648599726668 0.6818323419177202 0.4249487923226626
 0.4003535294168358 0.6825196991364614 0.4256410951097305
 0.4000739049628512 0.6831359781336526 0.4262623951124470
 0.3997967104125734 0.6837458990754874 0.4268778598362890
 0.3994899046779450 0.6844198147113183 0.4275585742526123
 0.3991835201210095 0.6850915934968981 0.4282378090313324
 0.3989037056003287 0.6857040608133074 0.4288576248615954
 0.3986233915829789 0.6863166161885644 0.4294780233413134
 0.3983048350617410 0.6870115240070228 0.4301824182334515
 0.3980027892413377 0.6876692237887495 0.4308497045242709
 0.3977229906187553 0.6882774500037248 0.4314673682436005
 0.3974393219433901 0.6888930805547158 0.4320931513819926
 0.3971021233003525 0.6896235681896306 0.4328364918610506
 0.3968033392762497 0.6902696464304581 0.4334946528577067
 0.3965234530444080 0.6908738501294774 0.4341107355549534
 0.3962357115824964 0.6914939955658551 0.4347436353106223
 0.3958545561828952 0.6923138889074716 0.4355812710919342
 0.3955562662504899 0.6929542818092432 0.4362362562675079
 0.3952743447378684 0.6935585280286862 0.4368548980201648
 0.3949762651818339 0.6941963467129969 0.4375085894266077
 0.3946331454489111 0.6949291973391439 0.4382605175452790
 0.3943410615410587 0.6955519147161554 0.4389001071947399
 0.3940568665404270 0.6961568204416003 0.4395219436786865
 0.3937492105851975 0.6968105628115308 0.4401945619123148
 0.3934255711239694 0.6974970393240748 0.4409015211592547
 0.3931362899815498 0.6981095748471857 0.4415329454868811
 0.3928503189424073 0.6987141185571859 0.4421567379746267
 0.3925354083214205 0.6993787139070045 0.4428432151943391
 0.3922178803972971 0.7000476412633179 0.4435349245095427
 0.3919293066269654 0.7006545374664995 0.4441631222621831
 0.3916417249802103 0.7012583707496131 0.4447887230701819
 0.3913214548570201 0.7019296965738282 0.4454849152004679
 0.3910053158562853 0.7025911857292302 0.4461716167174001
 0.3907157122138298 0.7031961293573348 0.4468002723115779
 0.3904254559672961 0.7038014579952228 0.4474299831919816
 0.3900975913912254 0.7044840447746692 0.4481408555125212
 0.3897826100201091 0.7051386409003776 0.4488233335968586
 0.3894917991814600 0.7057419922396395 0.4494529932843360
 0.3891982735072929 0.7063499928066749 0.4500880566174135
 0.3888578852352435 0.7070538305719049 0.4508238956468414
 0.3885453893010614 0.7076988327112869 0.4514988768551165
 0.3882544134562654 0.7082984207848393 0.4521269289937481
 0.3879581681185372 0.7089078839236981 0.4527659440432522
 0.3876012890333735 0.7096407754324583 0.4535352112542163
 0.3872903878276586 0.7102780808463682 0.4542048720120234
 0.3869989513638600 0.7108745043603051 0.4548321545576139
 0.3866992461641787 0.7114868622574917 0.4554767577446556
 0.3863091329336485 0.7122824474153973 0.4563150932116540
 0.3859978851812164 0.7129159888840724 0.4569834077193843
 0.3857041387751224 0.7135129268431746 0.4576137394211487
 0.3853957780015526 0.7141385432620044 0.4582750282197977
 0.3850201641560385 0.7148991990651888 0.4590799662048090
 0.3847128269214438 0.7155204426962608 0.4597380679927667
 0.3844165047744137 0.7161184483020639 0.4603720935572084
 0.3840981578453481 0.7167598419035232 0.4610526809233398
 0.3837551803847156 0.7174496358517564 0.4617852783983352
 0.3834523620944568 0.7180576101422212 0.4624315716399756
 0.3831550919348514 0.7186534891942155 0.4630655808538099
 0.3828326524666719 0.7192987527556802 0.4637527965108341
 0.3824938341722376 0.7199756007333231 0.4644743817964110
 0.3821911659433158 0.7205792026573988 0.4651184828849647
 0.3818927961464031 0.7211732842049310 0.4657529519890095
 0.3815684044236448 0.7218181133243357 0.4664421979502575
 0.3812281635163128 0.7224932602826624 0.4671645135658336
 0.3809235497106861 0.7230966839038655 0.4678107032335930
 0.3806227024601720 0.7236916963483682 0.4684484760725864
 0.3802941382154699 0.7243404523311389 0.4691445296307492
 0.3799540639311896 0.7250107573118550 0.4698644122746929
 0.3796478375368418 0.7256133247071667 0.4705121125042568
 0.3793443584393861 0.7262095344519709 0.4711534601656857
 0.3790101337964834 0.7268650538997056 0.4718591329668317
 0.3786726681276589 0.7275257723833004 0.4725709679699456
 0.3783663666123515 0.7281244716505062 0.4732165088000562
 0.3780617887837205 0.7287188582111338 0.4738579254975153
 0.3777252505291305 0.7293745253376464 0.4745660997898588
 0.3773876436332435 0.7300311281097169 0.4752759355269706
 0.3770806280509279 0.7306272412925592 0.4759209131939592
 0.3767752797058447 0.7312191819989320 0.4765618539427148
 0.3764391719060890 0.7318696774923842 0.4772667341021741
 0.3760975242654503 0.7325297445080677 0.4779825789025069
 0.3757878421090373 0.7331270554824117 0.4786309112556310
 0.3754802290641018 0.7337194388620565 0.4792744332791524
 0.3751419034622082 0.7343698922383748 0.4799816584992018
 0.3747973915943816 0.7350310865056171 0.4807011934163370
 0.3744852033576561 0.7356292436483655 0.4813526261864372
 0.3741748772741021 0.7362228929999927 0.4819995710166783
 0.3738317586609394 0.7368781870267769 0.4827141555728598
 0.3734881734878907 0.7375332324456473 0.4834289627876555
 0.3731754628721410 0.7381284277782237 0.4840789221367576
 0.3728640782657325 0.7387201672124813 0.4847255793459702
 0.3725193775214514 0.7393741379634694 0.4854408119732703
 0.3721750188062053 0.7400263295975322 0.4861546838826523
 0.3718615744711976 0.7406189929029934 0.4868038747153910
 0.3715498673735458 0.7412074497182333 0.4874488778176216
 0.3712074930513657 0.7418527461463893 0.4881566471087461
 0.3708573525060896 0.7425115412829975 0.4888797336633918
 0.3705408644348537 0.7431060313936478 0.4895327086177602
 0.3702273133225751 0.7436940834073488 0.4901790692315875
 0.3698850828189506 0.7443348792790530 0.4908839190825341
 0.3695288508327704 0.7450007392703484 0.4916168695825001
 0.3692088548315583 0.7455978692624636 0.4922745708984713
 0.3688924549300599 0.7461873628691249 0.4929241903519339
 0.3685465262532307 0.7468308226540114 0.4936336266645918
 0.3681900906041406 0.7474926837126836 0.4943637394447994
 0.3678690014142981 0.7480879210905457 0.4950207326359650
 0.3675512040080715 0.7486761361238450 0.4956703635403686
 0.3672033188213931 0.7493189952572104 0.4963808139973484
 0.3668464741534742 0.7499772791144808 0.4971088182099304
 0.3665248461663916 0.7505696191539772 0.4977643084332399
 0.3662069851149941 0.7511541134911720 0.4984114740780993
 0.3658618936428308 0.7517876615337620 0.4991133392649484
 0.3654974758591564 0.7524555434833429 0.4998536869159926
 0.3651727066488737 0.7530497707232666 0.5005128015899957
 0.3648535692073880 0.7536327884513747 0.5011598859008521
 0.3645102964670624 0.7542588996958324 0.5018552510433582
 0.3641346850221129 0.7549428139076308 0.5026153208717834
 0.3638052935407425 0.7555415586105426 0.5032811279367562
 0.3634831220020306 0.7561262678438500 0.5039316397920145
 0.3631367088601299 0.7567539709791373 0.5046303076477292
 0.3627598927796768 0.7574355895891337 0.5053893822633666
 0.3624286229552047 0.7580338125572759 0.5060559657173603
 0.3621041636125435 0.7586188262407892 0.5067082161295902
 0.3617538987416518 0.7592493603047195 0.5074116703566894
 0.3613799710133369 0.7599213403777555 0.5081618694833303
 0.3610487354935810 0.7605156096414487 0.5088257088633950
 0.3607240050881333 0.7610973091023595 0.5094758245790236
 0.3603750436138654 0.7617214257155892 0.5101736617255097
 0.3599943545158272 0.7624011232300535 0.5109340050725851
 0.3596608280189930 0.7629956203538568 0.5115993601451654
 0.3593356498776599 0.7635743459401984 0.5122473686311190
 0.3589896219600909 0.7641892155336012 0.5129361822354118
 0.3585912787781640 0.7648958214484730 0.5137281644916112
 0.3582524992634953 0.7654957421747268 0.5144008660303264
 0.3579245786798283 0.7660755374501544 0.5150512232293576
 0.3575763619763720 0.7666902566276407 0.5157409793890403
 0.3571729776802962 0.7674011315455228 0.5165389404768759
 0.3568309452698972 0.7680028540559378 0.5172146862870298
 0.3564994651941962 0.7685851107313797 0.5178688854717244
 0.3561451682095247 0.7692064683112608 0.5185673820630335
 0.3557520672226655 0.7698947012620833 0.5193414840125644
 0.3554104786349005 0.7704917446932652 0.5200133398084118
 0.3550776148957218 0.7710726447470414 0.5206672675081494
 0.3547212645839529 0.7716935583846808 0.5213664611972938
 0.3543285365318798 0.7723766949864498 0.5221359753648468
 0.3539866639014050 0.7729703817199660 0.5228049619321742
 0.3536541689075536 0.7735469040436450 0.5234548386958420
 0.3533010673422993 0.7741582104682702 0.5241441908445419
 0.3528918398465909 0.7748654699711111 0.5249420801210063
 0.3525459059279066 0.7754623270180276 0.5256156707150675
 0.3522121542557676 0.7760372886582934 0.5262647416498846
 0.3518599760512466 0.7766430637495848 0.5269487884044464
 0.3514287216159416 0.7773835601665062 0.5277852495366466
 0.3510769958723843 0.7779864473175617 0.5284665400754965
 0.3507391931696816 0.7785645823498105 0.5291201222394047
 0.3503811508848097 0.7791764112151464 0.5298120863185307
 0.3499629584457288 0.7798897984766913 0.5306192572358993
 0.3496103383129195 0.7804903033616430 0.5312989377023207
 0.3492691707503690 0.7810704166340359 0.5319556839033354
 0.3489051061731484 0.7816885036178920 0.5326555402297783
 0.3484992215118012 0.7823764264590003 0.5334346122118865
 0.3481479334841363 0.7829708282730257 0.5341079207386653
 0.3478064274891498 0.7835478038842537 0.5347616596205861
 0.3474423598820311 0.7841619514272147 0.5354577291269602
 0.3470332626134736 0.7848508991966597 0.5362388436242475
 0.3466812200065354 0.7854427835148156 0.5369101128667000
 0.3463402913233010 0.7860151216995419 0.5375593640829467
 0.3459802369462724 0.7866186514072933 0.5382441365086704
 0.3455430450322193 0.7873502203743755 0.5390743717629304
 0.3451850089280581 0.7879483097307243 0.5397532973624041
 0.3448419262005849 0.7885205569079290 0.5404030514268457
 0.3444814058785495 0.7891209823630561 0.5410849742186589
 0.3440169380324409 0.7898931616807562 0.5419621855464418
 0.3436527242498453 0.7904975976782136 0.5426489538406011
 0.3433049304515995 0.7910739087736459 0.5433038150065163
 0.3429362586486049 0.7916838859831704 0.5439969600692084
 0.3425079673601477 0.7923913084779441 0.5448008901091972
 0.3421456169574571 0.7929888137979301 0.5454799980338081
 0.3417947325357323 0.7935665413777681 0.5461367515607060
 0.3414200568142799 0.7941824986660883 0.5468371286930273
 0.3410034422249174 0.7948662637500560 0.5476148022359070
 0.3406423023619457 0.7954580149185559 0.5482879547784213
 0.3402911545358592 0.7960325360259327 0.5489415796462678
 0.3399172018288375 0.7966434425298076 0.5496366431926596
 0.3394939859835877 0.7973336796371103 0.5504220067065601
 0.3391315269343501 0.7979238612102000 0.5510935763987377
 0.3387813119927379 0.7984932632849271 0.5517415705975174
 0.3384127287202764 0.7990916383421195 0.5524226286209089
 0.3379487098767284 0.7998436529572520 0.5532786876240885
 0.3375792731313944 0.8004413545765851 0.5539591645199369
 0.3372271090573156 0.8010102660732508 0.5546069076256250
 0.3368578784409637 0.8016058654417674 0.5552850739495661
 0.3363639510195151 0.8024012038482463 0.5561907567473063
 0.3359883589037970 0.8030049211806741 0.5568783469516332
 0.3356309985892447 0.8035784754522932 0.5575317104135311
 0.3352523351058148 0.8041853112775855 0.5582231320484996
 0.3348092137267030 0.8048942616262672 0.5590310600951542
 0.3344358105721352 0.8054906821758340 0.5597108228929497
 0.3340746276060290 0.8060667278555884 0.5603673743036053
 0.3336895745223941 0.8066799199141927 0.5610662378075140
 0.3332578154684467 0.8073663612910167 0.5618485478481977
 0.3328853166619146 0.8079576308792064 0.5625223912031583
 0.3325234875934911 0.8085311199838708 0.5631760031943802
 0.3321378099999130 0.8091414954531401 0.5638717145896299
 0.3317053618993390 0.8098247740496560 0.5646505911538835
 0.3313330890163237 0.8104120328078592 0.5653200398178553
 0.3309728466506711 0.8109794872347850 0.5659668951851502
 0.3305932163489080 0.8115766052947562 0.5666475122738724
 0.3301233179561071 0.8123144649955978 0.5674884561781816
 0.3297446414824365 0.8129080886234629 0.5681649452397762
 0.3293835748067526 0.8134732832428982 0.5688089965402309
 0.3290065502151728 0.8140626027404966 0.5694805043711632
 0.3284476037938425 0.8149346802515964 0.5704741150378312
 0.3288203310275071 0.8143533569499913 0.5698117928884368
 0.3284604528775802 0.8149146542975010 0.5704512999745310
 0.3280942559155889 0.8154849975257379 0.5711010350983169
 0.3277306437448881 0.8160505099666170 0.5717451669658856
 0.3273463756256968 0.8166472791821751 0.5724247879947298
 0.3268604765244971 0.8174006086688828 0.5732825769699480
 0.3264731700482318 0.8180000678279497 0.5739651147384994
 0.3261021500980185 0.8185734789536211 0.5746180053006817
 0.3257080895964455 0.8191816019517961 0.5753104545315554
 0.3252554011811964 0.8198790642749311 0.5761046605880554
 0.3248696803606301 0.8204723935670148 0.5767802666499020
 0.3244956743145763 0.8210468666290890 0.5774343314322375
 0.3240962392552404 0.8216594928667702 0.5781317224711114
 0.3236534979488788 0.8223374503227115 0.5789033415807304
 0.3232696867561337 0.8229242468465733 0.5795711117721321
 0.3228970706706052 0.8234931106502581 0.5802184285740805
 0.3225018523509178 0.8240956043355994 0.5809039948453326
 0.3220444955468415 0.8247917035940380 0.5816960607114098
 0.3216587113085790 0.8253779366897035 0.5823630846178591
 0.3212879147096671 0.8259405935826890 0.5830032291210789
 0.3209001221846216 0.8265282034124309 0.5836716813759510
 0.3203334859735272 0.8273852767675902 0.5846465017847722
 0.3207113362877417 0.8268139559029233 0.5839967132110500
 0.3203435288838424 0.8273701020216273 0.5846292439422279
 0.3199689781663634 0.8279356600590758 0.5852724024650968
 0.3195977800498545 0.8284953775650057 0.5859088519376031
 0.3192081318041042 0.8290820848621455 0.5865759171010573
 0.3186494435916445 0.8299218433497098 0.5875305114064462
 0.3182477449319083 0.8305245605373398 0.5882154585363364
 0.3178687019885206 0.8310924658133357 0.5888606561694149
 0.3174681945178207 0.8316916699628222 0.5895411988336325
 0.3169874821815208 0.8324097066212702 0.5903564381768217
 0.3165889670616013 0.8330040077846916 0.5910310172401786
 0.3162046434863829 0.8335763257686077 0.5916805341614759
 0.3157956892141575 0.8341844422619300 0.5923705784004187
 0.3153299606139963 0.8348758809967125 0.5931550219410827
 0.3149310380597845 0.8354672079195848 0.5938257089181114
 0.3145436815944403 0.8360405732298255 0.5944758104090763
 0.3141294657764558 0.8366528084207825 0.5951697089916320
 0.3136738066260280 0.8373252442134365 0.5959314967739500
 0.3132773221251358 0.8379094577094492 0.5965930706165820
 0.3128921451749104 0.8384762145977742 0.5972346703827366
 0.3124837615815183 0.8390762654752452 0.5979137677167149
 0.3120102026183733 0.8397709858833671 0.5986997649519783
 0.3116115480975200 0.8403549121680913 0.5993601883132690
 0.3112288695230064 0.8409146601790455 0.5999930407614077
 0.3108295471034042 0.8414979441672513 0.6006522365925111
 0.3102459487173158 0.8423489171537621 0.6016134368153538
 0.3106351052019328 0.8417816641574306 0.6009727768336547
 0.3102541434879479 0.8423369800915343 0.6015999578634386
 0.3098670479777000 0.8429004737120450 0.6022361046908556
 0.3094845971551553 0.8434564531365543 0.6028635071052104
 0.3090853055153160 0.8440361188820371 0.6035173597184634
 0.3085642704413218 0.8447913065422055 0.6043687390901819
 0.3081503838218549 0.8453902151607496 0.6050435210493381
 0.3077611547165052 0.8459526565918672 0.6056768510231333
 0.3073592057489827 0.8465326809680938 0.6063295982100440
 0.3068615075504604 0.8472497562125068 0.6071360672575531
 0.3064408866145233 0.8478548192505397 0.6078161690955850
 0.3060445489942609 0.8484241487978581 0.6084558247286914
 0.3056357015683001 0.8490106360666875 0.6091144977100856
 0.3051180615051073 0.8497520065076901 0.6099467278185412
 0.3046927781580129 0.8503601209843173 0.6106289954334935
 0.3042910048486469 0.8509338083917148 0.6112722728869060
 0.3038724424171557 0.8515306351059521 0.6119410804135420
 0.3033300417421128 0.8523027822458495 0.6128057108688316
 0.3029081800620629 0.8529023541262994 0.6134766294334639
 0.3025062683067603 0.8534727785442604 0.6141145973201089
 0.3020812104727165 0.8540752143116513 0.6147880468378578
 0.3015991286322302 0.8547574302009286 0.6155502930240189
 0.3011869668053427 0.8553398258940745 0.6162006577138498
 0.3007896278041723 0.8559005174792902 0.6168264393671463
 0.3003743531605143 0.8564857249657682 0.6174791804279411
 0.2998176377913709 0.8572689847695482 0.6183521403092485
 0.2993969813109748 0.8578598608679304 0.6190101538771554
 0.2990005026271984 0.8584160236444197 0.6196290983314032
 0.2985896848654200 0.8589915338339317 0.6202691562089941
 0.2980498121764201 0.8597466539370301 0.6211083050108857
 0.2976245102698644 0.8603405827490438 0.6217677633552463
 0.2972260989390162 0.8608962100390063 0.6223842171941805
 0.2968177165184519 0.8614649938655802 0.6230147744080605
 0.2963360829027052 0.8621348291664277 0.6237567211641560
 0.2959013467115407 0.8627385430961234 0.6244248613394200
 0.2954957626945173 0.8633010081921944 0.6250468901966469
 0.2950862575739890 0.8638681642755514 0.6256736651739992
 0.2946291418534029 0.8645003771656310 0.6263717941369129
 0.2941748886616986 0.8651277121544227 0.6270639220368190
 0.2937581433986303 0.8657024454546904 0.6276974226702376
 0.2933426269341476 0.8662747229051326 0.6283276123756542
 0.2928855908396558 0.8669033098485830 0.6290190996655299
 0.2924203644148730 0.8675422249349906 0.6297212093915223
 0.2919970516440228 0.8681227607896193 0.6303585618773649
 0.2915761011606808 0.8686992877489660 0.6309909814501802
 0.2911098325349760 0.8693369899104491 0.6316899050457229
 0.2906480130580438 0.8699676869515848 0.6323805023332424
 0.2902258970011536 0.8705433642043725 0.6330102370705067
 0.2898059731797314 0.8711152989151412 0.6336352353740528
 0.2893433309732758 0.8717445502802521 0.6343220747842161
 0.2888806060896770 0.8723730103101762 0.6350071971175727
 0.2884609575979531 0.8729421870458852 0.6356269649122704
 0.2880475435169008 0.8735021872275929 0.6362360911040938
 0.2876052216188466 0.8741005563284600 0.6368862652257359
 0.2871168160096214 0.8747603236850235 0.6376023419858261
 0.2866925800376863 0.8753326068024033 0.6382227669213010
 0.2862836630133369 0.8758835239937701 0.6388193910147789
 0.2858587384587445 0.8764552812855149 0.6394379003853530
 0.2852960202041463 0.8772113129486083 0.6402546607856743
 0.2848559899394311 0.8778016128374221 0.6408915115237903
 0.2844452661175957 0.8783518916959823 0.6414845055789284
 0.2840255551556267 0.8789135094813670 0.6420890393941783
 0.2835397424994759 0.8795626962237245 0.6427869564937220
 0.2830879855159862 0.8801655290942818 0.6434341596240013
 0.2826703480190936 0.8807221105896695 0.6440309177452614
 0.2822528636812733 0.8812777979051807 0.6446259369894332
 0.2817999492916546 0.8818798670119182 0.6452697341637957
 0.2813101045696973 0.8825301223483840 0.6459640375933925
 0.2808763216860287 0.8831051745692711 0.6465771849082486
 0.2804525510692079 0.8836662471084816 0.6471746613163999
 0.2800036553087110 0.8842598267192042 0.6478059189341742
 0.2794619169923181 0.8849751384876651 0.6485654339011994
 0.2790115747748880 0.8855689136027977 0.6491948302520582
 0.2785774655472503 0.8861405524755563 0.6497997859310991
 0.2781152977608617 0.8867483518431620 0.6504419278539316
 0.2775959276948243 0.8874304140706921 0.6511612100677471
 0.2771452574317681 0.8880214335265340 0.6517833943391682
 0.2767055351230482 0.8885973621218163 0.6523887641343821
 0.2762294748960188 0.8892200714368371 0.6530423023238637
 0.2757323198906475 0.8898694755364366 0.6537227350112651
 0.2752874721414646 0.8904497794803959 0.6543297529496290
 0.2748498148654983 0.8910199930756588 0.6549252301204730
 0.2743757442030713 0.8916368575360470 0.6555682712949187
 0.2738805412202516 0.8922803450417440 0.6562377546637533
 0.2734396603207077 0.8928524959007078 0.6568318955521971
 0.2730092056231119 0.8934104393654838 0.6574102798924005
 0.2725534669701249 0.8940004296552313 0.6580208240847362
 0.2720228383359322 0.8946864352812171 0.6587293588284702
 0.2715772238215158 0.8952617592143566 0.6593224186646559
 0.2711517147747374 0.8958104690302597 0.6598870256392876
 0.2707118993800320 0.8963769565596753 0.6604688472692304
 0.2701616545293430 0.8970847230158068 0.6611941927381606
 0.2697039093743984 0.8976727041816520 0.6617954273388859
 0.2692778211491784 0.8982193676119323 0.6623533115345366
 0.2688470881651375 0.8987713523162753 0.6629155492700682
 0.2683686516352344 0.8993837208701537 0.6635380183541302
 0.2678871378595777 0.8999992368174099 0.6641623156773079
 0.2674514244919198 0.9005555256111367 0.6647253351052991
 0.2670235866023574 0.9011011331767487 0.6652764149340127
 0.2665732144918630 0.9016748104827457 0.6658546337245441
 0.2659517899713146 0.9024652538979697 0.6666493133278019
 0.2654890919825101 0.9030529619641754 0.6672386729287715
 0.2650529454317664 0.9036062940630415 0.6677923992233843
 0.2645992619474301 0.9041812078164675 0.6683665160617555
 0.2640035366607910 0.9049350910843282 0.6691174282154065
 0.2635300124898774 0.9055335024617915 0.6697118548355292
 0.2630837654489617 0.9060967752685708 0.6702700102426560
 0.2626206674295251 0.9066806368999006 0.6708471429735196
 0.2620147852896093 0.9074434750849949 0.6715990107690171
 0.2615317195963283 0.9080508394012475 0.6721959078809402
 0.2610735114049778 0.9086262641175159 0.6727600243000507
 0.2605897599122217 0.9092330454882458 0.6733534151363827
 0.2600242647014576 0.9099414262951087 0.6740442133259846
 0.2595446956842252 0.9105413853916818 0.6746275689112515
 0.2590784062894446 0.9111240449312236 0.6751925377365738
 0.2585710733162166 0.9117572268322529 0.6758047020266613
 0.2580492129212357 0.9124077135089558 0.6764316474651282
 0.2575796066265903 0.9129923544484233 0.6769934741172008
 0.2571142724119002 0.9135710149446122 0.6775480491293041
 0.2565982212862044 0.9142119774801446 0.6781606179938381
 0.2560913128973095 0.9148408039069260 0.6787598364272794
 0.2556300012360911 0.9154123985319853 0.6793029807193255
 0.2551725599563400 0.9159785718678243 0.6798394846454641
 0.2546741495537232 0.9165947471542100 0.6804216354575768
 0.2541591299137760 0.9172306877083896 0.6810205271127041
 0.2536995932711883 0.9177974628932402 0.6815526208852221
 0.2532511484769779 0.9183499650336412 0.6820698176752414
 0.2527790313416693 0.9189310030921172 0.6826121479288624
 0.2521923946638177 0.9196520869474067 0.6832829549229277
 0.2517220949878459 0.9202294598199605 0.6838182729867570
 0.2512772790108279 0.9207749678041199 0.6843225562868931
 0.2508194995324213 0.9213357888856553 0.6848394602195629
 0.2502682014283168 0.9220103956395926 0.6854591468905734
 0.2497868741712432 0.9225986856381897 0.6859976613355625
 0.2493402719484366 0.9231439572715641 0.6864952237283161
 0.2488923281943462 0.9236903123372466 0.6869922505516142
 0.2484054329456058 0.9242835499468659 0.6875301870605238
 0.2478825428238818 0.9249199215583281 0.6881051982595100
 0.2474217288005048 0.9254801282268559 0.6886096170418853
 0.2469749708993659 0.9260226986309775 0.6890965561414933
 0.2465107223591909 0.9265859418981478 0.6896003745982987
 0.2459294347371386 0.9272903687265152 0.6902280866034214
 0.2454425494671063 0.9278797041090473 0.6907512111452938
 0.2449876594161875 0.9284297461053125 0.6912377976247982
 0.2445260202861580 0.9289873932985314 0.6917294731176696
 0.2440087986533573 0.9296115215609587 0.6922777852896855
 0.2434943858804050 0.9302315716690549 0.6928204059791523
 0.2430246787874492 0.9307971393297920 0.6933134822402921
 0.2425590077471145 0.9313572887663607 0.6938000645653951
 0.2420592474506742 0.9319578287628678 0.6943197814726869
 0.2414873951968506 0.9326442223729394 0.6949113591665012
 0.2409958859687667 0.9332335225911705 0.6954172170019914
 0.2405176793932956 0.9338062934771920 0.6959070996388992
 0.2400082602573137 0.9344158236292254 0.6964264787432511
 0.2394157760773812 0.9351239362587178 0.6970272909503036
 0.2389100766706248 0.9357276457896867 0.6975372770251920
 0.2384162541400693 0.9363165748750237 0.6980327409878453
 0.2378776334149358 0.9369582564528680 0.6985702765419017
 0.2373186139830998 0.9376235017098435 0.6991250274306910
 0.2368127345849274 0.9382248654563756 0.6996243332917206
 0.2363051869945877 0.9388276016426651 0.7001227375043227
 0.2357060777324958 0.9395382896759722 0.7007077846406512
 0.2351728234634247 0.9401701505556035 0.7012255151084057
 0.2346725850225226 0.9407622891115999 0.7017085647162959
 0.2341540155501983 0.9413755158727848 0.7022065807440476
 0.2335128358947897 0.9421328805071139 0.7028184573658280
 0.2329971843880754 0.9427412914086900 0.7033074305803509
 0.2325046923735251 0.9433218154288949 0.7037718853165540
 0.2319804863850752 0.9439391237499181 0.7042635424961671
 0.2314076928625148 0.9446129482881684 0.7047976085836216
 0.2309100189554733 0.9451978133330596 0.7052589514260619
 0.2304277503828669 0.9457640541639419 0.7057036129030893
 0.2299185331155270 0.9463613841921106 0.7061705290824606
 0.2293186033900560 0.9470644010969025 0.7067171794378584
 0.2288205325174640 0.9476474673526892 0.7071681882354803
 0.2283452526125837 0.9482033585074302 0.7075961850194692
 0.2278522095891967 0.9487795181755923 0.7080377529181042
 0.2271704136866166 0.9495754054694727 0.7086443389381490
 0.2266633977791082 0.9501666340534713 0.7090924052813711
 0.2261911473159045 0.9507168421912507 0.7095074245472812
 0.2257059816210109 0.9512816179709976 0.7099314464838221
 0.2251181358872002 0.9519652756970307 0.7104420036382169
 0.2246097077639921 0.9525560043337327 0.7108807476770589
 0.2241376269837710 0.9531040342290127 0.7112857741822483
 0.2236631699674526 0.9536543718526853 0.7116905658996293
 0.2231436626396663 0.9542564499038332 0.7121311879446272
 0.2226017344185354 0.9548839429647481 0.7125879293803209
 0.2221185120350722 0.9554429742210054 0.7129926980900991
 0.2216479156534085 0.9559869605389951 0.7133846288831276
 0.2211569563052704 0.9565540277372373 0.7137911415950364
 0.2205004832677840 0.9573115415280223 0.7143309176722386
 0.2199909263600069 0.9578989593742839 0.7147469244160948
 0.2195151331435299 0.9584470102180029 0.7151330307144407
 0.2190288685643139 0.9590066825295945 0.7155253035692326
 0.2184682443184008 0.9596513917941339 0.7159746269667407
 0.2179428000703270 0.9602551155355856 0.7163928820979174
 0.2174578211362836 0.9608118946614447 0.7167764466722024
 0.2169742443713089 0.9613666362186181 0.7171565280765048
 0.2164532955943151 0.9619637750633536 0.7175633382353890
 0.2158687151459663 0.9626332703989056 0.7180165936550394
 0.2153627631500722 0.9632122233484369 0.7184061320534153
 0.2148728277814251 0.9637724165313912 0.7187809104611417
 0.2143601800529662 0.9643581271818468 0.7191704941434633
 0.2136651774615081 0.9651514503143833 0.7196944195308608
 0.2131329039182970 0.9657584589565241 0.7200923367589546
 0.2126301050682515 0.9663314086843199 0.7204655462002749
 0.2121046017815726 0.9669297714711282 0.7208528397707967
 0.2113975014734296 0.9677341752818234 0.7213695498654760
 0.2108535732095974 0.9683523853151935 0.7217636149496307
 0.2103350588284260 0.9689412553243322 0.7221365290609998
 0.2097834700545514 0.9695672035009530 0.7225302882299086
 0.2091418851842907 0.9702946579852177 0.7229844369425400
 0.2085938885809821 0.9709154734695996 0.7233690151860805
 0.2080565765439199 0.9715237194048300 0.7237431023436446
 0.2074644757148835 0.9721934585186203 0.7241519144583882
 0.2068614739011947 0.9728749636593855 0.7245646133640783
 0.2063079619562008 0.9735000393854925 0.7249402582246517
 0.2057435471337898 0.9741369426573853 0.7253201983932848
 0.2049876106005652 0.9749892055392763 0.7258241526401488
 0.2044009714837494 0.9756500049243717 0.7262113292863084
 0.2038339854546981 0.9762881793947689 0.7265822468146221
 0.2031678365534953 0.9770373613822148 0.7270138908914734
 0.2025771648047952 0.9777011163722785 0.7273929086272289
 0.2020197142344307 0.9783270773448622 0.7277474496190093
 0.2014280170877182 0.9789910072929842 0.7281204630044410
 0.2007979721325053 0.9796974211597339 0.7285139338626445
 0.2002409938957445 0.9803214480664705 0.7288585730985248
 0.1996903028802663 0.9809380073083351 0.7291963427887921
 0.1990646975957202 0.9816379353994946 0.7295764362636994
 0.1984823030753035 0.9822890405177963 0.7299268025918279
 0.1979442922405558 0.9828901196355517 0.7302475096577115
 0.1974003171905149 0.9834974696212099 0.7305689171319545
 0.1967528956361339 0.9842198087999878 0.7309477515559035
 0.1961863888381966 0.9848514207067551 0.7312759710507762
 0.1956588690751586 0.9854391918274101 0.7315788610999154
 0.1951216105633793 0.9860374476540770 0.7318846131419281
 0.1944735117000466 0.9867586410806877 0.7322497585269435
 0.1939138662176240 0.9873809811968922 0.7325618208502498
 0.1933925928665949 0.9879603008921386 0.7328497910223781
 0.1928627817338760 0.9885487669584266 0.7331398356066724
 0.1922421472485694 0.9892376771712807 0.7334762456016758
 0.1916828798719211 0.9898580722427140 0.7337763121832808
 0.1911645273217912 0.9904327479126955 0.7340518256306351
 0.1906427864768799 0.9910108601315478 0.7343266099810087
 0.1900589824574460 0.9916573645069668 0.7346310650188558
 0.1894880984108865 0.9922891807338060 0.7349257006149996
 0.1889674653237685 0.9928650579816862 0.7351917533148394
 0.1884520386196093 0.9934348745280814 0.7354526726655481
 0.1878977701713886 0.9940472998120633 0.7357305303206169
 0.1872890859967743 0.9947194586138901 0.7360324389581415
 0.1867592135024303 0.9953042568436902 0.7362925207507703
 0.1862460258239605 0.9958703508246695 0.7365419927732628
 0.1857081211150947 0.9964634069414546 0.7368009288266472
 0.1849730125676506 0.9972733904887350 0.7371505832606999
 0.1844258594245698 0.9978759071070014 0.7374076937569691
 0.1839099115378836 0.9984437773325009 0.7376476987130016
 0.1833712797503725 0.9990363236446126 0.7378957419080966
 0.1826031752405275 0.9998808045835019 0.7382450450503448
 0.1820514746135164  1.000487000149260 0.7384927527943330
 0.1815323858408576  1.001057088636198 0.7387234017025897
 0.1809880604045573  1.001654611094975 0.7389627626510819
 0.1802745135125680  1.002437460834597 0.7392726893626073
 0.1797240407401468  1.003041067037808 0.7395088298104986
 0.1792018414738785  1.003613407527519 0.7397304823847476
 0.1786558096506942  1.004211597978561 0.7399598091891116
 0.1778867248218949  1.005053684202911 0.7402786017274509
 0.1773270971472338  1.005666095002422 0.7405074864355292
 0.1767986264986384  1.006244153156097 0.7407212525252707
 0.1762420874975351  1.006852646679145 0.7409438919200962
 0.1755500179151624  1.007608946100878 0.7412172272266465
 0.1749919735290430  1.008218481328842 0.7414348077502051
 0.1744580561367051  1.008801415552006 0.7416406383413726
 0.1738967878778549  1.009413953440899 0.7418545524480405
 0.1731695610579606  1.010207221169956 0.7421279798644953
 0.1726011690581417  1.010826928871137 0.7423387648012737
 0.1720583885812894  1.011418469502738 0.7425376784417475
 0.1714840206356622  1.012044179611824 0.7427456705227451
 0.1707967660241452  1.012792526366963 0.7429912084678303
 0.1702248193868932  1.013415035773637 0.7431928075634415
 0.1696720387691760  1.014016446910602 0.7433852918181553
 0.1690830254980002  1.014657024219106 0.7435878354659201
 0.1684063911428984  1.015392574224532 0.7438172411600239
 0.1678265191416266  1.016022669063869 0.7440110617569088
 0.1672605521160208  1.016637419842269 0.7441977846309246
 0.1666487907397833  1.017301654956996 0.7443969446322845
 0.1659891350624908  1.018017597236067 0.7446086677009940
 0.1654016834905562  1.018654920148737 0.7447946401114492
 0.1648189195293447  1.019286924046565 0.7449767785428328
 0.1641704280720721  1.019989939391607 0.7451767378105242
 0.1635231535237044  1.020691356307025 0.7453734738892518
 0.1629264903405963  1.021337684860788 0.7455523114322494
 0.1623201791759239  1.021994228569644 0.7457315806087950
 0.1615801681591987  1.022795231685714 0.7459470531842277
 0.1609378997224060  1.023490157749849 0.7461311346091173
 0.1603243511639743  1.024153771350131 0.7463044622380102
 0.1596646096727916  1.024867091688890 0.7464880945277826
 0.1589543148665932  1.025634779577860 0.7466826096921836
 0.1583144001978956  1.026326146074104 0.7468550156348126
 0.1576615104806581  1.027031286427425 0.7470281603422929
 0.1567975630929025  1.027964002618980 0.7472530569789351
 0.1561185812389396  1.028696737765294 0.7474264945519827
 0.1554389884657155  1.029429879107444 0.7475972178072672
 0.1546316957692083  1.030300459388576 0.7477963191975004
 0.1539448640306389  1.031040864014452 0.7479625578583945
 0.1532410516151228  1.031799320022714 0.7481299176784231
 0.1524730714040327  1.032626638130731 0.7483091348529165
 0.1517908226730977  1.033361353594260 0.7484654334582919
 0.1510781410365077  1.034128598613091 0.7486258452196910
 0.1503378834362848  1.034925271949738 0.7487894225466567
 0.1496683034028440  1.035645658229873 0.7489347366813542
 0.1489728184709714  1.036393694747124 0.7490830276380950
 0.1482247740800988  1.037198016271635 0.7492395457692951
 0.1475644857817074  1.037907771761602 0.7493751802897372
 0.1468979281604240  1.038624072174959 0.7495097582311706
 0.1460556211591902  1.039528963881854 0.7496765285526628
 0.1453915192543512  1.040242198264408 0.7498054679513740
 0.1447442310759887  1.040937199062426 0.7499290015361401
 0.1439496498465928  1.041790117090958 0.7500777753342290
 0.1432852870459863  1.042503062842987 0.7501997644468340
 0.1426548307959137  1.043179462700150 0.7503135357730502
 0.1419725680085178  1.043911272154785 0.7504345097253621
 0.1412809645967193  1.044652921089094 0.7505548995666744
 0.1406533709130403  1.045325774891946 0.7506622158727329
 0.1400203555392042  1.046004296005715 0.7507686081382867
 0.1392151721586281  1.046867154866161 0.7509012630915107
 0.1385630009068408  1.047565874764489 0.7510065332282756
 0.1379439586116206  1.048228965937004 0.7511046809361569
 0.1372764054747054  1.048943874956236 0.7512086184675657
 0.1365861235426812  1.049682969997987 0.7513140605341636
 0.1359643959232594  1.050348530422441 0.7514072909759375
 0.1353422023627444  1.051014466209637 0.7514989632381086
 0.1346080002812044  1.051800129240417 0.7516050700648186
 0.1339554790732583  1.052498247415063 0.7516975196604518
 0.1333421339075075  1.053154335104258 0.7517828563492398
 0.1327026069296896  1.053838310717184 0.7518702532257434
 0.1319312368520670  1.054663135077242 0.7519735591475070
 0.1312966572520264  1.055341562876138 0.7520568450114566
 0.1306796345048918  1.056001113056914 0.7521363732140716
 0.1299926294491007  1.056735346476686 0.7522232531343165
 0.1293237526921535  1.057450083736054 0.7523061727709545
 0.1287067687894585  1.058109265848287 0.7523812250529601
 0.1280794803465752  1.058779356546030 0.7524561501070021
 0.1272800562615136  1.059633184086342 0.7525496741248613
 0.1266296301559016  1.060327756948762 0.7526241969018258
 0.1260118324780514  1.060987391564057 0.7526937215959785
 0.1253489860396190  1.061695024328085 0.7527669985309919
 0.1246454446035354  1.062445989095529 0.7528433400243654
 0.1240173165434716  1.063116360888682 0.7529103022421082
 0.1233912917831005  1.063784399142423 0.7529759643558959
 0.1226665714817920  1.064557647717481 0.7530506910299922
 0.1220023562479868  1.065266238881804 0.7531180098626834
 0.1213795885307473  1.065930527277922 0.7531801429541802
 0.1207331605469417  1.066619966585211 0.7532436517814717
 0.1199141492286836  1.067493347529404 0.7533227043815958
 0.1192632759263762  1.068187330874187 0.7533844211862283
 0.1186313050807591  1.068861078277551 0.7534434200590029
 0.1179172737155961  1.069622215780703 0.7535089928214677
 0.1172393004979518  1.070344824519055 0.7535701939779867
 0.1166076789469142  1.071017950847332 0.7536262863758648
 0.1159566912246043  1.071711637387895 0.7536831695284328
 0.1150430080489757  1.072685117817353 0.7537614246299917
 0.1143760127765573  1.073395670047521 0.7538173907147179
 0.1137302361419283  1.074083542715890 0.7538706470360678
 0.1129697642987459  1.074893493970680 0.7539321927228386
 0.1122908191933112  1.075616530427260 0.7539860739557165
 0.1116487046905378  1.076300273282188 0.7540361095020675
 0.1109696449029667  1.077023282696053 0.7540880525433006
 0.1102128234807809  1.077828998816950 0.7541447742971371
 0.1095517650859019  1.078532690921267 0.7541933158510952
 0.1088935781549192  1.079233259021895 0.7542407206967375
 0.1081079859859358  1.080069349925149 0.7542960942226627
 0.1074156915424657  1.080806069763552 0.7543438038816299
 0.1067572750901191  1.081506672946872 0.7543882366797743
 0.1060500970886098  1.082259093252040 0.7544349432680255
 0.1053039585580066  1.083052891161653 0.7544830899715771
 0.1046306028611178  1.083769192254322 0.7545255478713178
 0.1039471513657231  1.084496171416437 0.7545676830200884
 0.1029417651098611  1.085565478851923 0.7546279111498565
 0.1036120297833617  1.084852613969228 0.7545879906494972
 0.1029542845058657  1.085552164277632 0.7546271740023535
 0.1022802595757026  1.086268972622761 0.7546664017138529
 0.1015906864156407  1.087002258512311 0.7547055697220917
 0.1007053747560234  1.087943607830933 0.7547544374198665
 0.9998435729587836E-01  1.088710196469016 0.7547930679584059
 0.9928550822402463E-01  1.089453159709978 0.7548295147274326
 0.9846843306422064E-01  1.090321744173693 0.7548708854008465
 0.9772870770127659E-01  1.091108041468487 0.7549071857319398
 0.9702045282194438E-01  1.091860834140357 0.7549409177490373
 0.9623789239022149E-01  1.092692546752202 0.7549770325006523
 0.9546535006792987E-01  1.093513553966177 0.7550115051935908
 0.9474065822514477E-01  1.094283658122018 0.7550427850259340
 0.9396595605114856E-01  1.095106854006614 0.7550750956037873
 0.9314859079723974E-01  1.095975326836904 0.7551079257317640
 0.9240067030699263E-01  1.096769963588256 0.7551368406277785
 0.9161288138263139E-01  1.097606910182941 0.7551661493216615
 0.9075745934580542E-01  1.098515655668695 0.7551966694915432
 0.8998183957580368E-01  1.099339577291525 0.7552231995561126
 0.8915845475937349E-01  1.100214191608299 0.7552502109282918
 0.8828863688856808E-01  1.101138077682615 0.7552775047522577
 0.8748100608039550E-01  1.101995866855600 0.7553017611723639
 0.8658528368199614E-01  1.102947170908942 0.7553275163752217
 0.8571251595589818E-01  1.103874049704302 0.7553515323089213
 0.8485910240024364E-01  1.104780332142634 0.7553740568769217
 0.8372091491298288E-01  1.105988968127656 0.7554027168458192
 0.8281820589556334E-01  1.106947502392562 0.7554243859477624
 0.8175659164496998E-01  1.108074716876593 0.7554487311044380
 0.8082716884482591E-01  1.109061527283933 0.7554690796784654
 0.7979899243887979E-01  1.110153143085773 0.7554905788329644
 0.7885020578911060E-01  1.111160429955689 0.7555094981242727
 0.7784277311315035E-01  1.112229938046481 0.7555286416366781
 0.7688889505854998E-01  1.113242554717208 0.7555458940337578
 0.7592713806503165E-01  1.114263500919915 0.7555624553062629
 0.7495696427025496E-01  1.115293348446871 0.7555783371775370
 0.7403828293030772E-01  1.116268506843923 0.7555926306066345
 0.7293513600205914E-01  1.117439435216086 0.7556088600876617
 0.7202394555930258E-01  1.118406584647853 0.7556215204640497
 0.7098229827603268E-01  1.119512173472965 0.7556351944594643
 0.7007305787056006E-01  1.120477203558696 0.7556464437782429
 0.6915515143179221E-01  1.121451409991459 0.7556571369420693
 0.6819089941396650E-01  1.122474782909164 0.7556675941834389
 0.6730312144113491E-01  1.123416974756255 0.7556764134478557
 0.6625022221734027E-01  1.124534388173653 0.7556856501999093
 0.6533068846689613E-01  1.125510248817524 0.7556924031520557
 0.6438434914132966E-01  1.126514544688747 0.7556978898761172
 0.6337793640481984E-01  1.127582582689393 0.7557020536342052
 0.6241413129063636E-01  1.128605397294980 0.7557045907771639
 0.6124760706890894E-01  1.129843337413500 0.7557062331512101
 0.6019690215393424E-01  1.130958365217253 0.7557068781984493
 0.5896996639296172E-01  1.132260411364854 0.7557071476497333
 0.5777223266134502E-01  1.133531467413929 0.7557072172520340
 0.5642832137169972E-01  1.134957649547079 0.7557072327542356
 0.5494780864398423E-01  1.136528795490480 0.7557072348701711
 0.5327676510215332E-01  1.138302136056030 0.7557072350347609
 0.5118612846548914E-01  1.140520756135321 0.7557072350403260
 0.4877535692006584E-01  1.143079108965961 0.7557072350402239
 0.4534177810884861E-01  1.146722882714487 0.7557072350402184
 0.3850888533426088E-01  1.153974067757101 0.7557072350402184
 0.1117731423590991E-01  1.182978807927558 0.7557072350402184
-0.9814897015749399E-01  1.298997768609387 0.7557072350402184
-0.1570338445704512  1.361487424845097 0.7557072350402184
