RUNGE KUTTA: X Z PHI
 0.4997919338387438 0.3973734652027661E-01 0.5235987755982988E-02
 0.4984553619651940 0.1986793995997659 0.1609082257161642E-01
 0.4995145122904022 0.9272047521397876E-01 0.5235987758554774E-02
 0.4996994599892965 0.5739838941817732E-01 0.5235987755982988E-02
 0.4993294452341808 0.1280425603842461 0.5338716992871724E-02
 0.4995761615233669 0.8094644661537828E-01 0.5235987755982988E-02
 0.4993240677266111 0.1289781162388879 0.5353797752318468E-02
 0.4994923296729491 0.9695700420749601E-01 0.5235988855562962E-02
 0.4995482175734938 0.8628329914608558E-01 0.5235987755988468E-02
 0.4995090873093736 0.9375656078910301E-01 0.5235987825550494E-02
 0.4995351741521424 0.8877438636042484E-01 0.5235987756198233E-02
 0.4995081969896310 0.9392659777770417E-01 0.5235987840943292E-02
 0.4994861386634823 0.9813938855342065E-01 0.5235990642578688E-02
 0.4994683192529190 0.1015426074546792 0.5236011619888329E-02
 0.4994522282176437 0.1046157066635772 0.5236099127168280E-02
 0.4994354403285177 0.1078217799163780 0.5236423521378603E-02
 0.4994213856256765 0.1105056184501917 0.5237172976747257E-02
 0.4994094137688375 0.1127912695387828 0.5238550647275136E-02
 0.4993984295209317 0.1148876354469032 0.5240898747661590E-02
 0.4993874802992707 0.1169760699677181 0.5244932635475272E-02
 0.4993749295171847 0.1193673476685148 0.5252812464658117E-02
 0.4993646952979927 0.1213138967056581 0.5263013870097163E-02
 0.4993555326962644 0.1230527783116721 0.5276103942594621E-02
 0.4993465749906621 0.1247478910919106 0.5293510748514511E-02
 0.4993355305100260 0.1268288571011278 0.5322755262621043E-02
 0.4993266221960388 0.1284977896719451 0.5353850476796933E-02
 0.4993181525195430 0.1300745320651289 0.5390576289598327E-02
 0.4993079180653922 0.1319638662606507 0.5445311649475330E-02
 0.4992991095427911 0.1335733146679941 0.5502259333637260E-02
 0.4992906526994503 0.1351016560168288 0.5565933952367180E-02
 0.4992796221087448 0.1370668907201452 0.5662509352256779E-02
 0.4992708693357183 0.1386010051346176 0.5750030282498090E-02
 0.4992624075332546 0.1400609385430223 0.5843560245445096E-02
 0.4992524581587829 0.1417464729856961 0.5964173995125596E-02
 0.4992438665432126 0.1431736898757140 0.6076999874228085E-02
 0.4992347775646085 0.1446540013380860 0.6204427297763000E-02
 0.4992258759540892 0.1460737706078233 0.6336532476523805E-02
 0.4992168691533211 0.1474797666155375 0.6476857171654158E-02
 0.4992071963478972 0.1489554418101686 0.6634381231908137E-02
 0.4991980478614149 0.1503186109554649 0.6789305848984336E-02
 0.4991881091629004 0.1517641037480666 0.6963458535513169E-02
 0.4991787156884693 0.1530969650104545 0.7132903925836953E-02
 0.4991687332649405 0.1544787229834276 0.7317113089497292E-02
 0.4991590089095271 0.1557914310187832 0.7499452656752751E-02
 0.4991489236658624 0.1571193918646462 0.7690335480642013E-02
 0.4991387535181115 0.1584254778083968 0.7883714258496217E-02
 0.4991284055508552 0.1597218903697832 0.8080773984200231E-02
 0.4991176636096896 0.1610346386213623 0.8285251187043883E-02
 0.4991068265627535 0.1623266015420386 0.8491235504303828E-02
 0.4990954240012956 0.1636526043327057 0.8707576870481190E-02
 0.4990839656328459 0.1649523460560668 0.8924539500125559E-02
 0.4990719192074725 0.1662851912713749 0.9152074921431896E-02
 0.4990598131829931 0.1675916996537747 0.9380098195821788E-02
 0.4990475427766852 0.1688839721620913 0.9610594634726287E-02
 0.4990350263577512 0.1701706460441424 0.9845092848047915E-02
 0.4990223895881802 0.1714390082264442 0.1008119108938143E-01
 0.4990094079325487 0.1727114630954046 0.1032305924289841E-01
 0.4989963559611620 0.1739611379120348 0.1056560635729996E-01
 0.4989828665575883 0.1752229391071848 0.1081562480640396E-01
 0.4989693955893924 0.1764542748184789 0.1106457265613388E-01
 0.4989553620398089 0.1777079555420697 0.1132310796496681E-01
 0.4989414354017648 0.1789241407507822 0.1157887917673343E-01
 0.4989268160224760 0.1801722952309963 0.1184650872208120E-01
 0.4989123743348056 0.1813779396108541 0.1210994491919659E-01
 0.4988971249382990 0.1826229222365437 0.1238706007169327E-01
 0.4988821152627756 0.1838214745133708 0.1265878815338449E-01
 0.4988663859143775 0.1850502443859404 0.1294245169286747E-01
 0.4988507587519705 0.1862446962806822 0.1322310958536419E-01
 0.4988347277094638 0.1874440108020612 0.1350979478228143E-01
 0.4988183689059018 0.1886419410802111 0.1380112504977552E-01
 0.4988020117715770 0.1898147737131033 0.1409126282450858E-01
 0.4987847123744026 0.1910292280317362 0.1439685557690982E-01
 0.4987679255031590 0.1921833507190844 0.1469216677089504E-01
 0.4987496610645316 0.1934130476094567 0.1501217622794330E-01
 0.4987323883778590 0.1945521316486653 0.1531363619282367E-01
 0.4987136474645209 0.1957629956567184 0.1563941751654359E-01
 0.4986959484774627 0.1968836434827058 0.1594580260684210E-01
 0.4986766991398225 0.1980783148812215 0.1627763992909342E-01
 0.4986585142178275 0.1991848010226961 0.1658986811981676E-01
 0.4986386471478430 0.2003701269898080 0.1692959684989620E-01
 0.4986198149375887 0.2014719924492418 0.1725026990005538E-01
 0.4985991477644424 0.2026579355833188 0.1760068656356225E-01
 0.4985794494694077 0.2037665463268734 0.1793329481550240E-01
 0.4985589084934015 0.2049009324805762 0.1827874969759036E-01
 0.4985381405522972 0.2060263020699272 0.1862656531318869E-01
 0.4985175871024727 0.2071195845845538 0.1896932943130243E-01
 0.4984950004566389 0.2082985067600146 0.1934438186612741E-01
 0.4984740343526121 0.2093726006044183 0.1969106788127392E-01
 0.4984508251211545 0.2105398153031923 0.2007319454655868E-01
 0.4984293426139046 0.2116005943910146 0.2042529513968492E-01
 0.4984054419956370 0.2127595399303900 0.2081523420236320E-01
 0.4983831701160955 0.2138201663957141 0.2117696995164627E-01
 0.4983593663553612 0.2149339358014465 0.2156189093316108E-01
 0.4983359395979221 0.2160108564772189 0.2193897989914980E-01
 0.4983125949555315 0.2170657800484284 0.2231301873019612E-01
 0.4982868394755018 0.2182093636041804 0.2272374506563419E-01
 0.4982631637368493 0.2192425485471656 0.2309958236611393E-01
 0.4982364995261869 0.2203862480891648 0.2352088785195815E-01
 0.4982121422484881 0.2214132680810144 0.2390387036556705E-01
 0.4981853152498449 0.2225255913751799 0.2432361462201474E-01
 0.4981597812277315 0.2235666519520601 0.2472118066565969E-01
 0.4981339983978123 0.2246010373960036 0.2512074768673287E-01
 0.4981060751447979 0.2257029355684047 0.2555134528166158E-01
 0.4980801424965771 0.2267098087231433 0.2594922011224030E-01
 0.4980505680754025 0.2278394459957695 0.2640062731606456E-01
 0.4980238214066677 0.2288445955434573 0.2680681289339269E-01
 0.4979949168847292 0.2299138899882322 0.2724362247669994E-01
 0.4979667610223776 0.2309391627884812 0.2766695645440342E-01
 0.4979389110362458 0.2319380093812783 0.2808358111095290E-01
 0.4979069215374088 0.2330672341834065 0.2855961526496302E-01
 0.4978785438856002 0.2340533473668909 0.2897974928609096E-01
 0.4978458485953811 0.2351719601032075 0.2946134894309387E-01
 0.4978164063536294 0.2361637679927200 0.2989276163291325E-01
 0.4977860213528411 0.2371724656055808 0.3033574120274071E-01
 0.4977543170273455 0.2382094081063791 0.3079560890284177E-01
 0.4977243442650717 0.2391756000109893 0.3122825299623276E-01
 0.4976894277081067 0.2402844511117813 0.3172971830983248E-01
 0.4976583859272956 0.2412556595864205 0.3217322106014932E-01
 0.4976256030455504 0.2422669393245070 0.3263924993940409E-01
 0.4975925624484666 0.2432716891005558 0.3310658738325948E-01
 0.4975607569793711 0.2442255917764062 0.3355430773222540E-01
 0.4975234846166960 0.2453274187603102 0.3407632902383400E-01
 0.4974906709152773 0.2462835830308440 0.3453350007042386E-01
 0.4974557019718784 0.2472887399839780 0.3501822541067167E-01
 0.4974209184479434 0.2482748813829133 0.3549792728924155E-01
 0.4973873087806883 0.2492151840064349 0.3595919635963107E-01
 0.4973476389634996 0.2503096611906866 0.3650082022745955E-01
 0.4973129572430640 0.2512533161600208 0.3697180842668456E-01
 0.4972762649831474 0.2522386994930390 0.3746753202296590E-01
 0.4972393230545126 0.2532177255240443 0.3796404004582967E-01
 0.4972039542000969 0.2541431552965500 0.3843705718058827E-01
 0.4971618446161226 0.2552302438939821 0.3899726139997142E-01
 0.4971251177489072 0.2561657197882263 0.3948319994815411E-01
 0.4970870698327619 0.2571227984588250 0.3998400806500896E-01
 0.4970473124457619 0.2581101746468323 0.4050456039774195E-01
 0.4970100974307101 0.2590229954782818 0.4098936673161403E-01
 0.4969660830244882 0.2600887810144045 0.4155973379086580E-01
 0.4969271022037133 0.2610205558318881 0.4206212391327830E-01
 0.4968878418071950 0.2619478469527112 0.4256550405571402E-01
 0.4968438307686155 0.2629744148744421 0.4312675753192726E-01
 0.4968045166564410 0.2638802057433511 0.4362550360527039E-01
 0.4967610216642801 0.2648703509888031 0.4417448627380931E-01
 0.4967195596712740 0.2658028406302405 0.4469505995887334E-01
 0.4966790853279395 0.2667027128115206 0.4520063517063674E-01
 0.4966302381710450 0.2677754491350395 0.4580745153146798E-01
 0.4965884785848823 0.2686813405597340 0.4632343577289351E-01
 0.4965449776158165 0.2696143508913321 0.4685829224620995E-01
 0.4964998691442082 0.2705706705335961 0.4741007481419292E-01
 0.4964576773988728 0.2714551434768621 0.4792355113507277E-01
 0.4964091889167790 0.2724599999719168 0.4851056837174092E-01
 0.4963647898324628 0.2733695120105135 0.4904528768143587E-01
 0.4963209728566480 0.2742574367784801 0.4957047898572798E-01
 0.4962677476187553 0.2753234583325956 0.5020511745945896E-01
 0.4962228291541478 0.2762126839261276 0.5073786137222796E-01
 0.4961756805148473 0.2771360788838127 0.5129427226525894E-01
 0.4961274155764409 0.2780710266661624 0.5186100106532046E-01
 0.4960820700965827 0.2789401639559176 0.5239092700418282E-01
 0.4960301419137946 0.2799247451002251 0.5299485293240349E-01
 0.4959823333240586 0.2808213522294894 0.5354810395695873E-01
 0.4959354241477308 0.2816921367565258 0.5408836907477978E-01
 0.4958778476449132 0.2827491362532134 0.5474808144044233E-01
 0.4958294980527913 0.2836269584393873 0.5529928413109435E-01
 0.4957796699197254 0.2845225185984225 0.5586476112021474E-01
 0.4957266731665302 0.2854651374208384 0.5646332549670329E-01
 0.4956780449507764 0.2863213079153023 0.5700991744018264E-01
 0.4956247208882140 0.2872507727672607 0.5760640919885259E-01
 0.4955727540208696 0.2881473688875341 0.5818490108500856E-01
 0.4955229997405509 0.2889974765747835 0.5873624579378937E-01
 0.4954640690614938 0.2899941115845488 0.5938614130639237E-01
 0.4954118225843436 0.2908686248100021 0.5995945842810268E-01
 0.4953602379876844 0.2917238933881617 0.6052285811785516E-01
 0.4952963548076085 0.2927721057755966 0.6121699910809998E-01
 0.4952434179701680 0.2936317408810852 0.6178931203754056E-01
 0.4951888132117404 0.2945101562197145 0.6237700055916522E-01
 0.4951307174775110 0.2954356875639060 0.6299931249391162E-01
 0.4950775511576008 0.2962747080729355 0.6356613887606793E-01
 0.4950199443468786 0.2971753979163924 0.6417743329145607E-01
 0.4949626173295270 0.2980632332045605 0.6478287991599341E-01
 0.4949083921593019 0.2988954216886444 0.6535302101325613E-01
 0.4948470817430272 0.2998276415332053 0.6599473418663740E-01
 0.4947895409263224 0.3006943308593205 0.6659415440211422E-01
 0.4947339384794779 0.3015244391726105 0.6717074825722735E-01
 0.4946665088128180 0.3025216074333856 0.6786655752949189E-01
 0.4946082766868730 0.3033745616717823 0.6846452943591919E-01
 0.4945507546391479 0.3042098253166140 0.6905263214826422E-01
 0.4944786214116723 0.3052472508019269 0.6978653011040159E-01
 0.4944196083191191 0.3060878929617087 0.7038394323047600E-01
 0.4943592720431755 0.3069400313858562 0.7099195763916759E-01
 0.4942934299736338 0.3078616332742289 0.7165230352308712E-01
 0.4942342434919286 0.3086828470391486 0.7224319024054279E-01
 0.4941715806416043 0.3095449980172243 0.7286605543305169E-01
 0.4941064220881248 0.3104336957047832 0.7351075141622224E-01
 0.4940462550988676 0.3112474099298698 0.7410333629013782E-01
 0.4939813306105094 0.3121181888720385 0.7473985370800201E-01
 0.4939158537318153 0.3129888874963117 0.7537879304196902E-01
 0.4938545345734758 0.3137976203568394 0.7597453155407723E-01
 0.4937873421713147 0.3146765533231139 0.7662447741353225E-01
 0.4937211771381234 0.3155347803188706 0.7726157051954803E-01
 0.4936586273553646 0.3163396196106416 0.7786117519937459E-01
 0.4935891135956653 0.3172268135084890 0.7852451124495277E-01
 0.4935220909476241 0.3180751326013256 0.7916115328528087E-01
 0.4934582653925527 0.3188766540092320 0.7976485930127938E-01
 0.4933863184945007 0.3197729070770215 0.8044244376845951E-01
 0.4933183312312863 0.3206129091923453 0.8107986922863979E-01
 0.4932531986171518 0.3214114565300821 0.8168789598424361E-01
 0.4931786621719805 0.3223180214766735 0.8238057255332272E-01
 0.4931096482416928 0.3231506314223225 0.8301902690958939E-01
 0.4930431756158294 0.3239465350537580 0.8363141695043587E-01
 0.4929657697135821 0.3248660173280835 0.8434141034876778E-01
 0.4928956667004756 0.3256920790525276 0.8498148964812699E-01
 0.4928278007718562 0.3264858582759594 0.8559845420560840E-01
 0.4927469318386040 0.3274242688323086 0.8633019479996498E-01
 0.4926756927771819 0.3282443495729232 0.8697179134218544E-01
 0.4926063261243882 0.3290370658765575 0.8759390044639243E-01
 0.4925202315653791 0.3300131321263651 0.8836247755173264E-01
 0.4924477697176375 0.3308280659928588 0.8900628258822700E-01
 0.4923766300701104 0.3316223978926274 0.8963559549167224E-01
 0.4922847895451741 0.3326396414577329 0.9044407939077800E-01
 0.4922111708425712 0.3334484915677140 0.9108905366169734E-01
 0.4921377838059578 0.3342490964187144 0.9172934394987561E-01
 0.4920477532317848 0.3352236478859347 0.9251126130452886E-01
 0.4919735269637653 0.3360209264422347 0.9315292466753021E-01
 0.4918980974154432 0.3368255027031588 0.9380221423717744E-01
 0.4918117185696929 0.3377400340398015 0.9454238793156203E-01
 0.4917368073397576 0.3385273519843309 0.9518148767829188E-01
 0.4916599648715234 0.3393294715363804 0.9583442861846483E-01
 0.4915723315661684 0.3402375619105111 0.9657581844890198E-01
 0.4914961209434385 0.3410216134345106 0.9721773096935428E-01
 0.4914179722168676 0.3418202236723880 0.9787321245262380E-01
 0.4913283986726102 0.3427290061626547 0.9862114956311757E-01
 0.4912507864185928 0.3435108534993961 0.9926639199386328E-01
 0.4911713749440070 0.3443055591425858 0.9992395507304593E-01
 0.4910794678477222 0.3452187821655078 0.1006816687409023
 0.4910003881977832 0.3459990375149817 0.1013307444681141
 0.4909197174366506 0.3467898344944277 0.1019901160248854
 0.4908253003590428 0.3477088856275045 0.1027583586538057
 0.4907447233943094 0.3484877734571957 0.1034111109833640
 0.4906627710075462 0.3492749038916571 0.1040723620727444
 0.4905657406224729 0.3502003815749988 0.1048518455329299
 0.4904836496818657 0.3509779818643939 0.1055083825909060
 0.4904003968813118 0.3517616350561991 0.1061714546863591
 0.4903007490537687 0.3526931707183934 0.1069615193372254
 0.4902171440104859 0.3534694119651164 0.1076214730470850
 0.4901325705280649 0.3542497889168061 0.1082864438845382
 0.4900302618318769 0.3551873967404715 0.1090873518350039
 0.4899451363107180 0.3559622672674971 0.1097507868146121
 0.4898592290360285 0.3567394911433222 0.1104175768227374
 0.4897542714601728 0.3576826854737200 0.1112285583535768
 0.4896676276882523 0.3584561051021778 0.1118950876394339
 0.4895803684072995 0.3592303469397529 0.1125637329801823
 0.4894727108916825 0.3601792278868633 0.1133850799636066
 0.4893845386787688 0.3609512287220364 0.1140547655796457
 0.4892959131527383 0.3617226138126367 0.1147251476285396
 0.4891856375308925 0.3626761287186199 0.1155555050837857
 0.4890959441911483 0.3634466024733030 0.1162278766007023
 0.4890059379975561 0.3642152645383428 0.1168999577913408
 0.4888929676979098 0.3651737693334566 0.1177397968666213
 0.4888017408906609 0.3659427779588778 0.1184149381938048
 0.4887103403513966 0.3667088343838492 0.1190886104621282
 0.4885947563226367 0.3676713547574232 0.1199366395661833
 0.4885020032212223 0.3684388059436841 0.1206141188862382
 0.4884091983753401 0.3692023495383997 0.1212893438143643
 0.4882909100001483 0.3701693717402409 0.1221461902921496
 0.4881966134621959 0.3709353729055792 0.1228261737692102
 0.4881023908194638 0.3716965156300068 0.1235028850629552
 0.4879814846486069 0.3726670771939938 0.1243672917396693
 0.4878856524131870 0.3734315408151933 0.1250493867187310
 0.4877900027483730 0.3741903659414144 0.1257275758379116
 0.4876664014380197 0.3751648522877383 0.1266001270661367
 0.4875690214237884 0.3759278479783178 0.1272845065716995
 0.4874719441960928 0.3766843627174021 0.1279640537830035
 0.4873455516049146 0.3776632799073330 0.1288448291327234
 0.4872466131787830 0.3784248632989144 0.1295312491063082
 0.4871480934848000 0.3791791863655831 0.1302121919558626
 0.4870188913539408 0.3801624206670586 0.1311013432696779
 0.4869183830143725 0.3809226502009275 0.1317899666669184
 0.4868184079431470 0.3816748775490222 0.1324722596199428
 0.4866865235427916 0.3826612349848939 0.1333682988097357
 0.4865844507603310 0.3834200496632260 0.1340587530842290
 0.4864830106969425 0.3841702592910130 0.1347423766733373
 0.4863482025358793 0.3851613187916724 0.1356469674235770
 0.4862445368126281 0.3859188999265817 0.1363395206557626
 0.4861416134830538 0.3866672182847122 0.1370244578343630
 0.4860042317550707 0.3876602039151861 0.1379346468201506
 0.4858990021150337 0.3884163278368638 0.1386287804270758
 0.4857946087358612 0.3891626698426063 0.1393148719532475
 0.4856549004609484 0.3901556971046713 0.1402291545365872
 0.4855481071165746 0.3909103648667214 0.1409249893324042
 0.4854422912254197 0.3916544171451142 0.1416118335227224
 0.4853003859243277 0.3926465268434171 0.1425288952593429
 0.4851920128101612 0.3933998621582263 0.1432262415822533
 0.4850848291825665 0.3941412868791655 0.1439134443699475
 0.4849407376218206 0.3951323913472707 0.1448334083100493
 0.4848307427779731 0.3958846898163645 0.1455326553947131
 0.4847222462427502 0.3966231644120842 0.1462197884205155
 0.4845759719359585 0.3976132304832312 0.1471421566362343
 0.4844643143775704 0.3983647711708426 0.1478432288370340
 0.4843545507412991 0.3991000540545050 0.1485299433827439
 0.4842060856311274 0.4000891311568278 0.1494549253732586
 0.4840927069312674 0.4008402950992307 0.1501582835586008
 0.4839817162548948 0.4015721921655006 0.1508442626535831
 0.4838325888256690 0.4025502803482200 0.1517619950357524
 0.4837175165000021 0.4033009214494764 0.1524671490776866
 0.4836054314587802 0.4040286995292441 0.1531515626041200
 0.4834636311882581 0.4049447115131871 0.1540140215396234
 0.4833471025763135 0.4056935866621529 0.1547199062918623
 0.4832344516903586 0.4064142542966445 0.1553998179844930
 0.4831037512725381 0.4072463940932344 0.1561856311788966
 0.4829846950384400 0.4080007096063319 0.1568986723727300
 0.4828714627001213 0.4087149052385862 0.1575744720108950
 0.4827487497286657 0.4094853967781132 0.1583043099704623
 0.4826232978308833 0.4102693671780899 0.1590477016839285
 0.4825082304573653 0.4109851787608680 0.1597270953721625
 0.4823894463149596 0.4117208759177384 0.1604259484591873
 0.4822457618610317 0.4126064583758497 0.1612679742746646
 0.4821266517229223 0.4133370270526328 0.1619633130542294
 0.4820083021201931 0.4140597815899870 0.1626518787639369
 0.4818510352676452 0.4150154072930463 0.1635632971924785
 0.4817282372410367 0.4157578302771148 0.1642720876351196
 0.4816090413532699 0.4164753675583454 0.1649576475707714
 0.4814649732987565 0.4173385960513241 0.1657830717983923
 0.4813403645395899 0.4180817113803570 0.1664942631855149
 0.4812209125225790 0.4187910496207299 0.1671737099107872
 0.4810885613020212 0.4195735705335450 0.1679239291322973
 0.4809589798829731 0.4203362773468297 0.1686557927491585
 0.4808382703570391 0.4210437413952239 0.1693351538089343
 0.4807120977694982 0.4217801432015965 0.1700427813649368
 0.4805679167242018 0.4226178425365119 0.1708483552591619
 0.4804435589744007 0.4233371444173529 0.1715406407095395
 0.4803191357964678 0.4240538727177279 0.1722310158416338
 0.4801549892910926 0.4249949619521039 0.1731383582061111
 0.4800258547548615 0.4257317966126061 0.1738493902189449
 0.4799007911737865 0.4264424821220644 0.1745356509472476
 0.4797529114721606 0.4272791585234162 0.1753441418101656
 0.4796215374855763 0.4280191578886907 0.1760597687415909
 0.4794962967983752 0.4287217607340512 0.1767397667991346
 0.4793601766313212 0.4294822791858053 0.1774764302066780
 0.4792216133220359 0.4302531492242537 0.1782237409971242
 0.4790945114355258 0.4309573627496968 0.1789069227027834
 0.4789637757750440 0.4316788535403822 0.1796073099047046
 0.4787981324937302 0.4325888792126686 0.1804913667431348
 0.4786658178937643 0.4333125397505176 0.1811949471203368
 0.4785354528508578 0.4340227382877135 0.1818859736071221
 0.4783704441525087 0.4349177291989515 0.1827575516953827
 0.4782350008981567 0.4356491100815665 0.1834703579497045
 0.4781045870916095 0.4363505956320856 0.1841544389470516
 0.4779569982461998 0.4371412617226502 0.1849259428591546
 0.4778175293267067 0.4378853374357488 0.1856524532711720
 0.4776864599668692 0.4385818942603301 0.1863330229877213
 0.4775482886547873 0.4393133843951919 0.1870482241874251
 0.4773947865416585 0.4401226928522469 0.1878400791963361
 0.4772601660419055 0.4408295866597791 0.1885321553903385
 0.4771251348728154 0.4415359766231294 0.1892240853702143
 0.4769509148369397 0.4424434843202244 0.1901135160562906
 0.4768107007806011 0.4431707079177953 0.1908267074709749
 0.4766754996622273 0.4438693032302369 0.1915122521020888
 0.4765211226622179 0.4446638598753653 0.1922924902641915
 0.4763771931763603 0.4454016782766699 0.1930174736853195
 0.4762415570566382 0.4460943910802784 0.1936984861210542
 0.4760981033358391 0.4468243215980370 0.1944164214675070
 0.4759403151130443 0.4476240094413675 0.1952033791265551
 0.4758011729489920 0.4483264621087710 0.1958950560638933
 0.4756614630854338 0.4490292288132585 0.1965874653459597
 0.4754824042348147 0.4499262298300363 0.1974718602506426
 0.4753373096418337 0.4506500715839204 0.1981859765511931
 0.4751976172150437 0.4513444415490551 0.1988713371306859
 0.4750396415940668 0.4521267422452802 0.1996438406142964
 0.4748901345544772 0.4528642527923009 0.2003724871595370
 0.4747498644796967 0.4535537009413728 0.2010540224925929
 0.4746026729283866 0.4542745958532907 0.2017670564799753
 0.4744353846297249 0.4550907512478771 0.2025747954374097
 0.4742908550868448 0.4557931881314048 0.2032703379658211
 0.4741468865357421 0.4564904498797239 0.2039610225235765
 0.4739699293050067 0.4573441680502917 0.2048070320826750
 0.4738197681078470 0.4580657753863622 0.2055224569070873
 0.4736760547324181 0.4587539850643833 0.2062050991182361
 0.4735183015026847 0.4595067387119784 0.2069521466182011
 0.4733607481701471 0.4602557570035862 0.2076958492610537
 0.4732154671735895 0.4609439931143860 0.2083794626700065
 0.4730660395204989 0.4616494560544188 0.2090804056831505
 0.4728696711588199 0.4625728434950039 0.2099982188513531
 0.4727176052204837 0.4632850601092255 0.2107064576422167
 0.4725688267491521 0.4639795001502552 0.2113973385266853
 0.4723878192449428 0.4648212313577126 0.2122351886403885
 0.4722326898330820 0.4655399062817379 0.2129508836918640
 0.4720844728233253 0.4662242390769105 0.2136326164918169
 0.4719229178502561 0.4669675985422549 0.2143733929811371
 0.4717590352066027 0.4677189708453192 0.2151224389796849
 0.4716088658987543 0.4684051078193169 0.2158067543448851
 0.4714553262760456 0.4691043303303327 0.2165044572239936
 0.4712402961920228 0.4700796897430763 0.2174782536238117
 0.4710821431696772 0.4707941912689401 0.2181919581943014
 0.4709283506398323 0.4714866860966178 0.2188839073560143
 0.4707401139522165 0.4723312103728403 0.2197280543501607
 0.4705801360766328 0.4730463254248320 0.2204431354606014
 0.4704271865614706 0.4737277888106783 0.2211248540705087
 0.4702602477935502 0.4744691110729349 0.2218667882182841
 0.4700912980700305 0.4752167630966853 0.2226153741141841
 0.4699364223394304 0.4758998570806110 0.2232995396717116
 0.4697781775070658 0.4765955824462008 0.2239965232610722
 0.4695557414038570 0.4775697563517047 0.2249727343035229
 0.4693924854707516 0.4782819727600753 0.2256866915751483
 0.4692340983292633 0.4789707271706165 0.2263773729161171
 0.4690432228391359 0.4797978792039322 0.2272071539077444
 0.4688780734920468 0.4805110322746427 0.2279227986206436
 0.4687206173876793 0.4811888114253838 0.2286030824148856
 0.4685504787541990 0.4819188427033551 0.2293359295471224
 0.4683741104547744 0.4826730616829907 0.2300932054781437
 0.4682141089433994 0.4833550714312138 0.2307781563805518
 0.4680519006370211 0.4840443525083089 0.2314706192323857
 0.4678389630124816 0.4849459681414802 0.2323767125592411
 0.4676709716324356 0.4856547088434783 0.2330891725184144
 0.4675093747022319 0.4863343580121189 0.2337725031275664
 0.4673275310744524 0.4870967050674389 0.2345390963501069
 0.4671542902283178 0.4878205890794404 0.2352671595249188
 0.4669922824252259 0.4884954382995794 0.2359460845297129
 0.4668237647811910 0.4891952718071569 0.2366503619935769
 0.4666203312905119 0.4900372356632494 0.2374979521783963
 0.4664520009408803 0.4907315631925716 0.2381970955389308
 0.4662865701928096 0.4914118737239135 0.2388822296297259
 0.4660939214210119 0.4922015678810020 0.2396776358696566
 0.4659194505720971 0.4929144048902147 0.2403957645500012
 0.4657543960841511 0.4935867373825881 0.2410732493925791
 0.4655799093238246 0.4942953612291200 0.2417874956792348
 0.4653864020295517 0.4950786932437277 0.2425772447393655
 0.4652168429526251 0.4957629064464666 0.2432671770917449
 0.4650479263069733 0.4964425253027810 0.2439525295771735
 0.4648478532901862 0.4972449365473544 0.2447617574901786
 0.4646705918819880 0.4979535591651147 0.2454764726598816
 0.4645022980198419 0.4986243503909758 0.2461531367170929
 0.4643233456399823 0.4993355239305897 0.2468706709076207
 0.4641295739247902 0.5001031702228617 0.2476453134437483
 0.4639573931630354 0.5007831881545107 0.2483315890840005
 0.4637852069947367 0.5014612741387343 0.2490159263780331
 0.4635786898219351 0.5022720051994174 0.2498341359235069
 0.4633983997549605 0.5029775185821757 0.2505462000942858
 0.4632269871006724 0.5036463585114239 0.2512213355066966
 0.4630439769472883 0.5043583870565426 0.2519401831972078
 0.4628484987823848 0.5051165897253365 0.2527057592512024
 0.4626734900701452 0.5057933687551235 0.2533891678399861
 0.4624981721776509 0.5064694378669070 0.2540718625561716
 0.4622862365641919 0.5072841894841348 0.2548945939852305
 0.4621027587251998 0.5079873276296912 0.2556046535982369
 0.4619283393283244 0.5086538640484886 0.2562778277082026
 0.4617417172302157 0.5093650119370379 0.2569961627527476
 0.4615433292566064 0.5101187234160144 0.2577575852817048
 0.4613654105879255 0.5107926934700716 0.2584384787755976
 0.4611870460692666 0.5114664933288599 0.2591191802727261
 0.4609715305230095 0.5122781745884888 0.2599391321878158
 0.4607846510133569 0.5129798431149728 0.2606479435274915
 0.4606072345352294 0.5136441379248005 0.2613190348522031
 0.4604177916101371 0.5143514966150031 0.2620336842192353
 0.4602147829062214 0.5151072725478368 0.2627972801931671
 0.4600335608335658 0.5157800015003191 0.2634769383421557
 0.4598523153757491 0.5164510035599105 0.2641547722803357
 0.4596358910338718 0.5172498876277998 0.2649616671641017
 0.4594454748938443 0.5179506648310477 0.2656693912730766
 0.4592651460906533 0.5186125181909267 0.2663377789333479
 0.4590738755543659 0.5193126318786896 0.2670447990273191
 0.4588639528854506 0.5200787868995118 0.2678184834961316
 0.4586790405105571 0.5207517428952623 0.2684979780627745
 0.4584951915108649 0.5214190613646161 0.2691716674110600
 0.4582800358252428 0.5221977939829680 0.2699576794966881
 0.4580857043659243 0.5228991145881948 0.2706654468282469
 0.4579024893528829 0.5235585573553737 0.2713309028830608
 0.4577100638798716 0.5242493263124969 0.2720279477636683
 0.4574896768198400 0.5250381931858524 0.2728239356704474
 0.4573005311253758 0.5257133083682829 0.2735050554444122
 0.4571141356469560 0.5263768820928866 0.2741744046562155
 0.4569004037577374 0.5271356833060473 0.2749396395072694
 0.4567016488229142 0.5278393241012009 0.2756491126822418
 0.4565153687851897 0.5284970747765482 0.2763122435697911
 0.4563217307079836 0.5291790495618049 0.2769997525390305
 0.4560849388771223 0.5300105929326638 0.2778379681474698
 0.4558908209533212 0.5306903122268730 0.2785230271878684
 0.4557014624903362 0.5313516730617266 0.2791894359428005
 0.4554866639093861 0.5320998789666530 0.2799431555333768
 0.4552837333835971 0.5328047995170710 0.2806531019613866
 0.4550943041051660 0.5334611282179963 0.2813140014654636
 0.4548985755392547 0.5341375785391878 0.2819950770374564
 0.4546432200092502 0.5350175207615118 0.2828808807916806
 0.4544443364838374 0.5357008542747903 0.2835685819471205
 0.4542516564233799 0.5363612095243977 0.2842329491660354
 0.4540325264361323 0.5371102392629167 0.2849862558635951
 0.4538266320179276 0.5378121268658083 0.2856919086533873
 0.4536342569271433 0.5384662765213725 0.2863493959157731
 0.4534353265394547 0.5391410516586049 0.2870274682834138
 0.4531774772813243 0.5400131812036537 0.2879036270842001
 0.4529756492894171 0.5406938757973843 0.2885872341158988
 0.4527801076145561 0.5413517463803640 0.2892476820915199
 0.4525585115045145 0.5420953577235785 0.2899939137202018
 0.4523490227922387 0.5427964831289209 0.2906972584084650
 0.4521535960715088 0.5434489302907316 0.2913516013601392
 0.4519519705329511 0.5441204505588895 0.2920249389204898
 0.4516808551814134 0.5450208322320919 0.2929275423666082
 0.4514750343037431 0.5457024113842588 0.2936105932727759
 0.4512762147922615 0.5463592136773138 0.2942685993217707
 0.4510499844584041 0.5471046795203098 0.2950151617735172
 0.4508375869140591 0.5478027481641713 0.2957140246060431
 0.4506391828648552 0.5484532486466857 0.2963651035150921
 0.4504342791055366 0.5491234718416670 0.2970357854319987
 0.4501607164742632 0.5500157771414438 0.2979284633184780
 0.4499518023638966 0.5506953055737648 0.2986080312767705
 0.4497499896615010 0.5513501798333776 0.2992626887472156
 0.4495212338935688 0.5520906483362374 0.3000025846382646
 0.4493051441927643 0.5527883399703446 0.3006994372844547
 0.4491036676463221 0.5534373055551456 0.3013473987347763
 0.4488961619586443 0.5541041442826233 0.3020130073884232
 0.4486017939718375 0.5550474509836413 0.3029542144424949
 0.4483884546435319 0.5557291565999124 0.3036340850726492
 0.4481830650655659 0.5563839286361254 0.3042867984918705
 0.4479470271272721 0.5571345649964695 0.3050347066520847
 0.4477289737330542 0.5578262708947807 0.3057235836311056
 0.4475246845170887 0.5584728116737117 0.3063672544830404
 0.4473129597011002 0.5591413614044345 0.3070326409795610
 0.4470410861827946 0.5599975814233884 0.3078845155133932
 0.4468268758476450 0.5606704265073971 0.3085536701186729
 0.4466194884099837 0.5613203616247187 0.3091997684178034
 0.4463867632488301 0.5620479827720332 0.3099227613940144
 0.4461628473896618 0.5627463562455479 0.3106163872614383
 0.4459551161648446 0.5633927664478970 0.3112581777106138
 0.4457425075212468 0.5640528840432908 0.3119133833843541
 0.4454449966462111 0.5649741323532503 0.3128274369344072
 0.4452246095899089 0.5656547158097279 0.3135023947364978
 0.4450140153776724 0.5663035982048247 0.3141456161267468
 0.4447792891729301 0.5670251668598935 0.3148605248087255
 0.4445511752342207 0.5677247346752261 0.3155532872632904
 0.4443402363352108 0.5683701726178090 0.3161921801698647
 0.4441251471954629 0.5690268762501186 0.3168419917593435
 0.4438436381790030 0.5698841998805141 0.3176899613867568
 0.4436204676637883 0.5705621195597451 0.3183601549812292
 0.4434079405414969 0.5712062907338968 0.3189966716006906
 0.4431775306617987 0.5719031131139626 0.3196848517450508
 0.4429394425348287 0.5726214724924054 0.3203939318303136
 0.4427240680081154 0.5732698359027264 0.3210336449736401
 0.4425079800802185 0.5739189580584034 0.3216738867908007
 0.4422532932379187 0.5746822560554915 0.3224264780127748
 0.4420252130094092 0.5753641955259997 0.3230985854333548
 0.4418105763120952 0.5760045528754864 0.3237294439819240
 0.4415867715155551 0.5766708396120128 0.3243855500612158
 0.4413116017980659 0.5774880666955804 0.3251898914965984
 0.4410875609407964 0.5781518463597672 0.3258429287503996
 0.4408698258571708 0.5787955770161506 0.3264760475480228
 0.4406271500784025 0.5795114673426938 0.3271799288489194
 0.4403903753198179 0.5802083577042623 0.3278648938430818
 0.4401717526064664 0.5808504346898736 0.3284957342873476
 0.4399492982969582 0.5815024064046594 0.3291360163669405
 0.4396663313514096 0.5823297628252436 0.3299481254026828
 0.4394350834323383 0.5830042761738605 0.3306099018540906
 0.4392154794906592 0.5836434830373782 0.3312368259338851
 0.4389805769205361 0.5843257809780327 0.3319058071587900
 0.4387275787282521 0.5850589863159880 0.3326244504946660
 0.4385032329143904 0.5857077302228769 0.3332600539995016
 0.4382805538552156 0.5863503382464360 0.3338893761453072
 0.4380269986426392 0.5870804624504643 0.3346040732008748
 0.4377881307352535 0.5877667586013302 0.3352755816730191
 0.4375656080599066 0.5884047613874270 0.3358996385090199
 0.4373371654915429 0.5890584092889799 0.3365388395657844
 0.4370036393941971 0.5900103352931443 0.3374694524847014
 0.4372260885620166 0.5893757524404075 0.3368491152450286
 0.4370062537203753 0.5900028846958265 0.3374621701001077
 0.4367828809489346 0.5906388519509410 0.3380836876537828
 0.4365586356196431 0.5912760355797565 0.3387061904280393
 0.4363091940686722 0.5919833297511254 0.3393969408797641
 0.4360631620021472 0.5926794353226081 0.3400765380993918
 0.4358368634167648 0.5933183829546907 0.3407001790073262
 0.4356075662348459 0.5939645092467019 0.3413307106584372
 0.4353270673811167 0.5947531624507179 0.3421001756177638
 0.4350872827106987 0.5954258242859860 0.3427563005934433
 0.4348605085421907 0.5960607079083345 0.3433753866709066
 0.4346215135544693 0.5967284664050828 0.3440263022438656
 0.4343471407367803 0.5974933878984867 0.3447716509758090
 0.4341128847767406 0.5981450526438619 0.3454064441518130
 0.4338834566354739 0.5987820311067493 0.3460267942111875
 0.4336284857550562 0.5994884760572338 0.3467146567067284
 0.4333778117393836 0.6001815367491160 0.3473893253325969
 0.4331471175331522 0.6008180694584481 0.3480087907123900
 0.4329133816087820 0.6014617431235495 0.3486350099522648
 0.4326282315680260 0.6022453077637064 0.3493970687137374
 0.4323837004722192 0.6029157801128131 0.3500489608936181
 0.4321525882794821 0.6035482149525401 0.3506637718687620
 0.4319094529336311 0.6042122527059630 0.3513092395374504
 0.4316272918547538 0.6049812162579496 0.3520566183569952
 0.4313881129406886 0.6056316544553239 0.3526887020941556
 0.4311543517848924 0.6062661361763197 0.3533051637380716
 0.4308954431942992 0.6069674706589462 0.3539864364103237
 0.4306390970010338 0.6076604194818189 0.3546594420931966
 0.4304037541209284 0.6082953342753350 0.3552760207998958
 0.4301659281166999 0.6089357310206801 0.3558978961036948
 0.4298810819319933 0.6097011383228640 0.3566411389541693
 0.4296310912435722 0.6103714559964415 0.3572919901834976
 0.4293955401853644 0.6110018396526862 0.3579039795143877
 0.4291496666416219 0.6116585967744451 0.3585414570770429
 0.4288470658235221 0.6124651344180877 0.3593241688412768
 0.4286012264064409 0.6131189739382443 0.3599586179154222
 0.4283629956740405 0.6137513789790595 0.3605722485245982
 0.4281004942420259 0.6144468542926940 0.3612470795855593
 0.4278382226157245 0.6151403060030314 0.3619199396893663
 0.4275982879005935 0.6157734665985655 0.3625342634657152
 0.4273565828014338 0.6164101152615353 0.3631519148448127
 0.4270716965256223 0.6171589855783045 0.3638783718984498
 0.4268163115503869 0.6178289192868388 0.3645282352553828
 0.4265764406511073 0.6184569677721050 0.3651375016591650
 0.4263277049470511 0.6191070173653968 0.3657681814870142
 0.4259955720092714 0.6199731093508645 0.3666085823310563
 0.4257426685776228 0.6206311412816048 0.3672471473502805
 0.4254995232828240 0.6212626032967808 0.3678599345844979
 0.4252305512412314 0.6219597981325996 0.3685365029159161
 0.4249644399275928 0.6226481991980354 0.3692045507337050
 0.4247202643095790 0.6232786550300929 0.3698164164346604
 0.4244739012316684 0.6239136008089332 0.3704327197995543
 0.4241826627592525 0.6246627102863117 0.3711599468911436
 0.4239226148420284 0.6253302334040264 0.3718080456392897
 0.4236783553367401 0.6259560668492810 0.3724156956401461
 0.4234251550909120 0.6266036257368079 0.3730444464678356
 0.4230833483780341 0.6274758971454278 0.3738914146398132
 0.4228255241988914 0.6281324149462784 0.3745289678793388
 0.4225779417105491 0.6287616984361807 0.3751401895765143
 0.4223040161057278 0.6294566263124395 0.3758153327775328
 0.4220332351061601 0.6301422284072815 0.3764815746873446
 0.4217847844924953 0.6307701179684251 0.3770918450762337
 0.4215342217024889 0.6314022138223447 0.3777062885688280
 0.4212391459318157 0.6321451528727234 0.3784285903790979
 0.4209742508535965 0.6328107742389970 0.3790758596288707
 0.4207257126964770 0.6334341567325957 0.3796822161358150
 0.4204687502808905 0.6340775162957751 0.3803081979875961
 0.4200957663814300 0.6350092861473130 0.3812151437993721
 0.4203445162122959 0.6343881438277650 0.3806105071756639
 0.4201009352706703 0.6349963902034256 0.3812025889753070
 0.4198514480426160 0.6356183058402221 0.3818081179335975
 0.4196007434927522 0.6362421606928579 0.3824156457221107
 0.4193235604249062 0.6369306329135176 0.3830862131153058
 0.4190463315849495 0.6376178892937083 0.3837557364165373
 0.4187930411826455 0.6382446450234420 0.3843664837427946
 0.4185385280128854 0.6388733190353960 0.3849792945947920
 0.4182433795496515 0.6396009828824366 0.3856888593762934
 0.4179726742571458 0.6402670839849550 0.3863386235339764
 0.4177197576381330 0.6408882953439490 0.3869447701194583
 0.4174600777246072 0.6415249993800826 0.3875661884291089
 0.4171060088818315 0.6423913157726715 0.3884119813409871
 0.4168370016870276 0.6430481128535396 0.3890534862412348
 0.4165815201818877 0.6436707763739602 0.3896619174681676
 0.4163054551347658 0.6443423964725938 0.3903185046597812
 0.4160165654358120 0.6450438771282724 0.3910046293775699
 0.4157572821178394 0.6456723063431635 0.3916195690175550
 0.4154995504160464 0.6462958909725601 0.3922299864199034
 0.4152096817366135 0.6469959460191340 0.3929155065853603
 0.4149302359579174 0.6476695466338395 0.3935753908970673
 0.4146721336371425 0.6482905858863732 0.3941840565709809
 0.4144107567047416 0.6489184196771300 0.3947996788796098
 0.4140993981003223 0.6496648923338787 0.3955320321718818
 0.4138240721342116 0.6503236989243844 0.3961787146579107
 0.4135654321247523 0.6509414904657665 0.3967853923889922
 0.4132975959175317 0.6515801416302954 0.3974127972566869
 0.4129189005477688 0.6524812227367915 0.3982984610116916
 0.4126444326631638 0.6531329081858062 0.3989393884645724
 0.4123820232380186 0.6537548729352710 0.3995514489212074
 0.4120916490145241 0.6544418838490781 0.4002279642929687
 0.4118047438891179 0.6551194168801254 0.4008955997998229
 0.4115417327596207 0.6557394192061539 0.4015069139000287
 0.4112771395204840 0.6563620894504132 0.4021211902918018
 0.4109709035204347 0.6570814343583489 0.4028312494101557
 0.4106889160641105 0.6577425690975507 0.4034842676454788
 0.4104258115897907 0.6583583549555652 0.4040928919063684
 0.4101565196781733 0.6589875502015451 0.4047151924811472
 0.4098118233581378 0.6597913505496218 0.4055108021379518
 0.4095319206460231 0.6604427620933532 0.4061560424091780
 0.4092671245799203 0.6610579517448971 0.4067657432384081
 0.4089873012978211 0.6617069333855164 0.4074092656931999
 0.4086676301281703 0.6624469300085930 0.4081434616673423
 0.4083942976649982 0.6630784776069605 0.4087704553499825
 0.4081276630552916 0.6636935048427056 0.4093814396576829
 0.4078368997695935 0.6643630167062374 0.4100470156727298
 0.4075377630104567 0.6650505392519842 0.4107309962308617
 0.4072676094960279 0.6656703455954900 0.4113480184917473
 0.4069986910615011 0.6662862833964380 0.4119615523177437
 0.4066973449022257 0.6669752726414611 0.4126482811287537
 0.4064041955220293 0.6676442869840936 0.4133155680411221
 0.4061341372970159 0.6682595309512304 0.4139296770931093
 0.4058615162867204 0.6688795741008425 0.4145490542685921
 0.4055427025048296 0.6696033575954871 0.4152726823027635
 0.4052534748130718 0.6702587478671416 0.4159284866823433
 0.4049829932803332 0.6708706083930411 0.4165411728911343
 0.4047053109990539 0.6714977052873979 0.4171695281736007
 0.4043345764824744 0.6723332891972358 0.4180074371498036
 0.4040471074728999 0.6729799070547521 0.4186564015191233
 0.4037751369943497 0.6735906245811729 0.4192698162047730
 0.4034859234543510 0.6742389580215157 0.4199215507485947
 0.4031643700190775 0.6749584576232927 0.4206454707921843
 0.4028848936749344 0.6755826730719046 0.4212740458891992
 0.4026112830631453 0.6761927700428652 0.4218888507104138
 0.4023131318336672 0.6768564461194149 0.4225581455892948
 0.4020046364988228 0.6775418995338426 0.4232499778404603
 0.4017265350468745 0.6781587360614584 0.4238731032266073
 0.4014499630172150 0.6787711646959167 0.4244923318469929
 0.4011406172714402 0.6794549703823686 0.4251844056767747
 0.4008388352781039 0.6801208444383171 0.4258589989930219
 0.4005612861574875 0.6807321965462534 0.4264788992621253
 0.4002817579819378 0.6813468920973521 0.4271026793431364
 0.3999587407432498 0.6820559573327528 0.4278228170480238
 0.3996606646681334 0.6827090750319120 0.4284867134408131
 0.3993831471885851 0.6833161165010101 0.4291043036188313
 0.3991004263342158 0.6839335221029381 0.4297329871437437
 0.3987574110668942 0.6846812246343683 0.4304950917445680
 0.3984609627873346 0.6853262118966996 0.4311531286555516
 0.3981823046006422 0.6859314749747153 0.4317711311231735
 0.3978937840792266 0.6865571239802266 0.4324104320561901
 0.3974660678708259 0.6874826844276498 0.4333571188537260
 0.3977513093649583 0.6868656891125424 0.4327259130316794
 0.3974760826739324 0.6874610390872531 0.4333349659915672
 0.3971957533218688 0.6880664498318201 0.4339548331152400
 0.3969151434408297 0.6886714823869537 0.4345748814013071
 0.3966092515793000 0.6893299085827421 0.4352503225672414
 0.3962915026358536 0.6900126267808565 0.4359514195205603
 0.3960058627746050 0.6906252890763579 0.4365811814754242
 0.3957226723118296 0.6912317049062754 0.4372050557230833
 0.3954093885650363 0.6919014140711476 0.4378946445650593
 0.3950964479172468 0.6925691907727209 0.4385828830824175
 0.3948110058193950 0.6931772477553788 0.4392101579881347
 0.3945258065001505 0.6937837989356985 0.4398364621930346
 0.3942061264014559 0.6944625119890917 0.4405379747829681
 0.3938946710909975 0.6951225773239385 0.4412208931781489
 0.3936081938853691 0.6957286772713805 0.4418485299863508
 0.3933199715117007 0.6963374775493416 0.4424794661878103
 0.3929895844298582 0.6970341211810217 0.4432020544786396
 0.3926804363367886 0.6976848057168727 0.4438775986842089
 0.3923932920995487 0.6982881631980498 0.4445045968149874
 0.3921015294396013 0.6989002281355404 0.4451412635007758
 0.3917519711976544 0.6996322191280642 0.4459035180564266
 0.3914453653487121 0.7002730867653062 0.4465716170771811
 0.3911579661046424 0.7008728118279265 0.4471974151551716
 0.3908622942686423 0.7014887962792492 0.4478407481458337
 0.3904697753858528 0.7023049797807484 0.4486940535440651
 0.3901634171749698 0.7029407686510032 0.4493594886045456
 0.3898742220348539 0.7035399477842817 0.4499872230568029
 0.3895694568059309 0.7041703482768153 0.4506483265277846
 0.3892096682889485 0.7049131970047089 0.4514282021023541
 0.3889085864297900 0.7055337022972120 0.4520802938630545
 0.3886170522931123 0.7061335504323072 0.4527112054021337
 0.3883033860677999 0.7067778635146975 0.4533894430851063
 0.3879663178768421 0.7074690120294606 0.4541176418705183
 0.3876680404234066 0.7080795577682926 0.4547615265577765
 0.3873745613705202 0.7086793104163225 0.4553946265465469
 0.3870540755085317 0.7093331573589334 0.4560855285270172
 0.3867241723417868 0.7100050254411352 0.4567962252591868
 0.3864268002375244 0.7106096095195135 0.4574363696275204
 0.3861320981393103 0.7112078027490618 0.4580702930703128
 0.3858081607939615 0.7118642367396993 0.4587665424874218
 0.3854788720034148 0.7125303367995175 0.4594737038091852
 0.3851804766695645 0.7131329218935786 0.4601140352787836
 0.3848839794602935 0.7137307144073723 0.4607498615291010
 0.3845570892473475 0.7143886799817704 0.4614503700585045
 0.3842265394678762 0.7150528374567074 0.4621581652868846
 0.3839261796869710 0.7156553154655506 0.4628007880940082
 0.3836269246670296 0.7162546148470480 0.4634405122526677
 0.3832939008806402 0.7169204152055021 0.4641517838374314
 0.3829649340698036 0.7175769446843198 0.4648537527111872
 0.3826638486519898 0.7181768235874346 0.4654957152660844
 0.3823623885667514 0.7187764881953190 0.4661380274196992
 0.3820226537149461 0.7194511406582982 0.4668613747012328
 0.3816956199369730 0.7200994255337477 0.4675571506173932
 0.3813944480391223 0.7206954534669980 0.4681974130471890
 0.3810918413987247 0.7212933675405592 0.4688402199783526
 0.3807495809701256 0.7219684851566269 0.4695666335251940
 0.3804213938233001 0.7226147029400486 0.4702625652501169
 0.3801187559545789 0.7232096272927617 0.4709038134412190
 0.3798144730253198 0.7238068353316844 0.4715480778562341
 0.3794705386652093 0.7244807230069993 0.4722757275632334
 0.3791398004959095 0.7251276145645499 0.4729748536699747
 0.3788347278823859 0.7257233192268910 0.4736191561294223
 0.3785275733085505 0.7263221351706770 0.4742672678054178
 0.3781770628887771 0.7270043105282740 0.4750061323057790
 0.3778463564854095 0.7276468079175883 0.4757025662107154
 0.3775400775705853 0.7282408683847015 0.4763470113677627
 0.3772303922506789 0.7288405818273935 0.4769981289754367
 0.3768707981484870 0.7295357452467259 0.4777535772800289
 0.3765412709087941 0.7301716557685869 0.4784452747784096
 0.3762347687116931 0.7307621684325444 0.4790881048678227
 0.3759237652909766 0.7313604059014005 0.4797398159493974
 0.3755602398863953 0.7320584679110833 0.4805008569113057
 0.3752297053849939 0.7326920553972173 0.4811921615073033
 0.3749218697008881 0.7332811735254475 0.4818354430813330
 0.3746092395313305 0.7338785236616253 0.4824882182582286
 0.3742441862802041 0.7345748408591424 0.4832497756376725
 0.3739111406230052 0.7352089826945629 0.4839438856080863
 0.3736007483929766 0.7357990298608849 0.4845901599593767
 0.3732849267716132 0.7363984498701208 0.4852470922519712
 0.3729100826662149 0.7371086560206602 0.4860259473998726
 0.3725764147674813 0.7377397216774408 0.4867185084039553
 0.3722643116464600 0.7383290461724268 0.4873657286191437
 0.3719447551041858 0.7389314905552613 0.4880278613775192
 0.3715458902603596 0.7396821016010934 0.4888535674931774
 0.3712131203719368 0.7403071883061839 0.4895417788054526
 0.3709005307997171 0.7408934245168299 0.4901876601156515
 0.3705773747560369 0.7414985201583749 0.4908547352701425
 0.3701314824905556 0.7423318426825429 0.4917740820859701
 0.3697979491807379 0.7429539772903528 0.4924609590261981
 0.3694835740248834 0.7435394386151161 0.4931077715793623
 0.3691522635643354 0.7441554569681608 0.4937887936848182
 0.3687561165260385 0.7448907109616640 0.4946022091438467
 0.3684276843827897 0.7454992013383435 0.4952758115778902
 0.3681111429946596 0.7460847351733604 0.4959243249097540
 0.3677743583337393 0.7467067199155808 0.4966135386506562
 0.3673916832624170 0.7474122164547260 0.4973957194793494
 0.3670633302936933 0.7480165176001085 0.4980661130870365
 0.3667439856470538 0.7486033150525653 0.4987174931179867
 0.3664011773942085 0.7492322156022770 0.4994160800264476
 0.3660281194346438 0.7499154251862307 0.5001755379691553
 0.3657005665993361 0.7505142825258718 0.5008416600185330
 0.3653801896432349 0.7510991053298660 0.5014925190810469
 0.3650357972371197 0.7517267607953908 0.5021914007697705
 0.3646618797247748 0.7524070503597510 0.5029493003508253
 0.3643335186396083 0.7530034510530248 0.5036141151686019
 0.3640129314872877 0.7535848281228970 0.5042625460442909
 0.3636707163692922 0.7542044449109399 0.5049540362211219
 0.3632848833847147 0.7549018246084520 0.5057328021686935
 0.3629526774177610 0.7555012500234372 0.5064025674634235
 0.3626301263073272 0.7560823499415160 0.5070521677663039
 0.3622870010448029 0.7566995409496875 0.5077424370482169
 0.3618929140213760 0.7574071633361517 0.5085342772059841
 0.3615569046831185 0.7580094622851357 0.5092086650335242
 0.3612308460313845 0.7585930133835544 0.5098624546582745
 0.3608822320638371 0.7592159425912288 0.5105608053490343
 0.3604950956654310 0.7599065125517676 0.5113354968440957
 0.3601586311030249 0.7605056777391042 0.5120080312512425
 0.3598305321518966 0.7610890383330340 0.5126631126866987
 0.3594784529085610 0.7617140429099363 0.5133652309001188
 0.3590945154496610 0.7623944342380296 0.5141298777914399
 0.3587582507717535 0.7629893460056747 0.5147987420281289
 0.3584302758754193 0.7635686983874184 0.5154503926585448
 0.3580803201336321 0.7641859094866859 0.5161449489023933
 0.3576864824114250 0.7648793219069541 0.5169256473741238
 0.3573474490292279 0.7654752349705177 0.5175968788166073
 0.3570187431244459 0.7660521085987949 0.5182469073470863
 0.3566706029689126 0.7666621401286728 0.5189345464888018
 0.3562573678631265 0.7673849726385109 0.5197496846575578
 0.3559128175735727 0.7679866179160593 0.5204284848094330
 0.3555806524054955 0.7685657415475903 0.5210821856990159
 0.3552284602094202 0.7691788254698187 0.5217745630411329
 0.3548168283512722 0.7698941367541740 0.5225828055493125
 0.3544698475418681 0.7704960641437004 0.5232632260408214
 0.3541341189553590 0.7710775722093556 0.5239207663921742
 0.3537757828250446 0.7716972658605906 0.5246216698761614
 0.3533764686031802 0.7723866471616304 0.5254016178824517
 0.3530306066544335 0.7729827477554010 0.5260762540928440
 0.3526940865986901 0.7735618596776861 0.5267319014379572
 0.3523345714359231 0.7741795795309714 0.5274315472359526
 0.3519350417547638 0.7748648884258699 0.5282080978452508
 0.3515889061605936 0.7754576239956127 0.5288800242397212
 0.3512528450170216 0.7760322341434834 0.5295316162108674
 0.3508967737876575 0.7766401225505295 0.5302211506392056
 0.3504765077706551 0.7773563708067449 0.5310338691006626
 0.3501253740978861 0.7779537779595700 0.5317119839004566
 0.3497875427778232 0.7785276791054634 0.5323636459066353
 0.3494318523551847 0.7791309960324485 0.5330489552400175
 0.3489850482130644 0.7798875223045554 0.5339086170212058
 0.3486276689772847 0.7804915677926445 0.5345952141970215
 0.3482855266653345 0.7810689745801137 0.5352516567924094
 0.3479229907098206 0.7816798567904972 0.5359462682998362
 0.3475004271653999 0.7823906693313757 0.5367546681853294
 0.3471437113360601 0.7829897002185984 0.5374361208229270
 0.3467984422563050 0.7835686257968282 0.5380949051223706
 0.3464297711229488 0.7841858350771939 0.5387975033654834
 0.3460198334068965 0.7848709762834932 0.5395777276896891
 0.3456644292337192 0.7854639938298875 0.5402532572831136
 0.3453187869995244 0.7860398529627316 0.5409093858185768
 0.3449504854304068 0.7866525231947085 0.5416075757789841
 0.3445348506951698 0.7873427711120248 0.5423943025579533
 0.3441781611274566 0.7879341504120009 0.5430684636348770
 0.3438331963312574 0.7885052344166041 0.5437196155379510
 0.3434696374094924 0.7891061929291395 0.5444049772201065
 0.3430194698035854 0.7898490285329047 0.5452523373520104
 0.3426563394116741 0.7904472085254228 0.5459348113511243
 0.3423093470028867 0.7910179462753573 0.5465860493952113
 0.3419450269183384 0.7916162853587432 0.5472688453603707
 0.3414708661820720 0.7923936461938483 0.5481560506207103
 0.3411020101361502 0.7929972950164657 0.5488451329178439
 0.3407500777734165 0.7935723774566024 0.5495017514820866
 0.3403770824989614 0.7941809540293031 0.5501967805295775
 0.3399416817960029 0.7948901523599221 0.5510069149591704
 0.3395743219860177 0.7954875225781850 0.5516894100571760
 0.3392188807217085 0.7960646436931392 0.5523488100818816
 0.3388397732592029 0.7966792535034309 0.5530510526883654
 0.3384160046924504 0.7973651270115252 0.5538347319794660
 0.3380498684287095 0.7979567559858634 0.5545107722417549
 0.3376942069752221 0.7985306046929707 0.5551665776352571
 0.3373154873578371 0.7991407347291617 0.5558639693040912
 0.3368879195665347 0.7998284218109987 0.5566501744627192
 0.3365212752910413 0.8004171628499089 0.5573233785027145
 0.3361668565425268 0.8009854345600165 0.5579732543327376
 0.3357936686924530 0.8015829130949055 0.5586565921480260
 0.3353260024247665 0.8023303726352851 0.5595115480411456
 0.3349523694872070 0.8029265217006273 0.5601935193892466
 0.3345962634018945 0.8034938663770306 0.5608426313011473
 0.3342236843621214 0.8040865816117275 0.5615208719849862
 0.3336898951344360 0.8049342058554549 0.5624909478862830
 0.3340458459874835 0.8043691805581447 0.5618442811787109
 0.3336919202416255 0.8049309935536353 0.5624872713141407
 0.3333309310464302 0.8055031951839892 0.5631421826129809
 0.3329717576949121 0.8060716958153379 0.5637928562426934
 0.3325904185038331 0.8066743856548315 0.5644826416380441
 0.3321337004515200 0.8073950001563436 0.5653073841369539
 0.3317547605745607 0.8079918996761624 0.5659905686304852
 0.3313893074662393 0.8085667028645789 0.5666485281435116
 0.3310002022695357 0.8091777907424482 0.5673481073106625
 0.3305601360691355 0.8098677778071389 0.5681380911363416
 0.3301819803307509 0.8104597357844608 0.5688158508891479
 0.3298148183037666 0.8110336397839285 0.5694728919880648
 0.3294231594604671 0.8116449203999527 0.5701726260766710
 0.3289859502890023 0.8123261836293456 0.5709523307425968
 0.3286086456805627 0.8129131654846498 0.5716240308259530
 0.3282432323546967 0.8134808229923022 0.5722735606790007
 0.3278575379789888 0.8140791092098449 0.5729581043482083
 0.3273915581623539 0.8148007364877996 0.5737837416022750
 0.3270096636556007 0.8153911743624661 0.5744592440889845
 0.3266446630530249 0.8159546769907182 0.5751038812403919
 0.3262636271048581 0.8165420878242604 0.5757758066865631
 0.3256860645316048 0.8174308228039115 0.5767923076956792
 0.3260712066326157 0.8168383980469844 0.5761147260962779
 0.3257058389637367 0.8174004271957963 0.5767575436833396
 0.3253358330773250 0.8179687867714450 0.5774075816193837
 0.3249688224827802 0.8185317484400041 0.5780514477929647
 0.3245820191147351 0.8191242144078887 0.5787290675294524
 0.3240637327405848 0.8199167007547359 0.5796354373179580
 0.3236697104959679 0.8205181338374056 0.5803232323554344
 0.3232947389570335 0.8210896515288112 0.5809767229849528
 0.3228971116489368 0.8216948123814074 0.5816685678901025
 0.3224351285837606 0.8223967748369697 0.5824709580496276
 0.3220439940480359 0.8229901291840912 0.5831491501302219
 0.3216650435307993 0.8235641664907720 0.5838052659161693
 0.3212600110909507 0.8241768088231594 0.5845055380363479
 0.3208117749267378 0.8248537150933527 0.5852792942636963
 0.3204222185937239 0.8254410832870245 0.5859506815273064
 0.3200431318756405 0.8260118450301573 0.5866030165437772
 0.3196389357122215 0.8266195238619201 0.5872974222789735
 0.3191860183788098 0.8272993663870450 0.5880741141806313
 0.3187963884705196 0.8278832986677866 0.5887410908055297
 0.3184199250201427 0.8284466987067811 0.5893845112320542
 0.3180245172767283 0.8290376065580752 0.5900592539233628
 0.3175144834071528 0.8297985434799001 0.5909280087436847
 0.3171170818394939 0.8303904516621929 0.5916036515893719
 0.3167403853339749 0.8309507243911985 0.5922430484426435
 0.3163480198364177 0.8315334809763525 0.5929079466730747
 0.3158036455442227 0.8323406249668756 0.5938285951104122
 0.3153984810794488 0.8329403241472689 0.5945124498009668
 0.3150175888589893 0.8335032922604395 0.5951543003621468
 0.3146206942105391 0.8340890855271345 0.5958220534168683
 0.3140766129634747 0.8348907518130254 0.5967356385841878
 0.3136665169959355 0.8354939604429974 0.5974228134642539
 0.3132788794154473 0.8360633170283711 0.5980711840445665
 0.3128707019459463 0.8366619862176217 0.5987526638430472
 0.3123698320356653 0.8373954112662890 0.5995871809058823
 0.3119614925468161 0.8379923733029258 0.6002661822366989
 0.3115685013937811 0.8385660772816032 0.6009185674686082
 0.3111492260377499 0.8391772685021918 0.6016134285817510
 0.3106845541265288 0.8398535742570192 0.6023821148325090
 0.3102806351319806 0.8404405541426984 0.6030490467787307
 0.3098873229214040 0.8410113160565186 0.6036972885395420
 0.3094675516827131 0.8416196025726563 0.6043878094130419
 0.3090031094861060 0.8422915765539750 0.6051501886391198
 0.3086005038482330 0.8428731983977623 0.6058096940197381
 0.3082106328199083 0.8434356435313014 0.6064471546600654
 0.3078006193691739 0.8440263224261347 0.6071163201585865
 0.3072894106614537 0.8447616072691827 0.6079488967191096
 0.3068804859115699 0.8453488360682886 0.6086134869250082
 0.3064919255125595 0.8459060513665970 0.6092438095182690
 0.3060886011522574 0.8464836486062102 0.6098968640524945
 0.3055624989110861 0.8472358699439441 0.6107468599071116
 0.3051453140186344 0.8478313954224745 0.6114194139732992
 0.3047540359118975 0.8483891661779670 0.6120490463326322
 0.3043524466353181 0.8489608602358386 0.6126941188515264
 0.3038783008411087 0.8496348369604791 0.6134542268239812
 0.3034521161255053 0.8502397120678623 0.6141360207848022
 0.3030541064401153 0.8508038094956626 0.6147714922357639
 0.3026512756263261 0.8513739664774770 0.6154134191738866
 0.3021984705361115 0.8520139306123622 0.6161335039787416
 0.3017566318704668 0.8526374553242825 0.6168346853270354
 0.3013491027866417 0.8532117421091138 0.6174801860132376
 0.3009405719991783 0.8537866535581503 0.6181261197757255
 0.3004862696653117 0.8544250559359678 0.6188430715650054
 0.3000364717082848 0.8550561759774757 0.6195514732127425
 0.2996236704806673 0.8556345543697571 0.6202002857094738
 0.2992109675953343 0.8562120031702272 0.6208476233110443
 0.2987504366293842 0.8568554415403588 0.6215683825892002
 0.2983022262096133 0.8574807271517702 0.6222682409096609
 0.2978908356776242 0.8580538345742080 0.6229092318976158
 0.2974807769460437 0.8586243164240972 0.6235468762079918
 0.2970290795809201 0.8592518401181858 0.6242478312943645
 0.2965771309859686 0.8598787862498298 0.6249476724089990
 0.2961669552989211 0.8604469856066890 0.6255815039557129
 0.2957630321423419 0.8610057833712113 0.6262044099600379
 0.2953323856103290 0.8616007450265741 0.6268671150165238
 0.2948460933684749 0.8622715885142449 0.6276136801929518
 0.2944284033306489 0.8628469551202438 0.6282534312926594
 0.2940271241110178 0.8633989880338362 0.6288667601937357
 0.2936112911145385 0.8639702926702926 0.6295010146362331
 0.2930839149808368 0.8646937512800134 0.6303034697841524
 0.2926511015052345 0.8652865789091988 0.6309604068371126
 0.2922466319572122 0.8658398459106711 0.6315729745979183
 0.2918349022055046 0.8664023148023184 0.6321951915912616
 0.2913656244911095 0.8670425071249968 0.6329027288150849
 0.2909175071995606 0.8676529474379540 0.6335767498230830
 0.2905038706103289 0.8682156529563526 0.6341975351697545
 0.2900909754244667 0.8687766212391556 0.6348159042112894
 0.2896426380874814 0.8693849208007354 0.6354858636643018
 0.2891616706501344 0.8700365459051885 0.6362028097581305
 0.2887332941702778 0.8706160981380027 0.6368397603420459
 0.2883131063058331 0.8711838232241612 0.6374630283147307
 0.2878629366873521 0.8717912380187554 0.6381290986202554
 0.2873639285766777 0.8724635646449156 0.6388654409344681
 0.2869269010903298 0.8730515353093430 0.6395086600113057
 0.2864996030222561 0.8736256539431705 0.6401361076391472
 0.2860378831159323 0.8742451781499612 0.6408125178363712
 0.2855509892691607 0.8748975347899173 0.6415240176696052
 0.2851159533911337 0.8754795930126157 0.6421581413362049
 0.2846882458694541 0.8760510973995308 0.6427800645453722
 0.2842248109674693 0.8766695063157993 0.6434521955534412
 0.2837419819305459 0.8773128756928495 0.6441505099959165
 0.2833107286732937 0.8778867308786971 0.6447725695832214
 0.2828889376315635 0.8784472774596922 0.6453794948442201
 0.2824404897941059 0.8790424750028153 0.6460231956202951
 0.2819333654356365 0.8797145920734259 0.6467491712360147
 0.2814993038384428 0.8802890711184889 0.6473688963719957
 0.2810826740574465 0.8808397844194218 0.6479622681587603
 0.2806504686438483 0.8814103698006633 0.6485762767292830
 0.2800829330759561 0.8821585115966301 0.6493801160537627
 0.2796358991897270 0.8827469273416290 0.6500113353062280
 0.2792191602318366 0.8832947738802360 0.6505982384797975
 0.2787944461772128 0.8838524193716180 0.6511948486268357
 0.2783082445360165 0.8844899520637649 0.6518759361628742
 0.2778484873908516 0.8850919828982290 0.6525180971038561
 0.2774255177889362 0.8856451358188207 0.6531072380941469
 0.2770051810962642 0.8861941777849427 0.6536911443143458
 0.2765551662801917 0.8867812506162595 0.6543145469914904
 0.2760375947828184 0.8874555205046166 0.6550293477103649
 0.2755953523099455 0.8880308662218873 0.6556382904350101
 0.2751693516728110 0.8885843975387098 0.6562232994008559
 0.2747253046659893 0.8891606660885962 0.6568314502421638
 0.2741415123633800 0.8899171911304553 0.6576283996131983
 0.2736782418967327 0.8905166494108291 0.6582586687634771
 0.2732411845922123 0.8910814744106340 0.6588514861124127
 0.2727861635246250 0.8916687812701651 0.6594668060728287
 0.2721715443344573 0.8924609036885165 0.6602949569939895
 0.2717008130245495 0.8930666695901247 0.6609269564086497
 0.2712527570844544 0.8936425231071335 0.6615267198708943
 0.2707730076308893 0.8942583218028004 0.6621669819153551
 0.2702521524924210 0.8949259646682366 0.6628598150063078
 0.2697923684915582 0.8955145346241056 0.6634693731832595
 0.2693408286802020 0.8960918331307275 0.6640660802894360
 0.2688476988287501 0.8967214960624130 0.6647155270684048
 0.2683448145596289 0.8973627488479557 0.6653754231639080
 0.2678919633884262 0.8979394580804713 0.6659676212506552
 0.2674449431762080 0.8985080535632779 0.6665503368306384
 0.2669586546149545 0.8991258246038606 0.6671821867798705
 0.2664559505352905 0.8997636074583032 0.6678331351045520
 0.2660071593295973 0.9003322710465050 0.6684123434100455
 0.2655683439143363 0.9008876409240878 0.6689768886383383
 0.2651037603715303 0.9014749224976535 0.6695726236926783
 0.2645584286323987 0.9021633632950959 0.6702692958680027
 0.2641031107855145 0.9027374153474170 0.6708488112528223
 0.2636691665449777 0.9032838857149021 0.6713993001095071
 0.2632216388131023 0.9038468164067761 0.6719651682601911
 0.2626738187675864 0.9045350138138532 0.6726552938753489
 0.2622061176018501 0.9051217928187766 0.6732422507133825
 0.2617715445331846 0.9056663774261576 0.6737857649510202
 0.2613341450833142 0.9062138923035614 0.6743309779616126
 0.2608542949164352 0.9068138425251521 0.6749269705528879
 0.2603546300556786 0.9074377898121690 0.6755451945194124
 0.2599082074642067 0.9079945847770963 0.6760954930355656
 0.2594730244431228 0.9085367584654647 0.6766300770853878
 0.2590190102313485 0.9091017617534307 0.6771858320180983
 0.2584250072024936 0.9098400076034026 0.6779098956643366
 0.2579517657405045 0.9104273860738189 0.6784842529627757
 0.2575090525283631 0.9109762498807226 0.6790195327300086
 0.2570565247972430 0.9115366616764315 0.6795646552364515
 0.2565352237243764 0.9121814700582340 0.6801901112968991
 0.2560437291539629 0.9127886567436194 0.6807773819665162
 0.2555886514414578 0.9133502060121859 0.6813190738310644
 0.2551323111003147 0.9139126904166773 0.6818602864138006
 0.2546324224760442 0.9145281401631123 0.6824508534366206
 0.2541055870758377 0.9151759645506011 0.6830706131089974
 0.2536327213619521 0.9157567284494199 0.6836245248323918
 0.2531654106636497 0.9163300260441589 0.6841697051976336
 0.2526580464600321 0.9169517408086511 0.6847591067664907
 0.2521160070008673 0.9176151220025532 0.6853859440745179
 0.2516319149302846 0.9182068682203272 0.6859433346844297
 0.2511516461100657 0.9187932776891886 0.6864940942032745
 0.2506150403575065 0.9194476976208978 0.6871068462615735
 0.2500899558152326 0.9200872774665768 0.6877037409812697
 0.2496066486003007 0.9206752843576514 0.6882507281404074
 0.2491182281393023 0.9212688479662706 0.6888010935576711
 0.2485327208202099 0.9219795238828533 0.6894576221534673
 0.2480238058784314 0.9225964638017634 0.6900254012076084
 0.2475480725332609 0.9231725353632581 0.6905537788841265
 0.2470594869400716 0.9237635264084997 0.6910940711452801
 0.2463900621449745 0.9245722077763155 0.6918304960145489
 0.2458901236882880 0.9251753572880148 0.6923775632035089
 0.2454223275488507 0.9257391222961487 0.6928871744157483
 0.2449350860574220 0.9263257020888622 0.6934155858558518
 0.2443057597397671 0.9270824048462417 0.6940944502373285
 0.2438171745986893 0.9276691620759484 0.6946186667267692
 0.2433568126953161 0.9282214544058839 0.6951103608183345
 0.2428808231605510 0.9287919161444498 0.6956164886254991
 0.2422554056924534 0.9295405743985270 0.6962780569432150
 0.2417647727112317 0.9301271860386665 0.6967943223958479
 0.2413080157078731 0.9306727432413158 0.6972727825214151
 0.2408428676351936 0.9312277793600680 0.6977578815755443
 0.2403098016765155 0.9318631877740913 0.6983111309149725
 0.2398087161211054 0.9324598269627535 0.6988285754431574
 0.2393484756689324 0.9330072814408665 0.6993016152729483
 0.2388924658606958 0.9335491865016208 0.6997682122506572
 0.2384077270856474 0.9341246708528951 0.7002619246744605
 0.2378218938251634 0.9348194081258401 0.7008554649908568
 0.2373411845560572 0.9353888562877881 0.7013399247365192
 0.2368840816487692 0.9359298227144864 0.7017984346165205
 0.2364138569175724 0.9364857949074901 0.7022679080064703
 0.2358603395837947 0.9371395723487700 0.7028176903324035
 0.2353583042384303 0.9377319144383885 0.7033136845371080
 0.2348930343972396 0.9382803473573917 0.7037711100476856
 0.2344276304972821 0.9388284310178932 0.7042265042257284
 0.2339250096994313 0.9394197767915934 0.7047158690768784
 0.2333659692435197 0.9400768151798750 0.7052571477620394
 0.2328802268680251 0.9406471234420004 0.7057248460112927
 0.2324100468747387 0.9411986469017827 0.7061752313097407
 0.2319196247842071 0.9417733800419021 0.7066425673704809
 0.2312724585604138 0.9425309747205953 0.7072554901507396
 0.2307597654602458 0.9431304855320639 0.7077380399493053
 0.2302773502975617 0.9436940581179840 0.7081896786387107
 0.2297786540415191 0.9442761109091475 0.7086540991552248
 0.2291571072816695 0.9450007855603949 0.7092293920308603
 0.2286306180128730 0.9456139731147563 0.7097135911093502
 0.2281342212666079 0.9461915644055471 0.7101674760817673
 0.2276207230835423 0.9467884982202939 0.7106343027415887
 0.2269599378194882 0.9475558250732097 0.7112310421835230
 0.2264211805753250 0.9481807660700270 0.7117143195691493
 0.2259080012947137 0.9487754715051470 0.7121719705239682
 0.2253611397433622 0.9494086066506067 0.7126567901171362
 0.2247489877334193 0.9501165993874366 0.7131959503928472
 0.2242142340828305 0.9507344470144458 0.7136638277539730
 0.2236841013095937 0.9513463812027508 0.7141247542438856
 0.2230710120895238 0.9520533645241523 0.7146541818084404
 0.2225094580512613 0.9527002592297833 0.7151357231136566
 0.2219829971371431 0.9533061582426536 0.7155842828866670
 0.2214349658534811 0.9539363014041063 0.7160482991818939
 0.2207941172196147 0.9546724229100976 0.7165871514490842
 0.2202570058748428 0.9552887702870639 0.7170356455617810
 0.2197368592288232 0.9558851202959947 0.7174672153943890
 0.2191698093079156 0.9565346554444146 0.7179345684750765
 0.2185975878539054 0.9571894957860786 0.7184028510228275
 0.2180816732206193 0.9577793710718469 0.7188221951014518
 0.2175717115870144 0.9583619511763002 0.7192340641961000
 0.2170131870852726 0.9589994561261962 0.7196821826251009
 0.2164489803814210 0.9596428639364115 0.7201317260112632
 0.2159410126797595 0.9602216408703542 0.7205337596535586
 0.2154413730892180 0.9607904725713167 0.7209266827558397
 0.2149057471667293 0.9613997754050901 0.7213450984542689
 0.2143196596202079 0.9620658944340169 0.7217995729349959
 0.2138103091274632 0.9626443040094210 0.7221916812263923
 0.2133181080343744 0.9632028062145491 0.7225680673774590
 0.2128037344307480 0.9637860165125807 0.7229587787686144
 0.2120910995497846 0.9645932653109897 0.7234956736326770
 0.2115685492862727 0.9651846399817219 0.7238861090675892
 0.2110786405708238 0.9657386529027039 0.7242496497318778
 0.2105705809574423 0.9663127647084183 0.7246240843539251
 0.2098717471534569 0.9671017488441157 0.7251348123148308
 0.2093478174047732 0.9676927360372087 0.7255144391129030
 0.2088594175852830 0.9682432404158022 0.7258657978603518
 0.2083581153121264 0.9688078843020811 0.7262239146620201
 0.2077579944071045 0.9694832997378817 0.7266492732969339
 0.2072298260474364 0.9700772584501367 0.7270206167179729
 0.2067396178513430 0.9706281327221674 0.7273627452024062
 0.2062473852233669 0.9711809016058921 0.7277038391314320
 0.2057090373219050 0.9717850243466902 0.7280740823976164
 0.2051447260175398 0.9724178014314487 0.7284590405584602
 0.2046419625133087 0.9729811520381664 0.7287993122693308
 0.2041520449775163 0.9735297389253379 0.7291284485759629
 0.2036398141014553 0.9741029242262067 0.7294700019826398
 0.2029029889359884 0.9749267428066029 0.7299566982773618
 0.2023722196922361 0.9755196799548796 0.7303039105404694
 0.2018764050662566 0.9760731956655149 0.7306257027271081
 0.2013632510401643 0.9766456928716152 0.7309561589562024
 0.2007100174859119 0.9773739211013108 0.7313730348904022
 0.2001742375395894 0.9779707577395251 0.7317118105912022
 0.1996730710989679 0.9785286697891161 0.7320261476472869
 0.1991620233881949 0.9790972202403989 0.7323441441423606
 0.1985759175271379 0.9797488288018652 0.7327056818352289
 0.1980214622497888 0.9803648155557371 0.7330445723715231
 0.1975096303109743 0.9809330778549098 0.7333547089678331
 0.1969981844580227 0.9815005590936148 0.7336620254944463
 0.1964421507777795 0.9821171173553853 0.7339932198296482
 0.1958441994963827 0.9827797001566388 0.7343460272172695
 0.1953143629332810 0.9833664150172794 0.7346557666373504
 0.1947960484884711 0.9839400189678380 0.7349561657221704
 0.1942465145624241 0.9845477961367923 0.7352718429304642
 0.1935712132489172 0.9852941451990007 0.7356557773816046
 0.1930194692042078 0.9859035124431506 0.7359661831338888
 0.1924887815897174 0.9864892672570710 0.7362619574506609
 0.1919271274071966 0.9871088245843923 0.7365720338307645
 0.1912423010790807 0.9878637331153999 0.7369460437861459
 0.1906779649793481 0.9884853969277017 0.7372509306790822
 0.1901318002342111 0.9890866826595599 0.7375431645146283
 0.1895459060554898 0.9897313170474495 0.7378535531738039
 0.1888913737564708 0.9904509984662327 0.7381964841365122
 0.1883183108809673 0.9910806966217213 0.7384934026070498
 0.1877524851367580 0.9917020759224033 0.7387835238931041
 0.1871251840842329 0.9923905454716095 0.7391016558801984
 0.1864921959538393 0.9930848134292595 0.7394189836794700
 0.1859082334954925 0.9937249193723457 0.7397084947220997
 0.1853110268195790 0.9943791601116752 0.7400013814343680
 0.1845381689946919 0.9952252596487433 0.7403756184744817
 0.1839122872171599 0.9959099917335584 0.7406746976007141
 0.1833034056686779 0.9965757329106335 0.7409622150982969
 0.1825838218869170 0.9973620220207294 0.7412976589826595
 0.1819421625721044 0.9980627194348142 0.7415928610045357
 0.1813263830867153 0.9987347678068335 0.7418727454705342
 0.1806312416221525 0.9994929794062426 0.7421847379995035
 0.1799812022438893  1.000201570026587 0.7424727006894845
 0.1793690585421192  1.000868479490127 0.7427405230867807
 0.1787123950986170  1.001583495738487 0.7430242035434510
 0.1780447620976643  1.002310041829970 0.7433088032784771
 0.1774395444670768  1.002968308621038 0.7435635146363810
 0.1768252965437369  1.003636055339934 0.7438188919267203
 0.1760183087473554  1.004512812713491 0.7441496775970651
 0.1754012462166817  1.005182834597596 0.7443990164563503
 0.1748090062953879  1.005825590176195 0.7446353869124597
 0.1741416797651608  1.006549474162963 0.7448982596701121
 0.1735156868978891  1.007228176689717 0.7451415089575099
 0.1729366646969321  1.007855660551793 0.7453636448035768
 0.1723476514895839  1.008493686517926 0.7455868254535433
 0.1715850907525663  1.009319280100359 0.7458716458703734
 0.1709806440164444  1.009973357304988 0.7460941396571404
 0.1704113208669813  1.010589161681027 0.7463010647145154
 0.1698109117953437  1.011238314816951 0.7465165019925973
 0.1691304817744749  1.011973648796345 0.7467571736954722
 0.1685494516069653  1.012601283348345 0.7469597519461925
 0.1679856857886423  1.013210026630701 0.7471537317067497
 0.1673797793340300  1.013864010324600 0.7473594005294506
 0.1667328834680084  1.014561940303839 0.7475758095011937
 0.1661612458535377  1.015178424509379 0.7477643590313563
 0.1656007861380379  1.015782629045472 0.7479468237024078
 0.1649945360808940  1.016435950713835 0.7481415798041557
 0.1643557224489978  1.017124090216439 0.7483439290305287
 0.1637873349996085  1.017736132408896 0.7485215637436270
 0.1632288832736569  1.018337264765862 0.7486939441227903
 0.1626250785475730  1.018986984033831 0.7488779794389272
 0.1619857000598868  1.019674722599179 0.7490702427537063
 0.1614178914489635  1.020285257198066 0.7492387448455728
 0.1608605876312790  1.020884297217659 0.7494020783270625
 0.1602597411269460  1.021529922508553 0.7495758851996588
 0.1596150926494621  1.022222365803187 0.7497597084320480
 0.1590456762257590  1.022833788491181 0.7499197878037615
 0.1584880725360316  1.023432338117314 0.7500744659995279
 0.1578891684597238  1.024075015609984 0.7502383173765689
 0.1572362528213579  1.024775413651282 0.7504142659119173
 0.1566639252442796  1.025389161269660 0.7505662109399364
 0.1561048350301479  1.025988534263270 0.7507125887756066
 0.1555055499960392  1.026630804264247 0.7508672477223030
 0.1548463318839888  1.027337078027463 0.7510347098472144
 0.1542708038006128  1.027953495515721 0.7511786484114422
 0.1537090910015556  1.028554945923988 0.7513171165780610
 0.1531071326260371  1.029199305115289 0.7514633191844277
 0.1524441826006656  1.029908735394752 0.7516217478937829
 0.1518654677747442  1.030527841914801 0.7517578551385432
 0.1513002489800367  1.031132348606440 0.7518888393004747
 0.1506931311327760  1.031781491292023 0.7520274127919377
 0.1500303647070892  1.032489930448299 0.7521762128645697
 0.1494485153441298  1.033111703584682 0.7523047446159182
 0.1488786437872784  1.033720522957734 0.7524287502985046
 0.1482637722655845  1.034377249444138 0.7525604858302442
 0.1476033834134138  1.035082400199284 0.7526996171051059
 0.1470183825929386  1.035706890127720 0.7528208515477153
 0.1464428495900710  1.036321126206618 0.7529383010605989
 0.1458168499467755  1.036989059854837 0.7530640252580626
 0.1451612961379292  1.037688348576425 0.7531934591327581
 0.1445730877028940  1.038315645878038 0.7533076874415270
 0.1439904242018968  1.038936889295231 0.7534190828698504
 0.1433484857003797  1.039621173268964 0.7535398102117250
 0.1426982953085446  1.040314086189147 0.7536599740149005
 0.1421065260632956  1.040944595409377 0.7537675100355681
 0.1415148218284157  1.041574900614669 0.7538733102982923
 0.1408476334690246  1.042285455418617 0.7539905669864588
 0.1402032560728096  1.042971559505455 0.7541017891899741
 0.1396071239961491  1.043606159130485 0.7542029325274111
 0.1390027367450958  1.044249416426955 0.7543037726504390
 0.1382848143387186  1.045013343404826 0.7544213413035912
 0.1376448077123533  1.045694211461484 0.7545241370036972
 0.1370423247153646  1.046335033165824 0.7546191886115197
 0.1364166378387590  1.047000407282580 0.7547161619780181
 0.1355517874669050  1.047919904567117 0.7548473404356910
 0.1349097092472170  1.048602398800982 0.7549426241719183
 0.1342905023576695  1.049260459759253 0.7550328449048300
 0.1335939444509799  1.050000584582093 0.7551324042056213
 0.1329224854481595  1.050713902305233 0.7552264653593330
 0.1322979304473538  1.051377272499506 0.7553122975479567
 0.1316569050344374  1.052058019199989 0.7553987606749692
 0.1307458297357713  1.053025349032695 0.7555188664748206
 0.1300772646922288  1.053735048321727 0.7556049680598668
 0.1294332696296595  1.054418551292616 0.7556863028217684
 0.1286940229433910  1.055203013545069 0.7557777484470901
 0.1280051866599467  1.055933854101681 0.7558611309629149
 0.1273559284446094  1.056622592535090 0.7559381339752915
 0.1266736517821158  1.057346243882166 0.7560174306014663
 0.1258841160904000  1.058183516805324 0.7561071855741740
 0.1252064986331848  1.058901985864332 0.7561825642853383
 0.1245304897812074  1.059618642292473 0.7562563002084228
 0.1236904092322901  1.060509089976525 0.7563459736374669
 0.1229804716636749  1.061261468543216 0.7564201333910362
 0.1222948546863401  1.061987967504831 0.7564904094214017
 0.1215176959648780  1.062811344205798 0.7565685538428356
 0.1207794380353994  1.063593388431963 0.7566413707853734
 0.1200792737531262  1.064334975199806 0.7567092076655308
 0.1193226753337656  1.065136222550278 0.7567812082581162
 0.1185397115240450  1.065965270669452 0.7568543113845256
 0.1178175174357003  1.066729865591526 0.7569204850686950
 0.1170550691794525  1.067536969096155 0.7569890567218275
 0.1162298549635666  1.068410390983795 0.7570618035661892
 0.1154821378572942  1.069201679670817 0.7571264158947579
 0.1146907742487924  1.070039047818966 0.7571934552450706
 0.1138537779205824  1.070924580422915 0.7572628489523154
 0.1130804807581071  1.071742611807357 0.7573255754069383
 0.1122258768781727  1.072646535191842 0.7573933555179716
 0.1113990388474224  1.073520974896331 0.7574574115511079
 0.1105937889592902  1.074372476999493 0.7575183731879525
 0.1096128903104157  1.075409578216167 0.7575907430252422
 0.1087882633094556  1.076281339065153 0.7576499717807285
 0.1078872718322902  1.077233712548019 0.7577130008675873
 0.1070505490449495  1.078118045956759 0.7577699713718125
 0.1062294963077810  1.078985720840961 0.7578244313149318
 0.1052962717332229  1.079971823766189 0.7578846114263648
 0.1044925296314144  1.080821013530494 0.7579349765169625
 0.1036323423761866  1.081729746585041 0.7579873731593816
 0.1028068305926128  1.082601758827862 0.7580361977378910
 0.1020261438980882  1.083426343661737 0.7580810682291967
 0.1011105750544014  1.084393302143233 0.7581320968668266
 0.1003135185372642  1.085235017126776 0.7581751290471686
 0.9953909642859313E-01  1.086052761052747 0.7582156998556102
 0.9841295014931147E-01  1.087241788649929 0.7582725160679787
 0.9916372186063858E-01  1.086449110712270 0.7582349251654593
 0.9843571929926057E-01  1.087217749455532 0.7582713928606263
 0.9768636072735769E-01  1.088008878520171 0.7583078086899379
 0.9689780000347049E-01  1.088841333620806 0.7583449125834719
 0.9604459199989500E-01  1.089741966069130 0.7583836664025977
 0.9528594103646412E-01  1.090542727944683 0.7584169168298158
 0.9449942381387685E-01  1.091372847553492 0.7584501888887755
 0.9365211738929832E-01  1.092267065650494 0.7584846674105489
 0.9289590039722796E-01  1.093065099930125 0.7585142496603905
 0.9211232368159587E-01  1.093891957953474 0.7585437296765627
 0.9125903750315309E-01  1.094792321532829 0.7585744897371887
 0.9050114579301149E-01  1.095591982010097 0.7586006480375381
 0.8971759691741389E-01  1.096418670554496 0.7586265511927773
 0.8885579536329305E-01  1.097327871761874 0.7586537178832784
 0.8809337753415153E-01  1.098132182788685 0.7586766194041907
 0.8730581526786604E-01  1.098962982042972 0.7586991953704807
 0.8643825848713624E-01  1.099878125100173 0.7587228474712275
 0.8567099808199945E-01  1.100687435172778 0.7587427568060783
 0.8487675831894075E-01  1.101525169999577 0.7587624269314760
 0.8401093515004152E-01  1.102438371683379 0.7587828494620472
 0.8323981602527022E-01  1.103251656315642 0.7588002006369226
 0.8243747098954017E-01  1.104097844980325 0.7588174711123322
 0.8157396212621730E-01  1.105008507784747 0.7588352182781674
 0.8079826334464478E-01  1.105826538436337 0.7588504552657486
 0.7998601980349626E-01  1.106683082017363 0.7588657228825939
 0.7912275235334754E-01  1.107593404328017 0.7588812035749983
 0.7834024126536604E-01  1.108418544587188 0.7588945906545215
 0.7751423787781135E-01  1.109289523049308 0.7589080737398081
 0.7665075579791919E-01  1.110199996363040 0.7589214750400061
 0.7585943289733044E-01  1.111034362616154 0.7589331485324150
 0.7501297229759475E-01  1.111926844696748 0.7589450061815985
 0.7415099294208906E-01  1.112835668089455 0.7589564276125873
 0.7334838154856319E-01  1.113681878998553 0.7589664832777979
 0.7247011795203387E-01  1.114607832732172 0.7589768629556313
 0.7160882050004064E-01  1.115515880923615 0.7589864256049578
 0.7079069461793958E-01  1.116378398597438 0.7589949586437430
 0.6985518324297556E-01  1.117364653685008 0.7590040761719180
 0.6899046218017339E-01  1.118276263216406 0.7590119102075341
 0.6814694027898348E-01  1.119165510793027 0.7590190098574119
 0.6702902435198750E-01  1.120344008175727 0.7590275861397469
 0.6614238099397315E-01  1.121278686315668 0.7590336819425502
 0.6523446830332896E-01  1.122235774911411 0.7590392174485997
 0.6424702220788239E-01  1.123276693589332 0.7590443342906399
 0.6333878374074403E-01  1.124234106826502 0.7590481278650235
 0.6234050577630962E-01  1.125286427250465 0.7590512509474872
 0.6133236187721816E-01  1.126349142158141 0.7590533619038677
 0.6035176508202332E-01  1.127382815423878 0.7590545893720129
 0.5917401174113732E-01  1.128624314246592 0.7590553227022567
 0.5808640528521466E-01  1.129770785934032 0.7590555926553523
 0.5692838853101819E-01  1.130991478363478 0.7590556890625484
 0.5562088259650209E-01  1.132369750666721 0.7590557156704409
 0.5430283023125270E-01  1.133759140171503 0.7590557201971996
 0.5269450066647786E-01  1.135454517584088 0.7590557207948362
 0.5099082111503483E-01  1.137250405623392 0.7590557208267363
 0.4885800182565819E-01  1.139498659790960 0.7590557208275479
 0.4613253073489115E-01  1.142371641936669 0.7590557208275204
 0.4194606763629461E-01  1.146784689566006 0.7590557208275189
 0.3176507919132968E-01  1.157516705079632 0.7590557208275189
-0.8958874588530071E-02  1.200444767134137 0.7590557208275189
-0.1598130130389206  1.359463605324156 0.7590557208275189
