RUNGE KUTTA: X Z PHI
 0.4996532258814858 0.3973637814032293E-01 0.8726646259971648E-02
 0.4977578891016218 0.1986726859634131 0.1956928467717637E-01
 0.4991908603901336 0.9271821566075343E-01 0.8726646262837298E-02
 0.4994991040510350 0.5739699064713305E-01 0.8726646259971648E-02
 0.4988824959888650 0.1280394396201001 0.8829503558840164E-02
 0.4992936082771007 0.8094447398954661E-01 0.8726646259971648E-02
 0.4988374565755627 0.1330505906577161 0.8953465256966242E-02
 0.4991420338407125 0.9831318373631528E-01 0.8726649543613692E-02
 0.4992430834658819 0.8673404390514410E-01 0.8726646259983770E-02
 0.4991731140368980 0.9475174629923032E-01 0.8726646459635815E-02
 0.4992197603229552 0.8940661136984009E-01 0.8726646260529599E-02
 0.4991691536029588 0.9520556706402103E-01 0.8726646570195241E-02
 0.4991255238622579 0.1002050381166660 0.8726658270642292E-02
 0.4990937118935890 0.1038503130173949 0.8726727235760809E-02
 0.4990635524650055 0.1073061661791877 0.8727002663035777E-02
 0.4990389738092942 0.1101223949904574 0.8727671266763392E-02
 0.4990181356981109 0.1125097707052899 0.8728957442916536E-02
 0.4989989810946241 0.1147038314245303 0.8731241848725865E-02
 0.4989800454049905 0.1168720512704993 0.8735256566601707E-02
 0.4989551469283560 0.1197209139538248 0.8744919149261959E-02
 0.4989348871249063 0.1220359508773297 0.8758477118896463E-02
 0.4989166349074633 0.1241177807332375 0.8777022879539248E-02
 0.4989010316452131 0.1258933523691738 0.8799081959875788E-02
 0.4988866708530366 0.1275230354445704 0.8825585298047577E-02
 0.4988715773614394 0.1292299020974473 0.8860964490153712E-02
 0.4988568311656910 0.1308901444544573 0.8903983011936090E-02
 0.4988430450950309 0.1324343195918608 0.8952575723484525E-02
 0.4988279837638185 0.1341108865160621 0.9015683491365120E-02
 0.4988141893279315 0.1356353299783175 0.9083142260242169E-02
 0.4988006693276984 0.1371177453831960 0.9158497730354017E-02
 0.4987865719393732 0.1386497247145820 0.9246959051693171E-02
 0.4987730673040306 0.1401028572061739 0.9341113142623363E-02
 0.4987591464003303 0.1415847926462372 0.9447561221622105E-02
 0.4987458045241978 0.1429888491100804 0.9558219820044006E-02
 0.4987324356984803 0.1443789400848768 0.9677210553485137E-02
 0.4987189601796727 0.1457623793293659 0.9804891584161649E-02
 0.4987055875114382 0.1471170623335831 0.9938806846700133E-02
 0.4986916879128410 0.1485054163571310 0.1008520997856998E-01
 0.4986779583465955 0.1498566775293659 0.1023668695152577E-01
 0.4986633010269845 0.1512768739149814 0.1040547022734678E-01
 0.4986491593822123 0.1526250147352516 0.1057468004086038E-01
 0.4986349766016039 0.1539552273593056 0.1074992235105111E-01
 0.4986208351850901 0.1552598580695528 0.1092918747260298E-01
 0.4986068647841344 0.1565276611541413 0.1110963749988995E-01
 0.4985924355789337 0.1578155110338893 0.1129852336694168E-01
 0.4985783050094447 0.1590559030549409 0.1148529235458526E-01
 0.4985634053458253 0.1603420638449109 0.1168365894596625E-01
 0.4985488283147426 0.1615793513203485 0.1187883996891808E-01
 0.4985334409435579 0.1628634988824030 0.1208589063556644E-01
 0.4985184014471256 0.1640974792139904 0.1228920309640743E-01
 0.4985025759046037 0.1653740537199775 0.1250405530514048E-01
 0.4984871810352701 0.1665949710589015 0.1271383771366169E-01
 0.4984709122465598 0.1678634550935964 0.1293628504701523E-01
 0.4984551325979629 0.1690730952909101 0.1315277485777419E-01
 0.4984383803478335 0.1703356578526068 0.1338336276880209E-01
 0.4984221246440921 0.1715401380086009 0.1360779295177361E-01
 0.4984048615081262 0.1727976722574103 0.1384682834388516E-01
 0.4983881415271628 0.1739950819274608 0.1407903012968353E-01
 0.4983703521229669 0.1752475531911840 0.1432677612891297E-01
 0.4983532033492704 0.1764345574635909 0.1456616552502919E-01
 0.4983348542050388 0.1776832114109589 0.1482283108956136E-01
 0.4983171605480430 0.1788669278394116 0.1507079518274553E-01
 0.4982984603700788 0.1800969758105212 0.1533328768579695E-01
 0.4982800930062276 0.1812847871832334 0.1559140219902417E-01
 0.4982609862591623 0.1824997146553621 0.1586011527169609E-01
 0.4982420401852637 0.1836842578247229 0.1612675757541900E-01
 0.4982225930529199 0.1848799206218952 0.1640062757673837E-01
 0.4982031956903519 0.1860527893750231 0.1667390403104275E-01
 0.4981838122190800 0.1872057658175111 0.1694703674142759E-01
 0.4981635324275709 0.1883923284389089 0.1723286811041980E-01
 0.4981441290568382 0.1895093242711459 0.1750643377948078E-01
 0.4981226423558107 0.1907260578369171 0.1780942729587709E-01
 0.4981027880929535 0.1918320848310114 0.1808939006593925E-01
 0.4980808554944267 0.1930341608137947 0.1839863442276098E-01
 0.4980603996623990 0.1941372225124117 0.1868704977369253E-01
 0.4980378733447017 0.1953324034056595 0.1900460637616095E-01
 0.4980167733822460 0.1964339280758680 0.1930191653700008E-01
 0.4979936516366094 0.1976216849073180 0.1962750447595102E-01
 0.4979717729534607 0.1987275822542042 0.1993539894776375E-01
 0.4979491688376753 0.1998523522179373 0.2025330559686408E-01
 0.4979261940035759 0.2009776225826390 0.2057615689693455E-01
 0.4979036961463721 0.2020625536493699 0.2089198769497485E-01
 0.4978785400660315 0.2032564237100763 0.2124477685941262E-01
 0.4978556180465667 0.2043271333895897 0.2156593734388424E-01
 0.4978300567839963 0.2055024830311315 0.2192370506855129E-01
 0.4978066481832774 0.2065621493269668 0.2225092755877586E-01
 0.4977804191148988 0.2077311427792360 0.2261707268111954E-01
 0.4977562019443176 0.2087937915878833 0.2295468002935733E-01
 0.4977306084366570 0.2098999855053812 0.2331098492749361E-01
 0.4977052029707635 0.2109814618752912 0.2366408760072099E-01
 0.4976800767550965 0.2120353024415369 0.2401266085182061E-01
 0.4976521129493425 0.2131903291272035 0.2439983954646370E-01
 0.4976266445901384 0.2142264537627143 0.2475179983549888E-01
 0.4975978750748725 0.2153793131982824 0.2514858953276277E-01
 0.4975718219042995 0.2164077447335327 0.2550712652563677E-01
 0.4975430732784480 0.2175259450296435 0.2590186087690335E-01
 0.4975159514177691 0.2185653679837272 0.2627343154958764E-01
 0.4974885531325375 0.2196005736549029 0.2664798854325346E-01
 0.4974590470408830 0.2206992829449355 0.2705039672238117E-01
 0.4974316238143378 0.2217058873134032 0.2742342365334583E-01
 0.4974001775200098 0.2228434610001750 0.2784999690843529E-01
 0.4973719405222554 0.2238501995351217 0.2823199583323203E-01
 0.4973414133925176 0.2249233903968285 0.2864386705117113E-01
 0.4973118199733570 0.2259491388268887 0.2904197436133361E-01
 0.4972825153693339 0.2269511260271666 0.2943501009827622E-01
 0.4972489655052610 0.2280819870159629 0.2988355291584710E-01
 0.4972192202745253 0.2290705121877417 0.3028000248853847E-01
 0.4971848555672291 0.2301965843488036 0.3073658199292561E-01
 0.4971541211735527 0.2311896305197384 0.3114356158191267E-01
 0.4971222248674796 0.2322066033187419 0.3156453202813796E-01
 0.4970894348750455 0.2332380423149412 0.3199586058544190E-01
 0.4970582071442939 0.2342075042579141 0.3240533936328009E-01
 0.4970217406083278 0.2353242328411616 0.3288190454689623E-01
 0.4969895590718125 0.2362963906426034 0.3330098077588589E-01
 0.4969552179113466 0.2373203993118660 0.3374662569349636E-01
 0.4969212658823554 0.2383196090453232 0.3418570179197464E-01
 0.4968882936009655 0.2392777863815728 0.3461072215017816E-01
 0.4968495647600678 0.2403883495054665 0.3510820033808625E-01
 0.4968157173912885 0.2413461355529565 0.3554138413197285E-01
 0.4967790735801234 0.2423699935476969 0.3600867604899700E-01
 0.4967435330418668 0.2433504219743878 0.3646028783266392E-01
 0.4967087624129289 0.2442979382999877 0.3690063448631913E-01
 0.4966677248910138 0.2454018029704653 0.3741844391402905E-01
 0.4966321246879118 0.2463471169245768 0.3786591559984687E-01
 0.4965935104094631 0.2473599297718764 0.3834943413580110E-01
 0.4965561526648369 0.2483277151439953 0.3881544821153756E-01
 0.4965196831609768 0.2492613549003386 0.3926875208118365E-01
 0.4964763399362864 0.2503570631290731 0.3980538354350623E-01
 0.4964389096473134 0.2512914828790623 0.4026690310548848E-01
 0.4963989456902420 0.2522774159187011 0.4075769486794380E-01
 0.4963593735608087 0.2532420632293065 0.4124172602103388E-01
 0.4963212728656540 0.2541602106082685 0.4170598819734424E-01
 0.4962755902027341 0.2552477000631345 0.4226035288759283E-01
 0.4962361439465988 0.2561753236833675 0.4273698562589424E-01
 0.4961952184203586 0.2571268717349299 0.4322946436252512E-01
 0.4961526788062059 0.2581045363943149 0.4373923491227363E-01
 0.4961128442402281 0.2590097633711161 0.4421469348925391E-01
 0.4960660407013747 0.2600610116910885 0.4477101736592374E-01
 0.4960243457475610 0.2609865809902589 0.4526447408345303E-01
 0.4959825862131128 0.2619035319209094 0.4575664566287064E-01
 0.4959347252780977 0.2629424140509584 0.4631825973546947E-01
 0.4958927244098758 0.2638437772599431 0.4680902352048127E-01
 0.4958469226527602 0.2648160069921076 0.4734202231440121E-01
 0.4958025723036542 0.2657470586552750 0.4785594189931659E-01
 0.4957596737796433 0.2666381726317085 0.4835095958027189E-01
 0.4957074539962640 0.2677106910643498 0.4895082041538319E-01
 0.4956629580546913 0.2686142585028336 0.4945969422130857E-01
 0.4956173575010903 0.2695306658666758 0.4997910909108102E-01
 0.4955685563440188 0.2705009079504150 0.5053263138453479E-01
 0.4955238218716367 0.2713810104505296 0.5103786379030812E-01
 0.4954740614029929 0.2723498207057848 0.5159744466119079E-01
 0.4954267338514553 0.2732615668420123 0.5212738902770471E-01
 0.4953807771365139 0.2741380784885283 0.5263994149997824E-01
 0.4953243593131434 0.2752025179757200 0.5326644846554360E-01
 0.4952766889461526 0.2760922077254840 0.5379345445644382E-01
 0.4952280510909313 0.2769910169136901 0.5432892158950900E-01
 0.4951752931214469 0.2779560045552458 0.5490727009017542E-01
 0.4951274173955935 0.2788229350994948 0.5542996315195907E-01
 0.4950751254585772 0.2797605417996585 0.5599861224366966E-01
 0.4950240813471085 0.2806666359015379 0.5655140897912034E-01
 0.4949751794449557 0.2815264326870394 0.5707886995358067E-01
 0.4949164261891569 0.2825489907127283 0.5770986347504930E-01
 0.4948652326401055 0.2834309019426267 0.5825733555496048E-01
 0.4948143356830320 0.2842995230143389 0.5879955602116655E-01
 0.4947523719663561 0.2853462627653996 0.5945687960675498E-01
 0.4947006565821279 0.2862110556994885 0.6000309319902063E-01
 0.4946463772668578 0.2871102936217947 0.6057403248191515E-01
 0.4945907063805620 0.2880238205453488 0.6115716542230629E-01
 0.4945387133686144 0.2888691591495485 0.6169961756082872E-01
 0.4944807825440296 0.2898023246363855 0.6230160798494648E-01
 0.4944254734246704 0.2906848785419271 0.6287395735336115E-01
 0.4943722224181740 0.2915270284185703 0.6342276476619257E-01
 0.4943080315912804 0.2925325506560193 0.6408142306065212E-01
 0.4942522696425176 0.2933976795758770 0.6465111570680422E-01
 0.4941970761688445 0.2942465076692080 0.6521281149433661E-01
 0.4941283121685989 0.2952938619297602 0.6590958804726903E-01
 0.4940718768019937 0.2961451912209285 0.6647890120708654E-01
 0.4940135829641338 0.2970169280634068 0.6706455471744759E-01
 0.4939518494894852 0.2979318337754332 0.6768216538675120E-01
 0.4938953081671677 0.2987624871230790 0.6824557276670447E-01
 0.4938342696417388 0.2996515380615734 0.6885142077643293E-01
 0.4937730965606988 0.3005347254945265 0.6945611603597697E-01
 0.4937155247257693 0.3013589158611663 0.7002290069397538E-01
 0.4936513632936552 0.3022696091018968 0.7065192334606483E-01
 0.4935899545175621 0.3031336603485087 0.7125143023861374E-01
 0.4935311306862939 0.3039545397592881 0.7182346070602227E-01
 0.4934628480502902 0.3048992446808992 0.7248476222113485E-01
 0.4934008581871211 0.3057494427957465 0.7308257059314605E-01
 0.4933405371489509 0.3065700923980093 0.7366192822605361E-01
 0.4932641522614400 0.3076000613039147 0.7439227618433991E-01
 0.4932011975430858 0.3084413542339520 0.7499153882524878E-01
 0.4931386303093882 0.3092708223888462 0.7558479480360314E-01
 0.4930618998322699 0.3102791990661041 0.7630920339020143E-01
 0.4929984699723295 0.3111055678791645 0.7690539140150997E-01
 0.4929332138050937 0.3119490585866986 0.7751623206048432E-01
 0.4928625500569949 0.3128549697022350 0.7817488226912697E-01
 0.4927988411483743 0.3136651871291756 0.7876629627269596E-01
 0.4927315913898152 0.3145138472919491 0.7938816603523201E-01
 0.4926609835656848 0.3153977449827354 0.8003842276180843E-01
 0.4925962272657725 0.3162020862320657 0.8063236374938006E-01
 0.4925271168633988 0.3170539853354800 0.8126368611537425E-01
 0.4924558994806789 0.3179249442336539 0.8191157264380576E-01
 0.4923899944752257 0.3187248038496934 0.8250879877768531E-01
 0.4923191570306930 0.3195780791303207 0.8314828564307068E-01
 0.4922470096620734 0.3204403963441314 0.8379699959745975E-01
 0.4921799137699154 0.3212363511524945 0.8439790962083701E-01
 0.4921075095203315 0.3220889287629796 0.8504378560100533E-01
 0.4920342227681301 0.3229453112126351 0.8569487535486962E-01
 0.4919659136778474 0.3237376718031891 0.8629941271011714E-01
 0.4918921268046335 0.3245873417041320 0.8694994551110613E-01
 0.4918174913776950 0.3254403206577559 0.8760531115674126E-01
 0.4917479429076996 0.3262294206862528 0.8821356376879158E-01
 0.4916729609833843 0.3270740776578869 0.8886668031986540E-01
 0.4915967800686687 0.3279258872407272 0.8952747477899071E-01
 0.4915259583724567 0.3287121336696589 0.9013936265018373E-01
 0.4914499263588166 0.3295502847050119 0.9079372472504382E-01
 0.4913719843558226 0.3304032222319003 0.9146178698256398E-01
 0.4912998506845481 0.3311870451399264 0.9207756509865071E-01
 0.4912228774259523 0.3320176750917605 0.9273201044819816E-01
 0.4911429638486994 0.3328738325799802 0.9340863629634646E-01
 0.4910694814351438 0.3336556127703363 0.9402836888579141E-01
 0.4909916384653502 0.3344781621339081 0.9468239293563771E-01
 0.4909094953673964 0.3353399870788258 0.9536977864949768E-01
 0.4908346182364735 0.3361201624674163 0.9599385739521457E-01
 0.4907559445547519 0.3369344274332260 0.9664700307265513E-01
 0.4906712854660982 0.3378044913593099 0.9734695498863927E-01
 0.4905949598351167 0.3385835407427634 0.9797553302589421E-01
 0.4905154339303600 0.3393899320620145 0.9862803476600356E-01
 0.4904279341886909 0.3402710093579627 0.9934309437735950E-01
 0.4903500988565863 0.3410494328922076 0.9997661353328190E-01
 0.4902696570090623 0.3418487334804651 0.1006287969555998
 0.4901790481693099 0.3427428480254300 0.1013603568044210
 0.4900996550562410 0.3435209730738640 0.1019987891739846
 0.4900181950372667 0.3443142840783915 0.1026514061091757
 0.4899243169760372 0.3452222675124509 0.1034004523789765
 0.4898433389322812 0.3460001873374056 0.1040438999316845
 0.4897607468807983 0.3467886460966617 0.1046976038528316
 0.4896637094582668 0.3477087086353439 0.1054623783950301
 0.4895811634622211 0.3484861054717722 0.1061102570573603
 0.4894973433721628 0.3492706321006013 0.1067656777505534
 0.4893973772481519 0.3501999725679940 0.1075441240574683
 0.4893132941241770 0.3509764324867390 0.1081961352959422
 0.4892281895406639 0.3517575469576971 0.1088534889768663
 0.4891255349059390 0.3526934527548258 0.1096430065966654
 0.4890399481978874 0.3534685815955801 0.1102985126993164
 0.4889535310749263 0.3542465421463475 0.1109579224651037
 0.4888482581395194 0.3551879893312773 0.1117578951992364
 0.4887611762730581 0.3559616443739207 0.1124168462921654
 0.4886734394289878 0.3567365159308575 0.1130781832452468
 0.4885655280917418 0.3576833336530163 0.1138881075203765
 0.4884769476997740 0.3584554891831880 0.1145501656469423
 0.4883878742787944 0.3592274243265290 0.1152134526218408
 0.4882772586695748 0.3601798458016719 0.1160337382336671
 0.4881871642239072 0.3609505795926872 0.1166990103504845
 0.4880967312851670 0.3617197715545660 0.1173641976099789
 0.4879835085262081 0.3626766405379955 0.1181934177444468
 0.4878919065000820 0.3634458526574310 0.1188614543756945
 0.4878000960013795 0.3642124567401696 0.1195285350152620
 0.4876842594865715 0.3651735481174637 0.1203666637126748
 0.4875911415495172 0.3659412676614352 0.1210375276928749
 0.4874979474264644 0.3667053332824083 0.1217063435066095
 0.4873793991990911 0.3676711769723823 0.1225534156714145
 0.4872847524134619 0.3684374707063235 0.1232268245555249
 0.4871901553150049 0.3691991545006427 0.1238974006597988
 0.4870689524955861 0.3701690131015543 0.1247529783994621
 0.4869727724551550 0.3709338796491405 0.1254290077359258
 0.4868767613833968 0.3716932666057088 0.1261012609872722
 0.4867528711070359 0.3726671502133188 0.1269649577683733
 0.4866551503401115 0.3734306160891033 0.1276433239654904
 0.4865577099624706 0.3741878253810413 0.1283172828413742
 0.4864311409649052 0.3751654243445315 0.1291890713748873
 0.4863318763590501 0.3759274817559989 0.1298698796482471
 0.4862330076367445 0.3766825020038632 0.1305454092288238
 0.4861036295715540 0.3776645758241201 0.1314255911935519
 0.4860028098415462 0.3784252788335151 0.1321085928760479
 0.4859025017291859 0.3791781901207453 0.1327856886263266
 0.4857703269969516 0.3801643941160535 0.1336741945322882
 0.4856679467799326 0.3809237509573744 0.1343594906154435
 0.4855661939105704 0.3816745877381875 0.1350380331006825
 0.4854311776483694 0.3826650145174633 0.1359345153713798
 0.4853272304499915 0.3834230448208866 0.1366217861648859
 0.4852240160717167 0.3841719270759868 0.1373017718940314
 0.4850863074884325 0.3851652706111123 0.1382052437417568
 0.4849807997229940 0.3859219067469022 0.1388945042716807
 0.4848761266971484 0.3866688144110869 0.1395757590731158
 0.4847360284435995 0.3876627569141740 0.1404836530857782
 0.4846289793010664 0.3884178608193284 0.1411744469437480
 0.4845228794695221 0.3891625892328490 0.1418566876535086
 0.4843805935705959 0.3901556460082861 0.1427678453423635
 0.4842719949948792 0.3909092837625332 0.1434603425080528
 0.4841645258675765 0.3916514679339544 0.1441431134587190
 0.4840200630929236 0.3926435464342051 0.1450570128559102
 0.4839098849498906 0.3933959368534649 0.1457511138592224
 0.4838010970411116 0.3941352823713454 0.1464340646293232
 0.4836544661981850 0.3951263121465726 0.1473508542021418
 0.4835426622628644 0.3958777719306214 0.1480469792249567
 0.4834326060938489 0.3966139970911131 0.1487297348515841
 0.4832838090385597 0.3976039576646499 0.1496489527065676
 0.4831703311550787 0.3983548048672093 0.1503470804515725
 0.4830590421113005 0.3990877451079399 0.1510293793805821
 0.4829080666305114 0.4000767117891869 0.1519512803158765
 0.4827928468027588 0.4008273776459563 0.1526519369442861
 0.4826803573159856 0.4015568925376888 0.1533335319500925
 0.4825328492836550 0.4025085433426971 0.1542236679513047
 0.4824161349520073 0.4032575892894820 0.1549251392401783
 0.4823028315693939 0.4039814605778345 0.1556037882879088
 0.4821659777815255 0.4048515321189823 0.1564204868635796
 0.4820475066891127 0.4056010184662980 0.1571248050399968
 0.4819337890012180 0.4063172329648848 0.1577984985014448
 0.4818069753468153 0.4071122772611808 0.1585470534042175
 0.4816843142509823 0.4078776706231098 0.1592684318117060
 0.4815694859482655 0.4085910047129128 0.1599414509999877
 0.4814484828082510 0.4093394068538089 0.1606483188784786
 0.4813149717665095 0.4101612991731973 0.1614254716710585
 0.4811971987849460 0.4108829784409366 0.1621085589401280
 0.4810782628724937 0.4116086550400616 0.1627960324184391
 0.4809158829971006 0.4125943910426052 0.1637308377069871
 0.4807930804644512 0.4133360801514703 0.1644349876498070
 0.4806729507067366 0.4140585090096718 0.1651215375933506
 0.4805143069414574 0.4150078867906217 0.1660247738283442
 0.4803897903883748 0.4157493647945005 0.1667309376080207
 0.4802690541654272 0.4164652878354839 0.1674132995140367
 0.4801246099208560 0.4173179022796797 0.1682266070782634
 0.4799981441770449 0.4180609588911398 0.1689360285428585
 0.4798771764613038 0.4187687462815544 0.1696123590974649
 0.4797442122472341 0.4195434195968873 0.1703532678332030
 0.4796120700320578 0.4203099136676683 0.1710869979828026
 0.4794896462162566 0.4210170553764128 0.1717644207526447
 0.4793624561127831 0.4217487267056892 0.1724658139798108
 0.4792127828433867 0.4226058638672812 0.1732881022707066
 0.4790862848951093 0.4233270585822400 0.1739805473878790
 0.4789604041457716 0.4240418373032331 0.1746673929613262
 0.4787979094126726 0.4249602963171152 0.1755507778551236
 0.4786671456710889 0.4256959908318549 0.1762589870423258
 0.4785408669334097 0.4264035977910951 0.1769406173325190
 0.4783949995442929 0.4272175199132686 0.1777252037099577
 0.4782613206877436 0.4279602208332332 0.1784416854911256
 0.4781346780787669 0.4286610290839991 0.1791182891792928
 0.4779991064967375 0.4294082615681185 0.1798403169028268
 0.4778558875733355 0.4301943269809145 0.1806005166976160
 0.4777267234890457 0.4309003614181927 0.1812838333919311
 0.4775953767280428 0.4316155468816996 0.1819764619272537
 0.4774142876118677 0.4325970389355927 0.1829277521475659
 0.4772789381105383 0.4333272285615437 0.1836360983805282
 0.4771467306560634 0.4340376955125599 0.1843258707429342
 0.4769765692845715 0.4349481367066609 0.1852105920026694
 0.4768395193419706 0.4356781925801655 0.1859206114233895
 0.4767073315285224 0.4363796542083972 0.1866032543653878
 0.4765559892612485 0.4371795474521403 0.1873821810647107
 0.4764154718517284 0.4379191911051326 0.1881029336174714
 0.4762828657807523 0.4386145390538554 0.1887810010323992
 0.4761421800759651 0.4393494676464285 0.1894981921064974
 0.4759892157675431 0.4401453177245729 0.1902754128531555
 0.4758534034193139 0.4408491468442403 0.1909632052922781
 0.4757165639843082 0.4415556805045300 0.1916540031374775
 0.4755350431181518 0.4424889053829108 0.1925669890108700
 0.4753931047478004 0.4432154819410426 0.1932782849166402
 0.4752559417164360 0.4439150174970712 0.1939635479907108
 0.4750962006933668 0.4447265190643180 0.1947590390554901
 0.4749514360506258 0.4454590124863138 0.1954775385842018
 0.4748142108889257 0.4461508152337058 0.1961564667639968
 0.4746674974592816 0.4468877437829447 0.1968800134901357
 0.4745115449886660 0.4476680429821181 0.1976465358094881
 0.4743714846545592 0.4483661877637643 0.1983327456826179
 0.4742297478233628 0.4490701727585865 0.1990251092607573
 0.4740363024327583 0.4500269457427390 0.1999667443782275
 0.4738894064200553 0.4507504064862570 0.2006791994996927
 0.4737472581025446 0.4514479809941273 0.2013664675750383
 0.4735784134747974 0.4522733978051467 0.2021800623557348
 0.4734293454238108 0.4529993066678686 0.2028959477884013
 0.4732874992531488 0.4536876106066108 0.2035751187640994
 0.4731345410544348 0.4544271985327584 0.2043053184556148
 0.4729755246103735 0.4551932075804540 0.2050620387062147
 0.4728312584560196 0.4558856545280084 0.2057464132387429
 0.4726845729507643 0.4565872922403367 0.2064401408571143
 0.4724795605612818 0.4575638770799921 0.2074061666786588
 0.4723277979467148 0.4582837988560500 0.2081186946882936
 0.4721805901048193 0.4589796973103272 0.2088078069883497
 0.4720017141294302 0.4598221306385425 0.2096425022778075
 0.4718482285564126 0.4605422406702370 0.2103563628534708
 0.4717016142410479 0.4612277692808437 0.2110362001109586
 0.4715418278496755 0.4619723046282397 0.2117748123947713
 0.4713797189704775 0.4627249364933123 0.2125217545656972
 0.4712311563459239 0.4634122894615306 0.2132042230208567
 0.4710791988440193 0.4641130100893991 0.2139003084636913
 0.4708667213547160 0.4650888805253608 0.2148702917764096
 0.4707103083501398 0.4658043626226979 0.2155818164517098
 0.4705580595922388 0.4664984636701242 0.2162723177003196
 0.4703700912019846 0.4673522679627605 0.2171220089357982
 0.4702118608755745 0.4680683288987747 0.2178349313550050
 0.4700604143409555 0.4687514310838887 0.2185153509185856
 0.4698942657743511 0.4694983287700532 0.2192596806289064
 0.4697280259084275 0.4702430245983488 0.2200021609859052
 0.4695749536763564 0.4709264451143491 0.2206837935116131
 0.4694179447108792 0.4716251830986238 0.2213809010996334
 0.4691980053575440 0.4726001735563359 0.2223539483478542
 0.4690367924220073 0.4733120374987933 0.2230646880032965
 0.4688797376451351 0.4740032918839584 0.2237551295478118
 0.4686854046296915 0.4748555789584469 0.2246067881839857
 0.4685223175931058 0.4755682585038953 0.2253192052314197
 0.4683662530577345 0.4762480736770624 0.2259989368999787
 0.4681952230416274 0.4769906561892093 0.2267415865235118
 0.4680236670732669 0.4777330013264836 0.2274841864861109
 0.4678659147277556 0.4784134086389238 0.2281650391490304
 0.4677044101631849 0.4791078280730877 0.2288601569189837
 0.4674770751849594 0.4800816112900750 0.2298353196982184
 0.4673107544663637 0.4807913383221034 0.2305462837969759
 0.4671492347118040 0.4814784141524932 0.2312346917045854
 0.4669535073595029 0.4823081717584458 0.2320662245242604
 0.4667852544622300 0.4830189990445891 0.2327787588883661
 0.4666247611809610 0.4836949471222356 0.2334565385362090
 0.4664510970997789 0.4844240805301391 0.2341878987788418
 0.4662716116161753 0.4851751804896015 0.2349415395107930
 0.4661085929222807 0.4858552107103047 0.2356240340715365
 0.4659432905358317 0.4865426857378026 0.2363141163957286
 0.4657267730019163 0.4874400181685994 0.2372150226557042
 0.4655555202095485 0.4881472568646863 0.2379252602415530
 0.4653909069328356 0.4888250144481039 0.2386060876073655
 0.4652064188483023 0.4895822216815485 0.2393669631929933
 0.4650294124221233 0.4903063772366087 0.2400948244053721
 0.4648642605646577 0.4909799822311737 0.2407719931728131
 0.4646930468008820 0.4916762385438023 0.2414720096778300
 0.4644804639888385 0.4925378153566317 0.2423383472056655
 0.4643083172851338 0.4932331677634891 0.2430376712854146
 0.4641397872093461 0.4939119005002808 0.2437204302510983
 0.4639441043092476 0.4946975129288489 0.2445108889707385
 0.4637662433167744 0.4954092885087833 0.2452271813331015
 0.4635981758920154 0.4960798878946766 0.2459020887167122
 0.4634209712879069 0.4967848753390935 0.2466116235632132
 0.4632224549973615 0.4975721476634520 0.2474040066444624
 0.4630495773657972 0.4982556084957468 0.2480919780613468
 0.4628778256194117 0.4989326675795536 0.2487736148633685
 0.4626759477341184 0.4997260217482332 0.2495724815456796
 0.4624952420443507 0.5004339323950558 0.2502854090498005
 0.4623240228262182 0.5011027449086105 0.2509589984343867
 0.4621428354760062 0.5018084611908977 0.2516697671013542
 0.4619432658261682 0.5025833763619770 0.2524502632068593
 0.4617676073598977 0.5032633826268752 0.2531352449329263
 0.4615927213999473 0.5039384951139351 0.2538154113941838
 0.4613860291033416 0.5047339614818014 0.2546169863526684
 0.4612020931950660 0.5054396552429991 0.2553281963117155
 0.4610278302960021 0.5061063477975910 0.2560001303707317
 0.4608432550165206 0.5068105047821181 0.2567098207433106
 0.4606403832227980 0.5075821231022140 0.2574875078044407
 0.4604615917475204 0.5082601379482035 0.2581708991037872
 0.4602837182245526 0.5089328141314169 0.2588489830327292
 0.4600742486367629 0.5097226230132607 0.2596452320344650
 0.4598867403949340 0.5104274825349099 0.2603558715286050
 0.4597094747701890 0.5110919925172571 0.2610257990116522
 0.4595222919503095 0.5117917462225102 0.2617311845766362
 0.4593138221284301 0.5125687609305045 0.2625143684304632
 0.4591316171965308 0.5132458973336064 0.2631968459796996
 0.4589509417076788 0.5139155381521807 0.2638717706270939
 0.4587403932519129 0.5146936400102634 0.2646560162815758
 0.4585491494919550 0.5153983107244819 0.2653662117922854
 0.4583689536329837 0.5160604690383406 0.2660334747773830
 0.4581798069272070 0.5167536501832012 0.2667318766471394
 0.4579631372057659 0.5175453648629537 0.2675294123399035
 0.4577771111474467 0.5182231365041440 0.2682120947299114
 0.4575936809980083 0.5188896818303439 0.2688834482010135
 0.4573824814077864 0.5196549777050748 0.2696542532785621
 0.4571873741424213 0.5203599262195578 0.2703642343411728
 0.4570042010031795 0.5210199900136948 0.2710289274440726
 0.4568131935854190 0.5217064780457472 0.2717201146584723
 0.4565855001887310 0.5225224268246085 0.2725415067072502
 0.4563952827191972 0.5232021024309133 0.2732256440166593
 0.4562089830635813 0.5238660489030309 0.2738939249866394
 0.4559966074021955 0.5246208543737634 0.2746536362648087
 0.4557974768847559 0.5253265952853262 0.2753639023173735
 0.4556111905576071 0.5259850850928267 0.2760265042531816
 0.4554180362523710 0.5266660996848989 0.2767116180433410
 0.4551766335672999 0.5275147385766705 0.2775651416664081
 0.4549820296930819 0.5281968631171097 0.2782510498791141
 0.4547926567807689 0.5288589557885471 0.2789167286939267
 0.4545776570909374 0.5296086331122341 0.2796703682956381
 0.4543749020965390 0.5303136690521146 0.2803789953521850
 0.4541855500497729 0.5309704069776164 0.2810389065083723
 0.4539897428942112 0.5316478275546482 0.2817193875500381
 0.4537373369778187 0.5325185209755549 0.2825936971358481
 0.4535388742543508 0.5332011423559014 0.2832789464369320
 0.4533463939392740 0.5338615262647082 0.2839417387336781
 0.4531276997878507 0.5346098781628991 0.2846926692809901
 0.4529218592488359 0.5353123468057559 0.2853973772557197
 0.4527296021016324 0.5359668088617967 0.2860537177166646
 0.4525308586772832 0.5366416872921658 0.2867302878458352
 0.4522720488064615 0.5375180204519531 0.2876084513259023
 0.4520702359693400 0.5381994031475644 0.2882910185750941
 0.4518747122609422 0.5388579286162969 0.2889505340497137
 0.4516526667086587 0.5396038570743705 0.2896974137130199
 0.4514434953239095 0.5403046802373217 0.2903989350585948
 0.4512481978309869 0.5409574057107475 0.2910520939149595
 0.4510465060776456 0.5416298785130164 0.2917247610070409
 0.4507785682344006 0.5425206952645162 0.2926154466621609
 0.4505730892268588 0.5432019131763846 0.2932963122404268
 0.4503744015082822 0.5438590264401507 0.2939529198672370
 0.4501487079953744 0.5446035728404831 0.2946967063001779
 0.4499361962533977 0.5453028170212157 0.2953950208312960
 0.4497378085264479 0.5459540094950852 0.2960451091503785
 0.4495330393402873 0.5466245617087926 0.2967142467947789
 0.4492576164022518 0.5475239597157932 0.2976113040577879
 0.4490486820064722 0.5482043238100234 0.2982896022633907
 0.4488469303469859 0.5488597431503455 0.2989428293398294
 0.4486177904918233 0.5496022971225656 0.2996826677524473
 0.4484020634283652 0.5502996100838712 0.3003771715506483
 0.4482007489166047 0.5509487943925140 0.3010234665190651
 0.4479931426679103 0.5516167199464335 0.3016881091248216
 0.4477074101213664 0.5525334490331190 0.3025998264298835
 0.4474948569649574 0.5532134925574151 0.3032758245757139
 0.4472898936354772 0.5538677293611923 0.3039259516934610
 0.4470560815398595 0.5546122367831382 0.3046655382511598
 0.4468375465726542 0.5553063633832577 0.3053548157041461
 0.4466333156516257 0.5559535517269960 0.3059972132189975
 0.4464223968035480 0.5566204180884210 0.3066588407890292
 0.4461372220689986 0.5575196311522645 0.3075505123035523
 0.4459218554698436 0.5581968881114342 0.3082217744094886
 0.4457140749012218 0.5588488025140748 0.3088677033556849
 0.4454788006087458 0.5595852281370166 0.3095971229957165
 0.4452561221119751 0.5602805273040835 0.3102855343342087
 0.4450486539004136 0.5609268555012166 0.3109251711353991
 0.4448352872692370 0.5615900823510599 0.3115812032600252
 0.4445266334850563 0.5625468695582969 0.3125270178330689
 0.4447325032309954 0.5619090438532186 0.3118965826563899
 0.4445294034846910 0.5625382966649253 0.3125185461798333
 0.4443215228987101 0.5631809796614160 0.3131535063508816
 0.4441119303408772 0.5638275491022365 0.3137920531180911
 0.4438755864216727 0.5645549610035475 0.3145101446268599
 0.4436485824928998 0.5652519591097429 0.3151978888526978
 0.4434379579710925 0.5658972144034593 0.3158342502031304
 0.4432224136124626 0.5665561054705045 0.3164837023048809
 0.4429218758108052 0.5674724034849805 0.3173862800062716
 0.4426985103020996 0.5681516116578794 0.3180549238830383
 0.4424851499761490 0.5687989717703976 0.3186919518198983
 0.4422478787959607 0.5695172567284874 0.3193984945469207
 0.4420163106508985 0.5702166396967021 0.3200861450683226
 0.4418024681818100 0.5708610607962493 0.3207194571894876
 0.4415847275848495 0.5715158307037937 0.3213626178488229
 0.4413047629315376 0.5723556564783870 0.3221870820645282
 0.4410785494618919 0.5730325620881580 0.3228512643125084
 0.4408633811914301 0.5736750333914541 0.3234814220400767
 0.4406317610482287 0.5743651306557115 0.3241580570534879
 0.4403874241739901 0.5750914445938976 0.3248699188293996
 0.4401684382894907 0.5757409513146324 0.3255062110347222
 0.4399498764004584 0.5763878436397194 0.3261396294705655
 0.4396969634217355 0.5771347266291046 0.3268705523966393
 0.4394645609233386 0.5778194607744109 0.3275403000272952
 0.4392468798319856 0.5784594584346205 0.3281660233473599
 0.4390217280964448 0.5791200426221171 0.3288116313407380
 0.4387178873568376 0.5800092909513408 0.3296803213324778
 0.4384882886039211 0.5806795870160859 0.3303347739080031
 0.4382671322861297 0.5813238872984807 0.3309635249869850
 0.4380189136660923 0.5820454628566921 0.3316673042232865
 0.4377803613033838 0.5827373878940405 0.3323418170952228
 0.4375591937140254 0.5833775392370698 0.3329656053265703
 0.4373332781818222 0.5840301014209235 0.3336012754723902
 0.4370331289878925 0.5848950212467171 0.3344434904966663
 0.4367989650765897 0.5855681681097300 0.3350986864441749
 0.4365760490924182 0.5862076642525188 0.3357208668446565
 0.4363341416360231 0.5869001988943755 0.3363943481863381
 0.4360845256023504 0.5876132363428276 0.3370874655675712
 0.4358586835109196 0.5882570012757810 0.3377130264422226
 0.4356323448579019 0.5889008919631614 0.3383385386594200
 0.4353682744297603 0.5896505004949046 0.3390665472848263
 0.4351283095650644 0.5903301759258005 0.3397264187107794
 0.4349031619976375 0.5909665876970926 0.3403440557547056
 0.4346697982679723 0.5916249081752648 0.3409826899890481
 0.4343622887371028 0.5924903631267737 0.3418218598148225
 0.4341254484174756 0.5931553625477829 0.3424663929115239
 0.4338971675974721 0.5937950488741919 0.3430862116708253
 0.4336431436445958 0.5945054044827949 0.3437743143891284
 0.4333948944332360 0.5951981266595001 0.3444451225474978
 0.4331659772380054 0.5958356112831094 0.3450622176094600
 0.4329335767489236 0.5964815346544213 0.3456872365941774
 0.4326457242005363 0.5972798278942600 0.3464593589373828
 0.4324032770694270 0.5979507057122437 0.3471080015583755
 0.4321736948097002 0.5985847336150912 0.3477208636374410
 0.4319307479000012 0.5992543520320973 0.3483680015052020
 0.4316574686962680 0.6000059631228809 0.3490942241283208
 0.4314211241378632 0.6006546247415547 0.3497208126276666
 0.4311888373929893 0.6012909216458224 0.3503352813642731
 0.4309298068814369 0.6019990499129401 0.3510189041699559
 0.4306766609486489 0.6026896457774127 0.3516854130472657
 0.4304432648598304 0.6033251044653466 0.3522985867534439
 0.4302064937097296 0.6039685254016326 0.3529193589074091
 0.4299161499896352 0.6047558517589960 0.3536788615183838
 0.4296686529009822 0.6054255407083949 0.3543247559596993
 0.4294346455103337 0.6060575084934842 0.3549341212952145
 0.4291882194120862 0.6067217398035498 0.3555744178273857
 0.4289037955292583 0.6074867763014155 0.3563116752428539
 0.4286618798297230 0.6081361202833551 0.3569373076514376
 0.4284253133500726 0.6087699082976349 0.3575478778452792
 0.4281633397121054 0.6094703904870294 0.3582226387076754
 0.4279039699881697 0.6101624950259720 0.3588892576179129
 0.4276659247441223 0.6107964648457463 0.3594997917556334
 0.4274254506144047 0.6114357122879778 0.3601152996353058
 0.4271379795636467 0.6121983286144927 0.3608494604378918
 0.4268850933251254 0.6128677983091252 0.3614938741032687
 0.4266468910982160 0.6134972042895547 0.3620997092461632
 0.4263984414231808 0.6141524631679091 0.3627304493368601
 0.4260899603950176 0.6149643183999099 0.3635119565786734
 0.4258409882052463 0.6156181696887665 0.3641413558787596
 0.4255999536839643 0.6162499991611701 0.3647495123716950
 0.4253344162906518 0.6169447264821178 0.3654181442103591
 0.4250689620982823 0.6176378477870360 0.3660851820529385
 0.4248261853973225 0.6182705476156721 0.3666940688514116
 0.4245817510067112 0.6189064068040073 0.3673060255915047
 0.4242947644245141 0.6196514803771799 0.3680231388031334
 0.4240361281039013 0.6203215901119777 0.3686681191469612
 0.4237934744134467 0.6209491230266038 0.3692720988531880
 0.4235423856676170 0.6215972868930220 0.3698958924626392
 0.4231931408926265 0.6224968425559640 0.3707615752724940
 0.4229363263884979 0.6231568555829343 0.3713967555544178
 0.4226900559280016 0.6237886080924653 0.3720048062657824
 0.4224157113297947 0.6244910453755737 0.3726809960772373
 0.4221483811422918 0.6251741779622169 0.3733387023833942
 0.4219019789083244 0.6258026618127487 0.3739438547801209
 0.4216524571852560 0.6264379645796545 0.3745556119445695
 0.4213522991038239 0.6272006824318178 0.3752901204841599
 0.4210902902070121 0.6278651207979691 0.3759300768793599
 0.4208434687796866 0.6284899076262651 0.3765319666933264
 0.4205861898428899 0.6291399972190735 0.3771583888648744
 0.4202618701397783 0.6299577936421286 0.3779466337221345
 0.4200031960362028 0.6306087147565629 0.3785741694997369
 0.4197533726882436 0.6312362369014750 0.3791792220522247
 0.4194789824762664 0.6319241976489196 0.3798426162520544
 0.4192029255214646 0.6326150023345698 0.3805088429872319
 0.4189511951164405 0.6332437708110890 0.3811153591914859
 0.4186985105594385 0.6338738135604149 0.3817232541277722
 0.4184061289383338 0.6346014567739413 0.3824255227283954
 0.4181370962907330 0.6352696903460960 0.3830706302701019
 0.4178858239721049 0.6358926889376257 0.3836721932315389
 0.4176278548585829 0.6365311700600728 0.3842888149988072
 0.4172739684439173 0.6374052106066030 0.3851331358937707
 0.4170067652707929 0.6380637559932777 0.3857695041766765
 0.4167528663938395 0.6386883997128989 0.3863733370539986
 0.4164776128114756 0.6393643616960165 0.3870270553403676
 0.4161923951594451 0.6400634617541947 0.3877034471041148
 0.4159352926006874 0.6406924925900066 0.3883122730296973
 0.4156790748400718 0.6413182731777493 0.3889181374956124
 0.4153889344834957 0.6420256032415073 0.3896031673436315
 0.4151125804077173 0.6426980437232723 0.3902546391987379
 0.4148564806384600 0.6433200903563255 0.3908575272035630
 0.4145961929381604 0.6439512198945523 0.3914694820166415
 0.4142791353219735 0.6447185248932334 0.3922138380448084
 0.4140065967712679 0.6453767998606860 0.3928527131893690
 0.4137496747675550 0.6459962682405249 0.3934541336447801
 0.4134814633548360 0.6466418359388979 0.3940810896648778
 0.4131474749648570 0.6474441318041058 0.3948605581856380
 0.4128787127851558 0.6480884665945570 0.3954868576478983
 0.4126191808198680 0.6487095970066501 0.3960909061074058
 0.4123356755497600 0.6493868992805797 0.3967499567140235
 0.4120464463171102 0.6500765876759501 0.3974214643941771
 0.4117842327432386 0.6507007352974961 0.3980294910427066
 0.4115223223105837 0.6513231026103938 0.3986360792767487
 0.4112251602164985 0.6520279611707863 0.3993234271091117
 0.4109427478916218 0.6526965822117902 0.3999758256927017
 0.4106809079223106 0.6533154124497299 0.4005800227378488
 0.4104147632021001 0.6539433508913693 0.4011935202901821
 0.4100913883933532 0.6547048776601225 0.4019380912633297
 0.4098125232458658 0.6553603242189567 0.4025794006200648
 0.4095498232367734 0.6559767109506011 0.4031828367487587
 0.4092761369920586 0.6566177806632609 0.4038107631716035
 0.4089262472326722 0.6574357263217465 0.4046124263907946
 0.4086506421699541 0.6580787409730989 0.4052430638211401
 0.4083855455429874 0.6586961837829376 0.4058490121662391
 0.4080970466826373 0.6593669629279018 0.4065077600768745
 0.4077998089431527 0.6600567899389840 0.4071857009251612
 0.4075314707984455 0.6606784439642164 0.4077970382841535
 0.4072643111045693 0.6612963323178824 0.4084050196865796
 0.4069643729252448 0.6619888047010081 0.4090867989389863
 0.4066737368342931 0.6626585689428920 0.4097466653151300
 0.4064056473094210 0.6632753041628454 0.4103547185659577
 0.4061345659665931 0.6638978810151845 0.4109689878728179
 0.4058144679851041 0.6646316890691099 0.4116936060020205
 0.4055280941077558 0.6652869592132444 0.4123411945690647
 0.4052596907531762 0.6659000620373116 0.4129475201855782
 0.4049830890453185 0.6665308353521024 0.4135717063253415
 0.4045832390685146 0.6674407813512726 0.4144728398756391
 0.4048498968280512 0.6668341907146936 0.4138720310529442
 0.4045860648307335 0.6674343585160137 0.4144664762353940
 0.4043163213711753 0.6680469744342431 0.4150736524925526
 0.4040471425265462 0.6686573045080000 0.4156790010643033
 0.4037557443644935 0.6693168883536611 0.4163337158042659
 0.4034466573659390 0.6700152369434746 0.4170274859437830
 0.4031711689959163 0.6706365718339797 0.4176452209014441
 0.4028987648538213 0.6712499339575259 0.4182554458358338
 0.4025974276742020 0.6719272703970670 0.4189298007357151
 0.4022966923126572 0.6726020303348618 0.4196021328234359
 0.4020218687089471 0.6732175871194487 0.4202160002832503
 0.4017461611632678 0.6738341056022340 0.4208313749526931
 0.4014303361850206 0.6745390833421686 0.4215357424594900
 0.4011349833247469 0.6751971616842933 0.4221939096232794
 0.4008605054515271 0.6758076907286772 0.4228050576516890
 0.4005812120314688 0.6764279088604314 0.4234264058719852
 0.4002422870141846 0.6771791694223908 0.4241797043253611
 0.3999496978743953 0.6778265101148331 0.4248294140801572
 0.3996746762769748 0.6784339634757409 0.4254396396096622
 0.3993899201984673 0.6790618800962548 0.4260710011602142
 0.3989681703196579 0.6799899501901381 0.4270052244178566
 0.3992494332393006 0.6793712805658663 0.4263823152729093
 0.3989768281964572 0.6799709214603713 0.4269860573438777
 0.3987000218364131 0.6805788223121750 0.4275986158341180
 0.3984230208524494 0.6811861639445009 0.4282110825682810
 0.3981209920330759 0.6818472599669572 0.4288782808162989
 0.3978072941511193 0.6825326647785345 0.4295706134564831
 0.3975250863698994 0.6831481966967153 0.4301929353397048
 0.3972448587032687 0.6837584109235256 0.4308104557574682
 0.3969325772630958 0.6844372558909748 0.4314981285759328
 0.3966258860619287 0.6851027541431763 0.4321729897954768
 0.3963445735693142 0.6857121452846741 0.4327915425472423
 0.3960620864221580 0.6863230859606839 0.4334122071901607
 0.3957399508447397 0.6870185626097912 0.4341194030482907
 0.3954360123870305 0.6876735722381082 0.4347861060057455
 0.3951542630330172 0.6882797429285531 0.4354036998402752
 0.3948687736925238 0.6888929626578301 0.4360290896436411
 0.3945331080243354 0.6896126795137414 0.4367638788943815
 0.3942305451267638 0.6902602382632376 0.4374256938484812
 0.3939475524931235 0.6908649022107118 0.4380442225274296
 0.3936573228342239 0.6914840192603666 0.4386780601738113
 0.3932821185027688 0.6922828939451303 0.4394967154424834
 0.3929809766568789 0.6929228497055971 0.4401531974258619
 0.3926965887187985 0.6935262022925716 0.4407727329054071
 0.3923972141436644 0.6941603048359853 0.4414245060857225
 0.3920452744841330 0.6949043786343249 0.4421901878982078
 0.3917503066920418 0.6955268686723677 0.4428314549270287
 0.3914647163856518 0.6961285875165383 0.4434519025301177
 0.3911577887069105 0.6967741900973055 0.4441182188930148
 0.3908262683942110 0.6974702777695873 0.4448373749354353
 0.3905335814523084 0.6980837577369453 0.4454718528987271
 0.3902459255125638 0.6986857182706152 0.4460950553809883
 0.3899328251118218 0.6993398307347778 0.4467729771489461
 0.3896065976356187 0.7000201584670565 0.4474788464924797
 0.3893135334160663 0.7006302777402499 0.4481125021612136
 0.3890230964498165 0.7012339517900458 0.4487400118531288
 0.3887020338333348 0.7019001550047254 0.4494331334554689
 0.3883809249278506 0.7025652755101144 0.4501257894358874
 0.3880882104625342 0.7031705584822465 0.4507567443167674
 0.3877958057803637 0.7037742295888006 0.4513866394137773
 0.3874675942855260 0.7044506715437363 0.4520932252711947
 0.3871493750570054 0.7051053595543155 0.4527778413603396
 0.3868567190482913 0.7057064504752879 0.4534070349093541
 0.3865627583881392 0.7063092552543855 0.4540385979924240
 0.3862296079035874 0.7069912578013887 0.4547538246617512
 0.3859113304928155 0.7076416600443591 0.4554366136217154
 0.3856172559108640 0.7082416055084571 0.4560670739924251
 0.3853206066973761 0.7088458353864430 0.4567026815714528
 0.3849797907514980 0.7095388299700308 0.4574324579757471
 0.3846614728216510 0.7101849271013708 0.4581135747806516
 0.3843657688092741 0.7107841313746683 0.4587458352032168
 0.3840655593957558 0.7113914902883384 0.4593872292056609
 0.3837093678568637 0.7121108380139994 0.4601475608644353
 0.3833927763292649 0.7127490590094641 0.4608227792057786
 0.3830966284536645 0.7133450891008145 0.4614539400830007
 0.3827931375935801 0.7139549198968117 0.4621003274765269
 0.3824093583425635 0.7147246688989436 0.4629171196610302
 0.3820939111154014 0.7153561870157616 0.4635879630579268
 0.3817970756303012 0.7159494786326470 0.4642187700523291
 0.3814885409519779 0.7165651640410192 0.4648739530425684
 0.3810430291607984 0.7174524160840915 0.4658191527763014
 0.3813401302006941 0.7168609615035172 0.4651889320154625
 0.3810470654097661 0.7174443871355711 0.4658105938011580
 0.3807481203768383 0.7180385888504836 0.4664443120131565
 0.3804495345074412 0.7186311419148089 0.4670768748435111
 0.3801277664124676 0.7192686583787101 0.4677581170389102
 0.3797781756850075 0.7199600780249823 0.4684977258959456
 0.3794703781325046 0.7205677897413507 0.4691483992498109
 0.3791683175524072 0.7211632223017003 0.4697864276898649
 0.3788403209997780 0.7218087163151267 0.4704786308005929
 0.3784969447683392 0.7224832942084529 0.4712026196599267
 0.3781896453703941 0.7230859749995757 0.4718499944355204
 0.3778862831431905 0.7236799900067588 0.4724886036386829
 0.3775549023220008 0.7243277999066023 0.4731856835900249
 0.3772133508977360 0.7249943286189440 0.4739035940775906
 0.3769058482086706 0.7255934052594857 0.4745494215155618
 0.3766017396357461 0.7261849343763424 0.4751876143940130
 0.3762700684989793 0.7268290195485435 0.4758830647082366
 0.3759249513561927 0.7274980498397842 0.4766060790633641
 0.3756150632386361 0.7280977766281547 0.4772547747682477
 0.3753088609966354 0.7286894346528251 0.4778953027909683
 0.3749751714270919 0.7293331495709380 0.4785928228411671
 0.3746270065591442 0.7300036191760801 0.4793200042011152
 0.3743145497389345 0.7306043117171522 0.4799720353683291
 0.3740055656662735 0.7311973887269105 0.4806162442007001
 0.3736670606835855 0.7318460610562370 0.4813213194700620
 0.3733205275487960 0.7325089646970704 0.4820423891209880
 0.3730075508520040 0.7331066773802661 0.4826930383962815
 0.3726972291574364 0.7336983868172707 0.4833376479325658
 0.3723561469936051 0.7343476812176729 0.4840455813917505
 0.3720099208233554 0.7350056280802660 0.4847635730089285
 0.3716965024343007 0.7356002422154488 0.4854129652896006
 0.3713858047062203 0.7361887723107182 0.4860561649322713
 0.3710462590400819 0.7368309000786093 0.4867584390880705
 0.3706946757256811 0.7374946448400392 0.4874849132094763
 0.3703785014626604 0.7380905479633677 0.4881376445313861
 0.3700661643135078 0.7386782982175124 0.4887819400809401
 0.3697268923386711 0.7393157002357436 0.4894812198232490
 0.3693687658541300 0.7399873611181303 0.4902186735470929
 0.3690490350589817 0.7405860051744267 0.4908764143272425
 0.3687338399746775 0.7411752309612658 0.4915241799550920
 0.3683908791140953 0.7418153214889933 0.4922282555010131
 0.3680327053751801 0.7424826513477480 0.4929627368018785
 0.3677117598506157 0.7430796221611542 0.4936201980055329
 0.3673948637857759 0.7436681390551769 0.4942687727788192
 0.3670490311636367 0.7443093532380899 0.4949759246364392
 0.3666915435552868 0.7449710384553664 0.4957061925927844
 0.3663702852823549 0.7455646816223419 0.4963618005475509
 0.3660531981663784 0.7461497068006143 0.4970082588340909
 0.3657093504306185 0.7467830868513843 0.4977085387941143
 0.3653453008398928 0.7474525287870262 0.4984491329382887
 0.3650213198508385 0.7480472978833530 0.4991075230952765
 0.3647031870470926 0.7486304251992685 0.4997534189771273
 0.3643613465208524 0.7492560112615710 0.5004467829033954
 0.3639859215047725 0.7499418732341837 0.5012074506729792
 0.3636573976421800 0.7505410373420778 0.5018723490865611
 0.3633363672545277 0.7511256234508887 0.5025213808748530
 0.3629916775960380 0.7517522930309773 0.5032174626972554
 0.3626143693784974 0.7524370834523747 0.5039785150333651
 0.3622836786644654 0.7530362539742941 0.5046448143145892
 0.3619600677591623 0.7536216846735841 0.5052962439258215
 0.3616109717832895 0.7542522111258693 0.5059983361292848
 0.3612374470547531 0.7549257052661987 0.5067488214807570
 0.3609068380018094 0.7555208266537379 0.5074124118305366
 0.3605827271055233 0.7561033493505208 0.5080623104814344
 0.3602341176767508 0.7567289102408519 0.5087605855421726
 0.3598555624916287 0.7574070459901986 0.5095179581373342
 0.3595231676605672 0.7580014978338356 0.5101822342496256
 0.3591988141070363 0.7585806765879461 0.5108297879371106
 0.3588532736682275 0.7591967213458901 0.5115189364384967
 0.3584583974938544 0.7598995081098837 0.5123055671860349
 0.3581211087385537 0.7604987795789834 0.5129766660239029
 0.3577943491143969 0.7610784478642698 0.5136260669133463
 0.3574473436292625 0.7616930703660972 0.5143148835909364
 0.3570448208486064 0.7624047897554845 0.5151128672315928
 0.3567038092850542 0.7630067131398750 0.5157880828730681
 0.3563734026217636 0.7635890153169024 0.5164416215775327
 0.3560204399504560 0.7642100919646314 0.5171390606507941
 0.3556275308230057 0.7649002750298606 0.5179145494601468
 0.3552866412688811 0.7654980739206971 0.5185865699263049
 0.3549545353405226 0.7660795732013352 0.5192405163820369
 0.3545988080201333 0.7667014545731834 0.5199401115883610
 0.3542078608613902 0.7673837451595268 0.5207079360214212
 0.3538669975578925 0.7679776389539957 0.5213765333964256
 0.3535352338041058 0.7685547966769555 0.5220265413206422
 0.3531824235937454 0.7691676171755240 0.5227170038346131
 0.3527775824208625 0.7698696105329985 0.5235082995421187
 0.3524332220774040 0.7704657219378533 0.5241805210586841
 0.3521005188816070 0.7710407768238511 0.5248292120151686
 0.3517492169180465 0.7716470459856504 0.5255133291084080
 0.3513212855644617 0.7723842714186180 0.5263455318709573
 0.3509709960735065 0.7729866883481821 0.5270258515383004
 0.3506344519750761 0.7735645795354262 0.5276787528555585
 0.3502780374148903 0.7741756466176536 0.5283694438089973
 0.3498588405476993 0.7748931143292853 0.5291807728206233
 0.3495069757198347 0.7754943115696723 0.5298608753785469
 0.3491668723134916 0.7760745233739179 0.5305174064058604
 0.3488041633019873 0.7766923396803721 0.5312166359141138
 0.3483986102700999 0.7773819645744270 0.5319973159424151
 0.3480481052575162 0.7779769920491715 0.5326710923468143
 0.3477073978066251 0.7785545097286660 0.5333252431191895
 0.3473439492242615 0.7791696249485806 0.5340222270328140
 0.3469371907213951 0.7798568810468991 0.5348012566597050
 0.3465863151562758 0.7804487382669051 0.5354723791057917
 0.3462462232096962 0.7810215429784155 0.5361220690207698
 0.3458866626049437 0.7816262177683849 0.5368080661377929
 0.3454547606036244 0.7823513036887011 0.5376308800045140
 0.3450983733272275 0.7829485940599941 0.5383088660146963
 0.3447564592147382 0.7835207644785401 0.5389585203009227
 0.3443971935968697 0.7841210635522941 0.5396403082009340
 0.3439334863513625 0.7848945046038410 0.5405190023795888
 0.3435704739805247 0.7854989182513317 0.5412058184777661
 0.3432239842837169 0.7860749460489187 0.5418604589070030
 0.3428569410678111 0.7866842139289664 0.5425529405955277
 0.3424282674904469 0.7873945783484250 0.5433604277917903
 0.3420668081328076 0.7879925548885497 0.5440402901251316
 0.3417170490869936 0.7885703024614419 0.5446973086562313
 0.3413437627156639 0.7891859699722392 0.5453976433813530
 0.3409275530057968 0.7898712871466534 0.5461774304071478
 0.3405672372584984 0.7904636002525972 0.5468515417857518
 0.3402169487114613 0.7910385693608072 0.5475059986367968
 0.3398437464468750 0.7916502193100028 0.5482022606879855
 0.3394227274554896 0.7923390898177156 0.5489864760395398
 0.3390614532853319 0.7929292399336072 0.5496583656914441
 0.3387121450315763 0.7934989982150200 0.5503071151441311
 0.3383442102287189 0.7940982428876678 0.5509895380401375
 0.3378865099337633 0.7948424086398426 0.5518371375175097
 0.3375188000337832 0.7954392388742043 0.5525170107046784
 0.3371678774963143 0.7960079756967040 0.5531649303350237
 0.3368000816838479 0.7966031754535030 0.5538430382831838
 0.3363031149991026 0.7974059804626256 0.5547577612811304
 0.3359284490732772 0.7980101369382476 0.5554462559049145
 0.3355723278306264 0.7985835303308754 0.5560998175093722
 0.3351949767928314 0.7991901951764236 0.5567914449634066
 0.3347532002595078 0.7998992500620358 0.5575999584388106
 0.3343810267657656 0.8004956021015383 0.5582800376938705
 0.3340210713756760 0.8010715190115629 0.5589368309938644
 0.3336374459924865 0.8016843824122469 0.5596357494690102
 0.3332062982279913 0.8023720311501700 0.5604199486623342
 0.3328347470359804 0.8029636684101855 0.5610946894974764
 0.3324738816309066 0.8035374431978476 0.5617491324691084
 0.3320890822052192 0.8041483566756146 0.5624460477386569
 0.3316585443770242 0.8048307681963088 0.5632246671996699
 0.3312874127001316 0.8054180765183270 0.5638948660599454
 0.3309280739787428 0.8059858936479083 0.5645428631784672
 0.3305490873277013 0.8065838772082498 0.5652252935944994
 0.3300844992752152 0.8073156980954008 0.5660604451135324
 0.3297074210223983 0.8079086820969704 0.5667371443394174
 0.3293474932840996 0.8084738704156650 0.5673821219462433
 0.3289716497139504 0.8090631938931162 0.5680546391801375
 0.3284068551524993 0.8099471529403223 0.5690633343808701
 0.3287834839397222 0.8093579102066926 0.5683909539111668
 0.3284233493494706 0.8099213657335459 0.5690339100899434
 0.3280583550479222 0.8104916114698594 0.5696845459187660
 0.3276959354683529 0.8110570275450738 0.5703295742514481
 0.3273126743575773 0.8116540870924213 0.5710105855081078
 0.3268318345066616 0.8124018965003343 0.5718634042015581
 0.3264462381383555 0.8130005709633735 0.5725460864309204
 0.3260766237128352 0.8135735907043282 0.5731995088170816
 0.3256843397065453 0.8141808579412945 0.5738920004719087
 0.3252310651246490 0.8148813937346510 0.5746908539054576
 0.3248462495985607 0.8154751648947272 0.5753679144620871
 0.3244734543979719 0.8160495501680929 0.5760227820880965
 0.3240755666605105 0.8166616898495288 0.5767205648474816
 0.3236332757374047 0.8173410478418842 0.5774948114338228
 0.3232504302237801 0.8179281707598706 0.5781638369960022
 0.3228788772035209 0.8184971563093939 0.5788121451875445
 0.3224848033419458 0.8190997506829347 0.5794987298581543
 0.3220288151400256 0.8197958958022969 0.5802918993347360
 0.3216441554629349 0.8203822105708924 0.5809599133906890
 0.3212743994373815 0.8209450049791585 0.5816010904701183
 0.3208876099600869 0.8215328854846182 0.5822707862461904
 0.3203256999144065 0.8223854073405455 0.5832418344062156
 0.3207003986008918 0.8218171200610548 0.5825945528955090
 0.3203348817739522 0.8223714912221080 0.5832259845191120
 0.3199615829877810 0.8229368802384507 0.5838699188752494
 0.3195915169212994 0.8234965928379738 0.5845073548082788
 0.3192030834156653 0.8240832528186478 0.5851754458194993
 0.3186417737952806 0.8249295107601265 0.5861390633917998
 0.3190160708240463 0.8243653988957783 0.5854967377009447
 0.3186466743920168 0.8249221300339860 0.5861306599064015
 0.3182688660398778 0.8254907480281893 0.5867780155827159
 0.3178937314110989 0.8260545532245734 0.5874197583869872
 0.3174977258306427 0.8266488765751344 0.5880960779051755
 0.3169879929428012 0.8274126019449447 0.5889649510832835
 0.3165872173864845 0.8280120709923419 0.5896468254420582
 0.3162037435637993 0.8285848338094824 0.5902982545756860
 0.3157955421791452 0.8291936448669874 0.5909906231907021
 0.3153336887834780 0.8298813784489028 0.5917726418248881
 0.3149365363468699 0.8304718400856255 0.5924439055596942
 0.3145505398507337 0.8310448971113837 0.5930951926266614
 0.3141375650792039 0.8316571163592724 0.5937907344890770
 0.3136836815014952 0.8323289240778906 0.5945536566946601
 0.3132885971244722 0.8329128035051875 0.5952164756129831
 0.3129047634531122 0.8334792588744012 0.5958593269436261
 0.3124979068810424 0.8340788365153314 0.5965395968511635
 0.3120250455143012 0.8347745835422452 0.5973287720746807
 0.3116275484559700 0.8353585309705318 0.5979909468593041
 0.3112461130828474 0.8359181026364946 0.5986252918797880
 0.3108481762116232 0.8365010708363716 0.5992859378470362
 0.3102651273332751 0.8373537336872096 0.6002517813118947
 0.3106539180992377 0.8367853543563174 0.5996080139510551
 0.3102741157696593 0.8373406022125098 0.6002369106814660
 0.3098881485120960 0.8379040964846363 0.6008749283081561
 0.3095068450275234 0.8384600259877683 0.6015041692291009
 0.3091087613406505 0.8390396218089364 0.6021599681599167
 0.3085874686965333 0.8397973766658867 0.6030169551083556
 0.3081746631204364 0.8403964493207221 0.6036941087684926
 0.3077865106034977 0.8409589543960426 0.6043295883631900
 0.3073853654986888 0.8415394861672644 0.6049850673792162
 0.3068843827064405 0.8422633616701157 0.6058018880308976
 0.3064651126253049 0.8428682004085774 0.6064839973137934
 0.3060699316877893 0.8434374829998239 0.6071257241184275
 0.3056614427920083 0.8440251183347423 0.6077878721759986
 0.3051292725891719 0.8447894339612990 0.6086486809614327
 0.3047054762622082 0.8453970990140574 0.6093326675699609
 0.3043048347372996 0.8459707503086380 0.6099779924840657
 0.3038849336357657 0.8465711333790489 0.6106529609290430
 0.3033766409732855 0.8472967487236794 0.6114681296892249
 0.3029599559702548 0.8478906522500632 0.6121348874578435
 0.3025602053047849 0.8484596290616139 0.6127733341631544
 0.3021382157298854 0.8490594228351073 0.6134460558531076
 0.3016505117149720 0.8497515538195285 0.6142219754755391
 0.3012385965100065 0.8503352414738545 0.6148760042501185
 0.3008428155764921 0.8508953047428049 0.6155032564868708
 0.3004299030474858 0.8514788176666560 0.6161564224814392
 0.2998453133587891 0.8523035595724667 0.6170789704073996
 0.2994238931017032 0.8528971031072664 0.6177424361836885
 0.2990283472569829 0.8534534466056302 0.6183639741801350
 0.2986169544569804 0.8540313038140032 0.6190091949677612
 0.2980141267186884 0.8548766355361072 0.6199523948099553
 0.2984161004794353 0.8543131442319738 0.6193237575383019
 0.2980212027215463 0.8548667227910643 0.6199413393488392
 0.2976204995756785 0.8554277016967773 0.6205667904726460
 0.2972252707915204 0.8559802912189034 0.6211824809179035
 0.2968138659593454 0.8565547349796904 0.6218220766411633
 0.2962875397299485 0.8572885141915312 0.6226384247752509
 0.2958577586142888 0.8578867586934555 0.6233034672602584
 0.2954540365630653 0.8584479662617563 0.6239269313644846
 0.2950391198297920 0.8590239677457170 0.6245664209821111
 0.2945385129543676 0.8597178955682605 0.6253362449123365
 0.2940994374519950 0.8603256054333930 0.6260098272945663
 0.2936874241601256 0.8608950767333595 0.6266404644683464
 0.2932653798194406 0.8614776301555216 0.6272849895090741
 0.2927511908068524 0.8621863066535334 0.6280682325442845
 0.2923078539328002 0.8627963964264220 0.6287418305505639
 0.2918911853261801 0.8633690009743938 0.6293735127369060
 0.2914610023190126 0.8639593815078404 0.6300243051344865
 0.2908273842732897 0.8648274886765710 0.6309803275283120
 0.2912498885315310 0.8642488178721904 0.6303431767975918
 0.2908370043368936 0.8648143214408522 0.6309658353183324
 0.2904192282290491 0.8653857740712436 0.6315945319884247
 0.2900051608467433 0.8659514111228631 0.6322162726587605
 0.2895653676920014 0.8665513845050133 0.6328750970365777
 0.2890649214551333 0.8672330958327809 0.6336228155156247
 0.2886379761082375 0.8678138409121974 0.6342590668299399
 0.2882277925478449 0.8683710582565705 0.6348689311343654
 0.2877998617063459 0.8689516274015593 0.6355037355183201
 0.2872066640556992 0.8697551392429487 0.6363812774244587
 0.2867709766814217 0.8703443588315076 0.6370240027518408
 0.2863625812500843 0.8708959511694866 0.6376250583062739
 0.2859394169034012 0.8714667610422968 0.6382463956178196
 0.2853811709643351 0.8722186522956549 0.6390638043512636
 0.2849426811778029 0.8728083477807097 0.6397040630628016
 0.2845333019343559 0.8733581841495899 0.6403004046057893
 0.2841151423420882 0.8739191080744524 0.6409081366976417
 0.2836324344108167 0.8745657351880383 0.6416079119698347
 0.2831812015022233 0.8751693471702100 0.6422603184426561
 0.2827642493636774 0.8757263734849758 0.6428616393760591
 0.2823475623323993 0.8762823495094240 0.6434611028023204
 0.2818954647486676 0.8768847891884594 0.6441098445721386
 0.2814060776067305 0.8775360033558255 0.6448101716904329
 0.2809729899667578 0.8781115109900755 0.6454282989802660
 0.2805495475644898 0.8786734871382295 0.6460311973258589
 0.2800998053354061 0.8792695970007661 0.6466699523699478
 0.2795678999728722 0.8799735900693439 0.6474232362933920
 0.2791200230501861 0.8805655158612299 0.6480556315729578
 0.2786867641872988 0.8811373833770039 0.6486656884767420
 0.2782238735993024 0.8817475634199256 0.6493155934971427
 0.2777115921135051 0.8824218926221884 0.6500325953806496
 0.2772641701628383 0.8830100263219109 0.6506569270465320
 0.2768266781832298 0.8835843718948427 0.6512657424842151
 0.2763523961345978 0.8842061983494658 0.6519239322037875
 0.2758582789906380 0.8848531297753365 0.6526076276420004
 0.2754166382987074 0.8854305812228717 0.6532169320608928
 0.2749825852638186 0.8859974027989697 0.6538140841539651
 0.2745144421873967 0.8866079577519278 0.6544562215773748
 0.2740168973627842 0.8872559708270178 0.6551364895455996
 0.2735777668595593 0.8878271474356503 0.6557350195519945
 0.2731508837063985 0.8883817172316909 0.6563152020907944
 0.2727019310333294 0.8889642412593660 0.6569236491466611
 0.2721449267461066 0.8896859478827140 0.6576760916777035
 0.2716977453062742 0.8902645472480518 0.6582782131852584
 0.2712744844884935 0.8908115343360712 0.6588464927091912
 0.2708383019993823 0.8913745498436300 0.6594304346418931
 0.2703064354465903 0.8920601558873441 0.6601401313670782
 0.2698494260537654 0.8926484662792959 0.6607478763090988
 0.2694246490632214 0.8931946234563698 0.6613110453313527
 0.2689972219459686 0.8937435487980432 0.6618760622484385
 0.2685289035172937 0.8943442561663116 0.6624932062479733
 0.2680387935254193 0.8949720986761417 0.6631368864917037
 0.2676014171561342 0.8955316863170283 0.6637094034091002
 0.2671747833756309 0.8960768949621343 0.6642661121809794
 0.2667285070455707 0.8966465377481435 0.6648466072006870
 0.2661206612456185 0.8974213209872257 0.6656342627231724
 0.2656564536895596 0.8980121734520213 0.6662334986402649
 0.2652206172220005 0.8985662527934626 0.6667943297556502
 0.2647700505936906 0.8991383878805552 0.6673723040950652
 0.2642101379942692 0.8998484264074726 0.6680879438245525
 0.2637351178826600 0.9004499935153384 0.6686927678144051
 0.2632886374266422 0.9010147375676395 0.6692592753915620
 0.2628296284102303 0.9015946448840301 0.6698396606869365
 0.2622682768721696 0.9023029132651672 0.6705466802124079
 0.2617832652688588 0.9029140359346363 0.6711551340592800
 0.2613260884815476 0.9034893888533241 0.6717266544607271
 0.2608517117717728 0.9040856758005920 0.6723176243384683
 0.2601866669194686 0.9049204168704773 0.6731425618023057
 0.2596985780900403 0.9055321525688530 0.6737452730938955
 0.2592332407453730 0.9061146708153235 0.6743176696331624
 0.2587241922218785 0.9067511266414472 0.6749413023091135
 0.2582115980670543 0.9073911956802166 0.6755665971245883
 0.2577475072798069 0.9079699936496949 0.6761304317661062
 0.2572870856043548 0.9085435565694573 0.6766876979492759
 0.2567786968969683 0.9091761151036628 0.6773006204618905
 0.2562737956273950 0.9098035507551675 0.6779068629503192
 0.2558163708756024 0.9103713172002704 0.6784539567381946
 0.2553649961786131 0.9109309525081839 0.6789917891697898
 0.2548797794157945 0.9115318616768298 0.6795676698970085
 0.2543529268875752 0.9121835346387996 0.6801902736746470
 0.2538934096504640 0.9127512437280526 0.6807310191416066
 0.2534495468111523 0.9132990181347856 0.6812513394136941
 0.2529876932769908 0.9138683779883384 0.6817906820403519
 0.2523434534329828 0.9146615335313080 0.6825395200268994
 0.2518679158061586 0.9152462152021199 0.6830896597989677
 0.2514253796318698 0.9157897322612961 0.6835996230079558
 0.2509716720884043 0.9163463836398922 0.6841204484958723
 0.2504356380508236 0.9170032802997961 0.6847331460074861
 0.2499544377006111 0.9175922817387323 0.6852807391458369
 0.2495090258004048 0.9181368920728016 0.6857855643165557
 0.2490641556685898 0.9186802814140732 0.6862878194667347
 0.2485853047844260 0.9192645562084267 0.6868262491653587
 0.2480472213629296 0.9199203408374425 0.6874285521003737
 0.2475838202416854 0.9204844633505349 0.6879449207133195
 0.2471377022509221 0.9210269866164273 0.6884399678732857
 0.2466759821895514 0.9215879085777751 0.6889501897775173
 0.2461161594549738 0.9222672309872624 0.6895659095280798
 0.2456275487649303 0.9228594460251751 0.6901007176421147
 0.2451717645032027 0.9234112941398799 0.6905974326112480
 0.2447112726419383 0.9239682766383376 0.6910971572686581
 0.2442014543226384 0.9245842622184923 0.6916479056936362
 0.2436790699194653 0.9252147165222386 0.6922094622978422
 0.2432062168820619 0.9257847729903459 0.6927153283780513
 0.2427391744799547 0.9263472499279904 0.6932126861654060
 0.2422389710209013 0.9269490346296781 0.6937428456582687
 0.2416625911095675 0.9276416635846533 0.6943505750457879
 0.2411689319338309 0.9282342095130558 0.6948684435411184
 0.2406880280333592 0.9288108468358601 0.6953706252091234
 0.2401720767182203 0.9294288557688120 0.6959068827860789
 0.2395966028769975 0.9301173690053924 0.6965018939197271
 0.2390935421361811 0.9307185653381260 0.6970192970336205
 0.2385978130945088 0.9313103833557366 0.6975266236166763
 0.2380473223246659 0.9319668654142654 0.6980870303415937
 0.2375027460610781 0.9326155614607622 0.6986383750711516
 0.2370023704256697 0.9332109677561446 0.6991423506804834
 0.2364957642714353 0.9338131691063659 0.6996500902039587
 0.2358686158214169 0.9345578020299490 0.7002751689272440
 0.2353442260852635 0.9351797036259087 0.7007948585183714
 0.2348509328935333 0.9357641294179346 0.7012812174033236
 0.2343360072317350 0.9363735709487570 0.7017862583775982
 0.2337195542267952 0.9371023573431978 0.7023872805867307
 0.2332134432761532 0.9377000328259305 0.7028777912074171
 0.2327292882113762 0.9382712256318742 0.7033445702530552
 0.2322186337424605 0.9388730978484544 0.7038343264402374
 0.2316264041764274 0.9395703712177315 0.7043990339127727
 0.2311301325197775 0.9401540541406360 0.7048695180334320
 0.2306549293483151 0.9407124377533527 0.7053176750155461
 0.2301595471065394 0.9412939945852744 0.7057823804740661
 0.2294842228610145 0.9420859170903375 0.7064117617814349
 0.2289817919936214 0.9426744428072660 0.7068769191951737
 0.2285111319696761 0.9432252522557233 0.7073102834335628
 0.2280248457408386 0.9437938428952481 0.7077556404557255
 0.2273973570857589 0.9445267799690612 0.7083267513154495
 0.2268946923802981 0.9451133076064454 0.7087813711265529
 0.2264267419140693 0.9456588459037449 0.7092022911290016
 0.2259515491286770 0.9462123533122389 0.7096274477830925
 0.2254140592900467 0.9468378528299761 0.7101055708252013
 0.2248959694760754 0.9474402050912107 0.7105636544446579
 0.2244224491138762 0.9479902525319704 0.7109799497907718
 0.2239550872052525 0.9485326935564362 0.7113886103824689
 0.2234608211437636 0.9491058746108364 0.7118184033716991
 0.2228293127690422 0.9498374883150378 0.7123639618554263
 0.2223322811087319 0.9504127429655811 0.7127905237175214
 0.2218625309944152 0.9509559680652027 0.7131913854067705
 0.2213789213269605 0.9515147622520126 0.7136017564714747
 0.2208035642466774 0.9521789660122136 0.7140869322826043
 0.2202899197035298 0.9527713794513418 0.7145172889005679
 0.2198129408582115 0.9533210446931393 0.7149145914091827
 0.2193344538324208 0.9538720061389960 0.7153108971870051
 0.2188142824420548 0.9544704670975075 0.7157391623562772
 0.2182523598117942 0.9551163837442250 0.7161987814420896
 0.2177568359702513 0.9556854809360864 0.7166014715988728
 0.2172748910465901 0.9562385407076609 0.7169907666281419
 0.2167705491712368 0.9568168384628083 0.7173956678091685
 0.2160798644422501 0.9576080405676819 0.7179460807125121
 0.2155553936841907 0.9582082543309915 0.7183609064193712
 0.2150616124690489 0.9587728888093949 0.7187489987804855
 0.2145483742181648 0.9593593052450085 0.7191498438954781
 0.2138702707323045 0.9601333695810963 0.7196754318689875
 0.2133335370815379 0.9607454788664548 0.7200881549243288
 0.2128266040258909 0.9613231363793863 0.7204752662979526
 0.2122977740401329 0.9619252669493954 0.7208763065054078
 0.2115938011531912 0.9627260647822158 0.7214057806256436
 0.2110449840939916 0.9633497760714926 0.7218151258752912
 0.2105201903229659 0.9639457061572024 0.7222037621488855
 0.2099573109770703 0.9645843674960989 0.7226175642473532
 0.2093338416560923 0.9652911571764394 0.7230721985596131
 0.2087845946086709 0.9659132712748144 0.7234694338762092
 0.2082388369119816 0.9665309418771647 0.7238610790769915
 0.2076143966144006 0.9672370676788878 0.7243054434658533
 0.2070261418899373 0.9679016986829415 0.7247204416221769
 0.2064734271137150 0.9685256712435163 0.7251072187916330
 0.2058938959339092 0.9691793976155372 0.7255095205905502
 0.2052342473138634 0.9699228570349476 0.7259634058026532
 0.2046675396352745 0.9705610267960202 0.7263498833507511
 0.2041065974564671 0.9711922170588865 0.7267292460623093
 0.2034319490869008 0.9719507177779974 0.7271812873579873
 0.2028522697371731 0.9726018970206616 0.7275660279545200
 0.2023065303268125 0.9732144911389567 0.7279251816410848
 0.2017324407958621 0.9738584324822600 0.7282998333888250
 0.2010930897927403 0.9745750071692326 0.7287132988181982
 0.2005430026464584 0.9751910612648695 0.7290658563791916
 0.2000074547388259 0.9757904144562876 0.7294062511920022
 0.1994257831391903 0.9764409235614971 0.7297727582592757
 0.1988302683071018 0.9771064195955921 0.7301445176486367
 0.1982962186092330 0.9777028060771485 0.7304749292758802
 0.1977703077794933 0.9782897179540437 0.7307975787336640
 0.1971996937901801 0.9789260892460822 0.7311446265586794
 0.1966068377393741 0.9795867974754858 0.7315018933791132
 0.1960783576726411 0.9801753634790070 0.7318175314215429
 0.1955608022733837 0.9807514021698914 0.7321240479742950
 0.1950083187894886 0.9813659257318741 0.7324484003396444
 0.1943922660620772 0.9820506866724269 0.7328065897789547
 0.1938617701795827 0.9826399553250539 0.7331120939444762
 0.1933497123178602 0.9832084014567997 0.7334044143593391
 0.1928130605120363 0.9838037929318245 0.7337080925060743
 0.1921099144754837 0.9845833553447110 0.7341018663952728
 0.1915699672106783 0.9851815661871819 0.7344010907013871
 0.1910597100507578 0.9857465540047124 0.7346813441289521
 0.1905283550492048 0.9863345659243878 0.7349705808080341
 0.1897255686785897 0.9872223069837499 0.7354025205204185
 0.1902608022310433 0.9866305181672588 0.7351152126554054
 0.1897536600854576 0.9871912557936291 0.7353875084270558
 0.1892406479320071 0.9877581730065023 0.7356604940765837
 0.1887338083216497 0.9883179650773284 0.7359277743434716
 0.1882038859194353 0.9889029315366409 0.7362046695310414
 0.1873843288792033 0.9898069808688568 0.7366277919906549
 0.1879307427762716 0.9892043198736342 0.7363463764544257
 0.1874210101405793 0.9897665343446750 0.7366089863201321
 0.1869069739858729 0.9903331964109456 0.7368713951464964
 0.1863994773007838 0.9908923578051760 0.7371280906251877
 0.1858691886118503 0.9914763249040291 0.7373937999821688
 0.1851028634108586 0.9923196741120004 0.7377732560304122
 0.1856137824628835 0.9917574736400162 0.7375208605961917
 0.1851031158263005 0.9923193964316604 0.7377731319204918
 0.1845858749394794 0.9928882644543967 0.7380262440384674
 0.1840762776237398 0.9934484444956531 0.7382732575862505
 0.1835457175933895 0.9940313741564856 0.7385279555311066
 0.1828490617776646 0.9947963442330698 0.7388585657355404
 0.1822981678515390 0.9954009014005764 0.7391169388119415
 0.1817823953642181 0.9959666330186107 0.7393563966559595
 0.1812524794690165 0.9965475961155886 0.7395999721873118
 0.1806123267530488 0.9972490384796203 0.7398909311071195
 0.1800536760081368 0.9978608427374934 0.7401419312963173
 0.1795323969064481 0.9984314429421888 0.7403737092656926
 0.1790039814810925 0.9990095850589295 0.7406062784971398
 0.1784060344275548 0.9996634783719317 0.7408665707658759
 0.1778282332510785  1.000295018137084 0.7411152003843736
 0.1772972847561815  1.000875071269254 0.7413411759325124
 0.1767678906680997  1.001453165644951 0.7415641314924644
 0.1761916222313685  1.002082154002143 0.7418041799318865
 0.1755791267605738  1.002750353366968 0.7420563298498517
 0.1750339181743849  1.003344863502162 0.7422782157781243
 0.1744992124531717  1.003927665251620 0.7424934966329886
 0.1739290477737059  1.004548839590163 0.7427205142910094
 0.1732679729416221  1.005268705329759 0.7429804407728967
 0.1727066122236649  1.005879696149726 0.7431983830726699
 0.1721628992682819  1.006471225673381 0.7434070450819775
 0.1715859779744506  1.007098614801086 0.7436258536858904
 0.1709015283917311  1.007842583754125 0.7438820093162875
 0.1703279496759028  1.008465747981445 0.7440938283394051
 0.1697722803601021  1.009069203488439 0.7442965751794578
 0.1691783899460263  1.009713897324414 0.7445105930884570
 0.1685059815764500  1.010443494037600 0.7447495574909050
 0.1679238887657312  1.011074813312117 0.7449535425611934
 0.1673534121869931  1.011693284943066 0.7451508639168285
 0.1667327108206243  1.012365930655774 0.7453626640998799
 0.1660764490577540  1.013076804147180 0.7455833664366577
 0.1654854093533887  1.013716760546755 0.7457793436947400
 0.1648947324660628  1.014356074426550 0.7459726085725897
 0.1642239415150787  1.015081800681870 0.7461890027168571
 0.1635788648618018  1.015779411783871 0.7463940700022764
 0.1629758512487557  1.016431276558370 0.7465831391699200
 0.1623528917546404  1.017104445214190 0.7467758661379255
 0.1615165216710161  1.018007819077539 0.7470305912150512
 0.1608693338842646  1.018706540430983 0.7472246103270135
 0.1602366544946834  1.019389337108215 0.7474117061822170
 0.1594794653599736  1.020206172318334 0.7476322655450467
 0.1588084870317762  1.020929706051454 0.7478246205850181
 0.1581625209065876  1.021626006748018 0.7480070300783718
 0.1574392448481344  1.022405341686079 0.7482080309238633
 0.1567398472461367  1.023158651181547 0.7483991596014704
 0.1560769635064035  1.023872367847814 0.7485774006873872
 0.1553460933896230  1.024658991234860 0.7487706634884712
 0.1546338627438714  1.025425262563700 0.7489557148617145
 0.1539616968708170  1.026148170628335 0.7491273842336980
 0.1532141123854658  1.026951901079339 0.7493149404763066
 0.1525090900205447  1.027709598454941 0.7494886061547905
 0.1518435168337441  1.028424659225063 0.7496497524242912
 0.1511080738275787  1.029214518592028 0.7498247198453621
 0.1504101170408285  1.029963864120645 0.7499878137102888
 0.1497583874428694  1.030663359521748 0.7501375324943570
 0.1490664612136091  1.031405769806371 0.7502937830567763
 0.1483495960376557  1.032174695581504 0.7504527561768670
 0.1477051703639386  1.032865713756815 0.7505931758492623
 0.1470531866227878  1.033564640156621 0.7507328909969444
 0.1461600395368069  1.034521779160588 0.7509205282379084
 0.1455010380361134  1.035227767965049 0.7510562353429583
 0.1448649979161750  1.035908977613196 0.7511850305760082
 0.1441033998890348  1.036724432694855 0.7513364516062883
 0.1434467383225401  1.037427333753091 0.7514645883250970
 0.1428269782256964  1.038090570665882 0.7515835028713473
 0.1421704711859793  1.038792961396896 0.7517073688730213
 0.1414581138646185  1.039554910348023 0.7518393759383976
 0.1408324197053241  1.040223998101476 0.7519532954563516
 0.1402134096511430  1.040885789092422 0.7520641476185156
 0.1395034815079046  1.041644602323076 0.7521890281450396
 0.1388484448311267  1.042344577376791 0.7523021320076657
 0.1382374471376179  1.042997350372119 0.7524058161045423
 0.1376081382423698  1.043669545952168 0.7525108005571427
 0.1367268245929012  1.044610684999543 0.7526547946110369
 0.1360859343526847  1.045294911331192 0.7527573186391439
 0.1354712439098355  1.045951035333500 0.7528539404263204
 0.1347774426310469  1.046691451481645 0.7529610042709070
 0.1341209855926125  1.047391869431415 0.7530603822217043
 0.1335117039849081  1.048041829045999 0.7531509714438623
 0.1328892054310356  1.048705767226396 0.7532419183741500
 0.1320544928936741  1.049595858574356 0.7533613746043530
 0.1314117596855497  1.050281090017058 0.7534514476130745
 0.1308009049474250  1.050932221523331 0.7535355391727631
 0.1301383775561605  1.051638309824491 0.7536250969794169
 0.1294564816895802  1.052364909021813 0.7537155048646444
 0.1288400941049611  1.053021593151048 0.7537957046125618
 0.1282233348377479  1.053678568573133 0.7538745266158297
 0.1275081097340958  1.054440301701468 0.7539641751592699
 0.1268540738502217  1.055136748132902 0.7540445304036190
 0.1262418000191034  1.055788623776126 0.7541183744313732
 0.1256091521899429  1.056462090803005 0.7541933008788948
 0.1247203097693734  1.057408113567526 0.7542962720261182
 0.1240734422653523  1.058096473425341 0.7543695808012251
 0.1234513050374063  1.058758422172342 0.7544388443854935
 0.1227454126415753  1.059509375487292 0.7545160192912972
 0.1220806905196320  1.060216425203295 0.7545873807445885
 0.1214614056705276  1.060875054109118 0.7546527699718397
 0.1208250147898601  1.061551786630105 0.7547189114985589
 0.1197708091451728  1.062672624608604 0.7548262354012819
 0.1204736262927005  1.061925411878170 0.7547549895391709
 0.1198601095893813  1.062577689133433 0.7548172493086117
 0.1192403441166307  1.063236527932918 0.7548792238425321
 0.1186131536860492  1.063903177125118 0.7549410251451205
 0.1178914782451438  1.064670154397992 0.7550110211333004
 0.1172220007238571  1.065381561720727 0.7550749030696471
 0.1165955211985760  1.066047196205778 0.7551337746468825
 0.1159470116309060  1.066736155534749 0.7551937983435763
 0.1150949839227033  1.067641202371562 0.7552712474072147
 0.1144371807048199  1.068339843485431 0.7553299500441397
 0.1137996220628486  1.069016905401586 0.7553859411577027
 0.1130728378098710  1.069788629533259 0.7554486831055867
 0.1123923336009556  1.070511124784092 0.7555063827355345
 0.1117554722603939  1.071187209126754 0.7555594663773855
 0.1110948273171340  1.071888466523340 0.7556136005719665
 0.1102593301316182  1.072775217226072 0.7556807112503792
 0.1095925952735795  1.073482768182791 0.7557331895533056
 0.1089419084225434  1.074173217623061 0.7557834863888213
 0.1081900045703812  1.074970983511109 0.7558404785435885
 0.1074991281336855  1.075703920152244 0.7558917791705212
 0.1068479296387111  1.076394694974645 0.7559392015935249
 0.1061628456684276  1.077121344505971 0.7559881208424161
 0.1053830473555700  1.077948369203263 0.7560426010015107
 0.1047096475652942  1.078662479778876 0.7560886246393089
 0.1040396346615261  1.079372934034164 0.7561334792879699
 0.1032285585443828  1.080232881544165 0.7561865275479527
 0.1025255136303532  1.080978215358720 0.7562314034301970
 0.1018533133018330  1.081690787286598 0.7562733530771485
 0.1011192023455337  1.082468920520434 0.7563181047179874
 0.1003759489606406  1.083256674237148 0.7563622940751953
 0.9969111277171902E-01  1.083982452194744 0.7564020195700795
 0.9898325833456517E-01  1.084732564544650 0.7564420842869942
 0.9811445949986931E-01  1.085653148349773 0.7564898748080812
 0.9739998728094496E-01  1.086410141749587 0.7565280351732859
 0.9668811655655368E-01  1.087164322047657 0.7565650381115414
 0.9565625617837155E-01  1.088257412888493 0.7566168869806347
 0.9491207229453097E-01  1.089045687242147 0.7566529798196249
 0.9417605857088313E-01  1.089825252157991 0.7566876088990544
 0.9324435200258545E-01  1.090812013240846 0.7567299233253751
 0.9249457719183320E-01  1.091606032545933 0.7567627421770837
 0.9173946452094582E-01  1.092405652823770 0.7567946902092898
 0.9081543740248160E-01  1.093384075400170 0.7568322922773832
 0.9004830614356249E-01  1.094196311084825 0.7568622743649425
 0.8926582348549883E-01  1.095024751461644 0.7568917102714650
 0.8836205142017614E-01  1.095981545479853 0.7569242774216943
 0.8757527896935954E-01  1.096814426083629 0.7569513937761517
 0.8675397046955292E-01  1.097683819462783 0.7569785026270283
 0.8586518505378390E-01  1.098624588347205 0.7570065096921046
 0.8505088828404032E-01  1.099486466585548 0.7570310131686654
 0.8415673578293834E-01  1.100432819118562 0.7570567159774995
 0.8327229094299045E-01  1.101368850436898 0.7570809759838562
 0.8240974552869008E-01  1.102281662171551 0.7571035970731266
 0.8124808959822524E-01  1.103510951939696 0.7571325713264588
 0.8033005256259666E-01  1.104482389582593 0.7571543493476591
 0.7920074285669354E-01  1.105677332563784 0.7571798697080550
 0.7825573501969522E-01  1.106677216571745 0.7572001946132673
 0.7712595826944994E-01  1.107872546861788 0.7572233090542380
 0.7617070484751075E-01  1.108883185244898 0.7572418835851692
 0.7503381481733318E-01  1.110085943678942 0.7572628728469328
 0.7408263128026515E-01  1.111092198403285 0.7572795239970541
 0.7301506604878677E-01  1.112221534116999 0.7572972481828191
 0.7207506202623877E-01  1.113215895456242 0.7573120328952948
 0.7110552746724484E-01  1.114241464930955 0.7573265026151693
 0.7015058524488871E-01  1.115251570402550 0.7573400053120061
 0.6923803633047655E-01  1.116216808809920 0.7573522322192962
 0.6806992757761457E-01  1.117452329365765 0.7573669388938512
 0.6715048974293181E-01  1.118424803339059 0.7573777729560720
 0.6614391343793830E-01  1.119489418807476 0.7573888558452878
 0.6521168596844240E-01  1.120475378205119 0.7573983136986617
 0.6429885332021371E-01  1.121440807641176 0.7574066803345301
 0.6304606631139893E-01  1.122765755120837 0.7574163711530142
 0.6209774019856321E-01  1.123768689442476 0.7574220722320852
 0.6109648607428441E-01  1.124827588842080 0.7574264612868796
 0.6009386551964984E-01  1.125887925698703 0.7574293087498193
 0.5912548842326699E-01  1.126912043388170 0.7574308936488633
 0.5800280194159577E-01  1.128099349735064 0.7574317832821509
 0.5695015751801866E-01  1.129212581251183 0.7574321113824044
 0.5581594574007919E-01  1.130412074398297 0.7574322278099026
 0.5456524986991195E-01  1.131734755890885 0.7574322589866141
 0.5328824634376721E-01  1.133085259174045 0.7574322644799686
 0.5172028016350828E-01  1.134743471873282 0.7574322652250474
 0.5008016529694449E-01  1.136477985877990 0.7574322652660891
 0.4801708823486758E-01  1.138659806267431 0.7574322652672884
 0.4544692453747892E-01  1.141377899382924 0.7574322652672562
 0.4161331072600103E-01  1.145432162276382 0.7574322652672544
 0.3296426901512953E-01  1.154579011854025 0.7574322652672544
-0.1631897828356453E-02  1.191166410164595 0.7574322652672544
-0.1400165652023004  1.337516003406877 0.7574322652672544
-0.1611068660169490  1.359820186407444 0.7574322652672544
