RUNGE KUTTA: X Z PHI
 0.5197919338387438 0.3973734652027661E-01 0.5235987755982988E-02
 0.5184928702678868 0.1986802702549761 0.1606737530669187E-01
 0.5195145122904021 0.9272047521397876E-01 0.5235987759715923E-02
 0.5196994599892966 0.5739838941817732E-01 0.5235987755982988E-02
 0.5193294128841284 0.1280425602145059 0.5344511066258605E-02
 0.5195761615233669 0.8094644661537828E-01 0.5235987755982988E-02
 0.5193344484552572 0.1270294516801596 0.5324055271654857E-02
 0.5194957307670681 0.9630744904155671E-01 0.5235988698756563E-02
 0.5195493512714860 0.8606678075743890E-01 0.5235987755988690E-02
 0.5195113811725842 0.9331846919134769E-01 0.5235987820911847E-02
 0.5195366945718721 0.8848401023540860E-01 0.5235987756193151E-02
 0.5195106607452508 0.9345605941710683E-01 0.5235987833112813E-02
 0.5194891095859959 0.9757198939448851E-01 0.5235990494617888E-02
 0.5194718216677011 0.1008737021867920 0.5236010448120832E-02
 0.5194564974938410 0.1038003471922247 0.5236088101830295E-02
 0.5194417075005379 0.1066248949637397 0.5236325680341995E-02
 0.5194254245282018 0.1097343004581268 0.5237071091920584E-02
 0.5194121332537864 0.1122718907334310 0.5238521745264666E-02
 0.5194005243877642 0.1144874590069912 0.5240982773251493E-02
 0.5193877948853804 0.1169152528083385 0.5245880900699483E-02
 0.5193778408430364 0.1188116719734361 0.5252189720808776E-02
 0.5193691410755129 0.1204668690903019 0.5260232188532507E-02
 0.5193606700541342 0.1220756752799861 0.5271042135259543E-02
 0.5193514679451184 0.1238189413799733 0.5286998964195514E-02
 0.5193434531818830 0.1253323600309420 0.5305254343974547E-02
 0.5193348784426133 0.1269449908349938 0.5330130086681286E-02
 0.5193268455187918 0.1284480977371106 0.5359213392284899E-02
 0.5193189914362547 0.1299090587255819 0.5393706250779194E-02
 0.5193104599650961 0.1314844376914703 0.5438596854212706E-02
 0.5193026633577112 0.1329118230178043 0.5486875397051370E-02
 0.5192937123312228 0.1345338973922206 0.5551280013440776E-02
 0.5192856607653124 0.1359758569793025 0.5617599207282270E-02
 0.5192772807958347 0.1374575680705293 0.5695101326770750E-02
 0.5192686583555511 0.1389600914814157 0.5783769235454137E-02
 0.5192602980059158 0.1403940646816681 0.5878086613452279E-02
 0.5192502424332028 0.1420872384447468 0.6001790561975735E-02
 0.5192414673673249 0.1435354394061178 0.6118281864298912E-02
 0.5192326536363583 0.1449616685223746 0.6242635857697277E-02
 0.5192232331493679 0.1464541419336280 0.6382912920919124E-02
 0.5192143315915487 0.1478338630434473 0.6521804350257633E-02
 0.5192043872088788 0.1493401483928664 0.6683638011732432E-02
 0.5191951701470341 0.1507034437449504 0.6839361146615213E-02
 0.5191849864563127 0.1521734832296347 0.7017092888623495E-02
 0.5191753032946543 0.1535366625535929 0.7190792064332422E-02
 0.5191653900379166 0.1548981807307442 0.7372283367936683E-02
 0.5191553981373473 0.1562367538085462 0.7557701615766158E-02
 0.5191452419102340 0.1575639640632951 0.7747564924236346E-02
 0.5191351004387789 0.1588571216992042 0.7937752320088210E-02
 0.5191245601091472 0.1601686930108668 0.8135525595410240E-02
 0.5191138588715699 0.1614680782137488 0.8336091614795905E-02
 0.5191028734204155 0.1627698792884754 0.8541578727029486E-02
 0.5190917609679636 0.1640552818897702 0.8748963702587629E-02
 0.5190803609519357 0.1653427050095136 0.8961132147828175E-02
 0.5190690870213827 0.1665862993553721 0.9170253871061284E-02
 0.5190572624603074 0.1678605769554165 0.9388779878455503E-02
 0.5190457430118505 0.1690738159666312 0.9600893134738171E-02
 0.5190334397858760 0.1703404013505048 0.9826623627999269E-02
 0.5190214830365889 0.1715437893777041 0.1004520816783233E-01
 0.5190086548832559 0.1728061496638938 0.1027894109207424E-01
 0.5189958971933970 0.1740334608223472 0.1051073213324757E-01
 0.5189826026989420 0.1752839770490964 0.1075169303157260E-01
 0.5189684348715328 0.1765861955789650 0.1100787539739643E-01
 0.5189543985231280 0.1778468118717611 0.1126109598912514E-01
 0.5189397439588610 0.1791330881460329 0.1152485506698961E-01
 0.5189251830941384 0.1803823439484855 0.1178618903560656E-01
 0.5189112018063701 0.1815561154561275 0.1203624825202948E-01
 0.5188962015865449 0.1827886663521747 0.1230346382425139E-01
 0.5188820169272415 0.1839298666667418 0.1255513717528558E-01
 0.5188669326410105 0.1851186601180897 0.1282172995027802E-01
 0.5188511358967941 0.1863374425087621 0.1309980168098132E-01
 0.5188352053047507 0.1875406729792235 0.1337917028442168E-01
 0.5188174962285195 0.1888491379247046 0.1368866037358173E-01
 0.5188001385550741 0.1901032812511146 0.1399104339009348E-01
 0.5187833644751138 0.1912898003673326 0.1428236237076716E-01
 0.5187655458678521 0.1925240199300801 0.1459085927010196E-01
 0.5187488791551573 0.1936550881470012 0.1487855578894702E-01
 0.5187311546114860 0.1948342264780795 0.1518360348765778E-01
 0.5187135480006094 0.1959823287862288 0.1548561248995906E-01
 0.5186959433130810 0.1971081683175401 0.1578650499257445E-01
 0.5186765961463063 0.1983209963824311 0.1611592824941786E-01
 0.5186583398444409 0.1994429555486170 0.1642560431844315E-01
 0.5186384879393598 0.2006392577319477 0.1676102513197559E-01
 0.5186197194377030 0.2017484970020869 0.1707682633605629E-01
 0.5185992845541595 0.2029331764644882 0.1741922730325991E-01
 0.5185800509931654 0.2040271651907903 0.1774018246441492E-01
 0.5185588897786841 0.2052082026098274 0.1809183240518545E-01
 0.5185389684457918 0.2062992877045269 0.1842141365704233E-01
 0.5185173418656841 0.2074619312217685 0.1877758195143984E-01
 0.5184964651574885 0.2085635696995190 0.1911986492502742E-01
 0.5184751727745368 0.2096670495833516 0.1946748267224214E-01
 0.5184529124606398 0.2107998606315212 0.1982931755124711E-01
 0.5184315178867461 0.2118693365097054 0.2017555482141040E-01
 0.5184077486684922 0.2130362442636355 0.2055853906942259E-01
 0.5183858490209043 0.2140923197468334 0.2090991843619730E-01
 0.5183613974010007 0.2152507288340610 0.2130058701298828E-01
 0.5183387540007861 0.2163047139889901 0.2166075849161317E-01
 0.5183141438018374 0.2174305929425526 0.2205044302115506E-01
 0.5182904016160101 0.2184980968268073 0.2242468763955030E-01
 0.5182664595538530 0.2195567288951192 0.2280044351528622E-01
 0.5182406765404008 0.2206774630203246 0.2320322660652976E-01
 0.5182165689245365 0.2217079431747080 0.2357804465150311E-01
 0.5181893705303352 0.2228510930710306 0.2399886475140794E-01
 0.5181645898085446 0.2238753428742691 0.2438045987581578E-01
 0.5181369837767702 0.2249976971821941 0.2480356222075713E-01
 0.5181110655355201 0.2260341758398975 0.2519884917731868E-01
 0.5180847241589021 0.2270710809118350 0.2559864087984682E-01
 0.5180566157187054 0.2281598707166080 0.2602314862422871E-01
 0.5180302659017668 0.2291645596803634 0.2641920633881494E-01
 0.5180001587438290 0.2302942741202252 0.2686952768576749E-01
 0.5179730023532582 0.2312971739314408 0.2727366115894970E-01
 0.5179435343850005 0.2323687999258978 0.2771000256895235E-01
 0.5179149863010925 0.2333910316775069 0.2813063076859708E-01
 0.5178866835344320 0.2343895274794358 0.2854569383809133E-01
 0.5178542262456373 0.2355169075026630 0.2901931080618431E-01
 0.5178254199904285 0.2365021946943419 0.2943750825117847E-01
 0.5177921523533455 0.2376228438640237 0.2991800602239257E-01
 0.5177622813984259 0.2386138704198077 0.3034729078252927E-01
 0.5177313950051010 0.2396239768972679 0.3078910475144070E-01
 0.5176993140982905 0.2406579434502207 0.3124578631130594E-01
 0.5176689183879964 0.2416237714229816 0.3167637314964780E-01
 0.5176334811668608 0.2427333854569272 0.3217583807997051E-01
 0.5176020461465290 0.2437033843207599 0.3261669983340441E-01
 0.5175687997702848 0.2447151363790828 0.3308078208169083E-01
 0.5175353832532927 0.2457178869946334 0.3354496132329585E-01
 0.5175032007265209 0.2466705988406670 0.3398981107212317E-01
 0.5174654411936856 0.2477726675621224 0.3450905282667801E-01
 0.5174322407415213 0.2487280809604110 0.3496328606048375E-01
 0.5173969087485945 0.2497313170037954 0.3544436414001760E-01
 0.5173616884372295 0.2507179420297370 0.3592152989569908E-01
 0.5173277092906903 0.2516574743737308 0.3637959403770514E-01
 0.5172875551476246 0.2527526420696027 0.3691805750636938E-01
 0.5172524671885455 0.2536966558615913 0.3738616184184183E-01
 0.5172154301373901 0.2546803895875376 0.3787789041795481E-01
 0.5171780233934116 0.2556610838475058 0.3837204453046575E-01
 0.5171422793356235 0.2565864754810431 0.3884188305418402E-01
 0.5170996660251677 0.2576752149867815 0.3939906093921784E-01
 0.5170625405667966 0.2586112848459278 0.3988196724266187E-01
 0.5170241489252299 0.2595674494916083 0.4037895471162495E-01
 0.5169839260929725 0.2605566963188509 0.4089704259848678E-01
 0.5169463514722578 0.2614695710641365 0.4137858674873717E-01
 0.5169021257721722 0.2625305405189648 0.4194238908083371E-01
 0.5168627702528547 0.2634627667963260 0.4244149056231479E-01
 0.5168232105569979 0.2643888589636883 0.4294078075886922E-01
 0.5167785178880759 0.2654222642360534 0.4350197190547952E-01
 0.5167388237442065 0.2663289877960401 0.4399780580081527E-01
 0.5166950662771819 0.2673167783515421 0.4454158785895124E-01
 0.5166532118950014 0.2682504020918759 0.4505905500065648E-01
 0.5166124226172210 0.2691500181354245 0.4556094103707025E-01
 0.5165631410758613 0.2702238217192379 0.4616419022856343E-01
 0.5165210190122222 0.2711305745938896 0.4667707281192862E-01
 0.5164772583218386 0.2720621209030371 0.4720725555859292E-01
 0.5164316725647380 0.2730214690819589 0.4775676453045724E-01
 0.5163891467137025 0.2739065297447933 0.4826693165906196E-01
 0.5163404985835699 0.2749076191267567 0.4884770794063369E-01
 0.5162957282548537 0.2758184576457874 0.4937950958725769E-01
 0.5162516289134315 0.2767061124931726 0.4990082282969267E-01
 0.5161980216907455 0.2777727547919930 0.5053124267279797E-01
 0.5161527668856583 0.2786629058220521 0.5106074533792224E-01
 0.5161054082396358 0.2795846138806975 0.5161230926488073E-01
 0.5160566773487740 0.2805228095021357 0.5217713713864987E-01
 0.5160110305678111 0.2813924657431724 0.5270369960986659E-01
 0.5159590508856758 0.2823722637931614 0.5330038127409491E-01
 0.5159108850326326 0.2832704356546967 0.5385058943248966E-01
 0.5158637348030597 0.2841408264342969 0.5438677640835565E-01
 0.5158057804969625 0.2851989855645947 0.5504258513199556E-01
 0.5157570913796486 0.2860782802500814 0.5559075862093234E-01
 0.5157070993312649 0.2869721316682279 0.5615094256612114E-01
 0.5156535020353282 0.2879205964113941 0.5674860177609536E-01
 0.5156045547591266 0.2887780888318855 0.5729186045616447E-01
 0.5155511068534353 0.2897051897403859 0.5788235315480138E-01
 0.5154987334021981 0.2906045249798387 0.5845821294899200E-01
 0.5154487035508704 0.2914553817925587 0.5900572574293821E-01
 0.5153898536032846 0.2924461958023487 0.5964657210631710E-01
 0.5153372841627680 0.2933223091584668 0.6021620887916381E-01
 0.5152854830036507 0.2941775471320132 0.6077501295794843E-01
 0.5152212518247891 0.2952271509551067 0.6146449461717454E-01
 0.5151680007175562 0.2960884396424479 0.6203323139592107E-01
 0.5151132457450323 0.2969658547390365 0.6261531146739713E-01
 0.5150545990417246 0.2978966295694390 0.6323578599154672E-01
 0.5150011402936197 0.2987371411475166 0.6379879197203940E-01
 0.5149433959864490 0.2996367363551532 0.6440423532098223E-01
 0.5148856878642085 0.3005273544365931 0.6500649798321205E-01
 0.5148312042835047 0.3013606630689300 0.6557251153330533E-01
 0.5147698024020398 0.3022912029352300 0.6620739333795418E-01
 0.5147119464417869 0.3031598707342886 0.6680278316576219E-01
 0.5146561065270681 0.3039909519558599 0.6737491283830843E-01
 0.5145887646495125 0.3049838771631472 0.6806165532499610E-01
 0.5145302610580234 0.3058383809715016 0.6865537252504260E-01
 0.5144725434840739 0.3066741870188142 0.6923845663121982E-01
 0.5144000847300839 0.3077135446823388 0.6996678633091388E-01
 0.5143407941466149 0.3085559922860815 0.7055981530055259E-01
 0.5142802725140415 0.3094086522437761 0.7116250661515201E-01
 0.5142139751560849 0.3103344263549498 0.7181964845519800E-01
 0.5141545165739168 0.3111575188626544 0.7240624716164945E-01
 0.5140916106154416 0.3120210972479804 0.7302401864189891E-01
 0.5140261872564575 0.3129115097374631 0.7366349113504345E-01
 0.5139657710012949 0.3137269275250976 0.7425138432527653E-01
 0.5139005126036323 0.3146004659975591 0.7488361959991856E-01
 0.5138348575665356 0.3154718918438333 0.7551679379635400E-01
 0.5137733009618416 0.3162822982723168 0.7610777838401994E-01
 0.5137056601497775 0.3171655684742249 0.7675422377801849E-01
 0.5136393949212837 0.3180236798432459 0.7738461562787634E-01
 0.5135766179634896 0.3188301835248912 0.7797927068588412E-01
 0.5135064928010984 0.3197238366705198 0.7864066424863779E-01
 0.5134394171494302 0.3205716093368166 0.7927046414541676E-01
 0.5133753626334229 0.3213749209285450 0.7986929337063546E-01
 0.5133025540788287 0.3222807215445520 0.8054689736462842E-01
 0.5132345576100817 0.3231197863627555 0.8117685653255594E-01
 0.5131691682705430 0.3239205462019168 0.8178014046568613E-01
 0.5130932758739256 0.3248425367253123 0.8247726786215950E-01
 0.5130242744134635 0.3256740573127806 0.8310821639257868E-01
 0.5129574654794657 0.3264731481754303 0.8371646570191282E-01
 0.5128775027473440 0.3274219540047442 0.8444106126961697E-01
 0.5128074358133221 0.3282466549523126 0.8507301286766708E-01
 0.5127390416868374 0.3290457631825373 0.8568728167648935E-01
 0.5126513535547701 0.3300619400500441 0.8647112827191315E-01
 0.5125800306413447 0.3308816799006888 0.8710558826742099E-01
 0.5125094935804303 0.3316865192729073 0.8773030886589915E-01
 0.5124190680837998 0.3327099252419602 0.8852724736187571E-01
 0.5123469395636807 0.3335196492889578 0.8915988224670433E-01
 0.5122738259460362 0.3343345708161917 0.8979848488457361E-01
 0.5121914202961192 0.3352461211641919 0.9051504825128789E-01
 0.5121191534978109 0.3360395791000189 0.9114063824820898E-01
 0.5120445226466835 0.3368532778434782 0.9178393704123976E-01
 0.5119614315499421 0.3377525136672270 0.9249693960580462E-01
 0.5118879668065317 0.3385417948344943 0.9312461431599736E-01
 0.5118119485223116 0.3393529085910860 0.9377149325410612E-01
 0.5117274029624050 0.3402484379006353 0.9448783185036919E-01
 0.5116526268722792 0.3410348249589835 0.9511864594434723E-01
 0.5115753303728049 0.3418422335499080 0.9576800205815336E-01
 0.5114889182576244 0.3427383794304570 0.9649072583479620E-01
 0.5114127654460355 0.3435225606098130 0.9712492702667785E-01
 0.5113342467535166 0.3443257379306982 0.9777623576950499E-01
 0.5112456438142055 0.3452256413298662 0.9850803698363794E-01
 0.5111680574111330 0.3460081573049366 0.9914606523266463E-01
 0.5110883382491095 0.3468069325105119 0.9979890738010211E-01
 0.5109973207594217 0.3477125237777124 0.1005409511217775
 0.5109182618250687 0.3484936989640263 0.1011827128182737
 0.5108373270817589 0.3492882684254688 0.1018370863165147
 0.5107437322960942 0.3502007553309954 0.1025905308468364
 0.5106631700960378 0.3509808063146274 0.1032362034626337
 0.5105809923779595 0.3517714641343412 0.1038920823069668
 0.5104847718425133 0.3526908820721698 0.1046565787008917
 0.5104026978323388 0.3534698059812585 0.1053058228624450
 0.5103192422266566 0.3542569065381371 0.1059633787585356
 0.5102203892406563 0.3551828973633758 0.1067388616986732
 0.5101368012699948 0.3559606324275426 0.1073916975780275
 0.5100520477518067 0.3567443727000516 0.1080509147868342
 0.5099505970449395 0.3576762190345505 0.1088364604722643
 0.5098655024876378 0.3584526287622660 0.1094924774910007
 0.5097794342512477 0.3592331762736561 0.1101534015954573
 0.5096753237521249 0.3601710763771758 0.1109493970688568
 0.5095887125948516 0.3609461859191155 0.1116086617429728
 0.5095013139573250 0.3617236864863262 0.1122711953175674
 0.5093945553323819 0.3626671746847036 0.1130768268457893
 0.5093064275652240 0.3634409279110940 0.1137389235394104
 0.5092176730031682 0.3642156149892388 0.1144031158635455
 0.5091083097980702 0.3651639809686515 0.1152179476955430
 0.5090186656276978 0.3659363270978883 0.1158828756756530
 0.5089285450038596 0.3667082930908985 0.1165486101794697
 0.5088165886338550 0.3676611426682703 0.1173718959826123
 0.5087254287810095 0.3684320367781605 0.1180392763013591
 0.5086339288438033 0.3692014040664309 0.1187065352820392
 0.5085193319704149 0.3701588587934485 0.1195385584217772
 0.5084266430591233 0.3709283746450932 0.1202085003286161
 0.5083337445068498 0.3716953069938266 0.1208772262982044
 0.5082166144022452 0.3726562156370244 0.1217165404150870
 0.5081224055025538 0.3734242510671747 0.1223885982090298
 0.5080280997737975 0.3741888295110936 0.1230587378753622
 0.5079083585970687 0.3751535999465172 0.1239058928216260
 0.5078126195829783 0.3759202098055377 0.1245802066373882
 0.5077169049470571 0.3766824531381269 0.1252516443208230
 0.5075945118438268 0.3776511761319477 0.1261063568468936
 0.5074972384168516 0.3784163697499636 0.1267826535827611
 0.5074001074672668 0.3791763446008559 0.1274553950705974
 0.5072749644606146 0.3801495494223487 0.1283184088648102
 0.5071761394008918 0.3809134311271823 0.1289969234366381
 0.5070775805367648 0.3816712273069872 0.1296709526613415
 0.5069497322593268 0.3826483230905002 0.1305413933939187
 0.5068493566117929 0.3834108589073763 0.1312218068018423
 0.5067493564514514 0.3841665826803863 0.1318971426002070
 0.5066187331161335 0.3851478705991154 0.1327755053312941
 0.5065167876076412 0.3859091773474123 0.1334580149916716
 0.5064153284964857 0.3866629575331477 0.1341346230560089
 0.5062820671870065 0.3876471967503680 0.1350193579172907
 0.5061785588166715 0.3884072023532361 0.1357035596644006
 0.5060756308203291 0.3891591166336461 0.1363814026323227
 0.5059396179534460 0.3901469536512177 0.1372733038486516
 0.5058345326845243 0.3909057377973751 0.1379593863626298
 0.5057301328482916 0.3916558047983568 0.1386383754915658
 0.5055914478166053 0.3926464747630461 0.1395363706603192
 0.5054847963267467 0.3934039448076199 0.1402239609393888
 0.5053789314566899 0.3941521220427658 0.1409039907775451
 0.5052372233827421 0.3951479189604080 0.1418104087537016
 0.5051289721885498 0.3959042833941314 0.1424998173944744
 0.5050216179110131 0.3966507333997866 0.1431809182773617
 0.5048774378861436 0.3976476069863782 0.1440916444195393
 0.5047676356854583 0.3984025220387300 0.1447822315002267
 0.5046588172051502 0.3991470861268707 0.1454641589361804
 0.5045122625483101 0.4001442877088470 0.1463787049636518
 0.5044008967044540 0.4008978457652033 0.1470706652517281
 0.5042906527296996 0.4016402846573896 0.1477530830900575
 0.5041418675324323 0.4026367942111378 0.1486700708229765
 0.5040289300376014 0.4033890616024804 0.1493631497127600
 0.5039173068662572 0.4041291070703297 0.1500457167860841
 0.5037662972790037 0.4051248696015336 0.1509652867843736
 0.5036517486930030 0.4058761163225832 0.1516598464201324
 0.5035387919864459 0.4066135157213360 0.1523422101881385
 0.5033855517761856 0.4076085596786697 0.1532639388778251
 0.5032693530699318 0.4083590439999986 0.1539599064768351
 0.5031550917274179 0.4090936679909317 0.1546418632346953
 0.5029996087502202 0.4100880606159395 0.1555660567394800
 0.5028817124597625 0.4108380811921974 0.1562638971910192
 0.5027661814974602 0.4115697646501034 0.1569452599845781
 0.5026088989349824 0.4125607077501762 0.1578689714553020
 0.5024892864484174 0.4133103834749661 0.1585685449407665
 0.5023725490615999 0.4140388087229723 0.1592489628249144
 0.5022211859418146 0.4149786040771734 0.1601277943045771
 0.5021001942950942 0.4157260680565236 0.1608274878808662
 0.5019828057210546 0.4164481228255097 0.1615039365610799
 0.5018426636153215 0.4173061226148174 0.1623084103964008
 0.5017196472418426 0.4180557196114336 0.1630118716534489
 0.5016018625075617 0.4187703635855965 0.1636831213194645
 0.5014717675796740 0.4195562445968074 0.1644219620847733
 0.5013437754365472 0.4203259280129556 0.1651462238067995
 0.5012246552547198 0.4210391828087742 0.1658178983278490
 0.5011000471224253 0.4217821608656633 0.1665180434542102
 0.5009587575455817 0.4226207693701995 0.1673089038568051
 0.5008362253619968 0.4233447875174301 0.1679922578369560
 0.5007132339488615 0.4240685122430097 0.1686758939994024
 0.5005448157461609 0.4250547189785756 0.1696083618386935
 0.5004173235118506 0.4257976137003965 0.1703113869555060
 0.5002931139688322 0.4265183845572127 0.1709939209588752
 0.5001359331821789 0.4274262974737612 0.1718542836665652
 0.5000070616701824 0.4281672437921030 0.1725569805240946
 0.4998825983433368 0.4288799338964212 0.1732334015775059
 0.4997394502873088 0.4296961185385714 0.1740086920764556
 0.4996074671181290 0.4304453689059792 0.1747209631029325
 0.4994824803207858 0.4311520382021619 0.1753931906672660
 0.4993485767712215 0.4319060665126884 0.1761109034117945
 0.4992076743867421 0.4326961321281697 0.1768634199077394
 0.4990802812152804 0.4334075048355905 0.1775414743514979
 0.4989503435104605 0.4341302381911313 0.1782308725297653
 0.4987714263153025 0.4351207527524203 0.1791765275766857
 0.4986380880583762 0.4358554740000229 0.1798785235571601
 0.4985070888463841 0.4365744634421906 0.1805658869133931
 0.4983259326369577 0.4375641534823607 0.1815126839772409
 0.4981905129241614 0.4383005419931560 0.1822176931982864
 0.4980586656479171 0.4390147150657726 0.1829019163024914
 0.4978926768648749 0.4399099532715045 0.1837602794786646
 0.4977559415185371 0.4406442154443389 0.1844647944973274
 0.4976241356783813 0.4413493001740032 0.1851416776379972
 0.4974744051503328 0.4421470840837596 0.1859079572064371
 0.4973337872093938 0.4428932618168803 0.1866250881452234
 0.4972013619657185 0.4435932913180294 0.1872982842811332
 0.4970611537728727 0.4443316657399338 0.1880088204054038
 0.4969080542354036 0.4451346785162942 0.1887820742690214
 0.4967724055049677 0.4458433562433394 0.1894648776785728
 0.4966356695677225 0.4465550754422742 0.1901509297437124
 0.4964523094111845 0.4475053664165099 0.1910674414397745
 0.4963106776806934 0.4482362073448038 0.1917727382233724
 0.4961733767054800 0.4489420798805888 0.1924543467835927
 0.4960099603814414 0.4497788858446802 0.1932629151161020
 0.4958661593578230 0.4505122887775443 0.1939719944715454
 0.4957289530887350 0.4512095029673737 0.1946463986490805
 0.4955797201035119 0.4519650280416988 0.1953775225313995
 0.4954279594224832 0.4527303863605638 0.1961185218303663
 0.4952888147257926 0.4534295208906952 0.1967957718446917
 0.4951459665707073 0.4541447033181782 0.1974889669091059
 0.4949590508170305 0.4550766392082726 0.1983928431967975
 0.4948137148683296 0.4557982615089078 0.1990931357746206
 0.4946710832586877 0.4565039303590605 0.1997782285142524
 0.4944933328431405 0.4573798847032649 0.2006290169468426
 0.4943452957154900 0.4581065091957115 0.2013351228360886
 0.4942029988031308 0.4588024981359937 0.2020118070470668
 0.4940440011171887 0.4595773479641779 0.2027655784841541
 0.4938905567992867 0.4603223362833103 0.2034906704977003
 0.4937473409364150 0.4610152097986022 0.2041653044310292
 0.4935979384915369 0.4617355130826024 0.2048668734886133
 0.4934238908535405 0.4625714495209200 0.2056813633323025
 0.4932759715321536 0.4632792255211169 0.2063712747384298
 0.4931291419329367 0.4639793871475800 0.2070540705937742
 0.4929501263068399 0.4648298265398497 0.2078838299217129
 0.4927970748955243 0.4655541574920445 0.2085908566223754
 0.4926505196435490 0.4662453830612338 0.2092657813244688
 0.4924895592979615 0.4670019138634758 0.2100046853960833
 0.4923290833758691 0.4677534477874274 0.2107389599435122
 0.4921809569484724 0.4684447602379658 0.2114146706367635
 0.4920283187706495 0.4691547548814715 0.2121089565638575
 0.4918337318114496 0.4700564145652953 0.2129911212849486
 0.4916792424200733 0.4707695408155845 0.2136891372079592
 0.4915276422985547 0.4714670025232027 0.2143720380831018
 0.4913445473325070 0.4723063181172015 0.2151941098244038
 0.4911864833896924 0.4730282387842871 0.2159014857816260
 0.4910353757222958 0.4737161134457515 0.2165757989115678
 0.4908706725205268 0.4744633686444646 0.2173086726215702
 0.4907038348598884 0.4752176644940032 0.2180487911287087
 0.4905507940247037 0.4759072656099372 0.2187256725700440
 0.4903940669335647 0.4766112001283202 0.2194168153914082
 0.4901736484939927 0.4775973437790175 0.2203853618068461
 0.4900125906771415 0.4783150881091265 0.2210905851432322
 0.4898554364542826 0.4790131627212163 0.2217767545816825
 0.4896580247120219 0.4798869086310378 0.2226359714362495
 0.4894953881473466 0.4806041284438227 0.2233415167436865
 0.4893391161315335 0.4812910804002933 0.2240174411167770
 0.4891656948893345 0.4820509170297603 0.2247652272173702
 0.4889967303806821 0.4827887196272590 0.2254914988836570
 0.4888395002611155 0.4834730805933148 0.2261653584192713
 0.4886766281207448 0.4841797805407485 0.2268614404851044
 0.4884768086065058 0.4850437397439021 0.2277127125092973
 0.4883133465002975 0.4857480212294630 0.2284068317225666
 0.4881526426233644 0.4864382644975680 0.2290872206651982
 0.4879628955859770 0.4872505275142677 0.2298880060901430
 0.4877945199026897 0.4879688574324976 0.2305963304154472
 0.4876343280332391 0.4886501567543467 0.2312683150597392
 0.4874629404411442 0.4893768065072425 0.2319852457117436
 0.4872817245300066 0.4901426021493239 0.2327410192423913
 0.4871185087283759 0.4908301306852143 0.2334196935660956
 0.4869538349711938 0.4915217055337916 0.2341024584826027
 0.4867435145575152 0.4924019493782249 0.2349716268023440
 0.4865726867208096 0.4931144274939753 0.2356753018974803
 0.4864086097671502 0.4937966763503058 0.2363493065067559
 0.4862263782187949 0.4945520536290198 0.2370957858028059
 0.4860491945598348 0.4952841457085322 0.2378194523362489
 0.4858841940122931 0.4959638244306209 0.2384914296724983
 0.4857138239865065 0.4966635396894677 0.2391832976465352
 0.4855015418635132 0.4975324568801900 0.2400425852626456
 0.4853295968440086 0.4982339023676204 0.2407363937594912
 0.4851614678884114 0.4989177536230619 0.2414129554470457
 0.4849650128925897 0.4997143019984980 0.2422012075934716
 0.4847878704124550 0.5004302404713812 0.2429098192900251
 0.4846202025622382 0.5011058901900725 0.2435786078671526
 0.4844425580662999 0.5018196427118526 0.2442851300487545
 0.4842485800594882 0.5025965748999125 0.2450542204432131
 0.4840768258647946 0.5032823818572129 0.2457331722402428
 0.4839053426182195 0.5039651437457949 0.2464092092842504
 0.4836984845715085 0.5047861627887960 0.2472222772833365
 0.4835188723170172 0.5054967680384882 0.2479260766531208
 0.4833481144741723 0.5061703983385553 0.2485932698845666
 0.4831647432311785 0.5068916954926925 0.2493076642364364
 0.4829722390330440 0.5076466059077606 0.2500553605830313
 0.4827985003716419 0.5083259112395546 0.2507282327980538
 0.4826233965144925 0.5090086354492021 0.2514045880861008
 0.4824025411758360 0.5098670194885170 0.2522551062060332
 0.4822203486476767 0.5105728680204643 0.2529545590066567
 0.4820462495681250 0.5112454623928625 0.2536210696226526
 0.4818556963562373 0.5119795144922444 0.2543484697763946
 0.4816641417417009 0.5127152208656615 0.2550775186064350
 0.4814883140871921 0.5133885960531680 0.2557448531744217
 0.4813089967132744 0.5140734499640074 0.2564236481203849
 0.4810517082091292 0.5150527960870874 0.2573944611227338
 0.4808658293970587 0.5157579313394945 0.2580934812148281
 0.4806866433584916 0.5164357918708783 0.2587654281139696
 0.4804748774457177 0.5172345357015523 0.2595571373777646
 0.4802868787657440 0.5179415036295172 0.2602578460153193
 0.4801088900122891 0.5186089982943286 0.2609194413409949
 0.4799200639389124 0.5193152035702221 0.2616194348683722
 0.4797132951977626 0.5200862513656005 0.2623837072393159
 0.4795308978317067 0.5207644699481363 0.2630559151382099
 0.4793491538778538 0.5214384578594502 0.2637238334351999
 0.4791334638419934 0.5222360193533184 0.2645140702364606
 0.4789423043942398 0.5229407918715664 0.2652122736103610
 0.4787613699854315 0.5236060790951078 0.2658713210437765
 0.4785695521001818 0.5243095008762101 0.2665681305212050
 0.4783586520609184 0.5250806799638263 0.2673320253311350
 0.4781731575406851 0.5257570549375615 0.2680019344487775
 0.4779885668738124 0.5264283773819256 0.2686667274889551
 0.4777707783363014 0.5272181989421050 0.2694487153807863
 0.4775762699759812 0.5279215645877248 0.2701450041627648
 0.4773924353302217 0.5285845870049410 0.2708013166491767
 0.4771982470903636 0.5292831223301059 0.2714927699256637
 0.4769814239024329 0.5300608776493982 0.2722626076740526
 0.4767924809604709 0.5307367452214051 0.2729315177293655
 0.4766051433066075 0.5314051555214645 0.2735929313543881
 0.4763867446370323 0.5321822508677125 0.2743617299256390
 0.4761884792535386 0.5328857307127436 0.2750575763735854
 0.4760016750224864 0.5335468353359566 0.2757114420775404
 0.4758056687816030 0.5342387366168818 0.2763957224048071
 0.4755797257705013 0.5350340837252907 0.2771822295089635
 0.4753867169777179 0.5357116210454472 0.2778521130425951
 0.4751965773297314 0.5363774084012237 0.2785102175080315
 0.4749779934113064 0.5371407533504506 0.2792645319716128
 0.4747756238158543 0.5378455422860031 0.2799607944411835
 0.4745857692320661 0.5385050697337633 0.2806122168189238
 0.4743880674561664 0.5391901457291384 0.2812887678569819
 0.4741495551865895 0.5400143322829766 0.2821025344032652
 0.4739521480314977 0.5406945866322632 0.2827739986905996
 0.4737591532820365 0.5413579923505668 0.2834286175557540
 0.4735394190302494 0.5421113498401890 0.2841717199712115
 0.4733331178166540 0.5428167641423949 0.2848672915466960
 0.4731402302685693 0.5434746710387461 0.2855158531864596
 0.4729403893379114 0.5441546337579567 0.2861860208684674
 0.4726890430938586 0.5450074628722046 0.2870263602054923
 0.4724874814831906 0.5456894685026527 0.2876981674952280
 0.4722914944232756 0.5463510014299896 0.2883495871749807
 0.4720689530531393 0.5471002546297649 0.2890871101809196
 0.4718592076508056 0.5478045801118926 0.2897801729453665
 0.4716632984860189 0.5484608373505118 0.2904257770595609
 0.4714606756276998 0.5491379637390902 0.2910917833498434
 0.4712001864372680 0.5500060659516529 0.2919454295737646
 0.4709949012168392 0.5506883069750481 0.2926161016666400
 0.4707957761267798 0.5513484966959459 0.2932648742601235
 0.4705697345863100 0.5520960562484969 0.2939992210373023
 0.4703566610389838 0.5527989209320976 0.2946894090706155
 0.4701577265147192 0.5534535735849241 0.2953320712843469
 0.4699522132366313 0.5541282928453979 0.2959942720518294
 0.4696826853092650 0.5550107586621640 0.2968600978528528
 0.4694737208957385 0.5556930576062299 0.2975292647046923
 0.4692714471505228 0.5563519628591986 0.2981752152181371
 0.4690416864174433 0.5570985733606303 0.2989067997932590
 0.4688254327793314 0.5577995240103643 0.2995933308115582
 0.4686235289577037 0.5584524254207494 0.3002325695753362
 0.4684150048229231 0.5591251881846079 0.3008910504181943
 0.4681397781515035 0.5600107653662704 0.3017575047526445
 0.4679275978404264 0.5606916417354697 0.3024233822874728
 0.4677223984464891 0.5613486036476533 0.3030655869015249
 0.4674896289611949 0.5620920452981442 0.3037919798752197
 0.4672700345352938 0.5627916774190372 0.3044752623119455
 0.4670651295253190 0.5634430049078258 0.3051111503194729
 0.4668537098025915 0.5641135290884898 0.3057655945163246
 0.4665696354888855 0.5650120802707284 0.3066422985264034
 0.4663538835797206 0.5656926975120636 0.3073060918328410
 0.4661455504232870 0.5663484278756551 0.3079453436734323
 0.4659089753478014 0.5670912950516418 0.3086692045215984
 0.4656861865838458 0.5677891777113792 0.3093489275494057
 0.4654782782921730 0.5684389754219701 0.3099815899089844
 0.4652638632051697 0.5691076307829943 0.3106324093165378
 0.4649705283551323 0.5700199837578147 0.3115200731916568
 0.4647511126399027 0.5707006175383413 0.3121819643972026
 0.4645395244050095 0.5713555139883743 0.3128185142458696
 0.4642986707520572 0.5720992631822068 0.3135410341254171
 0.4640728515074161 0.5727949271768982 0.3142164851188478
 0.4638619820412109 0.5734430966064497 0.3148455518829596
 0.4636444017036575 0.5741104457588274 0.3154929911990558
 0.4633485250960159 0.5750155975987389 0.3163707402563731
 0.4631261614884848 0.5756940928500848 0.3170283490275013
 0.4629117606204605 0.5763468685254979 0.3176607114440470
 0.4626686248649840 0.5770854530100338 0.3183758140675844
 0.4624392049430654 0.5777807473318159 0.3190486629944447
 0.4622252885411967 0.5784276438566038 0.3196744293648195
 0.4620049949702146 0.5790924104669282 0.3203172709175547
 0.4616926818945482 0.5800324159418159 0.3212259110697308
 0.4614662448911574 0.5807121715389301 0.3218826767705829
 0.4612484143653654 0.5813646901951148 0.3225128428929952
 0.4609992126682209 0.5821095090927767 0.3232317957936479
 0.4607673969696030 0.5828007720849122 0.3238987453976319
 0.4605506068956651 0.5834458498249103 0.3245209087105604
 0.4603266412900793 0.5841108874710802 0.3251621232415630
 0.4600244330615934 0.5850060306187377 0.3260248681680248
 0.4597958521318172 0.5856814024925275 0.3266754924957443
 0.4595754613723012 0.5863312095692180 0.3273011962643170
 0.4593266887546162 0.5870630980380983 0.3280055750467666
 0.4590901182097796 0.5877575238451805 0.3286735689277577
 0.4588701030780827 0.5884019934890796 0.3292932620446558
 0.4586444159418449 0.5890617245907919 0.3299274173251162
 0.4583125229635871 0.5900294459916930 0.3308572356034221
 0.4585338849340700 0.5893843326765013 0.3302374431424097
 0.4583172766811877 0.5900156059441702 0.3308439411923021
 0.4580966559014273 0.5906572948924386 0.3314602100248653
 0.4578747409771221 0.5913014543434089 0.3320785830918282
 0.4576259090468336 0.5920222133168574 0.3327701639808900
 0.4573845308731353 0.5927198429824312 0.3334392586444193
 0.4571612311069133 0.5933638814995837 0.3340567486264656
 0.4569334281069107 0.5940195880601158 0.3346852637339351
 0.4566328600267441 0.5948827141339855 0.3355123621844062
 0.4563966890237581 0.5955593070789933 0.3361604950538735
 0.4561717642262667 0.5962023749945367 0.3367762979603176
 0.4559275254804505 0.5968992275605972 0.3374433517873638
 0.4556761450448585 0.5976149063768971 0.3381281732982375
 0.4554484222400742 0.5982618829259827 0.3387470747320844
 0.4552198741636950 0.5989099222991258 0.3393668558427434
 0.4549509625324031 0.5996707765173581 0.3400943651161870
 0.4547095176245317 0.6003524204676651 0.3407459495014101
 0.4544824243490585 0.6009922629319876 0.3413573721902633
 0.4542458684928508 0.6016574506428862 0.3419927759423527
 0.4539525923556809 0.6024802815903976 0.3427784355737237
 0.4537155400869778 0.6031438787278276 0.3434118329374868
 0.4534854981580153 0.6037865864119023 0.3440251450628053
 0.4532294218047451 0.6045005740626738 0.3447063289919097
 0.4529792032194662 0.6051967553003154 0.3453703586481129
 0.4527483864229155 0.6058376709797266 0.3459814970485622
 0.4525137919952962 0.6064878206833436 0.3466012419008334
 0.4522190089588897 0.6073029923964611 0.3473780178973011
 0.4519747923428335 0.6079768363849916 0.3480199409425893
 0.4517430618112619 0.6086149836445324 0.3486277573799044
 0.4514960778985164 0.6092938088970072 0.3492742425310615
 0.4512268231014661 0.6100322933184487 0.3499774509017752
 0.4509896435544475 0.6106814720976038 0.3505955054707955
 0.4507548938529384 0.6113227778321700 0.3512059269959520
 0.4504893441218938 0.6120467677381851 0.3518948753950308
 0.4502365019553927 0.6127346823451836 0.3525493481100198
 0.4500016518900132 0.6133724032278489 0.3531559803518785
 0.4497615003183299 0.6140232896390534 0.3537750810476333
 0.4494412879468995 0.6148892420293853 0.3545986596178709
 0.4491923691737989 0.6155608847438173 0.3552373305914808
 0.4489554520233257 0.6161989247672504 0.3558439236129834
 0.4486982925655326 0.6168901406453061 0.3565009189794687
 0.4484333199713626 0.6176009080533982 0.3571763572547949
 0.4481935896823251 0.6182427046624778 0.3577861778463253
 0.4479534433551484 0.6188844210751627 0.3583958943630867
 0.4476738921153304 0.6196299377475658 0.3591042241093509
 0.4474192375177815 0.6203076650417798 0.3597481218715046
 0.4471805769675036 0.6209416264645156 0.3603503900074304
 0.4469337606777036 0.6215960374186547 0.3609720197783439
 0.4465945859748946 0.6224933250817334 0.3618242782246808
 0.4463422650481077 0.6231593454090426 0.3624568717337214
 0.4460997822730096 0.6237982018869691 0.3630637107485684
 0.4458284154240917 0.6245117757276401 0.3637415972437505
 0.4455662307335876 0.6251998254285932 0.3643952918678562
 0.4453237037991242 0.6258350869507738 0.3649988447469059
 0.4450768561018277 0.6264804874152503 0.3656120097361425
 0.4447655260881132 0.6272927951737607 0.3663837104737148
 0.4445088026296674 0.6279612188372606 0.3670187243515241
 0.4442655334569141 0.6285934446258096 0.3676193934835352
 0.4440072736360033 0.6292633923536575 0.3682559722344125
 0.4437204523368681 0.6300059457380233 0.3689616159575802
 0.4434705543410819 0.6306516406389512 0.3695752470377474
 0.4432244889165951 0.6312862854770308 0.3701783758639370
 0.4429497177023192 0.6319936289022332 0.3708505873552156
 0.4426819036807850 0.6326817103387659 0.3715045224679163
 0.4424348598188182 0.6333152505734387 0.3721066996613206
 0.4421841286499662 0.6339570970837476 0.3727168906723682
 0.4418750652355797 0.6347466824495636 0.3734677214650470
 0.4416134409115668 0.6354137104108492 0.3741021528278079
 0.4413661036559616 0.6360431704962153 0.3747009422418940
 0.4411056646118465 0.6367047799592943 0.3753303921851286
 0.4408040979716764 0.6374693459982143 0.3760579107050794
 0.4405481296443949 0.6381170305668626 0.3766743511367375
 0.4402980588031448 0.6387486671350231 0.3772756794595972
 0.4400219641400687 0.6394447495870801 0.3779385625257024
 0.4397466349416018 0.6401375647451357 0.3785985225761297
 0.4394945287621723 0.6407707777888988 0.3792018320212196
 0.4392403461580698 0.6414080833924506 0.3798091289668920
 0.4389390789823742 0.6421619901761424 0.3805276444426692
 0.4386713006280060 0.6428307764919846 0.3811651663014459
 0.4384196411595025 0.6434581816141871 0.3817633988616145
 0.4381583888576599 0.6441083557633780 0.3823835377237701
 0.4378140302958257 0.6449635794129778 0.3831995682758875
 0.4375492643803505 0.6456197663746083 0.3838259002346286
 0.4372945461582818 0.6462499361464406 0.3844275505654090
 0.4370135565630816 0.6469438381157014 0.3850902188487997
 0.4367337020586883 0.6476336264222604 0.3857491693489860
 0.4364773878503452 0.6482642501753632 0.3863518331502973
 0.4362190192615236 0.6488988281172711 0.3869585406056421
 0.4359139897127178 0.6496465942470750 0.3876738225850263
 0.4356412671443401 0.6503138693206159 0.3883124129720994
 0.4353851846025499 0.6509393257154614 0.3889112041759669
 0.4351198865586074 0.6515861661397816 0.3895306661831513
 0.4347578743499254 0.6524669755259956 0.3903745230321433
 0.4344874071754039 0.6531236710750868 0.3910039564365443
 0.4342281006292791 0.6537521687258622 0.3916066325197928
 0.4339418727203279 0.6544446727031188 0.3922710092334672
 0.4336573642591128 0.6551317279986570 0.3929304792025000
 0.4333967591313670 0.6557599371494441 0.3935337141551942
 0.4331342557225614 0.6563916421224582 0.3941405224000082
 0.4328262535206083 0.6571314623405947 0.3948514667928632
 0.4325484725788849 0.6577974228052422 0.3954917383460385
 0.4322880310158422 0.6584207255012917 0.3960913127570961
 0.4320189405734498 0.6590636259392176 0.3967101006968649
 0.4316302754599206 0.6599902429792744 0.3976026334562873
 0.4318894774279873 0.6593725368243687 0.3970075618559146
 0.4316339807293598 0.6599814201774512 0.3975941315777700
 0.4313729220671192 0.6606025265463863 0.3981928053439379
 0.4311108345153897 0.6612250358017913 0.3987931409602402
 0.4308218075960932 0.6619103223077230 0.3994543672390037
 0.4305308168603739 0.6625989894523191 0.4001192475568039
 0.4302655403109010 0.6632256901175080 0.4007246820422192
 0.4299994579165031 0.6638532348149456 0.4013313264763748
 0.4296931921641262 0.6645742418443619 0.4020288157109291
 0.4294088724516626 0.6652423355506945 0.4026755615658648
 0.4291437591678954 0.6658642197976563 0.4032779174874873
 0.4288722133033727 0.6665001188294779 0.4038941602419079
 0.4285133382699067 0.6673388626293656 0.4047074614880987
 0.4282320344159191 0.6679949954719238 0.4053441174768388
 0.4279653425176368 0.6686159833280902 0.4059470634177254
 0.4276801558868670 0.6692788956016130 0.4065911667821781
 0.4273716736654182 0.6699946367082682 0.4072871232455798
 0.4270993629204564 0.6706253161583990 0.4079007950751906
 0.4268308045827839 0.6712462653397825 0.4085053648586141
 0.4265335620751284 0.6719323380039994 0.4091737581647780
 0.4262376790946371 0.6726140268434641 0.4098383447425528
 0.4259668738560642 0.6732368536746004 0.4104459947510340
 0.4256945740430249 0.6738620762578483 0.4110564491717080
 0.4253790663698391 0.6745852064169577 0.4117630948873500
 0.4250890905202931 0.6752485917389758 0.4124118949511425
 0.4248182835673239 0.6758670668401981 0.4130171960523938
 0.4245404858253676 0.6765004510017270 0.4136374827205195
 0.4241674712037124 0.6773492554912296 0.4144693587741617
 0.4238799595050341 0.6780021904187041 0.4151097969468818
 0.4236075325487112 0.6786198239508083 0.4157160728779046
 0.4233160226782107 0.6792796003240120 0.4163642413187761
 0.4230008600492342 0.6799916113418571 0.4170643304584352
 0.4227226081032919 0.6806191169950047 0.4176818244833693
 0.4224483521371797 0.6812365896815809 0.4182898756290355
 0.4221457340363483 0.6819167460215654 0.4189601460246185
 0.4218422709069918 0.6825975714698859 0.4196316263182038
 0.4215652656793334 0.6832179667729951 0.4202440348650270
 0.4212873385573734 0.6838394029325556 0.4208580179956354
 0.4209678819106513 0.6845524355153250 0.4215631931919488
 0.4206707631197431 0.6852144024222299 0.4222185098716800
 0.4203940930046348 0.6858297684410334 0.4228282135791084
 0.4201115760960704 0.6864571054819362 0.4234502632008323
 0.4197562123446018 0.6872447241821174 0.4242319289252467
 0.4194623606479117 0.6878947712083265 0.4248776666112616
 0.4191850288566096 0.6885072495812494 0.4254866211248687
 0.4188943222864142 0.6891482020672296 0.4261244671070258
 0.4185418711350960 0.6899238349545688 0.4268971303218261
 0.4182525147810582 0.6905594291275904 0.4275309037187641
 0.4179727276739666 0.6911729896815184 0.4281432009841500
 0.4176694228589483 0.6918370014461317 0.4288063853366075
 0.4173524241650586 0.6925297497194216 0.4294988984820602
 0.4170678364724510 0.6931505909572986 0.4301201237376435
 0.4167852193629186 0.6937661273437634 0.4307366405717918
 0.4164690911490029 0.6944534668016067 0.4314258056014569
 0.4161610979441061 0.6951219209246710 0.4320967619433119
 0.4158777087562230 0.6957359350116255 0.4327136718857255
 0.4155920527255341 0.6963538548264321 0.4333350517085512
 0.4152603330742027 0.6970701550409515 0.4340560335954650
 0.4149565127602897 0.6977250246652188 0.4347158322692708
 0.4146731453091890 0.6983347908328456 0.4353307764492206
 0.4143836634008314 0.6989567030029529 0.4359585769330583
 0.4140241926562946 0.6997275588812926 0.4367375789567969
 0.4137220592467741 0.7003742491744985 0.4373917913099549
 0.4134371820082035 0.7009829953859744 0.4380081531195582
 0.4131397390789661 0.7016175517323506 0.4386511787497633
 0.4127640719789061 0.7024174751669695 0.4394625685761578
 0.4124651412807248 0.7030527977120394 0.4401076762151357
 0.4121774276910612 0.7036632772415168 0.4407281725907048
 0.4118653334479007 0.7043243796248672 0.4414008312369168
 0.4115406822081416 0.7050108610325806 0.4421000877777453
 0.4112490180963094 0.7056265331735926 0.4427278590771342
 0.4109598156462203 0.7062360242957861 0.4433498944468696
 0.4106393192491621 0.7069103256141452 0.4440387145503636
 0.4103204739396725 0.7075799666016355 0.4447234544323044
 0.4100291296023025 0.7081908187321198 0.4453487021009427
 0.4097374810695172 0.7088013257641246 0.4459742151365385
 0.4094083177255720 0.7094891851275790 0.4466797269042797
 0.4090918050603496 0.7101494347849027 0.4473576338716112
 0.4087995046910339 0.7107581591599407 0.4479832154137663
 0.4085041375613030 0.7113722805221614 0.4486148737287471
 0.4081588577789875 0.7120889226174012 0.4493526485013924
 0.4078454755447469 0.7127381917007248 0.4500217185224430
 0.4075526905476100 0.7133437861699200 0.4506463903477944
 0.4072527479890249 0.7139631858561927 0.4512859481975390
 0.4068672507692750 0.7147577809264269 0.4521073778164479
 0.4065561055157993 0.7153979102410909 0.4527698979646808
 0.4062625436940473 0.7160008772705625 0.4533945521143586
 0.4059545907330459 0.7166323764738394 0.4540493609241442
 0.4055802478994224 0.7173986064255843 0.4548446949662859
 0.4052736550106643 0.7180250123774995 0.4554955913624647
 0.4049780220840372 0.7186280495076625 0.4561228249519315
 0.4046606156453901 0.7192744370863052 0.4567958309702273
 0.4043166132359843 0.7199737471231147 0.4575247061148034
 0.4040132459464062 0.7205893854880242 0.4581669848594698
 0.4037149224231186 0.7211938173728083 0.4587980887631037
 0.4033887773326912 0.7218535205841555 0.4594874670219999
 0.4030540492612606 0.7225293967204593 0.4601943747826657
 0.4027516212026698 0.7231390220438310 0.4608325786037780
 0.4024509169370273 0.7237442052233364 0.4614667259320528
 0.4021159576640983 0.7244171964754791 0.4621726475465258
 0.4017866235418350 0.7250777267125719 0.4628662284707386
 0.4014848917077954 0.7256818909146816 0.4635012267816591
 0.4011825741262395 0.7262862669680081 0.4641369960850421
 0.4008416939911946 0.7269665852009904 0.4648532945611471
 0.4005133109191938 0.7276208135973204 0.4655427803020637
 0.4002105898818330 0.7282229212443480 0.4661779336887397
 0.3999058636649820 0.7288280562850687 0.4668168775860119
 0.3995583242956867 0.7295170382302169 0.4675450768037906
 0.3992297104663610 0.7301673554933530 0.4682330785176184
 0.3989251452277261 0.7307690904877991 0.4688702109355464
 0.3986166462470167 0.7313776290620818 0.4695150248888881
 0.3982542024374847 0.7320913374049959 0.4702718759830135
 0.3979274739453609 0.7327335721224074 0.4709535119199511
 0.3976221530071100 0.7333327495829547 0.4715899864853857
 0.3973095701041588 0.7339452032511026 0.4722411362229216
 0.3969146545425208 0.7347175683959638 0.4730631441000981
 0.3965898317087149 0.7353516762240012 0.4737386896692129
 0.3962840489672044 0.7359476515652855 0.4743741378370712
 0.3959657836022950 0.7365669670989933 0.4750349893067036
 0.3955270480813609 0.7374190596680097 0.4759450926094436
 0.3952026168365623 0.7380479324520345 0.4766174520717709
 0.3948937219109230 0.7386457270441984 0.4772571420916877
 0.3945614055723905 0.7392878031157371 0.4779448285748612
 0.3942045685726405 0.7399760539825123 0.4786826433180894
 0.3938884643559591 0.7405847051078281 0.4793356579119704
 0.3935774255665179 0.7411826559838089 0.4799776357334455
 0.3932383808098903 0.7418333802471747 0.4806767500391433
 0.3928868661563825 0.7425068678473579 0.4814008604975386
 0.3925706451973169 0.7431117201018030 0.4820516855486707
 0.3922572306896476 0.7437102598111059 0.4826962326906892
 0.3919112142087857 0.7443699723045907 0.4834072720658405
 0.3915642314193767 0.7450303840191684 0.4841197035284074
 0.3912485484763579 0.7456302317318432 0.4847673210340963
 0.3909341576653307 0.7462266889124491 0.4854117353038983
 0.3905858819799107 0.7468863459988666 0.4861249405378013
 0.3902380678425103 0.7475439937348705 0.4868365127871476
 0.3899211286490407 0.7481422787253089 0.4874843462471419
 0.3896054208627240 0.7487373091844127 0.4881291396706567
 0.3892567112112630 0.7493934647314550 0.4888407293885245
 0.3889050700266948 0.7500539975504392 0.4895576252828954
 0.3885852805459002 0.7506537097776425 0.4902089497504988
 0.3882667128600759 0.7512501969029507 0.4908571473402163
 0.3879131842499910 0.7519110577598819 0.4915757202014991
 0.3875612725192103 0.7525677643544898 0.4922902352403015
 0.3872398070153323 0.7531666715697785 0.4929423031005752
 0.3869183186298431 0.7537646856665688 0.4935938547125136
 0.3865568889157397 0.7544358827178109 0.4943257018638340
 0.3862074090725674 0.7550837711284833 0.4950326773061382
 0.3858859341436483 0.7556787758885887 0.4956823755083405
 0.3855632285949890 0.7562751302541504 0.4963339201032717
 0.3851989339056696 0.7569472272578606 0.4970686374313432
 0.3848488668064598 0.7575919669519781 0.4977738716375640
 0.3845265567840276 0.7581846276642372 0.4984225288558730
 0.3842032378949687 0.7587782247359989 0.4990726049265958
 0.3838411206575182 0.7594419649429313 0.4997999694888883
 0.3834866421577696 0.7600905936021261 0.5005112310744256
 0.3831614516660046 0.7606846682523487 0.5011630326925990
 0.3828358970270977 0.7612784888281477 0.5018148760293454
 0.3824720329512700 0.7619411021845881 0.5025426111482730
 0.3821143650605647 0.7625913201931717 0.5032571550373111
 0.3817862665852035 0.7631868169758558 0.5039119814244021
 0.3814572601133983 0.7637830368444429 0.5045680448076382
 0.3810856033791963 0.7644554364551464 0.5053084848777093
 0.3807289452982955 0.7650995968279395 0.5060183550426798
 0.3804000757206754 0.7656926137602995 0.5066722772999582
 0.3800691787853987 0.7662883651853769 0.5073295702159706
 0.3796924559488447 0.7669655012922465 0.5080770561833269
 0.3793362475618659 0.7676046701611777 0.5087830232544358
 0.3790072507755351 0.7681940703794675 0.5094343792384900
 0.3786763642692404 0.7687859476960167 0.5100888385796387
 0.3783031448254002 0.7694524591151125 0.5108262655035193
 0.3779431727643793 0.7700942224734402 0.5115367287645353
 0.3776120100923023 0.7706836819191997 0.5121896138235414
 0.3772801607599354 0.7712734611059324 0.5128431357495602
 0.3769101325103508 0.7719300322366227 0.5135709927962444
 0.3765439157616405 0.7725787422951805 0.5142904951199759
 0.3762087338544128 0.7731715238195992 0.5149483162633508
 0.3758735799583295 0.7737633473030371 0.5156054380127927
 0.3754996232739636 0.7744226211011080 0.5163378857261389
 0.3751309755888982 0.7750714359511267 0.5170591263662908
 0.3747932593287159 0.7756648574048450 0.5177190966825750
 0.3744551448892328 0.7762580674362581 0.5183790771877380
 0.3740750731222717 0.7769238057688755 0.5191200116731028
 0.3737075147079967 0.7775665379866133 0.5198356124869952
 0.3733697975878917 0.7781561489530655 0.5204923361698615
 0.3730314896515627 0.7787458927640100 0.5211494975148776
 0.3726527585105930 0.7794050396102656 0.5218843617159213
 0.3722830528112353 0.7800473989109988 0.5226008755187106
 0.3719444291990317 0.7806348209658945 0.5232564012746679
 0.3716065736965453 0.7812200251101534 0.5239097044325889
 0.3712343834200829 0.7818636807490980 0.5246285412161111
 0.3708557302549841 0.7825174195211427 0.5253589546521208
 0.3705128066610485 0.7831085233655636 0.5260196890351779
 0.3701729510611358 0.7836934525577474 0.5266738250557161
 0.3698027504380684 0.7843296083121831 0.5273855909198990
 0.3694140752400948 0.7849963921699028 0.5281319709358290
 0.3690660321880107 0.7855925013638007 0.5287994860576681
 0.3687224034683762 0.7861801549621794 0.5294577149556386
 0.3683476162659608 0.7868200837732581 0.5301746792172530
 0.3679586731326828 0.7874830727847317 0.5309176958138990
 0.3676091728643598 0.7880778667739180 0.5315845155991014
 0.3672635146928768 0.7886652305132601 0.5322432627909225
 0.3668849178474951 0.7893075517401146 0.5329639695833293
 0.3664978232888618 0.7899631979119300 0.5336999720113289
 0.3661486624729849 0.7905536494794655 0.5343630567572278
 0.3658035364839978 0.7911364012280876 0.5350177064992561
 0.3654287952296426 0.7917681753843568 0.5357276363495976
 0.3650338980799505 0.7924328262352276 0.5364747398568422
 0.3646821022395360 0.7930239826445342 0.5371394451938756
 0.3643369809809787 0.7936030557178688 0.5377907759020188
 0.3639677918372208 0.7942215641085630 0.5384866984596968
 0.3635528830579275 0.7949155023678249 0.5392677565471701
 0.3631946484666282 0.7955136645018820 0.5399411987586219
 0.3628464834241653 0.7960941388378410 0.5405948570694327
 0.3624758898491643 0.7967110635228035 0.5412896889270661
 0.3620507291658846 0.7974176320325471 0.5420856718973167
 0.3616877002592878 0.7980199388824152 0.5427644045948055
 0.3613349822007382 0.7986042547071976 0.5434230871211687
 0.3609567142681741 0.7992299316228405 0.5441286605551845
 0.3605427402415591 0.7999135279048354 0.5448998445870474
 0.3601800413247729 0.8005114773880622 0.5455746113473531
 0.3598252551455527 0.8010955030206015 0.5462337955677647
 0.3594428248886005 0.8017240646681407 0.5469433493212819
 0.3590334539258699 0.8023957951936193 0.5477017392617376
 0.3586717502189329 0.8029883570915390 0.5483708566560567
 0.3583179312045060 0.8035671407239984 0.5490245436380374
 0.3579394499051692 0.8041853278940517 0.5497228951921665
 0.3575187059724395 0.8048714084833720 0.5504981399044148
 0.3571542017281847 0.8054648194763377 0.5511688155581943
 0.3568004487744190 0.8060398756047331 0.5518188494712820
 0.3564263283232771 0.8066471311558844 0.5525053778751000
 0.3559747530127545 0.8073788670644391 0.5533327817054879
 0.3556027260904692 0.8079806863590165 0.5540134340937589
 0.3552451979498922 0.8085581897497127 0.5546667400812251
 0.3548676135625796 0.8091671756547871 0.5553558322648680
 0.3544097711929329 0.8099043510076011 0.5561901784157850
 0.3540332177565240 0.8105096159576252 0.5568753380405304
 0.3536704372244894 0.8110918696735332 0.5575344976947739
 0.3532835122243459 0.8117119340206437 0.5582364917274010
 0.3528505480002241 0.8124046315571295 0.5590207696589554
 0.3524758306086596 0.8130031663156005 0.5596985294116635
 0.3521105564242498 0.8135857508295178 0.5603583615263139
 0.3517174865006334 0.8142117150086144 0.5610675085381686
 0.3512950506771521 0.8148833475913535 0.5618286068415759
 0.3509224564925369 0.8154747970024294 0.5624989941390854
 0.3505580794440310 0.8160523538111659 0.5631537323979663
 0.3501680734682798 0.8166696070408195 0.5638535425424078
 0.3497364221824789 0.8173516582569892 0.5646268839880886
 0.3493618269829556 0.8179426110122570 0.5652969977806925
 0.3489984639939856 0.8185150087628783 0.5659461416401278
 0.3486150647477657 0.8191180803701378 0.5666301521863014
 0.3481426621060026 0.8198599003937409 0.5674716223091709
 0.3477599585834806 0.8204598565068445 0.5681522041734158
 0.3473938855756915 0.8210329000812773 0.5688022500240061
 0.3470092559008042 0.8216341089359870 0.5694842228456179
 0.3465123412603864 0.8224094944720105 0.5703637546491929
 0.3461231008304527 0.8230158187484534 0.5710515470416000
 0.3457510082756409 0.8235945754730399 0.5717081261910588
 0.3453556359999591 0.8242086279382972 0.5724048202080311
 0.3449015046661708 0.8249127815782735 0.5732038035374274
 0.3445139462815947 0.8255127354848693 0.5738845511423762
 0.3441373896367718 0.8260948015787766 0.5745449475915079
 0.3437330374250512 0.8267188962360994 0.5752529372587887
 0.3432946764550194 0.8273943898763878 0.5760191357882476
 0.3429093577301152 0.8279872136897781 0.5766915190665354
 0.3425324261861242 0.8285662909847784 0.5773483189947248
 0.3421267845083410 0.8291885477749246 0.5780541427659296
 0.3416905252941474 0.8298567025986041 0.5788120989393510
 0.3413064171422946 0.8304440710347957 0.5794784535698636
 0.3409317559958223 0.8310161715517832 0.5801274970569693
 0.3405337399136606 0.8316230486948970 0.5808159804385401
 0.3400723186042325 0.8323254651990928 0.5816128241354975
 0.3396828607814552 0.8329173850452953 0.5822843095115146
 0.3393081787304691 0.8334860322627869 0.5829294059188446
 0.3389157928289262 0.8340806937956302 0.5836040348883337
 0.3383567503363110 0.8349264196617786 0.5845635019834924
 0.3379546216902095 0.8355336759271818 0.5852523938041744
 0.3375743779973952 0.8361070491874598 0.5859027895868276
 0.3371714131691327 0.8367138018151334 0.5865909775983668
 0.3366982697615891 0.8374250696848876 0.5873976394891353
 0.3362999366051655 0.8380229138307993 0.5880756491189258
 0.3359145134258785 0.8386005470737663 0.5887307554833993
 0.3355038544155810 0.8392151009239410 0.5894277600165945
 0.3350370867507922 0.8399124979896500 0.5902187146673201
 0.3346361448747570 0.8405105938305030 0.5908969740871686
 0.3342458080314601 0.8410920287823739 0.5915562124827340
 0.3338255495901815 0.8417171099245238 0.5922647530295088
 0.3333751248507700 0.8423859998120945 0.5930227318636390
 0.3329772127988997 0.8429759986420303 0.5936911527341645
 0.3325874362403241 0.8435531113323385 0.5943448702182917
 0.3321677560086837 0.8441735923853342 0.5950476316691228
 0.3317173422713327 0.8448384684131576 0.5958005913939610
 0.3313206417207148 0.8454231646697882 0.5964626567727539
 0.3309339684626627 0.8459922812392060 0.5971069664756482
 0.3305241867417044 0.8465945500934046 0.5977886567560072
 0.3300403856748960 0.8473044734870724 0.5985919809894007
 0.3296372004611607 0.8478951678355949 0.5992602183929778
 0.3292507529267233 0.8484605460495986 0.5998996836289074
 0.3288474996380498 0.8490496853658636 0.6005658901402284
 0.3282836632608971 0.8498720224920950 0.6014955443306920
 0.3278680423664412 0.8504771448607489 0.6021794027377940
 0.3274766986499932 0.8510461118545798 0.6028221860718940
 0.3270667964198025 0.8516412223978391 0.6034942671460197
 0.3265112714536431 0.8524463898837930 0.6044032074905921
 0.3260924542078858 0.8530523827736719 0.6050870652080638
 0.3256935709896491 0.8536287105174605 0.6057372846683075
 0.3252688677392184 0.8542414657882357 0.6064284302215440
 0.3247853410407490 0.8549379917183191 0.6072138037789016
 0.3243698977980652 0.8555355117769657 0.6078872570732309
 0.3239651472654513 0.8561168286908589 0.6085421376818975
 0.3235287343182027 0.8567427125114357 0.6092468481746176
 0.3230624430264285 0.8574104098670108 0.6099982150774250
 0.3226492779283902 0.8580011428703636 0.6106626513589348
 0.3222433207314511 0.8585807577128005 0.6113143387918879
 0.3218022912025597 0.8592095385680523 0.6120210742710089
 0.3213437571045137 0.8598622755885050 0.6127544913681822
 0.3209339486236562 0.8604447905390584 0.6134087729628716
 0.3205315887596419 0.8610159312654680 0.6140500283502033
 0.3201003639203787 0.8616271831974736 0.6147360082886127
 0.3196253889364034 0.8622994219348212 0.6154900386766599
 0.3192128841210400 0.8628823748019113 0.6161435920743599
 0.3188136419576802 0.8634458167763587 0.6167749973728520
 0.3183952250117027 0.8640355118241225 0.6174355449300766
 0.3178088865552446 0.8648604812665052 0.6183591501427058
 0.3173822625012593 0.8654597229291068 0.6190296549045469
 0.3169802411768788 0.8660236304369671 0.6196603017979191
 0.3165593481178668 0.8666132042914202 0.6203193057961156
 0.3159769150018147 0.8674277064811315 0.6212291532881560
 0.3155459262744975 0.8680294154467544 0.6219008962005137
 0.3151379280806276 0.8685982417505174 0.6225356296922093
 0.3147084051807061 0.8691962553331355 0.6232026093404538
 0.3141626880286631 0.8699548316786052 0.6240481322025133
 0.3137285263732457 0.8705573755185931 0.6247192390288262
 0.3133122554755040 0.8711342909403194 0.6253613325862474
 0.3128691837155229 0.8717474940829076 0.6260432855127632
 0.3123640163771124 0.8724455640319062 0.6268189740457273
 0.3119302672287597 0.8730440362897131 0.6274834881140771
 0.3115071195413907 0.8736270760246913 0.6281304638067585
 0.3110481698686192 0.8742585507084792 0.6288307593767366
 0.3105680030123280 0.8749182251274120 0.6295618344227230
 0.3101382994018972 0.8755077132124764 0.6302146482211322
 0.3097140213400379 0.8760889666186396 0.6308578431625838
 0.3092491356870678 0.8767249522104662 0.6315609845510645
 0.3087773772786067 0.8773693825847255 0.6322727847663402
 0.3083520628754545 0.8779495463638546 0.6329130317612203
 0.3079327133500186 0.8785208123458054 0.6335429619932518
 0.3074803849624295 0.8791361603156402 0.6342209746121004
 0.3069960081977229 0.8797941396132130 0.6349453605186436
 0.3065695748868018 0.8803725836145390 0.6355816500774359
 0.3061550226944044 0.8809341739527558 0.6361988889478203
 0.3057192095028424 0.8815237857040020 0.6368463492716583
 0.3051474513438318 0.8822961092015140 0.6376935177502916
 0.3047077908555033 0.8828890684248615 0.6383432168016602
 0.3042920882314390 0.8834489771233696 0.6389561284009231
 0.3038602994897752 0.8840297944968371 0.6395913357268508
 0.3032953879999348 0.8847885202131539 0.6404201766513552
 0.3028477393256170 0.8853888214414491 0.6410751669447621
 0.3024275863429847 0.8859515057545152 0.6416884563883204
 0.3019950191114082 0.8865300651578922 0.6423183766481863
 0.3014726566277872 0.8872277152692746 0.6430770706898622
 0.3010153045029753 0.8878376358718078 0.6437395978085978
 0.3005864640583014 0.8884087702798217 0.6443593778157307
 0.3001484140601690 0.8889914104341851 0.6449910361806988
 0.2996364378979812 0.8896714091438880 0.6457274352148514
 0.2991667554282233 0.8902943195546740 0.6464011805693013
 0.2987275092230676 0.8908760759206437 0.6470296308379903
 0.2982788023852232 0.8914695790279368 0.6476699464335277
 0.2977397367068093 0.8921815574338404 0.6484369690294787
 0.2972679168343892 0.8928037909701815 0.6491063447850310
 0.2968232920462562 0.8933893697052750 0.6497355110629871
 0.2963612963743230 0.8939970175310352 0.6503876226849178
 0.2957499521995148 0.8947998375995333 0.6512479820352474
 0.2952834777459638 0.8954114524912603 0.6519024519364903
 0.2948383039518019 0.8959943667072288 0.6525253510036799
 0.2943589395364077 0.8966212106420836 0.6531941944078148
 0.2938538291393984 0.8972807836515518 0.6538968039365576
 0.2934058860627370 0.8978649062359163 0.6545180516620382
 0.2929679519010747 0.8984352521586683 0.6551237725289677
 0.2925008535933563 0.8990427936811095 0.6557680695630989
 0.2919786856641297 0.8997210060372897 0.6564861944568974
 0.2915297966364953 0.9003032372891395 0.6571017329070167
 0.2910970422025059 0.9008638409885268 0.6576935426824317
 0.2906451443496527 0.9014485131871756 0.6583098270541782
 0.2899688911902011 0.9023220726949601 0.6592287971770942
 0.2904198158459990 0.9017397687478483 0.6586164670808322
 0.2899883734716994 0.9022969293612908 0.6592023775373546
 0.2895520020350336 0.9028597708285229 0.6597933533174565
 0.2891212770210395 0.9034146572066198 0.6603750831506948
 0.2886724694663288 0.9039921311986970 0.6609795472749045
 0.2880976700534492 0.9047306676219427 0.6617511675866146
 0.2876318428017348 0.9053283297778102 0.6623743848388791
 0.2871956227231576 0.9058873106085977 0.6629562455127262
 0.2867496644081288 0.9064580785326642 0.6635493341447204
 0.2862333048933644 0.9071180812299616 0.6642338254649724
 0.2857528585030798 0.9077313463866119 0.6648685818996271
 0.2853071518117803 0.9082995527638733 0.6654556231169834
 0.2848593649896735 0.9088697208293587 0.6660436455683495
 0.2843665688548457 0.9094964035202534 0.6666887164980591
 0.2838553289902268 0.9101456638730100 0.6673556072379776
 0.2833939241103796 0.9107308722818098 0.6679554153246143
 0.2829371773172419 0.9113094634048861 0.6685472052988843
 0.2824414727932295 0.9119366101749977 0.6691872688645424
 0.2819094470638169 0.9126087936058204 0.6698717297127421
 0.2814351704340547 0.9132072193519303 0.6704797719265361
 0.2809652894000819 0.9137993634929850 0.6710802483139774
 0.2804452545882705 0.9144538622535837 0.6717425878820645
 0.2799255536292911 0.9151070539938896 0.6724021227417882
 0.2794487688682354 0.9157055303047295 0.6730050393050794
 0.2789676068428519 0.9163087523804251 0.6736113421153471
 0.2784004272017086 0.9170188521641913 0.6743232212870020
 0.2778976910142855 0.9176474055381670 0.6749516815555054
 0.2774261512932670 0.9182362209266047 0.6755390166811287
 0.2769395081006527 0.9188431547902066 0.6761430451124432
 0.2763108617503307 0.9196260841970189 0.6769201699739836
 0.2758196278092009 0.9202370122818782 0.6775249227453585
 0.2753547006425162 0.9208145285573106 0.6780952165050093
 0.2748657279831824 0.9214211877250096 0.6786927765956113
 0.2742877397445815 0.9221373328626472 0.6793961219861726
 0.2738088624536965 0.9227298980184141 0.6799763894514774
 0.2733510294756336 0.9232957668479919 0.6805290773012056
 0.2728734209545896 0.9238853978298801 0.6811034943765253
 0.2722281913584015 0.9246808690379885 0.6818760618646975
 0.2717436427629386 0.9252774212495174 0.6824536344091729
 0.2712883057419540 0.9258373695812752 0.6829943392247629
 0.2708162625307010 0.9264172109555251 0.6835527724810012
 0.2701992133103047 0.9271741784829085 0.6842794984048910
 0.2697120093484115 0.9277710665792880 0.6848507017892500
 0.2692563139976228 0.9283287242288361 0.6853829000498537
 0.2687900107696514 0.9288987378561860 0.6859254295529258
 0.2682478153920414 0.9295607316379232 0.6865536392763557
 0.2677496278578123 0.9301682482700877 0.6871283654713137
 0.2672879467632910 0.9307306129344468 0.6876588297362131
 0.2668255148394966 0.9312932839930336 0.6881880787482219
 0.2663221636792663 0.9319050560142769 0.6887617991197689
 0.2657834214136674 0.9325590520748356 0.6893731497496396
 0.2653054856699411 0.9331385531282016 0.6899131707181008
 0.2648385909070270 0.9337040529024342 0.6904386061934633
 0.2643461023684654 0.9342998975887922 0.6909905676477101
 0.2637065791750593 0.9350726382195880 0.6917037706179301
 0.2632043807252952 0.9356786643441257 0.6922609605140650
 0.2627251997857767 0.9362562752376681 0.6927902303323813
 0.2622204783736765 0.9368640021728535 0.6933451948915593
 0.2615814854936271 0.9376324223523909 0.6940441422426166
 0.2610689209228136 0.9382480192092628 0.6946019023652122
 0.2605742182726241 0.9388415033824647 0.6951378138325084
 0.2600427928890294 0.9394783247158628 0.6957108677193306
 0.2594641929245939 0.9401708358341589 0.6963316400380990
 0.2589494714590887 0.9407861604437183 0.6968810607426237
 0.2584373416349058 0.9413977072093732 0.6974250428400343
 0.2578599905016588 0.9420863286388399 0.6980351014040885
 0.2573095576986877 0.9427420520311883 0.6986135982374806
 0.2567946427836441 0.9433547682477377 0.6991520679805889
 0.2562625608878014 0.9439872105283396 0.6997057963271930
 0.2555917305168264 0.9447835623751474 0.7004000290342240
 0.2550586041834660 0.9454156464605664 0.7009486182179108
 0.2545433775977940 0.9460258418458534 0.7014760907951851
 0.2539727109708474 0.9467009366854396 0.7020571734083325
 0.2534212691693875 0.9473525353822316 0.7026155227502212
 0.2529147660015680 0.9479503854033092 0.7031256607967531
 0.2524059680330817 0.9485503234426397 0.7036355409992634
 0.2518231656552835 0.9492367627790911 0.7042164688395884
 0.2512869373166383 0.9498676344740309 0.7047480546558650
 0.2507904421454696 0.9504511561110134 0.7052377444875004
 0.2502901882195992 0.9510385115933627 0.7057286717378443
 0.2497237606759916 0.9517028597330686 0.7062815038197324
 0.2491883876338054 0.9523301033701349 0.7068010379238461
 0.2486959498057521 0.9529064632661741 0.7072763417044812
 0.2482048833733931 0.9534806673997726 0.7077478883853251
 0.2476692728506836 0.9541063340061815 0.7082594590666123
 0.2471153410266679 0.9547527232526367 0.7087855261237372
 0.2466195998626550 0.9553306275123313 0.7092537398722423
 0.2461346183207892 0.9558954606805620 0.7097094132409446
 0.2456227412676660 0.9564910546318708 0.7101877913833949
 0.2449915690393543 0.9572246638485155 0.7107740187998519
 0.2444816967962834 0.9578166536250555 0.7112446534225875
 0.2439966738043935 0.9583792708029700 0.7116899325754896
 0.2434941080928574 0.9589617045301276 0.7121488428086148
 0.2428489694997336 0.9597085798735225 0.7127342654050812
 0.2423280543596331 0.9603109994279005 0.7132039521735987
 0.2418402744093575 0.9608745825432548 0.7136413241855716
 0.2413418026297420 0.9614500060725818 0.7140858499138937
 0.2407622078620835 0.9621184284526688 0.7145996375945386
 0.2402293974382813 0.9627322865087793 0.7150690447417316
 0.2397346986710241 0.9633017162258477 0.7155023917694361
 0.2392387060875995 0.9638721364676046 0.7159344718494127
 0.2386964045510760 0.9644952470381318 0.7164041304856269
 0.2381289100791549 0.9651466741713437 0.7168924906769144
 0.2376195642151124 0.9657308074803945 0.7173280735626691
 0.2371201723062670 0.9663030283034100 0.7177526192934874
 0.2365908547137862 0.9669090055984840 0.7181998811850239
 0.2359500771413341 0.9676418564219693 0.7187375992597923
 0.2354196170060291 0.9682479389742455 0.7191796805463866
 0.2349102342985379 0.9688294322516061 0.7196015939709024
 0.2343750156013236 0.9694398876325705 0.7200421489378775
 0.2336789060741284 0.9702330425160117 0.7206108632480286
 0.2331319312844544 0.9708556359900435 0.7210543055974818
 0.2326086060064080 0.9714507912044755 0.7214757347701994
 0.2320520987677040 0.9720831300946471 0.7219208523768668
 0.2314128285082683 0.9728088122408051 0.7224283577912555
 0.2308610005155429 0.9734346376699470 0.7228632139250026
 0.2303211230523437 0.9740463811957767 0.7232857764476576
 0.2297341362143187 0.9747109162680158 0.7237419708962216
 0.2291158568293070 0.9754102202136360 0.7242187872840364
 0.2285545773395211 0.9760444751298010 0.7246483127931720
 0.2279906787915442 0.9766811391713475 0.7250766256636726
 0.2273373259961245 0.9774181168064404 0.7255688684900391
 0.2267366085626552 0.9780950802099918 0.7260177012196437
 0.2261637883547691 0.9787400379435389 0.7264423870033375
 0.2255509550661753 0.9794294396644616 0.7268931870716443
 0.2249084130444713 0.9801515930404944 0.7273618714628191
 0.2243222057957583 0.9808098399436450 0.7277858661635305
 0.2237251741853853 0.9814796664967745 0.7282141137657360
 0.2229954327671323 0.9822976038266999 0.7287326364765563
 0.2223988288330001 0.9829656816708765 0.7291525777801464
 0.2218151394803947 0.9836187537655195 0.7295600217779914
 0.2211193580714368 0.9843965461161760 0.7300413677904558
 0.2205204994922409 0.9850653911162447 0.7304518896684591
 0.2199536790522351 0.9856979471559412 0.7308372099043554
 0.2193550145977074 0.9863655102434897 0.7312407198648284
 0.2187097470517652 0.9870844360945551 0.7316716384104749
 0.2181417488549131 0.9877167589424323 0.7320475289892585
 0.2175842070583482 0.9883369783715533 0.7324134133819268
 0.2169696599229996 0.9890200852941735 0.7328132108471881
 0.2163658670407616 0.9896907059074339 0.7332024730478897
 0.2158139068674510 0.9903032997985799 0.7335552520512519
 0.2152630786011537 0.9909142061791786 0.7339043690000761
 0.2146433322671846 0.9916010373115661 0.7342936278658134
 0.2140520751119390 0.9922557969530835 0.7346614838260440
 0.2135079171916216 0.9928579729327360 0.7349970151232522
 0.2129628082587086 0.9934607959813146 0.7353302521536751
 0.2123500820553632 0.9941379157526171 0.7357014186324033
 0.2117612144388089 0.9947881959396060 0.7360547628637391
 0.2112206393793735 0.9953847425605600 0.7363762310519183
 0.2106806613981975 0.9959802473111820 0.7366945695427420
 0.2100820299733711 0.9966399939006879 0.7370442344352548
 0.2094874984375120 0.9972947656374297 0.7373881149853435
 0.2089466453938269 0.9978900289241275 0.7376980215549369
 0.2084105164099158 0.9984797288501519 0.7380024883298549
 0.2078276898607830 0.9991203852932157 0.7383304138421819
 0.2072171970982412 0.9997910029156967 0.7386705130208361
 0.2066724795201160  1.000388982608958 0.7389710528638455
 0.2061383378392036  1.000975003441814 0.7392630902989729
 0.2055675234660786  1.001600880806011 0.7395722577043673
 0.2049288742471291  1.002300678557083 0.7399145887753985
 0.2043770027978475  1.002905004420862 0.7402073659346233
 0.2038422683486206  1.003490227195498 0.7404883714126070
 0.2032776170586417  1.004107834867878 0.7407822438807233
 0.2025986266765338  1.004850025309526 0.7411317522767168
 0.2020381654780332  1.005462263750459 0.7414170696594479
 0.2015006844158793  1.006049071331805 0.7416879938527049
 0.2009353883657592  1.006665904022654 0.7419701008875224
 0.2002336790627922  1.007431103514836 0.7423162593101923
 0.1996672014881586  1.008048449984257 0.7425924793365306
 0.1991255050336043  1.008638471552882 0.7428539410341709
 0.1985550535927226  1.009259480423833 0.7431264751907191
 0.1978568048660191  1.010019153428239 0.7434561713702543
 0.1972868521736304  1.010638873908398 0.7437221321162609
 0.1967402169727455  1.011232931748338 0.7439745638772582
 0.1961627644020848  1.011860155417529 0.7442384314416720
 0.1954725527485792  1.012609424007560 0.7445500887139971
 0.1948988574805672  1.013231852195668 0.7448060621713973
 0.1943459854061969  1.013831387518696 0.7450501180928675
 0.1937594604728477  1.014467096950279 0.7453062144695701
 0.1930763181420664  1.015207116772931 0.7456008403281644
 0.1924980503823311  1.015833190585939 0.7458471597668676
 0.1919375482650748  1.016439736489368 0.7460832282134546
 0.1913387546580764  1.017087403985150 0.7463325255792186
 0.1906658025733737  1.017814898844902 0.7466091595636984
 0.1900826529093394  1.018444988376263 0.7468458787091671
 0.1895125958367384  1.019060643981712 0.7470746074671238
 0.1888968618190754  1.019725314888150 0.7473186964916511
 0.1882342700022966  1.020440206720169 0.7475779161113534
 0.1876455394424305  1.021075097455144 0.7478052446141379
 0.1870636191929942  1.021702361244039 0.7480271861863287
 0.1864227492932860  1.022392847190970 0.7482684679874345
 0.1857699229403496  1.023095874158708 0.7485109048362795
 0.1851744979049729  1.023736789753742 0.7487291123208508
 0.1845764157009030  1.024380285039019 0.7489455161043335
 0.1838958269091791  1.025112214497787 0.7491883995648564
 0.1832496556107111  1.025806802686218 0.7494156901806418
 0.1826447373199098  1.026456761925890 0.7496255740817598
 0.1820216492827585  1.027125959795416 0.7498388817015630
 0.1812542066792114  1.027949804563052 0.7500976869339040
 0.1806085421840092  1.028642592675439 0.7503121602578011
 0.1799850431626820  1.029311316780437 0.7505164994284530
 0.1793020128099158  1.030043578109940 0.7507372609195785
 0.1786025185526086  1.030793156674507 0.7509600163063236
 0.1779598648703038  1.031481531957034 0.7511617147633018
 0.1773006883280396  1.032187318563345 0.7513656770311872
 0.1764881166189357  1.033056953110337 0.7516130703413371
 0.1758067215992274  1.033785869353005 0.7518171222607427
 0.1751354514145093  1.034503665359181 0.7520151122249801
 0.1743624175385570  1.035329928430313 0.7522393726347256
 0.1736537175217777  1.036087104275536 0.7524414258909178
 0.1729639449861377  1.036823765994031 0.7526348294469195
 0.1721802528577186  1.037660388399000 0.7528507184650675
 0.1714449074722922  1.038445072557533 0.7530496418862113
 0.1707305362329932  1.039207078325352 0.7532395801677801
 0.1698861973033183  1.040107347684703 0.7534599245316096
 0.1691399706946997  1.040902677820645 0.7536509459274865
 0.1683971194247427  1.041694110908137 0.7538376595200131
 0.1675680430909316  1.042577061912919 0.7540420462529221
 0.1668334317737080  1.043359110124470 0.7542196990274552
 0.1660676135695682  1.044174086756631 0.7544015322788306
 0.1652963119650386  1.044994601491362 0.7545812452680198
 0.1645807519008342  1.045755556300861 0.7547449126209979
 0.1638154652131905  1.046569118837493 0.7549166959205569
 0.1630602154622607  1.047371739444459 0.7550829387058740
 0.1623594788412401  1.048116190891632 0.7552342987035046
 0.1616185552137401  1.048903093150583 0.7553913769560869
 0.1608579843642870  1.049710606802692 0.7555495128543110
 0.1601667721523206  1.050444261134140 0.7556905358109961
 0.1594555225351105  1.051198968843328 0.7558329988761736
 0.1586532692150236  1.052049984815684 0.7559905069654911
 0.1579615954237939  1.052783486521700 0.7561236468214323
 0.1572720955520027  1.053514489898334 0.7562539783142316
 0.1563296510108826  1.054513358348306 0.7564283624773553
 0.1556264436183106  1.055258441600297 0.7565557039991773
 0.1549447441865663  1.055980556315157 0.7566769080453278
 0.1540676082234115  1.056909439107776 0.7568296287696878
 0.1533690063580524  1.057649053943935 0.7569486846946755
 0.1526986583717601  1.058358591905282 0.7570608064560158
 0.1519336108005074  1.059168173032431 0.7571862764682995
 0.1512287107992554  1.059913927077873 0.7572995700956019
 0.1505664944056880  1.060614370958240 0.7574040075941888
 0.1498679857395477  1.061353044868802 0.7575120907404670
 0.1491052421078312  1.062159466604863 0.7576276999066928
 0.1484342784256608  1.062868699814494 0.7577273454458774
 0.1477635981062347  1.063577493383146 0.7578250672428843
 0.1469180139925496  1.064470934617176 0.7579456543930118
 0.1462248380435701  1.065203182654484 0.7580423733272927
 0.1455619915285716  1.065903260278174 0.7581330904883784
 0.1448278403513109  1.066678500689130 0.7582315701960487
 0.1441130418184807  1.067433159932114 0.7583254643879974
 0.1434506529736777  1.068132361418495 0.7584107537129922
 0.1427665902547778  1.068854317177200 0.7584971379608818
 0.1419241553236519  1.069743248340503 0.7586012241340371
 0.1412402098241626  1.070464807743932 0.7586839214715729
 0.1405692978903337  1.071172501778789 0.7587635182571694
 0.1397638649178518  1.072021944393063 0.7588571425404352
 0.1390649105549592  1.072758962513739 0.7589367404608989
 0.1384001894161830  1.073459775119181 0.7590110729641307
 0.1376819441773483  1.074216901759756 0.7590899512988297
 0.1369445587449574  1.074994081468101 0.7591694345517499
 0.1362741088231686  1.075700606939579 0.7592404284431929
 0.1355919165973963  1.076419404314806 0.7593114504464107
 0.1345331253325570  1.077534808210682 0.7594193034520710
 0.1352389995619671  1.076791218320042 0.7593477186120844
 0.1345878571406166  1.077477155822847 0.7594137981731088
 0.1339238334801305  1.078176570188538 0.7594800809781074
 0.1332451533511097  1.078891327050341 0.7595466897706649
 0.1323783885601419  1.079804029398403 0.7596301072871284
 0.1316741453297520  1.080545485546246 0.7596965332173341
 0.1309981247221472  1.081257135799745 0.7597591655090005
 0.1302382447697627  1.082056959668423 0.7598282501341704
 0.1295152501462827  1.082817857567269 0.7598926935725190
 0.1288385310057105  1.083529965833160 0.7599518813924928
 0.1281292181335969  1.084276282587536 0.7600127538811893
 0.1273282897128849  1.085118886150806 0.7600800636373275
 0.1266343524944501  1.085848840488628 0.7601371673825288
 0.1259407075677876  1.086578404767800 0.7601931270592303
 0.1250532124502561  1.087511739670390 0.7602631038556136
 0.1243352869507299  1.088266651950590 0.7603183885734995
 0.1236415291830542  1.088996072828608 0.7603706974391197
 0.1228386913862380  1.089840086804291 0.7604298722507415
 0.1221065763631843  1.090609664580290 0.7604825713818962
 0.1214116442478928  1.091340082475788 0.7605314865586719
 0.1206614961870097  1.092128456477914 0.7605830861873587
 0.1198899798650031  1.092939203693329 0.7606348637083670
 0.1191844795665178  1.093680505328557 0.7606810722883371
 0.1184564648962901  1.094445392802613 0.7607276217715024
 0.1175869659589598  1.095358838377996 0.7607817158879283
 0.1168595925197143  1.096122900096108 0.7608257180907877
 0.1161322090146519  1.096886905933774 0.7608685893022027
 0.1150937051582615  1.097977584677527 0.7609278522975821
 0.1143417970473928  1.098767189468715 0.7609693433953658
 0.1135957804189034  1.099550543500578 0.7610093395918046
 0.1126911658268311  1.100500350407548 0.7610562810733401
 0.1119424556123035  1.101286397901609 0.7610938466176577
 0.1111897808432245  1.102076548985044 0.7611304451985539
 0.1102363193259683  1.103077402577689 0.7611751453272660
 0.1094719461638334  1.103879705587806 0.7612096547185686
 0.1087029729750452  1.104686781899672 0.7612431959005732
 0.1077806958706840  1.105654688354937 0.7612818921661200
 0.1070079040773190  1.106465657110047 0.7613130586432222
 0.1062219058658599  1.107290433726832 0.7613436191983249
 0.1053108469398048  1.108246379232161 0.7613776657086458
 0.1045259473998755  1.109069898390906 0.7614058697345825
 0.1037170851114795  1.109918511565750 0.7614338987846668
 0.1028190473821441  1.110860627921306 0.7614638502442282
 0.1020204922377138  1.111698332166072 0.7614895066868755
 0.1011813776825246  1.112578538696101 0.7615155288718787
 0.1002953026518115  1.113507956516036 0.7615420171257755
 0.9948177971821560E-01  1.114361230673907 0.7615654787741470
 0.9860531157322015E-01  1.115280481686387 0.7615898667090221
 0.9772792594352303E-01  1.116200650843321 0.7616133800936177
 0.9689671675129753E-01  1.117072352646312 0.7616348457004956
 0.9596166252204399E-01  1.118052914422231 0.7616580758471313
 0.9508687496522339E-01  1.118970235961656 0.7616789516187628
 0.9422796679388917E-01  1.119870869441383 0.7616986584720971
 0.9311232339326928E-01  1.121040658402350 0.7617231063202378
 0.9222122480174977E-01  1.121974964512401 0.7617417174613320
 0.9128807498247006E-01  1.122953324331717 0.7617603573536096
 0.9034971402227880E-01  1.123937111786754 0.7617782502804061
 0.8944910063098896E-01  1.124881291900601 0.7617946426496131
 0.8836822321932226E-01  1.126014416362929 0.7618133308896585
 0.8743044767339719E-01  1.126997488287161 0.7618286955204471
 0.8645056607312344E-01  1.128024668593036 0.7618439330925988
 0.8545327539793941E-01  1.129070066994732 0.7618586142603154
 0.8448873378129947E-01  1.130081108131951 0.7618720469295078
 0.8326973140418874E-01  1.131358839661539 0.7618879788519072
 0.8226509861883417E-01  1.132411844025659 0.7619002510425211
 0.8110624244542861E-01  1.133626466390803 0.7619134357641214
 0.8008082648363105E-01  1.134701201460595 0.7619241629698104
 0.7894772694908457E-01  1.135888773842186 0.7619347896456309
 0.7789803793871208E-01  1.136988904824101 0.7619431950822495
 0.7682469699984787E-01  1.138113807057906 0.7619500535438589
 0.7573854120608628E-01  1.139252126224393 0.7619550498995330
 0.7469407872812446E-01  1.140346740953250 0.7619581250142631
 0.7351231375819343E-01  1.141585244949363 0.7619600100501454
 0.7242598788232323E-01  1.142723724725988 0.7619607857473863
 0.7109261334940152E-01  1.144121112329104 0.7619611211760894
 0.6988086185543527E-01  1.145391037517204 0.7619611990310702
 0.6846724781437458E-01  1.146872516134245 0.7619612168617133
 0.6701735862545401E-01  1.148392011367712 0.7619612190839740
 0.6533872471329703E-01  1.150151232860947 0.7619612192743370
 0.6335498017636984E-01  1.152230212679469 0.7619612192809835
 0.6100877554255512E-01  1.154689053519616 0.7619612192809393
 0.5750216771011650E-01  1.158364006004371 0.7619612192809322
 0.5047711379862650E-01  1.165726317549092 0.7619612192809321
 0.2237689815266646E-01  1.195175563727973 0.7619612192809321
-0.9002396443117369E-01  1.312972548443497 0.7619612192809321
-0.1359303105661266  1.361082758896473 0.7619612192809321
