RUNGE KUTTA: X Z PHI
 0.5848131643699200 0.3939792806920857E-01 0.1308996938995747
 0.5639414627936434 0.1969729974116498 0.1421265575008737
 0.5778973835298137 0.9192849882815333E-01 0.1308996942006519
 0.5825079040898846 0.5690811832219017E-01 0.1308996938995747
 0.5732863671570578 0.1269488140489175 0.1310630249214506
 0.5794342237165040 0.8025503865949896E-01 0.1308996938995750
 0.5765156964297650 0.1024234476750612 0.1309000457983531
 0.5784613815733874 0.8764450836897886E-01 0.1308996939195126
 0.5777408776943349 0.9311727864227878E-01 0.1308996969211592
 0.5782212136148466 0.8946876512689604E-01 0.1308996940395480
 0.5777056191726933 0.9338509369610372E-01 0.1308996975729868
 0.5772874056659177 0.9656174036483306E-01 0.1308997204136857
 0.5769086610844335 0.9943858974358970E-01 0.1308998039404553
 0.5765540786666358 0.1021319063006410 0.1309000344317654
 0.5762256294482491 0.1046267149063027 0.1309005536889621
 0.5759413703887428 0.1067858555948498 0.1309014780205343
 0.5756985330569615 0.1086303537166958 0.1309028740706911
 0.5754772851714911 0.1103108447357801 0.1309049011048442
 0.5752282118457105 0.1122026443407165 0.1309084512060052
 0.5750195821197082 0.1137872117525414 0.1309128650269944
 0.5748262533475286 0.1152555096794230 0.1309185151415598
 0.5746130276360140 0.1168748340226592 0.1309269774223019
 0.5744329350137137 0.1182424372817325 0.1309363825159476
 0.5742175226795132 0.1198781048204802 0.1309509378253687
 0.5740454505186614 0.1211845337114686 0.1309656129559845
 0.5738678801311489 0.1225325351308100 0.1309840482951058
 0.5737054969186881 0.1237650613318809 0.1310042007871128
 0.5735336834606078 0.1250689380268867 0.1310293164461471
 0.5733781351896552 0.1262491446386777 0.1310557186775178
 0.5732044539669217 0.1275666274196097 0.1310896515628358
 0.5730539411640723 0.1287080654000025 0.1311231137094258
 0.5728666130283538 0.1301282586221614 0.1311703192629185
 0.5727188107812675 0.1312484076857877 0.1312121013042298
 0.5725265792603024 0.1327047011765294 0.1312726703399766
 0.5723815674921411 0.1338027986224242 0.1313231584220194
 0.5721935254666478 0.1352260740328063 0.1313948907951823
 0.5720515276774724 0.1363003017970480 0.1314537850201341
 0.5718674641465368 0.1376920067381137 0.1315362198154713
 0.5717277689658178 0.1387476329451238 0.1316033941377678
 0.5715666073299244 0.1399647744152663 0.1316858196572215
 0.5714296494571341 0.1409984987648484 0.1317599862554637
 0.5712866165190780 0.1420774315658065 0.1318414667537936
 0.5711485357635399 0.1431183532692511 0.1319240387799483
 0.5710148767961510 0.1441252993389762 0.1320076499006367
 0.5708612138261625 0.1452821334320844 0.1321082639243455
 0.5707296802199577 0.1462716460671308 0.1321981903020313
 0.5705804824578273 0.1473932028132605 0.1323043969820882
 0.5704482807030269 0.1483862208691482 0.1324021653489656
 0.5703159656681370 0.1493793345662923 0.1325033323868539
 0.5701738496096267 0.1504451433845356 0.1326154770001253
 0.5700449216540200 0.1514112472927047 0.1327201258087560
 0.5698916297142471 0.1525589027670102 0.1328479131719555
 0.5697605017189848 0.1535397257363456 0.1329599700692762
 0.5696257978342127 0.1545464157568963 0.1330775999203108
 0.5694906793382420 0.1555552906610534 0.1331980479697407
 0.5693633015945248 0.1565055154753743 0.1333137654114615
 0.5691918702986642 0.1577830441128564 0.1334727446919642
 0.5690621662809598 0.1587485827851595 0.1335954749105658
 0.5689238265126779 0.1597774098368956 0.1337286858532018
 0.5687935851729135 0.1607450537080712 0.1338562585220698
 0.5686668617911943 0.1616856578730620 0.1339823844593911
 0.5685091202787502 0.1628552314708314 0.1341421496469915
 0.5683814595428017 0.1638007308757929 0.1342737180650829
 0.5682422031363238 0.1648310343289379 0.1344195612347810
 0.5681128430453246 0.1657870976686837 0.1345571989820522
 0.5679862200369504 0.1667219667470763 0.1346939271545844
 0.5678345413129560 0.1678405503760819 0.1348603355584031
 0.5677079439797542 0.1687730890705226 0.1350014521762245
 0.5675701976587865 0.1697866243755285 0.1351573269877688
 0.5674410647789966 0.1707357000669973 0.1353056705909542
 0.5673154420241263 0.1716579603066272 0.1354520483833459
 0.5671564997726992 0.1728233791091923 0.1356402120353992
 0.5670298234622864 0.1737510325532279 0.1357925935587610
 0.5668935333947059 0.1747479028084263 0.1359589655721659
 0.5667647579433723 0.1756886663253210 0.1361184790523562
 0.5666402065613693 0.1765975025150201 0.1362748981485235
 0.5664721220237662 0.1778223078522121 0.1364893432656055
 0.5663451946200371 0.1787459073927115 0.1366538589592486
 0.5662098017009071 0.1797298581425197 0.1368317949654405
 0.5660815930809525 0.1806603962300659 0.1370025865409732
 0.5659581367138452 0.1815553259973713 0.1371691223062215
 0.5657906496958436 0.1827676615721470 0.1373982776447553
 0.5656640755336557 0.1836824872640684 0.1375739240138051
 0.5655325968531031 0.1846315013640609 0.1377586294189589
 0.5654025186356614 0.1855691318292038 0.1379436145395270
 0.5652795762283610 0.1864541492806645 0.1381204966401700
 0.5651324168685256 0.1875119779648071 0.1383348516762343
 0.5650060550898800 0.1884189748202317 0.1385212407859976
 0.5648800746513064 0.1893219975828295 0.1387092414307764
 0.5647392351822101 0.1903300535859166 0.1389219892732448
 0.5646156708073450 0.1912131689245007 0.1391108583309319
 0.5644830504970377 0.1921596490248499 0.1393158523143762
 0.5643538596061652 0.1930802908930992 0.1395178048251554
 0.5642312410344186 0.1939528424660990 0.1397115240176791
 0.5640847367023607 0.1949937498535874 0.1399455158330957
 0.5639584682775554 0.1958894607557730 0.1401493211541089
 0.5638332466746211 0.1967764372636933 0.1403533337844603
 0.5636876992866012 0.1978057378902375 0.1405928482481966
 0.5635632399216537 0.1986844901889417 0.1407997745304490
 0.5634309489223557 0.1996170971796558 0.1410219801503925
 0.5633005090403829 0.2005351896163180 0.1412434834290138
 0.5631769819972747 0.2014032750144454 0.1414555728370593
 0.5630273228446262 0.2024532269317884 0.1417157331137933
 0.5629009347325085 0.2033383881113613 0.1419383037004630
 0.5627750762496778 0.2042184347562089 0.1421626107082983
 0.5626350821065560 0.2051956604968702 0.1424152159646840
 0.5625128669243975 0.2060473369591863 0.1426383349624669
 0.5623851410019124 0.2069359661625914 0.1428740079830711
 0.5622534619444945 0.2078505358850242 0.1431195815380639
 0.5621327624391840 0.2086874443050334 0.1433469853600568
 0.5620036907180215 0.2095809085905984 0.1435926105138585
 0.5618726844935314 0.2104861725194904 0.1438445297468516
 0.5617504415920990 0.2113294251940148 0.1440820217209224
 0.5616142012807516 0.2122675662968012 0.1443495681416783
 0.5614854114578737 0.2131527749718780 0.1446053808923306
 0.5613608840363681 0.2140071698467240 0.1448555012091565
 0.5611937115968214 0.2151517911054021 0.1451956122030366
 0.5610670708402274 0.2160170742716294 0.1454565192929272
 0.5609376879878374 0.2168994602348771 0.1457258937936504
 0.5608054556382264 0.2177995628843643 0.1460040706809104
 0.5606841457534899 0.2186237805448596 0.1462617639700175
 0.5605545122841257 0.2195029170083042 0.1465397047148633
 0.5604234805025550 0.2203898110629121 0.1468232449347013
 0.5603019293058422 0.2212109765884195 0.1470885295924611
 0.5601701636588291 0.2220994452627007 0.1473785153265355
 0.5600398202089807 0.2229765734874060 0.1476678351938694
 0.5599172818438444 0.2237995831725944 0.1479420850362924
 0.5597800937500585 0.2247191427051497 0.1482517211192732
 0.5596515490569355 0.2255789918950090 0.1485443165248120
 0.5595284261644073 0.2264009576617645 0.1488267791611453
 0.5593822059890392 0.2273750573751572 0.1491650245363784
 0.5592550165532736 0.2282205477830413 0.1494617296002340
 0.5591309828152213 0.2290434152164653 0.1497533098968921
 0.5589620666748516 0.2301614184872068 0.1501539182633709
 0.5588347476306750 0.2310020957051852 0.1504584939813773
 0.5587065651289745 0.2318467243547993 0.1507673651896444
 0.5585679316186906 0.2327582347023499 0.1511039285460806
 0.5584440628020011 0.2335709192702816 0.1514068650473100
 0.5583142065732291 0.2344211091566848 0.1517266912291144
 0.5581784482649536 0.2353079901364620 0.1520634771656706
 0.5580547189471624 0.2361145465038120 0.1523725320927299
 0.5579233755280606 0.2369689149622407 0.1527027749966556
 0.5577889080271534 0.2378416563992963 0.1530431895453850
 0.5576650743554128 0.2386436324469092 0.1533587753922472
 0.5575325136276229 0.2395002650326723 0.1536988272598730
 0.5573986033454318 0.2403636594064559 0.1540446450324229
 0.5572745343885678 0.2411618401048495 0.1543670707690321
 0.5571409879108051 0.2420190964609128 0.1547162717078752
 0.5570072189901603 0.2428758057052537 0.1550682896141511
 0.5568828466183632 0.2436705592166379 0.1553976053994617
 0.5567485756163546 0.2445266409809012 0.1557553207338703
 0.5566146277909511 0.2453786672723236 0.1561144015305737
 0.5564899188794216 0.2461701320551351 0.1564506636720177
 0.5563552617515420 0.2470227883020972 0.1568158238515454
 0.5562208027904330 0.2478721722566179 0.1571825944440857
 0.5560957075540129 0.2486605926010079 0.1575257638603750
 0.5559609834922946 0.2495077428898668 0.1578974347255989
 0.5558256606707620 0.2503566136531098 0.1582728929183225
 0.5557001136093931 0.2511423277261666 0.1586230872605157
 0.5555655722889734 0.2519823698798679 0.1590003167363368
 0.5554290372994131 0.2528327847211931 0.1593851917138676
 0.5553029731313950 0.2536161242429652 0.1597424025996408
 0.5551687902090691 0.2544479518944519 0.1601245680275204
 0.5550306503497580 0.2553021966608003 0.1605200596004513
 0.5549039949604863 0.2560835383600530 0.1608844471147862
 0.5547702770999655 0.2569064925321661 0.1612709527321211
 0.5546300767314545 0.2577671849908216 0.1616781710203505
 0.5545027363236025 0.2585470158048161 0.1620498000291304
 0.5543694822767026 0.2593611107161870 0.1624404800838776
 0.5542266990931143 0.2602312083594551 0.1628610861021196
 0.5540985559618700 0.2610101422379780 0.1632402539207992
 0.5539656487487890 0.2618160877057964 0.1636351554785734
 0.5538198120780524 0.2626981566478874 0.1640703768776637
 0.5536907680136506 0.2634766697067464 0.1644571564949637
 0.5535580181517427 0.2642755924895128 0.1648566835899419
 0.5534088134843334 0.2651711892338270 0.1653076777539614
 0.5532788090150057 0.2659495068622731 0.1657022532048762
 0.5531460151196606 0.2667425742363025 0.1661068011779623
 0.5529933828908579 0.2676516877599466 0.1665736516682891
 0.5528624044006082 0.2684297554573917 0.1669758778225875
 0.5527293642872311 0.2692181139667374 0.1673859611006717
 0.5525735123322932 0.2701391446862894 0.1678682766065858
 0.5524415753159565 0.2709167372889924 0.1682781372444849
 0.5523081122287244 0.2717013594229572 0.1686941399127624
 0.5521495613617166 0.2726309074158428 0.1691901581672692
 0.5520167256613699 0.2734075532779924 0.1696072662961539
 0.5518827355291407 0.2741889753073404 0.1700294310882511
 0.5517218892286384 0.2751244074861161 0.1705380749783030
 0.5515882031957927 0.2758997180068465 0.1709623147484719
 0.5514536657126112 0.2766779852757630 0.1713905663418580
 0.5512904379312521 0.2776195560581317 0.1719118881103659
 0.5511558837908636 0.2783935336344184 0.1723430843369888
 0.5510207675581337 0.2791687562225463 0.1727774084553302
 0.5508550111862166 0.2801170594608428 0.1733119914899733
 0.5507195504137666 0.2808898227344313 0.1737502407193100
 0.5505837930907365 0.2816622821667399 0.1741906283468911
 0.5504157328995560 0.2826157846814737 0.1747374112129268
 0.5502793736495016 0.2833871911399514 0.1751823742957276
 0.5501429303775274 0.2841570709603690 0.1756288008648958
 0.5499726933767696 0.2851148308662127 0.1761874199663209
 0.5498354393695783 0.2858847693201673 0.1766390498542189
 0.5496982969943627 0.2866520741614885 0.1770913628173436
 0.5495258374847264 0.2876141369502289 0.1776616215607634
 0.5493876842969826 0.2883825470820870 0.1781196345716708
 0.5492498311328523 0.2891472770506771 0.1785777166454673
 0.5490750117967564 0.2901141931743625 0.1791601150869017
 0.5489359317526814 0.2908811436248327 0.1796245561182678
 0.5487973337842906 0.2916434205148478 0.1800883017088058
 0.5486203305621699 0.2926140080272087 0.1806818516404789
 0.5484803269627114 0.2933794022170716 0.1811523823961262
 0.5483409571194213 0.2941393138861436 0.1816217203579497
 0.5481617730247887 0.2951133642042508 0.1822264729445564
 0.5480208283903377 0.2958772216644258 0.1827031585649588
 0.5478806598608531 0.2966348527009280 0.1831780360493075
 0.5476993557836378 0.2976118502010587 0.1837934724009754
 0.5475574645266986 0.2983741293150696 0.1842760910313636
 0.5474164896372121 0.2991294637361734 0.1847564546851403
 0.5472326767444132 0.3001113059645935 0.1853840423185286
 0.5470897891336458 0.3008721956535916 0.1858728152515147
 0.5469479778005879 0.3016253306101800 0.1863586445439587
 0.5467618355386114 0.3026108521744485 0.1869974424782156
 0.5466179469797002 0.3033703026921402 0.1874921106279750
 0.5464752765383426 0.3041212995996310 0.1879833584733830
 0.5462864835569957 0.3051119929721339 0.1886345466110970
 0.5461415416833216 0.3058702015695656 0.1891352801415796
 0.5459979633578462 0.3066192516027019 0.1896319255673815
 0.5458069616997252 0.3076125985920937 0.1902935447627138
 0.5456609858921788 0.3083693942444438 0.1907999370573394
 0.5455164927658555 0.3091164776025026 0.1913018322623292
 0.5453227842057792 0.3101148753380744 0.1919756432215754
 0.5451757202032134 0.3108704641192651 0.1924878685281419
 0.5450302709775990 0.3116157307647143 0.1929949783576541
 0.5448347189378889 0.3126145590013404 0.1936775489098303
 0.5446866387368872 0.3133685135799165 0.1941950394232465
 0.5445402885737952 0.3141116366899622 0.1947070274181457
 0.5443409611654721 0.3151205430083924 0.1954051796680236
 0.5441917004737759 0.3158736142928431 0.1959285263064471
 0.5440443057660544 0.3166152475532354 0.1964457412955543
 0.5438454757887219 0.3176125132918388 0.1971440744868661
 0.5436953738753721 0.3183629752114266 0.1976717722987083
 0.5435472107960133 0.3191017285374418 0.1981931030681766
 0.5433409995201165 0.3201265993114590 0.1989193872464819
 0.5431893972097296 0.3208776144644496 0.1994537851502955
 0.5430399692578696 0.3216158379576889 0.1999808337971961
 0.5428390742714665 0.3226051811965076 0.2006898877628451
 0.5426870025490667 0.3233516996898497 0.2012270131858674
 0.5425370481445568 0.3240858214171438 0.2017570124233487
 0.5423276748130651 0.3251075264654172 0.2024975705951974
 0.5421738375498860 0.3258557798971226 0.2030420313555656
 0.5420227339292581 0.3265887313407096 0.2035770367319835
 0.5418116962995660 0.3276090933041711 0.2043245921512410
 0.5416567994280698 0.3283555754346753 0.2048735677260742
 0.5415046354239510 0.3290868862706979 0.2054131166779173
 0.5412919329030283 0.3301058435993350 0.2061677185661514
 0.5411359060395216 0.3308508573111292 0.2067214708397371
 0.5409827488405468 0.3315801736980369 0.2072651598701561
 0.5407683669578676 0.3325977340547688 0.2080263695212561
 0.5406111345398107 0.3333416014810457 0.2085848224544991
 0.5404570414451385 0.3340686295874602 0.2091322844556464
 0.5402409631975857 0.3350848156479215 0.2099001990940229
 0.5400824515785866 0.3358278417757178 0.2104636296973085
 0.5399274848652080 0.3365522727856265 0.2110144852942417
 0.5397096931693662 0.3375671082188569 0.2117886850225236
 0.5395498428200884 0.3383095268448743 0.2123569663614026
 0.5393940652935634 0.3390310617384857 0.2129108366588313
 0.5391827249089481 0.3400068668187587 0.2136623465284788
 0.5390218988828425 0.3407470677450375 0.2142342323107012
 0.5388659318711451 0.3414629614523965 0.2147887858026639
 0.5386739363086326 0.3423416142039766 0.2154713480414840
 0.5385120038139629 0.3430804564918850 0.2160469805021264
 0.5383566398851467 0.3437874219225143 0.2165992506567637
 0.5381829947380286 0.3445753758215142 0.2172164949049399
 0.5380162473634561 0.3453298574341871 0.2178091700174889
 0.5378603658537786 0.3460332601637264 0.2183631254904522
 0.5376968407333710 0.3467691768806618 0.2189441034611869
 0.5375137069591843 0.3475909492248255 0.2195945799368948
 0.5373541579071222 0.3483048437295049 0.2201611753495561
 0.5371943384289471 0.3490180480918473 0.2207286557804344
 0.5369810707550733 0.3499668232996208 0.2214857826136070
 0.5368156072709156 0.3507006236086516 0.2220730302702115
 0.5366556883812105 0.3514079313989777 0.2226404035533611
 0.5364666248473450 0.3522417440649868 0.2233109045637738
 0.5362991778162818 0.3529780646610488 0.2239045178500866
 0.5361398192462830 0.3536769452760036 0.2244692912352334
 0.5359672008627290 0.3544319289601725 0.2250808842847062
 0.5357907379089289 0.3552015373943447 0.2257058748033292
 0.5356295200663830 0.3559027324631760 0.2262766149311024
 0.5354644226508918 0.3566189071495471 0.2268607903782558
 0.5352458594299077 0.3575640807160134 0.2276336712462463
 0.5350779157405942 0.3582880967265264 0.2282272184244090
 0.5349133133154632 0.3589958190791660 0.2288087051893870
 0.5347023682641375 0.3599000776102181 0.2295535268536412
 0.5345319377030692 0.3606284460252973 0.2301549285240524
 0.5343680151571190 0.3613271434906109 0.2307329994901189
 0.5341820993869177 0.3621173925377132 0.2313881688048645
 0.5340075440085877 0.3628572457528147 0.2320028785684663
 0.5338435711430300 0.3635503965037459 0.2325799820330977
 0.5336709073566519 0.3642783610848067 0.2331873373154939
 0.5334789686807708 0.3650852863355918 0.2338620629763832
 0.5333110905073991 0.3657890824754931 0.2344517832750020
 0.5331431479841515 0.3664913135613506 0.2350412874173355
 0.5329288688919082 0.3673846473026897 0.2357927850749034
 0.5327545950533042 0.3681090226637779 0.2364034747595717
 0.5325872272542518 0.3688028668932554 0.2369895758158246
 0.5323990982458010 0.3695806560037934 0.2376479348450115
 0.5322198154540208 0.3703197927758538 0.2382748615250631
 0.5320521365856317 0.3710092641241542 0.2388607396814556
 0.5318768651990463 0.3717280797703802 0.2394726232038569
 0.5316752091858852 0.3725527463353447 0.2401759597427492
 0.5315026618576710 0.3732563840817509 0.2407772505866123
 0.5313313378692288 0.3739532285111525 0.2413738362128798
 0.5311212812187388 0.3748051752389065 0.2421046916475757
 0.5309427176562013 0.3755272924611130 0.2427253984831471
 0.5307721433203322 0.3762153098408356 0.2433177874601858
 0.5305855306724682 0.3769660255187652 0.2439652342159606
 0.5303983774926143 0.3777168370129944 0.2446138971399945
 0.5302262799705481 0.3784054228062609 0.2452098322284259
 0.5300497336448937 0.3791100013663284 0.2458206550988756
 0.5298113885397864 0.3800583271311604 0.2466444384204170
 0.5296312999239586 0.3807726777961142 0.2472661600589023
 0.5294555236604718 0.3814681212229992 0.2478723525258850
 0.5292376898328636 0.3823275079429319 0.2486226934981000
 0.5290551203051922 0.3830456929948480 0.2492508373001477
 0.5288805647777528 0.3837305912383412 0.2498508288065877
 0.5286889174088496 0.3844805806049757 0.2505089326083962
 0.5284980330294891 0.3852255450160335 0.2511637249775543
 0.5283221389425974 0.3859102161094395 0.2517664366999802
 0.5281415322446047 0.3866114546414717 0.2523846024331299
 0.5278985253414206 0.3875521517296420 0.2532152429638234
 0.5277144243056198 0.3882626788631459 0.2538437398595633
 0.5275348638252993 0.3889539153798093 0.2544561198559632
 0.5273151148173291 0.3897975024300056 0.2552047381831010
 0.5271282490245788 0.3905128248790442 0.2558405804672003
 0.5269499773342519 0.3911935205670201 0.2564464879997542
 0.5267560578077531 0.3919320594064429 0.2571047884088230
 0.5265588198077172 0.3926812126188184 0.2577735293508402
 0.5263785584160792 0.3933641105807917 0.2583840263669219
 0.5261948274787791 0.3940584189052911 0.2590056340017916
 0.5259308359548911 0.3950529833223886 0.2598976394977292
 0.5257408897870831 0.3957663827080926 0.2605385572151458
 0.5255569919526419 0.3964553188546900 0.2611583025172210
 0.5253315544169072 0.3972975451835563 0.2619169987137768
 0.5251403341164143 0.3980099382800628 0.2625596742565305
 0.5249579671828817 0.3986876494414262 0.2631718953035743
 0.5247599193906790 0.3994217663904415 0.2638360020008384
 0.5245575607438197 0.4001698664355038 0.2645137225735695
 0.5243730343377809 0.4008502942407655 0.2651309292042061
 0.5241854184694170 0.4015404147612945 0.2657576549194244
 0.5239281625690922 0.4024839297856279 0.2666156725252136
 0.5237342462319449 0.4031930384070748 0.2672614587064984
 0.5235473565442077 0.4038747539393937 0.2678830934310324
 0.5233307772792787 0.4046626953632557 0.2686025711404030
 0.5231335050499648 0.4053784709860481 0.2692570261081442
 0.5229474633322871 0.4060518275335140 0.2698734055655004
 0.5227513040039741 0.4067600576802441 0.2705224189394358
 0.5225317447318721 0.4075506605585477 0.2712477908200699
 0.5223407198468170 0.4082367110752228 0.2718780272773593
 0.5221508541693930 0.4089169450894063 0.2725036854205798
 0.5219243435588233 0.4097263241808975 0.2732491288708261
 0.5217251521416143 0.4104361698416482 0.2739037605845013
 0.5215362332945016 0.4111077620258865 0.2745238064632389
 0.5213346767324816 0.4118225242499298 0.2751844200749946
 0.5211182228259542 0.4125881090724338 0.2758928332317029
 0.5209254447343920 0.4132682150150884 0.2765229098639032
 0.5207322223275167 0.4139482542035074 0.2771536735194142
 0.5204958975533017 0.4147777797157879 0.2779241059615071
 0.5202941774455491 0.4154839264470981 0.2785807808793915
 0.5201021657697845 0.4161544612815312 0.2792049936572715
 0.5198951899912905 0.4168754872311613 0.2798768882480655
 0.5196793985415835 0.4176252847269412 0.2805763490255512
 0.5194844782939134 0.4183008711528013 0.2812072759942583
 0.5192878274652994 0.4189808385985285 0.2818429889239331
 0.5190412467244853 0.4198311695437362 0.2826389507454614
 0.5188369267332660 0.4205338538484911 0.2832974715061896
 0.5186417848615755 0.4212033666349261 0.2839254966663985
 0.5184290042119605 0.4219316180342925 0.2846092472570066
 0.5182132854214287 0.4226680430786208 0.2853013532343361
 0.5180161390677159 0.4233394177329390 0.2859329629131189
 0.5178158142729105 0.4240200142697559 0.2865739056863517
 0.5175518971090347 0.4249142136583976 0.2874170129833563
 0.5173447382383919 0.4256141665605476 0.2880777254039971
 0.5171459755008780 0.4262841574931572 0.2887107300607308
 0.5169238889421399 0.4270309343067625 0.2894169270456735
 0.5167094191529366 0.4277502730294471 0.2900978479511817
 0.5165101597133699 0.4284169972440279 0.2907295980291288
 0.5163048413960819 0.4291023930703630 0.2913797087183765
 0.5160276919794208 0.4300250144345343 0.2922558913484584
 0.5158183785260284 0.4307198737011397 0.2929165228066095
 0.5156151951969085 0.4313927974486961 0.2935568606665561
 0.5153766750853963 0.4321807725709366 0.2943073609187725
 0.5151629439470707 0.4328850486958866 0.2949787915540619
 0.5149610983609763 0.4335486021733411 0.2956119977965131
 0.5147482195681430 0.4342467961290306 0.2962789094389507
 0.5145086073448721 0.4350306791595387 0.2970284423276840
 0.5143009913237181 0.4357081932999353 0.2976768731060862
 0.5140954042164029 0.4363775455242595 0.2983179972968580
 0.5138558245816469 0.4371556478716884 0.2990638981119303
 0.5136384267082198 0.4378599282781899 0.2997396286836093
 0.5134336371560567 0.4385218226430662 0.3003752515767044
 0.5132187385975591 0.4392147924538247 0.3010413264003435
 0.5129709602757982 0.4400117688496433 0.3018081301100439
 0.5127596118424131 0.4406898704082152 0.3024611535527087
 0.5125513302394603 0.4413566114758080 0.3031037277184664
 0.5123111719485568 0.4421235319345536 0.3038434390555235
 0.5120899209177160 0.4428283188654546 0.3045238083249290
 0.5118821196962728 0.4434887380834676 0.3051619029265161
 0.5116652266773708 0.4441764866612098 0.3058270048911249
 0.5114066574110033 0.4449943097333772 0.3066186848797118
 0.5111911441511976 0.4456742359195334 0.3072774772517330
 0.5109798908125891 0.4463392172750153 0.3079222697234389
 0.5107382386725732 0.4470980712392251 0.3086586431997270
 0.5105131013555300 0.4478033302584996 0.3093435649231423
 0.5103021831567405 0.4484625383141758 0.3099842854234178
 0.5100830428236689 0.4491459068307162 0.3106490449433252
 0.5098114162902667 0.4499907872537506 0.3114716799965115
 0.5095915107553305 0.4506730502164089 0.3121365372128633
 0.5093770345280942 0.4513369763252299 0.3127839523296725
 0.5091324886658112 0.4520921976467291 0.3135208809517024
 0.5089038769552950 0.4527964979448121 0.3142086136952375
 0.5086898752836192 0.4534542975140945 0.3148514094639140
 0.5084678781365435 0.4541351589931361 0.3155172486111510
 0.5081883611744579 0.4549902522094665 0.3163541966630607
 0.5079648975443103 0.4556721303106045 0.3170221338397510
 0.5077473994528438 0.4563343313039269 0.3176712025450262
 0.5075000822550760 0.4570855641492408 0.3184080096412449
 0.5072680453929010 0.4577886932130660 0.3190981238062843
 0.5070509363110356 0.4584451149091721 0.3197428685694857
 0.5068259406241274 0.4591238876637140 0.3204100824318552
 0.5065390440239247 0.4599872121962988 0.3212594574731151
 0.5063119867519480 0.4606687374601689 0.3219305178802615
 0.5060913056266685 0.4613296668934170 0.3225817133920191
 0.5058408845896619 0.4620779357484761 0.3233194344519450
 0.5056053570333032 0.4627800333750759 0.3240121132489738
 0.5053851004256763 0.4634351535272159 0.3246588998756521
 0.5051571981418358 0.4641115419215340 0.3253271689894860
 0.5048584618338635 0.4649959027613108 0.3262016331904189
 0.5046272814441122 0.4656785298757888 0.3268771162506335
 0.5044031233952296 0.4663389762441998 0.3275310057070858
 0.5041483905916726 0.4670877889600534 0.3282727809493088
 0.5039097656837794 0.4677876031846085 0.3289664205958043
 0.5036863926429819 0.4684412522596285 0.3296146943259274
 0.5034550680761759 0.4691167139437483 0.3302850295903090
 0.5031552165539378 0.4699900812917983 0.3311524076450685
 0.5029211029525457 0.4706702665187035 0.3318283833884264
 0.5026940335222551 0.4713285624093357 0.3324829452057269
 0.5024374238363660 0.4720708208104711 0.3332213858073961
 0.5021949084946823 0.4727706838634278 0.3339180660613913
 0.5019682678923914 0.4734233139389408 0.3345681442497924
 0.5017343036745340 0.4740956006447699 0.3352382605024037
 0.5014187789807130 0.4749999571821237 0.3361404309608462
 0.5011802993731337 0.4756817518409842 0.3368210864693525
 0.5009496315890783 0.4763398002105864 0.3374784041150507
 0.5006878530731658 0.4770849275321283 0.3382231218987799
 0.5004424947384156 0.4777817100225784 0.3389199448710408
 0.5002127482455411 0.4784327558028768 0.3395714350407132
 0.4999755324822917 0.4791035531463206 0.3402431237392190
 0.4996598604548222 0.4799939928198726 0.3411354002956176
 0.4994182357944324 0.4806738620886004 0.3418171098958118
 0.4991846925101927 0.4813296002641149 0.3424749256651496
 0.4989208958232290 0.4820686466781794 0.3432166432799647
 0.4986714964684672 0.4827657702457090 0.3439166266266019
 0.4984384864574859 0.4834156956340562 0.3445695557326288
 0.4981988203446181 0.4840827967113431 0.3452401093655277
 0.4978603144574989 0.4850226273596158 0.3461854318842399
 0.4976139877799486 0.4857047844868000 0.3468719852784292
 0.4973770207056203 0.4863596419996848 0.3475313448679648
 0.4971062438886960 0.4871062853395245 0.3482834476024492
 0.4968546203397061 0.4877985491248440 0.3489811165365993
 0.4966188210228466 0.4884459156723767 0.3496338831139192
 0.4963749871291991 0.4891139620144070 0.3503078839909830
 0.4960604079622424 0.4899737746247910 0.3511759217577168
 0.4958130191159432 0.4906483216041218 0.3518573119413847
 0.4955739958352222 0.4912987114988270 0.3525145744706118
 0.4953066396096826 0.4920246363225583 0.3532484624880521
 0.4950486918205153 0.4927234627640223 0.3539552617791529
 0.4948094380522765 0.4933702881773363 0.3546097695801610
 0.4945650579830986 0.4940296328029726 0.3552772694689106
 0.4942366734261855 0.4949135040136176 0.3561725705291553
 0.4939834490926513 0.4955934256000630 0.3568616157415493
 0.4937419214795866 0.4962406096510728 0.3575176991301820
 0.4934770363543678 0.4969488950298359 0.3582359399530175
 0.4932116213102722 0.4976570466077820 0.3589542908393065
 0.4929684807263036 0.4983044129698379 0.3596112398773993
 0.4927226838677909 0.4989575417387683 0.3602743247066191
 0.4924221445589295 0.4997543515211012 0.3610836826071221
 0.4921653864757823 0.5004335429380077 0.3617738848695529
 0.4919223539006786 0.5010751245769686 0.3624260910973867
 0.4916653759742964 0.5017521502239535 0.3631145381244650
 0.4913780962208221 0.5025073497525820 0.3638827446914022
 0.4911280218878559 0.5031633264217821 0.3645502887368308
 0.4908817127815213 0.5038081436272558 0.3652067572540529
 0.4906047967597946 0.5045315749491407 0.3659436011590178
 0.4903385144426491 0.5052257244280465 0.3666509246785951
 0.4900916512760320 0.5058679435547067 0.3673055453993024
 0.4898394083538543 0.5065228649233101 0.3679732821228346
 0.4895002433411794 0.5074014213828582 0.3688692819347320
 0.4892390231722218 0.5080764808333792 0.3695579745742656
 0.4889902353828238 0.5087181308181715 0.3702128065915469
 0.4887189733701870 0.5094163273400667 0.3709256097112743
 0.4884426938248145 0.5101259270689715 0.3716503111303205
 0.4881914752431677 0.5107698430334737 0.3723081105414774
 0.4879388858324426 0.5114160147010851 0.3729683501560035
 0.4876400870571584 0.5121787788777418 0.3737478887595496
 0.4873738050377454 0.5128570640064153 0.3744412791111559
 0.4871231489591337 0.5134942859141124 0.3750929001240761
 0.4868616860224189 0.5141576855442432 0.3757715356971185
 0.4865457639985235 0.5149575064585724 0.3765900498728489
 0.4862848275350746 0.5156166793476171 0.3772648492053433
 0.4860313736272399 0.5162557086986405 0.3779191705776450
 0.4857512716833631 0.5169605099024744 0.3786409743407819
 0.4854732451850031 0.5176586270014742 0.3793560849020762
 0.4852181322766119 0.5182979341899916 0.3800111174846316
 0.4849602175281479 0.5189430291363416 0.3806722611295473
 0.4846491003330213 0.5197195519329020 0.3814683324433378
 0.4843785587185466 0.5203933499156391 0.3821592459943243
 0.4841231863243521 0.5210281360680770 0.3828102306517921
 0.4838553443003316 0.5216926393863963 0.3834917300275179
 0.4835415059564134 0.5224696005237904 0.3842886154616826
 0.4832768587212479 0.5231233987175820 0.3849592617302695
 0.4830186959277732 0.5237599656934632 0.3856123460844212
 0.4827329428473490 0.5244631754074710 0.3863339538341786
 0.4824501234989170 0.5251577367057488 0.3870468265301638
 0.4821905004933990 0.5257940865331802 0.3877000387450339
 0.4819280744030917 0.5264361021549421 0.3883591206285771
 0.4816127382145231 0.5272059668025159 0.3891495193792363
 0.4813371571533555 0.5278773562397477 0.3898389142875436
 0.4810772583514488 0.5285093351750967 0.3904879677954786
 0.4808053998284291 0.5291691510055658 0.3911657646214967
 0.4804795512175356 0.5299583355425675 0.3919766427295545
 0.4802090345565123 0.5306121351320606 0.3926485134498138
 0.4799460492749449 0.5312465434782593 0.3933004883691059
 0.4796559172297181 0.5319450859682350 0.3940183750904691
 0.4793668340853893 0.5326396988855406 0.3947322305482346
 0.4791021547506311 0.5332744513203492 0.3953846025575083
 0.4788353392833676 0.5339131496014257 0.3960410893136639
 0.4785196498308616 0.5346673232020727 0.3968163439161831
 0.4782382449979692 0.5353382117026277 0.3975060181453452
 0.4779737654103902 0.5359675697253610 0.3981529824587500
 0.4776991569618899 0.5366198271868008 0.3988234414317615
 0.4773460949558568 0.5374566383714207 0.3996835475090291
 0.4770681322351674 0.5381140427790354 0.4003592560649388
 0.4768001748183852 0.5387466143297991 0.4010094885893453
 0.4765047574201153 0.5394426871968976 0.4017250701376700
 0.4762103958656757 0.5401348982472157 0.4024367372974720
 0.4759408659783183 0.5407675192506656 0.4030871428968549
 0.4756691843245304 0.5414040388097453 0.4037415185166850
 0.4753482462745268 0.5421544783387683 0.4045129389636819
 0.4750615680755766 0.5428234588218883 0.4052005752543284
 0.4747923562824428 0.5434505264165226 0.4058451187812014
 0.4745134694472716 0.5440989569134063 0.4065116265113378
 0.4741392076690889 0.5449672749851235 0.4074041353282719
 0.4738547504413643 0.5456258170695701 0.4080809536679229
 0.4735816986245179 0.5462568058244434 0.4087293479527933
 0.4732803542710754 0.5469518755741615 0.4094434499388701
 0.4729808644660112 0.5476413238014565 0.4101516526622524
 0.4727064181933735 0.5482719496424436 0.4107993695839592
 0.4724296248635957 0.5489068405871620 0.4114514458775775
 0.4721015608657176 0.5496578733797154 0.4122227976181894
 0.4718099679351950 0.5503240912180090 0.4129070067904447
 0.4715360516254942 0.5509487946812994 0.4135485142249390
 0.4712521350416203 0.5515951578665226 0.4142121683804282
 0.4708730112988964 0.5524564582455700 0.4150963603240517
 0.4705837755703446 0.5531121643177398 0.4157694158704666
 0.4703062471593801 0.5537402086493559 0.4164140470925153
 0.4700014353686360 0.5544287363072586 0.4171207300802468
 0.4696947067635626 0.5551202702976969 0.4178304327322132
 0.4694147901167645 0.5557502027236608 0.4184768038067062
 0.4691334500153240 0.5563822356090715 0.4191251770470307
 0.4688053047471227 0.5571180269526931 0.4198797755906256
 0.4685070678382859 0.5577854643080171 0.4205640935794880
 0.4682279030692550 0.5584091108682413 0.4212033981731977
 0.4679402710102741 0.5590505575091319 0.4218608654330587
 0.4675058933378239 0.5600171265175701 0.4228514185232525
 0.4677955848414990 0.5593727949828295 0.4221911217939295
 0.4675204076345729 0.5599848708841743 0.4228183662117769
 0.4672403864401387 0.5606066698908394 0.4234554656783066
 0.4669596060036798 0.5612290949712418 0.4240930682868758
 0.4666506775732190 0.5619126974160782 0.4247931694443123
 0.4663376782068672 0.5626040108639297 0.4255010101203499
 0.4660528006388429 0.5632320830993439 0.4261440012242020
 0.4657671659272205 0.5638607492974222 0.4267875407207569
 0.4654380470836132 0.5645837930290146 0.4275276209546540
 0.4651330463996369 0.5652525876310007 0.4282120696580206
 0.4648484488178314 0.5658755521067129 0.4288494726000037
 0.4645565762714354 0.5665133523976268 0.4295018690431608
 0.4641608872229066 0.5673762619832639 0.4303842047086647
 0.4638588663881026 0.5680335535261024 0.4310560724575941
 0.4635723538232444 0.5686560209046657 0.4316922027186820
 0.4632640009201823 0.5693247759127730 0.4323755021636965
 0.4629373636052398 0.5700318787332415 0.4330978178811936
 0.4626459241278357 0.5706616556889897 0.4337409662370001
 0.4623571374435330 0.5712846544206969 0.4343769976236610
 0.4620348372504712 0.5719787285989396 0.4350853561590294
 0.4617191781180436 0.5726572568679675 0.4357776396806805
 0.4614286163582416 0.5732807537549489 0.4364136396595356
 0.4611349059610135 0.5739099568835109 0.4370553640513918
 0.4607860838492397 0.5746558584370861 0.4378159931412027
 0.4604765157971683 0.5753165861156257 0.4384896281601571
 0.4601857228466945 0.5759361883058718 0.4391211690530858
 0.4598845058937592 0.5765769310302800 0.4397740526156888
 0.4594749877379081 0.5774463123630931 0.4406595616837688
 0.4591678319531697 0.5780970777155074 0.4413221704667554
 0.4588740874876063 0.5787183861580080 0.4419546377440814
 0.4585530771293829 0.5793962054440415 0.4426444806692300
 0.4582262627413743 0.5800850413909328 0.4433453579671596
 0.4579296753063146 0.5807090906645018 0.4439801272567673
 0.4576332653001754 0.5813317481265666 0.4446132748243130
 0.4572966408640374 0.5820376537383959 0.4453308225736328
 0.4569770481676342 0.5827066401450667 0.4460106329247109
 0.4566804549633172 0.5833264392842454 0.4466403280066644
 0.4563784079079872 0.5839566076066895 0.4472804665797868
 0.4560038132928447 0.5847366997124561 0.4480727863893241
 0.4556888390605864 0.5853914097147804 0.4487376297133843
 0.4553914585302743 0.5860085289301862 0.4493641497043772
 0.4550796237919021 0.5866545838220002 0.4500198582511354
 0.4547060282602321 0.5874271728028996 0.4508037370497087
 0.4543968395834146 0.5880654037840082 0.4514511156114022
 0.4540974496823075 0.5886824067150777 0.4520768409609374
 0.4537727261983775 0.5893505100751415 0.4527542716915486
 0.4534337746645816 0.5900466620127233 0.4534599978836721
 0.4531293122391859 0.5906709171270160 0.4540926800734155
 0.4528268672978120 0.5912900454106111 0.4547199918071623
 0.4524885456435529 0.5919814519610294 0.4554203301223752
 0.4521584727228281 0.5926548219264405 0.4561022254279862
 0.4518544082490282 0.5932741071707124 0.4567292519315342
 0.4515470069139341 0.5938991929531702 0.4573620978867738
 0.4511823150589342 0.5946394837727674 0.4581115290856490
 0.4508583944388644 0.5952958419154099 0.4587759227762558
 0.4505544655760200 0.5959106938525105 0.4593982042244295
 0.4502405142857722 0.5965448121713317 0.4600398535797391
 0.4497727036645831 0.5974878025155446 0.4609937878013815
 0.4500846773688931 0.5968591918673295 0.4603579140714098
 0.4497847874288582 0.5974634730389425 0.4609691793665927
 0.4494799115905085 0.5980768519715653 0.4615895478731637
 0.4491748192139053 0.5986897128263615 0.4622093197695158
 0.4488421823207087 0.5993568217915134 0.4628838832169904
 0.4484965394643788 0.6000488233611846 0.4635835257669697
 0.4481854868521303 0.6006705396881613 0.4642119939830909
 0.4478763382566133 0.6012874849155404 0.4648355068976158
 0.4475307035692430 0.6019761082366508 0.4655313033281755
 0.4471930064511095 0.6026477656003152 0.4662098332771492
 0.4468820996333576 0.6032651369355065 0.4668334656889674
 0.4465680539224555 0.6038877702097194 0.4674624024661270
 0.4461974408344231 0.6046213050862066 0.4682033706089238
 0.4458659172956428 0.6052763303721610 0.4688650189793755
 0.4455552694804244 0.6058891351643201 0.4694839695543650
 0.4452352240477085 0.6065194967721307 0.4701205709051913
 0.4447750844304062 0.6074240505805686 0.4710339242034364
 0.4444443359619111 0.6080729842545135 0.4716890924948328
 0.4441308915126280 0.6086869993125483 0.4723089824365312
 0.4437910840851186 0.6093515979478985 0.4729799311501685
 0.4434376719666719 0.6100416402797646 0.4736765451811569
 0.4431198482504142 0.6106611860541443 0.4743019441005734
 0.4428042619873813 0.6112754281769647 0.4749219232239089
 0.4424527688103750 0.6119584573884763 0.4756112576888292
 0.4421065316614145 0.6126301440449394 0.4762891095051337
 0.4417885759666382 0.6132459830367413 0.4769106255781661
 0.4414681972859595 0.6138655671422321 0.4775359915235127
 0.4410945618684010 0.6145869480085021 0.4782642177113363
 0.4407546713175908 0.6152420623919511 0.4789256370752871
 0.4404370664032027 0.6158532666926205 0.4795427635968646
 0.4401113631889353 0.6164790999432801 0.4801746697184320
 0.4396829298739241 0.6173008602572406 0.4810044075838327
 0.4393457966573087 0.6179463348000315 0.4816561800049055
 0.4390273063874527 0.6185551756624547 0.4822710229107471
 0.4386908432408463 0.6191973861887508 0.4829196523966596
 0.4383030547036041 0.6199363077169400 0.4836660677580418
 0.4379733650355049 0.6205634712107109 0.4842996564675082
 0.4376526640774048 0.6211726116963793 0.4849150713931760
 0.4373056047042014 0.6218307948951124 0.4855800700685932
 0.4369392192901385 0.6225244803943867 0.4862810149151147
 0.4366116051302192 0.6231437642425420 0.4869068993326279
 0.4362869017295983 0.6237566223330373 0.4875264475628485
 0.4359253792379890 0.6244378964603415 0.4882153685428814
 0.4355697450706393 0.6251069704649367 0.4888921532605927
 0.4352433695290403 0.6257200389378179 0.4895124246180203
 0.4349149891416692 0.6263359498308694 0.4901356691102952
 0.4345352703366497 0.6270470007428376 0.4908552904193543
 0.4341858578452112 0.6277002151531634 0.4915164953868096
 0.4338605982950801 0.6283073449155081 0.4921311888556201
 0.4335293112761566 0.6289248055679870 0.4927565095391175
 0.4331275238306324 0.6296724254700583 0.4935138898412804
 0.4327804104472187 0.6303172202554536 0.4941673029489506
 0.4324543772776939 0.6309219389160938 0.4947802509373467
 0.4321174592731144 0.6315459159230117 0.4954128586538038
 0.4316301732143432 0.6324467103204124 0.4963263998414304
 0.4319551220242611 0.6318462301793450 0.4957173808149460
 0.4316325399607490 0.6324423399138575 0.4963219666057055
 0.4313032226282180 0.6330500093017326 0.4969384817324033
 0.4309743774472113 0.6336559165465742 0.4975534556684458
 0.4306179210777218 0.6343116961296164 0.4982193480691792
 0.4302409016718435 0.6350041755100453 0.4989228288594065
 0.4299042717078101 0.6356214922748028 0.4995501911415295
 0.4295710651401808 0.6362316253540876 0.5001704333580732
 0.4292011956899654 0.6369078401091872 0.5008580398514296
 0.4288358353018548 0.6375747289303633 0.5015363720860816
 0.4285015869456770 0.6381838905937485 0.5021562067939457
 0.4281667206564415 0.6387932821296322 0.5027765257302291
 0.4277871815522767 0.6394828886011704 0.5034788288216193
 0.4274260023414057 0.6401380731571340 0.5041464011041318
 0.4270922617105280 0.6407425656313258 0.5047625866882514
 0.4267554753569367 0.6413516837987570 0.5053837308419048
 0.4263676592601085 0.6420519905281888 0.5060981748633246
 0.4260067175730063 0.6427027094707282 0.5067623655234688
 0.4256709727875299 0.6433070892871819 0.5073795902859621
 0.4253295013978014 0.6439208777244994 0.5080067811065351
 0.4249211546829466 0.6446536857231323 0.5087560636467946
 0.4245610853263091 0.6452987869995993 0.5094160583548294
 0.4242230034659103 0.6459035862374756 0.5100351087754453
 0.4238737572157977 0.6465274360544733 0.5106739208264593
 0.4233466972624332 0.6474671438080242 0.5116366782523492
 0.4236981710900787 0.6468407283475873 0.5109948261112190
 0.4233637384730733 0.6474367937731492 0.5116055732141958
 0.4230245757032223 0.6480404199333157 0.5122243656590568
 0.4226855839487462 0.6486428690993775 0.5128422964119049
 0.4223167923894577 0.6492972901592097 0.5135139629057561
 0.4219325343849455 0.6499780650356415 0.5142131612708801
 0.4215881554999704 0.6505872442785566 0.5148392290233325
 0.4212478672463962 0.6511883144058456 0.5154573164239701
 0.4208754886511696 0.6518450761238765 0.5161330677929439
 0.4204929178759616 0.6525187383128859 0.5168266593065267
 0.4201476104429855 0.6531258512966589 0.5174521600177719
 0.4198051971022814 0.6537270046456723 0.5180719497495520
 0.4194289859845449 0.6543864973070825 0.5187523897547660
 0.4190451094806258 0.6550583543122485 0.5194461068528068
 0.4186971108967075 0.6556664845193544 0.5200744412996148
 0.4183504438639346 0.6562714078557916 0.5206998298187318
 0.4179632772918774 0.6569459667433689 0.5213976420447579
 0.4175837686964139 0.6576061267517799 0.5220810405320538
 0.4172351383470276 0.6582116548787643 0.5227083600772782
 0.4168842684677608 0.6588201870992526 0.5233393017571288
 0.4164787379539473 0.6595224164710102 0.5240680597857776
 0.4161053574531536 0.6601679305730487 0.5247385843452381
 0.4157580375710874 0.6607674948569388 0.5253618842793931
 0.4154048414879042 0.6613763206687521 0.5259952807684902
 0.4149817942660038 0.6621043857327482 0.5267533326724143
 0.4146109390766967 0.6627415847913055 0.5274173321032216
 0.4142640070278986 0.6633367995788559 0.5280380787693935
 0.4139088021455792 0.6639453290306986 0.5286732299707139
 0.4134708616171170 0.6646943793858449 0.5294557726018881
 0.4130994373627901 0.6653286081225066 0.5301189594534761
 0.4127503900561768 0.6659237490385754 0.5307417475937460
 0.4123896142260405 0.6665379962493442 0.5313850002760042
 0.4118869358757056 0.6673923370360088 0.5322805154910879
 0.4115129919824808 0.6680267500563779 0.5329461933114470
 0.4111585337841848 0.6686272146558780 0.5335768445718798
 0.4107778720061687 0.6692711070305245 0.5342537768243127
 0.4103693948457221 0.6699609443023709 0.5349797689081575
 0.4100074916610239 0.6705711742954991 0.5356225942830950
 0.4096509550470737 0.6711714822625573 0.5362554876557725
 0.4092597181762509 0.6718292214599555 0.5369494966568229
 0.4088632844711898 0.6724946393599730 0.5376522221121063
 0.4085042973146613 0.6730962866274774 0.5382881709695875
 0.4081478479570827 0.6736928214446692 0.5389192914466374
 0.4077547183115293 0.6743497522928107 0.5396150059396629
 0.4073595235245475 0.6750090901256761 0.5403140112154652
 0.4070007249116761 0.6756068010558426 0.5409483115949401
 0.4066444665443296 0.6761994313217897 0.5415777983172881
 0.4062541806710508 0.6768476974378937 0.5422670418353328
 0.4058522430654085 0.6775142617434551 0.5429764889810910
 0.4054896946130735 0.6781145878489759 0.5436161255070292
 0.4051306546186228 0.6787082503579879 0.5442493341576037
 0.4047384309004958 0.6793558122599159 0.5449408023719042
 0.4043310040058041 0.6800274061255189 0.5456587523853988
 0.4039641912746094 0.6806311235809672 0.5463048096306268
 0.4036003460115373 0.6812290898981831 0.5469453006403042
 0.4031980367582380 0.6818892677345084 0.5476530962342432
 0.4027954496661582 0.6825488503965756 0.5483609852931225
 0.4024283554760684 0.6831493689221320 0.5490061732398805
 0.4020613243893857 0.6837489148607664 0.5496510215571816
 0.4016468264453802 0.6844249554626450 0.5503790249780239
 0.4012506502405417 0.6850700826051958 0.5510746056603550
 0.4008855569487002 0.6856637049718672 0.5517153725228280
 0.4005185700656729 0.6862595482380078 0.5523591975364371
 0.4001025948124159 0.6869338920995084 0.5530886214371805
 0.3997064295083040 0.6875750997321006 0.5537829740833929
 0.3993414065684373 0.6881650221009145 0.5544224785763637
 0.3989754356211344 0.6887556311814246 0.5550634100334780
 0.3985675652472490 0.6894128632562171 0.5557774526208130
 0.3981640017190992 0.6900621258653082 0.5564836604891488
 0.3977952476031685 0.6906544932520935 0.5571286713311091
 0.3974276534684874 0.6912441506895562 0.5577713665865207
 0.3970226720929081 0.6918928049640759 0.5584791033298623
 0.3966102015291416 0.6925524055877046 0.5591996165416575
 0.3962359499401083 0.6931499748507773 0.5598531463455174
 0.3958634113631951 0.6937439477577290 0.5605035139989774
 0.3954503931836735 0.6944014591601280 0.5612243628609881
 0.3950379831273351 0.6950569538708702 0.5619439243976596
 0.3946613676078793 0.6956546428671632 0.5626007844964009
 0.3942845388047680 0.6962518002589152 0.5632577330352155
 0.3938587736503440 0.6969254622273877 0.5639996269296944
 0.3934520305039830 0.6975679946835397 0.5647080243728557
 0.3930771918865290 0.6981592368957754 0.5653605921408763
 0.3927002942851884 0.6987528676025286 0.5660165315310519
 0.3922715108939617 0.6994271757368151 0.5667625439839276
 0.3918665853271733 0.7000629462124923 0.5674668264520180
 0.3914930933517411 0.7006484879883073 0.5681162255528941
 0.3911183420169760 0.7012351621979845 0.5687675877963008
 0.3907000909220425 0.7018889420098671 0.5694942776791753
 0.3902877662378509 0.7025324350031913 0.5702103927444071
 0.3899110950599763 0.7031193999079569 0.5708643675734053
 0.3895364332559368 0.7037023968315115 0.5715146646905472
 0.3891277523067054 0.7043373802644888 0.5722237927198427
 0.3886990725758996 0.7050023747352516 0.5729673491352969
 0.3883151761023539 0.7055969782571949 0.5736329492735746
 0.3879366285176313 0.7061824476825086 0.5742889870026742
 0.3875264796771014 0.7068158426947823 0.5749994612511536
 0.3870891093449868 0.7074901907755753 0.5757567448264993
 0.3866998009245999 0.7080894960830464 0.5764305641240370
 0.3863156831874034 0.7086799454405274 0.5770952144659725
 0.3858947730367210 0.7093259658823947 0.5778233363286255
 0.3854645840789702 0.7099851662857264 0.5785672783686088
 0.3850755606673777 0.7105803651621732 0.5792397788332663
 0.3846891372037400 0.7111707219478466 0.5799074949428003
 0.3842609609280890 0.7118238630774369 0.5806469808756225
 0.3838364230587279 0.7124704156239903 0.5813797900158609
 0.3834499061157494 0.7130581670252715 0.5820466571892080
 0.3830658297104662 0.7136413625774666 0.5827090534679435
 0.3826445756255497 0.7142800442435595 0.5834352985380243
 0.3822147204344069 0.7149307274816266 0.5841760855902142
 0.3818274001422421 0.7155161279804815 0.5848433051902305
 0.3814457964014869 0.7160920593368094 0.5855004094688058
 0.3810363842746741 0.7167090474065830 0.5862050898852094
 0.3805815230489412 0.7173934225568523 0.5869876301991259
 0.3801866240006788 0.7179866389144018 0.5876667203548359
 0.3798030787483825 0.7185619645916190 0.5883260434639012
 0.3793976789344169 0.7191691801819252 0.5890226741828763
 0.3789002294691380 0.7199130197109105 0.5898770732335732
 0.3784945871271109 0.7205185628131119 0.5905733996172549
 0.3781046772375319 0.7210997620625429 0.5912423483167325
 0.3776905589929317 0.7217161272372699 0.5919524160692246
 0.3772124560080856 0.7224265518761517 0.5927716931537439
 0.3768054492714884 0.7230303440823863 0.5934687699245227
 0.3764095791115237 0.7236167451335002 0.5941464956102223
 0.3759822580026644 0.7242487737461727 0.5948777829690346
 0.3755277108182609 0.7249199791873886 0.5956553235112811
 0.3751237897232704 0.7255154857695182 0.5963459197944349
 0.3747261723660349 0.7261008351126031 0.5970253672360256
 0.3742925519705717 0.7267382120163253 0.5977658733644989
 0.3738463932162600 0.7273929612328296 0.5985272772805332
 0.3734458205545703 0.7279799002266155 0.5992104637888849
 0.3730513613376700 0.7285570409552580 0.5998828677056074
 0.3726259034702940 0.7291786038023228 0.6006077449712314
 0.3721697776371601 0.7298438981234683 0.6013844550920801
 0.3717678173103260 0.7304292706889599 0.6020685520898477
 0.3713762379367653 0.7309987013629166 0.6027346148673307
 0.3709624319847991 0.7315995720128081 0.6034380701737159
 0.3704560234965630 0.7323336776288019 0.6042983634668897
 0.3700438784268892 0.7329301401283083 0.6049980637011776
 0.3696500064397851 0.7334993246997842 0.6056663744015127
 0.3692382994397424 0.7340934147740481 0.6063645652020272
 0.3686785570919154 0.7348996999023758 0.6073131368539485
 0.3682554980134132 0.7355080168971800 0.6080295181195068
 0.3678548685934034 0.7360832263542030 0.6087074384838281
 0.3674326593228350 0.7366885207731833 0.6094213602534829
 0.3669141543710423 0.7374306101831806 0.6102974220196951
 0.3664909245182182 0.7380353160009751 0.6110119996990845
 0.3660829076699603 0.7386174159489313 0.6117005012402216
 0.3656456912324196 0.7392402285164607 0.6124378608831803
 0.3651659158356265 0.7399225439420226 0.6132464635923378
 0.3647454229283019 0.7405195875780241 0.6139546263626650
 0.3643330894275453 0.7411041750168926 0.6146485024576064
 0.3638841908902113 0.7417396249970646 0.6154032463072244
 0.3634207248975724 0.7423946301958727 0.6161817471818903
 0.3630047498808362 0.7429815979733732 0.6168798689613160
 0.3625944310259625 0.7435597347084245 0.6175679780711575
 0.3621482495127067 0.7441874464514381 0.6183156809405033
 0.3616849184081967 0.7448382347382430 0.6190915300569551
 0.3612710599265774 0.7454186321304760 0.6197840082161461
 0.3608655288217582 0.7459865275180833 0.6204620390479462
 0.3604338415305927 0.7465901579678195 0.6211832161687082
 0.3599382075256619 0.7472820726398783 0.6220104665729895
 0.3595178744547331 0.7478679196494434 0.6227114141079700
 0.3591138610359043 0.7484302047881607 0.6233846313656175
 0.3586928158450632 0.7490153449654360 0.6240857060071010
 0.3581060073556517 0.7498294109088414 0.6250618963601546
 0.3576709437020403 0.7504318849542307 0.6257849549562956
 0.3572627207596505 0.7509963566132104 0.6264628476280505
 0.3568382204090458 0.7515824824038497 0.6271671950059717
 0.3562881357538049 0.7523407172639293 0.6280790750025604
 0.3558489834764820 0.7529450006718307 0.6288064231906192
 0.3554339884595442 0.7535151949152804 0.6294932692383028
 0.3550022750492824 0.7541074874809178 0.6302072796602380
 0.3544507042131789 0.7548629287648605 0.6311187171491534
 0.3540045504438843 0.7554729329106060 0.6318552197236295
 0.3535805323236424 0.7560517994842587 0.6325545030327696
 0.3531338492427165 0.7566606910563840 0.6332904152238050
 0.3525970926327483 0.7573911247863850 0.6341737182445361
 0.3521528051514554 0.7579947027244680 0.6349040731659620
 0.3517228729282352 0.7585779007559729 0.6356102130651978
 0.3512577655560663 0.7592078439424897 0.6363734774085833
 0.3507705683370760 0.7598666283090540 0.6371722605181390
 0.3503356007886139 0.7604538594262449 0.6378847320482495
 0.3499072199602968 0.7610313443377021 0.6385857327998158
 0.3494412689141483 0.7616585172309132 0.6393473949695263
 0.3489590382951884 0.7623065534596909 0.6401347507897319
 0.3485280449630498 0.7628848352530447 0.6408376774362912
 0.3481056711373446 0.7634507299814556 0.6415258730121681
 0.3476555153865630 0.7640529537405119 0.6422586362704933
 0.3471462540467927 0.7647331420380540 0.6430867628449287
 0.3467112768326767 0.7653131854168793 0.6437933708496126
 0.3462928697725197 0.7658703278284309 0.6444724100313795
 0.3458572629683774 0.7664495371368100 0.6451786616774016
 0.3452589450931390 0.7672437113976871 0.6461475318381762
 0.3448094166960893 0.7678393391170278 0.6468745666449811
 0.3443890412397223 0.7683955252875723 0.6475537663119849
 0.3439558977927392 0.7689677840971508 0.6482529052285921
 0.3434266525009109 0.7696658836487097 0.6491061940418063
 0.3429708774882043 0.7702660824171886 0.6498401425468928
 0.3425453543221361 0.7708256189251315 0.6505246085070880
 0.3421138076253490 0.7713922653736222 0.6512179968000131
 0.3416276742160552 0.7720296126416032 0.6519981827996678
 0.3411509004155578 0.7726536889470892 0.6527624522090120
 0.3407132121907898 0.7732257347517095 0.6534633258245806
 0.3402765669822421 0.7737955907242534 0.6541618411143847
 0.3398000712195814 0.7744165153754095 0.6549233089327240
 0.3392950534700269 0.7750735403308496 0.6557293902970796
 0.3388430253447328 0.7756606979578556 0.6564499817425778
 0.3383962019002086 0.7762402360965924 0.6571613811092141
 0.3379077635348726 0.7768727757392934 0.6579380021571589
 0.3374010834497736 0.7775278676061307 0.6587425198200660
 0.3369438478546432 0.7781180988609065 0.6594676198965005
 0.3364884923329169 0.7787050259388366 0.6601889356127802
 0.3359755472854523 0.7793651373049676 0.6610005451758286
 0.3354836698199402 0.7799970997975019 0.6617778673391097
 0.3350303875107775 0.7805785794279748 0.6624933113193413
 0.3345738441904532 0.7811633764446022 0.6632129782071202
 0.3340459326643731 0.7818385108696532 0.6640439293218382
 0.3335630924016678 0.7824549941403635 0.6648027813009522
 0.3331163783627694 0.7830244951060599 0.6655038970888443
 0.3326668180470840 0.7835967958579961 0.6662085881869769
 0.3321590922886281 0.7842421459338714 0.6670034172906165
 0.3316744779288689 0.7848571370828908 0.6677610512593662
 0.3312307669099631 0.7854193813497437 0.6684538510904162
 0.3307905749914935 0.7859763761276468 0.6691402881698062
 0.3303166977274454 0.7865751174202674 0.6698782557323024
 0.3297980903443571 0.7872293361991448 0.6706846745322366
 0.3293466152309631 0.7877979872473470 0.6713856823778310
 0.3289107984926233 0.7883461406345779 0.6720614915646586
 0.3284583717456243 0.7889143821780510 0.6727621547950564
 0.3278788739104240 0.7896410318402511 0.6736582815103188
 0.3274086681074341 0.7902296569509573 0.6743843006441034
 0.3269701833829705 0.7907777836943548 0.6750604446424100
 0.3265247622902133 0.7913338045096705 0.6757463964476149
 0.3260228326696457 0.7919594299758718 0.6765183111003288
 0.3255320611114041 0.7925701925140367 0.6772720062985474
 0.3250833357071080 0.7931278050239243 0.6779602392578991
 0.3246394469593126 0.7936786352808616 0.6786402309296689
 0.3241674878128203 0.7942634590198671 0.6793623206235252
 0.3235869011856793 0.7949817043155973 0.6802492931722899
 0.3231138949093286 0.7955659000379001 0.6809707984337133
 0.3226615183697508 0.7961238115539936 0.6816598758301432
 0.3221894881392078 0.7967051252825873 0.6823778927646545
 0.3216093963235441 0.7974183527146455 0.6832589343441269
 0.3211202795358302 0.7980187298319877 0.6840007015569427
 0.3206557026647308 0.7985881440106090 0.6847043530982238
 0.3201729108791659 0.7991790181139515 0.6854346612842313
 0.3195851051001032 0.7998972288696330 0.6863224734671792
 0.3190840792774526 0.8005083822829782 0.6870779516414397
 0.3186060154988401 0.8010906500114536 0.6877976443599491
 0.3181021919518439 0.8017033692461037 0.6885548461679307
 0.3175007777420765 0.8024335364816714 0.6894570239919845
 0.3169992668622153 0.8030413882084659 0.6902079872657906
 0.3165106497776616 0.8036327192831366 0.6909385231498685
 0.3159696939184704 0.8042863670861315 0.6917460575058517
 0.3154366727838848 0.8049293779550186 0.6925404409811474
 0.3149487358824566 0.8055170914982641 0.6932664413675546
 0.3144586046884130 0.8061065754842933 0.6939944959102928
 0.3138891925161696 0.8067903170666800 0.6948387386206648
 0.3133736469663409 0.8074083657846709 0.6956016526818981
 0.3128956589833747 0.8079805346524465 0.6963077885179234
 0.3124123133163257 0.8085582832096829 0.6970207241835782
 0.3118505076852765 0.8092287659672829 0.6978480453397553
 0.3113409666993622 0.8098359011144532 0.6985971790889146
 0.3108701194283852 0.8103961116018815 0.6992883787249687
 0.3103981044656920 0.8109569235534556 0.6999802509228281
 0.3098762659258285 0.8115760169554739 0.7007438992161750
 0.3093536985254636 0.8121950153768871 0.7015072701640295
 0.3088820546782910 0.8127528714704535 0.7021951026643556
 0.3084197825670709 0.8132988887238285 0.7028682338809034
 0.3079328060594289 0.8138732809962356 0.7035762623640606
 0.3073041163839257 0.8146136079995773 0.7044887360956935
 0.3068158064299706 0.8151876847981937 0.7051962278833891
 0.3063556986130405 0.8157278541472999 0.7058618548747116
 0.3058824874604800 0.8162826482852481 0.7065454005989779
 0.3053174147711163 0.8169441367630274 0.7073602343518200
 0.3048179291354272 0.8175279402113846 0.7080792058478095
 0.3043551695410180 0.8180680608415692 0.7087442339870165
 0.3038924256999938 0.8186074372602206 0.7094082017391076
 0.3033935071792525 0.8191881685107766 0.7101229072411579
 0.3028382274924923 0.8198335174922204 0.7109169091985430
 0.3023580875831192 0.8203907045282662 0.7116022230101543
 0.3018960578488420 0.8209261474233296 0.7122605823563901
 0.3014192676753960 0.8214779500718300 0.7129388314413061
 0.3008538807715289 0.8221313095551599 0.7137416152773089
 0.3003462706621948 0.8227170009072874 0.7144609959599542
 0.2998755097584547 0.8232594152511922 0.7151270105499746
 0.2994044977722371 0.8238013896971605 0.7157922782664455
 0.2988965961396443 0.8243849969274734 0.7165083964420255
 0.2983260817701444 0.8250395451629784 0.7173112034716702
 0.2978334113188837 0.8256039313775162 0.7180030790920789
 0.2973580752545769 0.8261477141022069 0.7186693699903455
 0.2968647103438570 0.8267113497605676 0.7193596462190116
 0.2962726818073874 0.8273866676585806 0.7201862669879466
 0.2957529816323431 0.8279785552570819 0.7209104092640328
 0.2952657843697431 0.8285326414805477 0.7215880140361964
 0.2947715815099978 0.8290939228892650 0.7222741159634325
 0.2942184230745362 0.8297212427649107 0.7230405279377474
 0.2936655265690885 0.8303472989940716 0.7238048794609188
 0.2931601627276609 0.8309186909497343 0.7245019784447405
 0.2926577664823301 0.8314859334590226 0.7251935038644004
 0.2921143825272367 0.8320985661863103 0.7259398062986547
 0.2915146439572479 0.8327736683451894 0.7267615976385617
 0.2909870348309340 0.8333666551318276 0.7274829626728786
 0.2904687216031466 0.8339483569104068 0.7281902013511152
 0.2899093387535509 0.8345752234493862 0.7289518917789772
 0.2892932566337378 0.8352645195330113 0.7297888116743637
 0.2887489407526472 0.8358725567378902 0.7305264441978123
 0.2882094701963886 0.8364742926478362 0.7312558090305828
 0.2876057426652215 0.8371466572139410 0.7320700587743276
 0.2870108526066509 0.8378081046488838 0.7328704131219684
 0.2864587610468344 0.8384210144806828 0.7336115227357176
 0.2858905714047164 0.8390508437972666 0.7343726299666672
 0.2851887221278840 0.8398275050826999 0.7353105181965452
 0.2846108952457256 0.8404658273766553 0.7360807233260689
 0.2840493018400396 0.8410852716287180 0.7368275134181026
 0.2834089529530228 0.8417904522995687 0.7376768252964940
 0.2828180021128610 0.8424401682498778 0.7384585375809564
 0.2822663560349541 0.8430457519507668 0.7391865064534235
 0.2816960590095075 0.8436708810927958 0.7399373734947001
 0.2810072817898992 0.8444246278362529 0.7408419525494880
 0.2804436467117922 0.8450404117854092 0.7415802880771737
 0.2799025200034469 0.8456307475932422 0.7422874567020332
 0.2793203340866338 0.8462649425119688 0.7430463483687570
 0.2787107910326975 0.8469279055645768 0.7438386778170489
 0.2781695484702681 0.8475157004957503 0.7445403102276720
 0.2776392793456995 0.8480907771212500 0.7452260072367283
 0.2770684572078070 0.8487089509409553 0.7459623132413501
 0.2764614954911298 0.8493652626072393 0.7467432090058119
 0.2759264748740523 0.8499429330158231 0.7474298226313077
 0.2754055879378925 0.8505045801547870 0.7480967127493733
 0.2748542191974343 0.8510982775093465 0.7488008685924340
 0.2742101246639571 0.8517907599211020 0.7496210823192349
 0.2736720133837512 0.8523684256933433 0.7503043560068645
 0.2731573750170330 0.8529201542497402 0.7509561553691779
 0.2726223026350105 0.8534930265368518 0.7516321417450388
 0.2718618247291570 0.8543058956286180 0.7525899993836070
 0.2713132981362143 0.8548912449164489 0.7532788035300608
 0.2708014924647335 0.8554366808547140 0.7539198935705144
 0.2702716018741537 0.8560006531571166 0.7545819630640377
 0.2695624026536332 0.8567542989765442 0.7554653238585161
 0.2690166581224798 0.8573333400522885 0.7561429128902276
 0.2685079748108439 0.8578723523664362 0.7567727855730066
 0.2679878372095004 0.8584227999946618 0.7574151707611865
 0.2673781054942570 0.8590671627830639 0.7581661032506188
 0.2668262693958849 0.8596495078815506 0.7588438071823197
 0.2663164691996345 0.8601867920063442 0.7594682650780713
 0.2658078629806956 0.8607221494760775 0.7600896888014422
 0.2652593123415811 0.8612988070673852 0.7607581211929783
 0.2646567391288553 0.8619313676377834 0.7614901879763700
 0.2641330485581713 0.8624803684363137 0.7621245299857337
 0.2636284426660223 0.8630087038726550 0.7627340901724230
 0.2631066658219946 0.8635543410352554 0.7633626877862435
 0.2624692963879617 0.8642199271900819 0.7641282167735977
 0.2619227725219126 0.8647898355029979 0.7647826095352369
 0.2614153091934631 0.8653183448998185 0.7653885528975108
 0.2609054632101132 0.8658486915036413 0.7659956912189337
 0.2603489739661818 0.8664268228108895 0.7666564510153618
 0.2597619040537587 0.8670358972459991 0.7673513069491781
 0.2592413479375700 0.8675752578705781 0.7679655133395260
 0.2587363252895196 0.8680978916131100 0.7685596589742540
 0.2582123468448698 0.8686394867228389 0.7691743090224751
 0.2575609271625000 0.8693118811694311 0.7699359197874720
 0.2570137425548542 0.8698758942891260 0.7705735029481344
 0.2565050978974768 0.8703995382218530 0.7711644064344108
 0.2559928661621443 0.8709262506336896 0.7717577377326547
 0.2554314576820039 0.8715028134056663 0.7724060055964750
 0.2548457659749191 0.8721035197675697 0.7730800334531817
 0.2543238337418131 0.8726381510960474 0.7736787139945510
 0.2538164494038353 0.8731572680591315 0.7742589287873369
 0.2532894599819404 0.8736958068907228 0.7748597161968038
 0.2526306074100629 0.8743681906261536 0.7756082021723508
 0.2520805587987008 0.8749287666097042 0.7762308481991302
 0.2515690577304112 0.8754494321199303 0.7768080258379403
 0.2510535643973066 0.8759735545411564 0.7773879011448355
 0.2504878153696674 0.8765480758021442 0.7780221898317602
 0.2498995096657558 0.8771447323223789 0.7786793809704265
 0.2493744335521114 0.8776766008863345 0.7792638615843536
 0.2488636245980117 0.8781934223879919 0.7798305725383380
 0.2483327147762137 0.8787299619180199 0.7804176125582094
 0.2476658523384803 0.8794030054771532 0.7811521442119337
 0.2471120296723148 0.8799612118437324 0.7817597774659354
 0.2465968090557809 0.8804799028881611 0.7823231155463660
 0.2460770690434810 0.8810025529756919 0.7828894938649006
 0.2455052212352815 0.8815769202090075 0.7835104387358858
 0.2449148256691395 0.8821691704416508 0.7841490727830278
 0.2443863040620891 0.8826987121900357 0.7847186563626078
 0.2438713226124691 0.8832141087204020 0.7852717176088316
 0.2433351526616190 0.8837501064862124 0.7858455106212811
 0.2426480188936561 0.8844361228508663 0.7865778432134566
 0.2420903208716141 0.8849921772187735 0.7871697261892178
 0.2415710249903046 0.8855093522185404 0.7877188225528751
 0.2410453647088284 0.8860322885463952 0.7882726295754616
 0.2404609383204363 0.8866130082447827 0.7888859283211377
 0.2398738823115030 0.8871956256970850 0.7894993802766915
 0.2393431206959622 0.8877217606676319 0.7900517309772837
 0.2388231186769581 0.8882366675408411 0.7905907747794855
 0.2382785066912010 0.8887753495886785 0.7911530874274388
 0.2375020883915827 0.8895422698992989 0.7919507811668656
 0.2369393981492981 0.8900973142733062 0.7925259888542494
 0.2364151132349357 0.8906139019447740 0.7930597431773467
 0.2358762518113890 0.8911442788544197 0.7936061269549743
 0.2352340826787932 0.8917755820824925 0.7942543239818016
 0.2346638248920899 0.8923355065421253 0.7948272516335508
 0.2341350989099299 0.8928540799783380 0.7953562019280789
 0.2336057297535321 0.8933727359396108 0.7958836389398376
 0.2330324832488301 0.8939337657829950 0.7964523828331141
 0.2324081388337079 0.8945440804804944 0.7970690039623950
 0.2318619528898986 0.8950773773031199 0.7976060441266531
 0.2313340273229591 0.8955923014903209 0.7981230179488291
 0.2307866130563311 0.8961256734473838 0.7986568794504421
 0.2301062637723286 0.8967877787835534 0.7993172477891045
 0.2295337305899341 0.8973442833297474 0.7998702531948916
 0.2290004919390753 0.8978620410983869 0.8003830640239379
 0.2284617379421237 0.8983846159820086 0.8008989838070834
 0.2278645132253685 0.8989632769902898 0.8014683233160153
 0.2272603322776152 0.8995480091804068 0.8020415470201018
 0.2267146949562251 0.9000755074932723 0.8025568477031405
 0.2261796370090046 0.9005922513035791 0.8030599476245558
 0.2256170092742355 0.9011350616244369 0.8035865809449823
 0.2247930566869576 0.9019289636511095 0.8043533255583790
 0.2253424260741698 0.9013997658508218 0.8038426971260775
 0.2248072625861220 0.9019152861656067 0.8043401517261045
 0.2242637359730242 0.9024383387600775 0.8048430395045979
 0.2237267470707281 0.9029545843646843 0.8053375537221671
 0.2231677550053315 0.9034914419246384 0.8058498840777175
 0.2224569411204554 0.9041733171752550 0.8064977907052422
 0.2218739084441213 0.9047319554085789 0.8070262684136079
 0.2213293972668088 0.9052531517285620 0.8075174358246312
 0.2207753700759687 0.9057829321150865 0.8080148114612439
 0.2201446444522540 0.9063854141562019 0.8085781085699040
 0.2195417881668922 0.9069606417886243 0.8091135759727813
 0.2189877433983698 0.9074887527296579 0.8096031483418468
 0.2184369093424758 0.9080132915486652 0.8100874831309317
 0.2178445180592874 0.9085768377765501 0.8106057153449955
 0.2171814882765151 0.9092068916706495 0.8111825391758857
 0.2166082794515125 0.9097510071175523 0.8116785205555018
 0.2160540043737630 0.9102766373153669 0.8121557419060813
 0.2154745243183439 0.9108256343335924 0.8126521469904132
 0.2146805715523483 0.9115769390587500 0.8133280410762914
 0.2140829875056778 0.9121417547276873 0.8138334952595951
 0.2135203759280165 0.9126729946126009 0.8143067914807441
 0.2129343752871489 0.9132257855179658 0.8147971211470877
 0.2121498693859124 0.9139649852423418 0.8154493768381365
 0.2115452534725927 0.9145340270764912 0.8159488416817023
 0.2109746043843116 0.9150705798672850 0.8164176711136825
 0.2103795429651268 0.9156295512132382 0.8169038642915055
 0.2095764427273086 0.9163830840243212 0.8175555941727658
 0.2089633829945536 0.9169576457936147 0.8180496116387771
 0.2083825842089881 0.9175014495150431 0.8185148263876472
 0.2077711914459534 0.9180733525398900 0.8190016136161883
 0.2070050779512434 0.9187891984172377 0.8196074003050874
 0.2063886480429975 0.9193645532879896 0.8200914891225837
 0.2057959571294743 0.9199172262539883 0.8205541369372188
 0.2051642177542217 0.9205057487656557 0.8210442196366928
 0.2044423540456003 0.9211775252008898 0.8216003103516287
 0.2038214007353429 0.9217547960324068 0.8220752857563852
 0.2032141244796924 0.9223188221081904 0.8225367689569281
 0.2025545759881186 0.9229308085454472 0.8230346126753989
 0.2018545284905410 0.9235797077232453 0.8235592631470304
 0.2012253155145272 0.9241623673732684 0.8240275734344237
 0.2005966617090013 0.9247439646300600 0.8244924092599417
 0.1998798827973229 0.9254064315779114 0.8250186486958192
 0.1991964007189785 0.9260374759849473 0.8255166583705439
 0.1985554331553293 0.9266286970325354 0.8259802953882809
 0.1978879687258683 0.9272437762772169 0.8264596079727993
 0.1970981686584695 0.9279708291277020 0.8270222366688701
 0.1964239058596696 0.9285908770373160 0.8274987525061556
 0.1957538936816930 0.9292064310715418 0.8279688444374615
 0.1949050770893519 0.9299854263929758 0.8285594978816999
 0.1942092332330315 0.9306233462999690 0.8290395787768242
 0.1935329612978177 0.9312427368976051 0.8295025475341679
 0.1927195543481307 0.9319869690721521 0.8300546738728087
 0.1920301610708976 0.9326170911094539 0.8305186274564977
 0.1913652359790906 0.9332242948033348 0.8309627023691909
 0.1906059264259409 0.9339170302783810 0.8314657620646997
 0.1899192482736549 0.9345429024566202 0.8319169738555444
 0.1892725038590061 0.9351318605393208 0.8323386585536060
 0.1885946382804944 0.9357486259820977 0.8327771493960153
 0.1878783297682742 0.9363997816270226 0.8332365842666535
 0.1872343809140033 0.9369846484492275 0.8336461642526080
 0.1866020232956172 0.9375585211247373 0.8340452257577705
 0.1858997779050464 0.9381952810226957 0.8344847776583939
 0.1852238719344562 0.9388076289132858 0.8349042705189791
 0.1846029038318043 0.9393697519017649 0.8352865650324635
 0.1839786181913349 0.9399344445168377 0.8356678742250587
 0.1832480458533240 0.9405947309709618 0.8361102007943186
 0.1825947328608922 0.9411846960674060 0.8365021642036522
 0.1819872229695176 0.9417328840237601 0.8368636163714767
 0.1813685928060385 0.9422906987937574 0.8372287086205846
 0.1806063942445966 0.9429774080449116 0.8376744420019369
 0.1799662529657879 0.9435536755073528 0.8380453312421827
 0.1793674221797012 0.9440923670679532 0.8383894211203090
 0.1787515665774188 0.9446459865587514 0.8387403927557182
 0.1779263332110340 0.9453872155521048 0.8392060560841719
 0.1772927999269744 0.9459557898340704 0.8395599488360033
 0.1766985757980744 0.9464887192742043 0.8398890599036782
 0.1760790187979331 0.9470439944338299 0.8402293151880149
 0.1753048637289842 0.9477372960216857 0.8406503659657983
 0.1746837001144603 0.9482931621206019 0.8409849205347203
 0.1740928804277182 0.9488215283967043 0.8413004163914645
 0.1734734585535432 0.9493751148616576 0.8416283363430727
 0.1727011514132496 0.9500648282172175 0.8420331009304860
 0.1720820037137503 0.9506173579361742 0.8423543175367079
 0.1714916257641512 0.9511438822243335 0.8426579004321156
 0.1708714357682961 0.9516966492522564 0.8429739769180774
 0.1701012509234884 0.9523826177973477 0.8433624652476064
 0.1694818103168091 0.9529339380678088 0.8436716820862112
 0.1688899765875375 0.9534603682787333 0.8439644283492448
 0.1682669564953888 0.9540142047961578 0.8442697679668481
 0.1675021692814202 0.9546936029006409 0.8446406320719664
 0.1668805194289369 0.9552454731794139 0.8449388913809662
 0.1662849250216465 0.9557739032506645 0.8452219758242899
 0.1656566770573153 0.9563309796706270 0.8455177518599901
 0.1648963107544409 0.9570047659500187 0.8458718469425367
 0.1642708201482812 0.9575586759904798 0.8461599465792679
 0.1636692183684414 0.9580911292288388 0.8464343378830508
 0.1630314593146176 0.9586552640336965 0.8467223416062586
 0.1622849566869493 0.9593151754175354 0.8470557239854698
 0.1616548758880096 0.9598718263365578 0.8473340141880499
 0.1610442947428556 0.9604109537894507 0.8476010033947696
 0.1603918275671359 0.9609867466162990 0.8478833893438347
 0.1596592555942015 0.9616328425660909 0.8481968472137568
 0.1590231484797306 0.9621935315614649 0.8484659408569800
 0.1584000179678357 0.9627424891838711 0.8487267718682764
 0.1577228746883438 0.9633387048859680 0.8490071279272888
 0.1570069866536695 0.9639686705876932 0.8493000776231566
 0.1563633463533669 0.9645347440423802 0.8495604737408009
 0.1557213083622332 0.9650991138185588 0.8498174202901918
 0.1549956311890970 0.9657366549321541 0.8501044704555751
 0.1542933348872790 0.9663533056586694 0.8503788542636456
 0.1536385507671944 0.9669279328088664 0.8506316408879773
 0.1529636615572189 0.9675198990816957 0.8508891387986901
 0.1520929563583113 0.9682831707346214 0.8512168313154703
 0.1513931299050072 0.9688962845950203 0.8514765799682340
 0.1507088433532352 0.9694954753183493 0.8517274610497594
 0.1498959855843453 0.9702068571890672 0.8520214938351398
 0.1491728778161037 0.9708393410940106 0.8522793907223862
 0.1484750837066358 0.9714493738371170 0.8525249518945056
 0.1476808569903708 0.9721433457678743 0.8528004902983096
 0.1469479927289907 0.9727833611874728 0.8530510386017734
 0.1462446609971164 0.9733972834213207 0.8532882114698227
 0.1454554826591020 0.9740857918854139 0.8535505938933211
 0.1447260179102419 0.9747218820190457 0.8537896807101653
 0.1440344364120047 0.9753246565215221 0.8540133578158065
 0.1432889425689786 0.9759741176582406 0.8542512772334582
 0.1425498289194964 0.9766177146460319 0.8544839699063679
 0.1418721368774923 0.9772075636061851 0.8546946086560584
 0.1411801725440925 0.9778095776348164 0.8549070632191952
 0.1403522253342085 0.9785295607841042 0.8551578344142990
 0.1396642869066828 0.9791275167866026 0.8553633491639168
 0.1390001526752497 0.9797045482246635 0.8555592675409694
 0.1382702905981922 0.9803384256067291 0.8557717171742100
 0.1375517067822274 0.9809622441149130 0.8559779283914569
 0.1368929918379768 0.9815338624253915 0.8561643760751085
 0.1362278635624658 0.9821108291149863 0.8563501431038943
 0.1354262766201955 0.9828058816324385 0.8565707163259838
 0.1347358485068625 0.9834043024023884 0.8567578268532177
 0.1340849888038825 0.9839682219826259 0.8569317901979101
 0.1334039871656311 0.9845580465193823 0.8571113011977349
 0.1325986275601697 0.9852553052662928 0.8573202995533592
 0.1319263393998951 0.9858371305456303 0.8574920545590365
 0.1312734917507921 0.9864019393208402 0.8576565084637574
 0.1305597442905868 0.9870192221528742 0.8578337008334032
 0.1298368128944190 0.9876442241011815 0.8580104329807750
 0.1291789379906394 0.9882127896241707 0.8581688899487880
 0.1285189732944235 0.9887829795850813 0.8583256050841304
 0.1277579249070788 0.9894402804035198 0.8585035680286919
 0.1270553665667419 0.9900468564057046 0.8586652729908589
 0.1263975359678504 0.9906146368618397 0.8588144711640555
 0.1257202342921190 0.9911990453830561 0.8589658787818669
 0.1247896337044459 0.9920017233630738 0.8591702991794541
 0.1240895353583077 0.9926053677037870 0.8593213574855146
 0.1234180430360931 0.9931841752172289 0.8594640655404060
 0.1226731071610738 0.9938260951570761 0.8596199184652232
 0.1219389485750817 0.9944585318754242 0.8597710188434436
 0.1212583498764603 0.9950446584680994 0.8599089125215024
 0.1205622783209678 0.9956439424156739 0.8600477914916126
 0.1196915247297494 0.9963933843438066 0.8602184852018173
 0.1189686348022623 0.9970153678589166 0.8603576457098807
 0.1182694812952021 0.9976167630798488 0.8604900602902230
 0.1174889237464438 0.9982879914813659 0.8606354010031493
 0.1167275718625300 0.9989425158412024 0.8607746786469029
 0.1160115630020214 0.9995578925528867 0.8609034559792219
 0.1152575110032477  1.000205793772659 0.8610367857327896
 0.1144231569878210  1.000922490859141 0.8611815850375169
 0.1136766312001455  1.001563568555758 0.8613087160809633
 0.1129110265939396  1.002220860463288 0.8614367336429771
 0.1120365049082191  1.002971454401812 0.8615800843875918
 0.1112692892578210  1.003629771022783 0.8617033750798597
 0.1104762484997352  1.004310076139570 0.8618284444879837
 0.1096342626247798  1.005032181963078 0.8619586404639407
 0.1088669347566236  1.005690095320403 0.8620749967379669
 0.1080542041319347  1.006386770091707 0.8621958835477429
 0.1072375771640180  1.007086614866309 0.8623149563091104
 0.1064815957271983  1.007734337852471 0.8624230973842874
 0.1056746361049477  1.008425583893009 0.8625363647645793
 0.1048660948224057  1.009118027419773 0.8626476470369479
 0.1041229043773303  1.009754367506348 0.8627480021461142
 0.1033455672660253  1.010419807922782 0.8628509952721918
 0.1025187918084474  1.011127419412829 0.8629583382513544
 0.1017803924775963  1.011759263806925 0.8630523114276535
 0.1010342402830238  1.012397621352154 0.8631454835925930
 0.1001083406986177  1.013189593106409 0.8632586479330179
 0.9935875278076625E-01  1.013830624482893 0.8633483068584925
 0.9862729340549248E-01  1.014456041622763 0.8634341354943981
 0.9775006353966666E-01  1.015205954615496 0.8635349377933927
 0.9699243283545146E-01  1.015853504596167 0.8636201610194637
 0.9627037364517745E-01  1.016470548468222 0.8636998313225318
 0.9548337194813838E-01  1.017142977459583 0.8637849752409921
 0.9469320384099340E-01  1.017817996466944 0.8638687159589519
 0.9396748788925283E-01  1.018437855915831 0.8639441073818148
 0.9322183118942566E-01  1.019074649855804 0.8640200771945861
 0.9226500458708933E-01  1.019891641956266 0.8641153852549321
 0.9151005011956378E-01  1.020536154254853 0.8641888984534075
 0.9076746054929355E-01  1.021170017832212 0.8642597962615818
 0.8984512678199359E-01  1.021957183129752 0.8643459678180260
 0.8907392779676625E-01  1.022615258184669 0.8644164743156162
 0.8832873147864420E-01  1.023251056369585 0.8644833264815138
 0.8748099945794793E-01  1.023974233930300 0.8645579268948236
 0.8668560136530171E-01  1.024652668408577 0.8646265909436334
 0.8593024334697459E-01  1.025296864142725 0.8646906609572286
 0.8511470279448061E-01  1.025992292629930 0.8647586342152521
 0.8427427560632071E-01  1.026708843226394 0.8648274065138988
 0.8349851439217514E-01  1.027370171626265 0.8648897579159234
 0.8268296103167413E-01  1.028065333163504 0.8649541589146585
 0.8179556787993748E-01  1.028821627486308 0.8650229217752544
 0.8099389731738284E-01  1.029504773692125 0.8650838884406684
 0.8015312799356951E-01  1.030221148234158 0.8651466642876104
 0.7925659302529210E-01  1.030984938334127 0.8652122939245213
 0.7843162363744115E-01  1.031687670334258 0.8652714921162905
 0.7753782195921602E-01  1.032448941458917 0.8653343509826039
 0.7666238084140674E-01  1.033194481475829 0.8653946525842575
 0.7581665954575377E-01  1.033914625980041 0.8654517421363399
 0.7474600370612611E-01  1.034826187590750 0.8655223998290140
 0.7388331239833101E-01  1.035560593306507 0.8655780292612015
 0.7298908987111556E-01  1.036321754996971 0.8656344719946654
 0.7210190717381589E-01  1.037076839307404 0.8656892595749875
 0.7127184062746121E-01  1.037783236754690 0.8657394503285047
 0.7033225534268467E-01  1.038582750356845 0.8657950426672010
 0.6948218035151983E-01  1.039306020943307 0.8658442395190430
 0.6866385543949885E-01  1.040002210157172 0.8658906211509819
 0.6766954831759166E-01  1.040848029078069 0.8659456972565721
 0.6683484275274550E-01  1.041558009022388 0.8659908625585203
 0.6602136964149372E-01  1.042249867306526 0.8660339556236109
 0.6490438828883924E-01  1.043199761984327 0.8660916691931360
 0.6407323174348774E-01  1.043906516512931 0.8661335355342175
 0.6324907431053529E-01  1.044607260950426 0.8661741503246512
 0.6229327717515862E-01  1.045419861427067 0.8662201434938439
 0.6148089277657413E-01  1.046110476279282 0.8662583117612550
 0.6065773911163529E-01  1.046810192298874 0.8662961325428408
 0.5968904542833018E-01  1.047633555770036 0.8663395544054154
 0.5887101149540123E-01  1.048328806776295 0.8663753190387906
 0.5804127264669687E-01  1.049033954967633 0.8664107598022580
 0.5706850379737766E-01  1.049860592633179 0.8664512523971066
 0.5624120511373318E-01  1.050563560232130 0.8664848037407701
 0.5539683064057004E-01  1.051280988688971 0.8665182175115694
 0.5442978767443300E-01  1.052102584393026 0.8665554642507614
 0.5359003130168647E-01  1.052815988291504 0.8665869315473068
 0.5272038543163979E-01  1.053554737093198 0.8666186703041062
 0.5176873160440958E-01  1.054363096531979 0.8666524281038241
 0.5091180040071532E-01  1.055090949454844 0.8666819678784694
 0.4999745053459136E-01  1.055867524784684 0.8667125994423615
 0.4905912346635903E-01  1.056664415060052 0.8667430870999193
 0.4817589061952719E-01  1.057414471316544 0.8667709142400196
 0.4717119520811795E-01  1.058267625050106 0.8668015554304450
 0.4623880868015590E-01  1.059059329881500 0.8668290434136252
 0.4530065377430458E-01  1.059855888953176 0.8668557938284462
 0.4425585475244614E-01  1.060742946425528 0.8668845215307301
 0.4331053286981878E-01  1.061545501910552 0.8669095520959260
 0.4217245933349765E-01  1.062511645999907 0.8669384843902749
 0.4121083675234850E-01  1.063327952412524 0.8669619222285415
 0.4017039820715722E-01  1.064211121686985 0.8669862565375637
 0.3920617956536965E-01  1.065029554120386 0.8670078662498727
 0.3824914240072497E-01  1.065841856176728 0.8670284235517614
 0.3720666700709611E-01  1.066726637789498 0.8670498115778250
 0.3627647533574726E-01  1.067516089028749 0.8670680187175969
 0.3523860317989581E-01  1.068396894862939 0.8670873609004873
 0.3428568752383047E-01  1.069205571443116 0.8671042080931648
 0.3335410392901949E-01  1.069996118911756 0.8671198129890991
 0.3217070790314336E-01  1.071000321075337 0.8671383571343858
 0.3122250125382819E-01  1.071804920735508 0.8671521529031436
 0.3021570987725393E-01  1.072659208653321 0.8671657643136560
 0.2922740239895060E-01  1.073497790453661 0.8671781280732236
 0.2827817176756336E-01  1.074303196369219 0.8671891462032465
 0.2707361591340494E-01  1.075325216515675 0.8672020558412828
 0.2609013126267402E-01  1.076159646996635 0.8672118042138259
 0.2505738909871057E-01  1.077035852536528 0.8672213320815017
 0.2403053510092009E-01  1.077907046244640 0.8672301048087696
 0.2304277783636852E-01  1.078745055820857 0.8672378859412145
 0.2179815969243262E-01  1.079800967305518 0.8672467683814976
 0.2077332008494912E-01  1.080670409126907 0.8672532961128095
 0.1967366091820387E-01  1.081603313486239 0.8672594643562231
 0.1861158746633139E-01  1.082504321458448 0.8672645204995620
 0.1754708320483937E-01  1.083407383218782 0.8672686113943640
 0.1635989548455819E-01  1.084414514641340 0.8672719722493785
 0.1526401445717928E-01  1.085344182467624 0.8672740201101873
 0.1404969308775837E-01  1.086374323192511 0.8672753351767503
 0.1287938421895839E-01  1.087367125071774 0.8672759547843082
 0.1159606924143369E-01  1.088455791868747 0.8672762305645375
 0.1028438179797591E-01  1.089568527328731 0.8672763193783679
 0.8828305083455898E-02  1.090803751495261 0.8672763425379880
 0.7273299566390235E-02  1.092122899265149 0.8672763464230567
 0.5568186758822423E-02  1.093569386576953 0.8672763468453368
 0.3638334982367577E-02  1.095206525243148 0.8672763468704481
 0.1358977629745418E-02  1.097140157712509 0.8672763468709729
-0.1353941192910524E-02  1.099441590577433 0.8672763468709568
-0.5473381198765156E-02  1.102936208453714 0.8672763468709561
-0.1461508561971033E-01  1.110691331393656 0.8672763468709561
-0.5118190330349101E-01  1.141711823153422 0.8672763468709561
-0.1974491740386138  1.265793790192487 0.8672763468709561
-0.2157209322758006  1.281294152590293 0.8672763468709561
