RUNGE KUTTA: X Z PHI
 0.5458462592954515 0.3952020291141448E-01 0.1047197551196598
 0.5289175238117567 0.1975661681226802 0.1144962174270854
 0.5403079383560534 0.9221380679330048E-01 0.1047197551204595
 0.5440001523156521 0.5708473753870984E-01 0.1047197551196598
 0.5366156488354502 0.1273428681058755 0.1048025826151064
 0.5415386763425863 0.8050411704177028E-01 0.1047197551196598
 0.5362309447364483 0.1309955977886395 0.1048679505259447
 0.5397697170398743 0.9733464054659224E-01 0.1047197560380739
 0.5409490232418857 0.8611429154339899E-01 0.1047197551196623
 0.5400908825482489 0.9427895485500905E-01 0.1047197551888140
 0.5406629763440292 0.8883584598060471E-01 0.1047197551197985
 0.5400636201872206 0.9453833889347549E-01 0.1047197552113722
 0.5395952290902599 0.9899478245447815E-01 0.1047197585004752
 0.5392441853761902 0.1023347399150414 0.1047197817781749
 0.5389167080784587 0.1054504762601350 0.1047198869112873
 0.5385970241559060 0.1084920574717773 0.1047202467578209
 0.5383538333965217 0.1108058453671186 0.1047209333425328
 0.5381367159868503 0.1128715453178032 0.1047221441177456
 0.5378880777392788 0.1152370993303844 0.1047247526863800
 0.5376994013968377 0.1170321215549512 0.1047281256632860
 0.5375355770815634 0.1185906495669415 0.1047324850326919
 0.5373684920451065 0.1201801174604760 0.1047387776137483
 0.5372128756196370 0.1216603836283996 0.1047468027642323
 0.5370658876990135 0.1230584523344305 0.1047567750360378
 0.5369144307658436 0.1244988680631074 0.1047699855777670
 0.5367769122883642 0.1258065458717054 0.1047850112320239
 0.5366298415902869 0.1272048240210830 0.1048047700889691
 0.5364988963927915 0.1284495430189981 0.1048259818049709
 0.5363590467102418 0.1297785991098544 0.1048528013108869
 0.5362329972481042 0.1309761884144063 0.1048809710500591
 0.5361027034851745 0.1322137372187737 0.1049143615585112
 0.5359794406707897 0.1333841158867619 0.1049501778049752
 0.5358579514230181 0.1345372377408931 0.1049896694218087
 0.5357330222787945 0.1357225289317269 0.1050347418417365
 0.5356171908752090 0.1368210234856610 0.1050806614384080
 0.5354751941171367 0.1381669659323672 0.1051424741996566
 0.5353606267835108 0.1392523075037670 0.1051968258576380
 0.5352193866834183 0.1405895203652276 0.1052693528461169
 0.5351062136169477 0.1416603101109548 0.1053318755935118
 0.5349832442856211 0.1428230376213896 0.1054042953563453
 0.5348713202836128 0.1438806059600863 0.1054743343636095
 0.5347595944200535 0.1449355765876682 0.1055482593209838
 0.5346410563071761 0.1460540346681374 0.1056312369917403
 0.5345332361280769 0.1470705746273756 0.1057110299939409
 0.5344102479190275 0.1482291483447007 0.1058075484218066
 0.5342973378964443 0.1492918170578626 0.1059019084501534
 0.5341840673102077 0.1503568903700416 0.1060027675616338
 0.5340508955923390 0.1516077382161716 0.1061301550467814
 0.5339105056582494 0.1529246805163919 0.1062755380311940
 0.5337776158429687 0.1541695320084093 0.1064237345243126
 0.5336668728561282 0.1552055495615806 0.1065545525088600
 0.5335625807224592 0.1561800215599770 0.1066830901101913
 0.5334290279074509 0.1574261341044252 0.1068540592643726
 0.5333265776005975 0.1583806634522722 0.1069892711246432
 0.5332234018330222 0.1593407102363102 0.1071284675889799
 0.5331128008067973 0.1603684394722309 0.1072806647304520
 0.5330127097911830 0.1612972305595627 0.1074208352197998
 0.5329026191111235 0.1623173919382340 0.1075775523722669
 0.5327976262934023 0.1632889081052201 0.1077294533061006
 0.5326951483961218 0.1642358126778592 0.1078800047125608
 0.5325710434541010 0.1653807564645325 0.1080653321674016
 0.5324680721501697 0.1663292167644640 0.1082215683214349
 0.5323542750287482 0.1673757766377043 0.1083968214562040
 0.5322499767207214 0.1683334709000669 0.1085598517859357
 0.5321472309982342 0.1692754826379738 0.1087227236224478
 0.5320282409663023 0.1703646389773311 0.1089141593920848
 0.5319261331788191 0.1712977181922468 0.1090808327396851
 0.5318139950267027 0.1723207905927494 0.1092664447312293
 0.5317094462614540 0.1732730347967863 0.1094419570105250
 0.5316072573538834 0.1742022885547951 0.1096158487958210
 0.5314830458902934 0.1753297900190508 0.1098303640662804
 0.5313805588445540 0.1762584108408999 0.1100099688012290
 0.5312696349408809 0.1772617441820768 0.1102070330612349
 0.5311649597038338 0.1782068881308233 0.1103955798268446
 0.5310635004248953 0.1791214321309155 0.1105807547644402
 0.5309298265998207 0.1803239821892304 0.1108283551975015
 0.5308266295243972 0.1812504945329887 0.1110222919591523
 0.5307161016265258 0.1822410038210507 0.1112326739093195
 0.5306115246947650 0.1831764342260792 0.1114342717402108
 0.5305105190285766 0.1840782917442786 0.1116313344741170
 0.5303769784793657 0.1852681676385746 0.1118953759211844
 0.5302739966708147 0.1861838142400774 0.1121016641090187
 0.5301664080290239 0.1871385983165416 0.1123196304402679
 0.5300604216901253 0.1880773272946136 0.1125368136059572
 0.5299600473787198 0.1889646579289170 0.1127447881774876
 0.5298397759843275 0.1900256982652525 0.1129969701085082
 0.5297362674251797 0.1909369343760044 0.1132166329341264
 0.5296327545002377 0.1918464174295172 0.1134387690535042
 0.5295181450214512 0.1928512910475397 0.1136876477808468
 0.5294166413329137 0.1937393939005108 0.1139106736358433
 0.5293060669925181 0.1947048547193117 0.1141563912106215
 0.5292009634893182 0.1956205959311057 0.1143925110788291
 0.5291003615853023 0.1964953229062337 0.1146206903571977
 0.5289761747708275 0.1975726876672349 0.1149049994124745
 0.5288725876009575 0.1984692796778656 0.1151440763051115
 0.5287693091093193 0.1993613263601266 0.1153838540491629
 0.5286497158798472 0.2003919484105947 0.1156628224401001
 0.5285458667238835 0.2012848562722290 0.1159058868864557
 0.5284316810996490 0.2022644570327710 0.1161739064945349
 0.5283242574997797 0.2031839630294997 0.1164269951441046
 0.5282185628752847 0.2040866981436235 0.1166773960322114
 0.5281008418833961 0.2050898420145278 0.1169587371513005
 0.5279988976910046 0.2059565697364786 0.1172052281620128
 0.5278915122101540 0.2068675585327838 0.1174684674387470
 0.5277848432991326 0.2077704149037687 0.1177341470436416
 0.5276861051424231 0.2086042992044560 0.1179840687999923
 0.5275801780721081 0.2094969007784370 0.1182564753967985
 0.5274731131389876 0.2103969675365094 0.1185360953588828
 0.5273736562916016 0.2112311439192636 0.1187993814603200
 0.5272658550228808 0.2121331894258573 0.1190882285859386
 0.5271584675868577 0.2130295661815738 0.1193792304348319
 0.5270571981371580 0.2138728464970822 0.1196564053692055
 0.5269415541081739 0.2148334047754535 0.1199759654329998
 0.5268359008792631 0.2157087122257610 0.1202705820772224
 0.5267331527900585 0.2165578689571416 0.1205594262389856
 0.5265966521768298 0.2176827849026746 0.1209466300410135
 0.5264914589363895 0.2185472043756991 0.1212477276244830
 0.5263843751668132 0.2194249266476518 0.1215566481276294
 0.5262721730136736 0.2203421790299379 0.1218829049715312
 0.5261697962605012 0.2211769397729229 0.1221828353099948
 0.5260595122880470 0.2220738534813135 0.1225082899664257
 0.5259504028855617 0.2229588405916104 0.1228326860647213
 0.5258479369401342 0.2237877879475697 0.1231395230029945
 0.5257333385941859 0.2247124087900789 0.1234851945986270
 0.5256257752634023 0.2255778841867466 0.1238120032251531
 0.5255227559937983 0.2264046289543442 0.1241270940210084
 0.5254008555497667 0.2273801535646425 0.1245025408805188
 0.5252940875731666 0.2282321314693785 0.1248337083206826
 0.5251898417391003 0.2290617755892474 0.1251591573522343
 0.5250506979975891 0.2301657524154035 0.1255967531157895
 0.5249437529902701 0.2310116142656870 0.1259355029060200
 0.5248357003433257 0.2318638975599899 0.1262798430345929
 0.5247192410953897 0.2327798548554421 0.1266533064064043
 0.5246147921211485 0.2335990245740281 0.1269903273151764
 0.5245046915054018 0.2344601359831022 0.1273477032961307
 0.5243909364079742 0.2353472596991670 0.1277191832356190
 0.5242864487190871 0.2361598092621014 0.1280623517292165
 0.5241743763052295 0.2370288914288136 0.1284324700662148
 0.5240617820002638 0.2378994671529026 0.1288064379594646
 0.5239569899395613 0.2387074167332619 0.1291564220031302
 0.5238429881399379 0.2395838561417111 0.1295392722697734
 0.5237309552683898 0.2404426031499673 0.1299176036119336
 0.5236257407068232 0.2412467812196678 0.1302747432583457
 0.5235098066516882 0.2421303060102186 0.1306702875590642
 0.5233980255355131 0.2429796171040539 0.1310536679048523
 0.5232923262336053 0.2437804042776097 0.1314180118773797
 0.5231744568834388 0.2446707415571550 0.1318263794454294
 0.5230627136772324 0.2455122251929264 0.1322154848350263
 0.5229564832351721 0.2463098696052718 0.1325871020633228
 0.5228366891090546 0.2472066429263242 0.1330081208453563
 0.5227248155821032 0.2480415269684879 0.1334031686866423
 0.5226179982271115 0.2488363413221164 0.1337820506162915
 0.5224962192942118 0.2497397020184758 0.1342159883954435
 0.5223840802346189 0.2505689374284359 0.1346173846660359
 0.5222766144351189 0.2513612656257523 0.1350036145688023
 0.5221526858050873 0.2522721218258811 0.1354508640162381
 0.5220402035361439 0.2530962116061620 0.1358585221153594
 0.5219320333907593 0.2538863464969429 0.1362521023291251
 0.5218056399618345 0.2548066657437408 0.1367138880733567
 0.5216927573071561 0.2556259454869526 0.1371279784095836
 0.5215838229530257 0.2564141930990557 0.1375290133488309
 0.5214543501454454 0.2573480289947211 0.1380074430402832
 0.5213410284029316 0.2581626818566712 0.1384277854844196
 0.5212312362830577 0.2589495703934840 0.1388364636200187
 0.5210972263245809 0.2599068502511211 0.1393371583225248
 0.5209834158647819 0.2607171006791706 0.1397639264782466
 0.5208725678632027 0.2615038507420285 0.1401808831905215
 0.5207286714242628 0.2625216282351247 0.1407240171483102
 0.5206141601136135 0.2633287202146707 0.1411577497089429
 0.5205015261589178 0.2641201285831405 0.1415856830798047
 0.5203502621082429 0.2651791539912457 0.1421623722701897
 0.5202354349762660 0.2659801704238763 0.1426015840170905
 0.5201199576466528 0.2667832009240290 0.1430444708603399
 0.5199904250579418 0.2676809736031834 0.1435426637336526
 0.5198773573455919 0.2684620484217152 0.1439787572428525
 0.5197616076843458 0.2692591660153604 0.1444263837108377
 0.5196295860823861 0.2701652844308279 0.1449383626450503
 0.5195155419130606 0.2709454037283534 0.1453817826567091
 0.5193993163872213 0.2717379626901701 0.1458347365837990
 0.5192646942768502 0.2726528516094957 0.1463607013766406
 0.5191496582257197 0.2734319921181597 0.1468112842904151
 0.5190328776793394 0.2742204676472122 0.1472697856854906
 0.5188956901081901 0.2751435472367296 0.1478097661054594
 0.5187796590484635 0.2759216031232317 0.1482675517192429
 0.5186622494808673 0.2767064225983702 0.1487317304123132
 0.5185226636148313 0.2776362468227361 0.1492848195172549
 0.5184056515821640 0.2784130067009660 0.1497495216131363
 0.5182875555330084 0.2791944829608486 0.1502195214942963
 0.5181456787937224 0.2801300434461483 0.1507854451933812
 0.5180276911436398 0.2809053610216540 0.1512570780498062
 0.5179088765215414 0.2816836338201721 0.1517328803582279
 0.5177647473720541 0.2826244013479633 0.1523112053322530
 0.5176457829964844 0.2833981803202241 0.1527895267528850
 0.5175262254406791 0.2841733402279948 0.1532711301487678
 0.5173797300786093 0.2851197834786844 0.1538624269812178
 0.5172597661845340 0.2858920679903973 0.1543475312288031
 0.5171394442304875 0.2866641823318546 0.1548348336173352
 0.5169904814226185 0.2876166702692523 0.1554391476725569
 0.5168694884922290 0.2883875471577873 0.1559308385377224
 0.5167483531494259 0.2891568584348579 0.1564238762153584
 0.5165969328302681 0.2901150428748298 0.1570412104512068
 0.5164748850481665 0.2908845734881973 0.1575395523546806
 0.5163528846161071 0.2916513344316554 0.1580383166325557
 0.5161991861232390 0.2926138169934352 0.1586675242245793
 0.5160760828226423 0.2933819107483679 0.1591721933890654
 0.5159531779853294 0.2941462976446664 0.1596766973456754
 0.5157972836188415 0.2951123284172353 0.1603175131032678
 0.5156731233470427 0.2958789046929245 0.1608285312181567
 0.5155493147574753 0.2966408446350444 0.1613386195713196
 0.5153910284877755 0.2976114017902919 0.1619914928649184
 0.5152657910433516 0.2983764965834370 0.1625086657225382
 0.5151410684748954 0.2991359855525096 0.1630242681810982
 0.5149802885616065 0.3001114411558675 0.1636897064095744
 0.5148539570106674 0.3008750681509487 0.1642131047312008
 0.5147283011055284 0.3016321557200352 0.1647341093918339
 0.5145650589022336 0.3026120690292372 0.1654115364598584
 0.5144376311730610 0.3033741570060419 0.1659408171155801
 0.5143110272829712 0.3041288689352875 0.1664671050881275
 0.5141453512428262 0.3051128329002178 0.1671564147728639
 0.5140168177959247 0.3058733592442109 0.1676915799275936
 0.5138892482219106 0.3066257402075961 0.1682230074552892
 0.5137211266152718 0.3076135969779071 0.1689237616631877
 0.5135914778156279 0.3083725442826954 0.1694644883567756
 0.5134629197523118 0.3091226722113932 0.1700009687294788
 0.5132923645089753 0.3101141334075102 0.1707131271755128
 0.5131615808675312 0.3108715433949185 0.1712594668791726
 0.5130320074470802 0.3116195181069477 0.1718009045909121
 0.5128591312191247 0.3126137265113621 0.1725235089619238
 0.5127272085973991 0.3133695574440085 0.1730751346727179
 0.5125966020526170 0.3141154304321848 0.1736214557857744
 0.5124211733484372 0.3151135148562286 0.1743555459162072
 0.5122880790731595 0.3158678844115015 0.1749126326713899
 0.5121564225014158 0.3166116960998342 0.1754637754126667
 0.5119785124055424 0.3176130428348037 0.1762086562641088
 0.5118442390805403 0.3183659270899381 0.1767709633340352
 0.5117115191620908 0.3191077015063598 0.1773269030401483
 0.5115308181442535 0.3201138335338042 0.1780840214137456
 0.5113953263364508 0.3208653811181239 0.1786517981804761
 0.5112615131144339 0.3216052267382222 0.1792125548196931
 0.5110783503017867 0.3226140978033015 0.1799801237615625
 0.5109416569492152 0.3233641514457566 0.1805529945308827
 0.5108067618527342 0.3241019569605469 0.1811183807411214
 0.5106214493005409 0.3251116898191280 0.1818951153014943
 0.5104835389661165 0.3258602801409798 0.1824731024340045
 0.5103475978257775 0.3265958125336514 0.1830427159637682
 0.5101605784495798 0.3276038964913741 0.1838261259406663
 0.5100214283952985 0.3283511054200917 0.1844088677601911
 0.5098845009486083 0.3290840252643018 0.1849821983862961
 0.5096957410946039 0.3300905829410862 0.1857723476123629
 0.5095552798914477 0.3308367506342176 0.1863600837591646
 0.5094174176846493 0.3315667737591717 0.1869366905324004
 0.5092268940883885 0.3325718712388015 0.1877331211519841
 0.5090850681493237 0.3333172369142543 0.1883256986226753
 0.5089463281329152 0.3340440646714457 0.1889051789628074
 0.5087540212264037 0.3350477507802282 0.1897080423199116
 0.5086107537670873 0.3357926671544031 0.1903058417595848
 0.5084711778055728 0.3365160882803404 0.1908879167719958
 0.5082856384704529 0.3374742465843655 0.1916611731243837
 0.5081413192723236 0.3382168020946315 0.1922622875237452
 0.5080015063909633 0.3389339060140654 0.1928443771370396
 0.5078330094542766 0.3397951888877006 0.1935455540735377
 0.5076872218078352 0.3405378146247721 0.1941518859323307
 0.5075476968581289 0.3412463154536163 0.1947318191643060
 0.5073935225677350 0.3420266930312108 0.1953722134140040
 0.5072423560836102 0.3427893032325823 0.1959996952624027
 0.5071018552156088 0.3434958649059756 0.1965825700107205
 0.5069553762516309 0.3442302048602837 0.1971899217892770
 0.5067870126890006 0.3450713970198884 0.1978875765522722
 0.5066426639610692 0.3457901845761443 0.1984852846060519
 0.5064986424614214 0.3465051320466889 0.1990811831118934
 0.5063094588039173 0.3474409416254403 0.1998632306408254
 0.5061601713699835 0.3481767518935608 0.2004798152751087
 0.5060159771244152 0.3488852556844584 0.2010749436966258
 0.5058474096071695 0.3497107928810229 0.2017701382144457
 0.5056957899117963 0.3504508382174213 0.2023948987712158
 0.5055517851062391 0.3511515458908461 0.2029877495736853
 0.5053966127934402 0.3519042432717738 0.2036259588909117
 0.5052359045540077 0.3526812425072409 0.2042862728496769
 0.5050898158216004 0.3533853219962453 0.2048859698449117
 0.5049406290053852 0.3541021495397870 0.2054978728221948
 0.5047353596742048 0.3550848688436900 0.2063389340696361
 0.5045826253927617 0.3558134093778282 0.2069640221732427
 0.5044329987710697 0.3565249350105930 0.2075757450270996
 0.5042319077564335 0.3574778014652816 0.2083968513268741
 0.5040773130069157 0.3582077233455948 0.2090273463152668
 0.5039277947512157 0.3589115240071510 0.2096365493889007
 0.5037504590055871 0.3597435407603193 0.2103583402767838
 0.5035938930652862 0.3604756712179813 0.2109948641169004
 0.5034448684008426 0.3611704277330773 0.2116000352158552
 0.5032836114515208 0.3619199100427724 0.2122540843892674
 0.5031180428481877 0.3626869608221082 0.2129247743307720
 0.5029670542517267 0.3633842979267925 0.2135356949701655
 0.5028127898033472 0.3640946443680474 0.2141592024429949
 0.5025970264390172 0.3650846098025325 0.2150301252342295
 0.5024387318135912 0.3658082723413765 0.2156681605786604
 0.5022840275601999 0.3665133914051427 0.2162909252192340
 0.5020798104979948 0.3674409836740643 0.2171117878277228
 0.5019198969218945 0.3681648194852618 0.2177536471779815
 0.5017656907877003 0.3688607392030947 0.2183718723345540
 0.5015876735961527 0.3696615926072668 0.2190846788954879
 0.5014246458382793 0.3703926568896866 0.2197365976754628
 0.5012706461859510 0.3710811830589433 0.2203515989375693
 0.5011071791617997 0.3718098701855800 0.2210035071032599
 0.5009297950675754 0.3725980887882687 0.2217098775763149
 0.5007724183734861 0.3732952347621037 0.2223357119086307
 0.5006142571547499 0.3739938165497470 0.2229638827680924
 0.5004100099434137 0.3748929528792017 0.2237739277726700
 0.5002458381037039 0.3756132345916006 0.2244240289129368
 0.5000881002286677 0.3763032594683806 0.2250477573909213
 0.4999104487067865 0.3770780334211189 0.2257491573005233
 0.4997414655062734 0.3778126966957668 0.2264153068913178
 0.4995833728536038 0.3784979914129066 0.2270376631658692
 0.4994182849762554 0.3792115376306320 0.2276866964975671
 0.4992262836469060 0.3800387673943652 0.2284404149464005
 0.4990631625005187 0.3807393519213892 0.2290797605594840
 0.4989016427994976 0.3814310670977679 0.2297118777993946
 0.4987068391216701 0.3822627057644513 0.2304729822243876
 0.4985378934884661 0.3829816542042283 0.2311319692551049
 0.4983770119236257 0.3836643151454532 0.2317586062622769
 0.4982031221502313 0.3844000261070301 0.2324349498447475
 0.4980235263062271 0.3851575539939289 0.2331324147493991
 0.4978603603074193 0.3858437479727232 0.2337650802455117
 0.4976946169268733 0.3865388130379278 0.2344067324727556
 0.4974658354710861 0.3874950027450570 0.2352907645072540
 0.4972943857436514 0.3882091363062823 0.2359520518425336
 0.4971287966873189 0.3888968903977356 0.2365898001217591
 0.4969338091498476 0.3897042857882533 0.2373396116013648
 0.4967599310898484 0.3904220425052651 0.2380071548744754
 0.4965951325845055 0.3911003933087625 0.2386388445178876
 0.4964194173766747 0.3918216295177956 0.2393112867593750
 0.4962306670298112 0.3925940289462966 0.2400323775695871
 0.4960624288220284 0.3932804604094909 0.2406740742252003
 0.4958934414994734 0.3939680368505388 0.2413176894830384
 0.4956816078792828 0.3948272601298302 0.2421231656033776
 0.4955057129491826 0.3955384572115748 0.2427908207955243
 0.4953375657165274 0.3962164297731111 0.2434280260591246
 0.4951532450004841 0.3969574973895936 0.2441253265370412
 0.4949686558772688 0.3976974413347771 0.2448224103691694
 0.4947989621483717 0.3983757446446431 0.2454621991753286
 0.4946254070085240 0.3990675826244504 0.2461155451235716
 0.4943790840588310 0.4000462189554649 0.2470410733858411
 0.4942001655098908 0.4007546691854527 0.2477119906761013
 0.4940268010519164 0.4014392240566649 0.2483609508803483
 0.4938165255160404 0.4022670323174931 0.2491465793564633
 0.4936358022291815 0.4029763301693198 0.2498205196470801
 0.4934637943171230 0.4036495726623341 0.2504609126880878
 0.4932784522263620 0.4043730002544228 0.2511498340206035
 0.4930850245775504 0.4051257848189349 0.2518675583442608
 0.4929102715711776 0.4058039704324042 0.2525148476385516
 0.4927337820459378 0.4064870575094077 0.2531674352044147
 0.4925089617409465 0.4073545497246641 0.2539970861015156
 0.4923257246624243 0.4080594049056999 0.2546719735256893
 0.4921503376642291 0.4087322396006590 0.2553169018299826
 0.4919571643392257 0.4094712574740457 0.2560260787008045
 0.4917654586949354 0.4102025503258657 0.2567286536651088
 0.4915887587825037 0.4108747524842990 0.2573751234674215
 0.4914078858757236 0.4115610051985397 0.2580357257349142
 0.4911498933919435 0.4125366890327564 0.2589760188389439
 0.4909632909888471 0.4132400831481950 0.2596547316390490
 0.4907828052820153 0.4139185940075489 0.2603101342394384
 0.4905667816356970 0.4147283599573138 0.2610932188563552
 0.4903780445132542 0.4154337656009110 0.2617761264165633
 0.4901989546936712 0.4161013364045418 0.2624229843091116
 0.4900078748761934 0.4168117047013048 0.2631118888684421
 0.4898022093350480 0.4175741256034370 0.2638519367259803
 0.4896192784970235 0.4182503878789189 0.2645089625847997
 0.4894362317449771 0.4189253199846856 0.2651652961053658
 0.4892156646703225 0.4197362765747595 0.2659546951235850
 0.4890238504967793 0.4204394700420834 0.2666398455400847
 0.4888418102063832 0.4211050830523340 0.2672888816973734
 0.4886475005092150 0.4218136911623706 0.2679803463118237
 0.4884385581446679 0.4225735258125700 0.2687223887684168
 0.4882526577797443 0.4232477187999922 0.2693813510507326
 0.4880666847844384 0.4239204460961784 0.2700394423571539
 0.4878432569352726 0.4247263890163022 0.2708286011576418
 0.4876482538231080 0.4254277870527421 0.2715160235292270
 0.4874633366729977 0.4260911871459655 0.2721667018959869
 0.4872664418591370 0.4267957293350676 0.2728582386839380
 0.4870527767470839 0.4275581612830718 0.2736072042521439
 0.4868635994761256 0.4282313839071903 0.2742691114437544
 0.4866748096799571 0.4289015272867824 0.2749285714113374
 0.4864504816238636 0.4296956265813199 0.2757107751777427
 0.4862519282715559 0.4303965120440849 0.2764018161326281
 0.4860640663030535 0.4310579623920342 0.2770544919991094
 0.4858652329913717 0.4317562586929747 0.2777440385417092
 0.4856443681494221 0.4325297934810233 0.2785085067726473
 0.4854514219654380 0.4332037218130174 0.2791751129532547
 0.4852599453493208 0.4338708440434959 0.2798355515740423
 0.4850366315911123 0.4346467981653927 0.2806044414979888
 0.4848339986158365 0.4353489562528285 0.2813008210778152
 0.4846431225604628 0.4360087011442178 0.2819556108600362
 0.4844429829900641 0.4366987323166560 0.2826409098031300
 0.4842104974900161 0.4374980731725789 0.2834353416030976
 0.4840131401259572 0.4381747830398270 0.2841084108086029
 0.4838189725971357 0.4388389068929356 0.2847694546736612
 0.4835963076693789 0.4395985027540298 0.2855261309299682
 0.4833894014318651 0.4403024375997438 0.2862278947771832
 0.4831954873822635 0.4409605183343358 0.2868843576058496
 0.4829939075114247 0.4416429306989623 0.2875654743301058
 0.4827449121869559 0.4424835067001177 0.2884049916276866
 0.4825427516856724 0.4431640749947457 0.2890851814363732
 0.4823455224140625 0.4438264131848398 0.2897476056963829
 0.4821205593212681 0.4445799358186946 0.2905017868270132
 0.4819099791354823 0.4452834100572785 0.2912063851272287
 0.4817129749078772 0.4459399034699320 0.2918643256242753
 0.4815087899260037 0.4466186753560135 0.2925449655755870
 0.4812478687487089 0.4474836270476177 0.2934128543498941
 0.4810416084818796 0.4481654635303657 0.2940974946789109
 0.4808411046366899 0.4488266614290247 0.2947618677174797
 0.4806123509272913 0.4495790929623839 0.2955184732502080
 0.4803983600121652 0.4502811200118350 0.2962249007134633
 0.4801981691914921 0.4509362691140720 0.2968845475273805
 0.4799907602917304 0.4516134143736614 0.2975667011243586
 0.4797239358189088 0.4524821217571504 0.2984423686943010
 0.4795142187514183 0.4531630073903136 0.2991291718211435
 0.4793106101979742 0.4538224750774578 0.2997947972187478
 0.4790788869679432 0.4545711149328139 0.3005509448388434
 0.4788613041743033 0.4552722521869841 0.3012595763063088
 0.4786580000647084 0.4559257965996382 0.3019204576002870
 0.4784477804078366 0.4565999754411971 0.3026025218637812
 0.4781689143465235 0.4574918173709244 0.3035052895885536
 0.4779552488779545 0.4581732352762802 0.3041954804547742
 0.4777483081490734 0.4588316411254370 0.3048627555173563
 0.4775119174574707 0.4595818722605056 0.3056235759924530
 0.4772914533642544 0.4602797684884549 0.3063317531637821
 0.4770851602359678 0.4609312518812499 0.3069931605498228
 0.4768715565997776 0.4616042493025134 0.3076767066915833
 0.4765920488215443 0.4624824891350218 0.3085691717365593
 0.4763753949657181 0.4631613764330301 0.3092594598046556
 0.4761654273850648 0.4638177729627108 0.3099272594785307
 0.4759269327604414 0.4645615237092141 0.3106843974727086
 0.4757024491218168 0.4652598172021821 0.3113956805797526
 0.4754928144457219 0.4659103859209694 0.3120586693568331
 0.4752764157966588 0.4665804004922232 0.3127417590262093
 0.4749759821262066 0.4675080202719957 0.3136879553822923
 0.4747545979296311 0.4681896571620920 0.3143836390947059
 0.4745408671941995 0.4688462024367739 0.3150540719473614
 0.4742959814606197 0.4695966182880227 0.3158207989133455
 0.4740690859625750 0.4702901701280717 0.3165298046736908
 0.4738564012676236 0.4709387774282349 0.3171931427708802
 0.4736358803127098 0.4716097525129676 0.3178796026897046
 0.4733512534169169 0.4724734943771510 0.3187636478057565
 0.4731282326154251 0.4731484945381831 0.3194548489345855
 0.4729120820850236 0.4738012107364682 0.3201235533477961
 0.4726685765208497 0.4745347852861214 0.3208754903540726
 0.4724365097006218 0.4752321884846278 0.3215907088753707
 0.4722204741116190 0.4758799229532482 0.3222552568513754
 0.4719985343831349 0.4765438705987871 0.3229366706862032
 0.4716815283593305 0.4774896159826582 0.3239077027244862
 0.4714523353737197 0.4781714911343994 0.3246081558488668
 0.4712322996772083 0.4788246386536903 0.3252794147606584
 0.4709826898629650 0.4795638241975654 0.3260394813146864
 0.4707481442131417 0.4802567154341298 0.3267522805300150
 0.4705289437326761 0.4809028084063269 0.3274171758673736
 0.4703028150441378 0.4815678470425230 0.3281017669106192
 0.4699754140505273 0.4825280881045846 0.3290905831989512
 0.4701937868810668 0.4818879633615468 0.3284313623363173
 0.4699797418075842 0.4825154153829518 0.3290775304531990
 0.4697602097034635 0.4831575777297493 0.3297390606432366
 0.4695383018351791 0.4838052830670531 0.3304065486483868
 0.4692876155752286 0.4845352959097251 0.3311591626291313
 0.4690484902863041 0.4852299809416878 0.3318756196756169
 0.4688258391986336 0.4858753569617777 0.3325414030760308
 0.4685972538812753 0.4865364882750425 0.3332235825773035
 0.4682791844059893 0.4874540115181789 0.3341705553910446
 0.4680433580351628 0.4881324847080961 0.3348710339281997
 0.4678173721609806 0.4887812129839604 0.3355410335952151
 0.4675654646497828 0.4895027093431606 0.3362864742183178
 0.4673218186911526 0.4901989044381742 0.3370060392286833
 0.4670958237807996 0.4908432311369501 0.3376721857475340
 0.4668648618892025 0.4915003032165314 0.3383516655091061
 0.4665669790048309 0.4923456613292120 0.3392260831339571
 0.4663281833616650 0.4930216389852365 0.3399255257251520
 0.4661002438248933 0.4936654850345299 0.3405919520547347
 0.4658540045939560 0.4943594929575650 0.3413105683970389
 0.4655984845505728 0.4950779901268849 0.3420548077656285
 0.4653673085021400 0.4957265792201589 0.3427268118117831
 0.4651355414716826 0.4963754468422786 0.3433992229053063
 0.4648664636422589 0.4971270494922584 0.3441782178893294
 0.4646215854769940 0.4978094577080891 0.3448856269439348
 0.4643911922600360 0.4984501178743779 0.3455499058360186
 0.4641522538227434 0.4991131322069662 0.3462375361636756
 0.4638470074108029 0.4999580677291207 0.3471140797974532
 0.4636054089735632 0.5006251849024405 0.3478062895961255
 0.4633716681175313 0.5012692364005603 0.3484746339487646
 0.4631124390977794 0.5019819531583000 0.3492142931064213
 0.4628588407279195 0.5026776060120720 0.3499363298739065
 0.4626242382883273 0.5033197646188380 0.3506029664819992
 0.4623858997135634 0.5039707935541329 0.3512789708989900
 0.4620886322900544 0.5047808840097405 0.3521203728212246
 0.4618409172911691 0.5054543330232870 0.3528200133763673
 0.4616055894431349 0.5060927625515067 0.3534833631962587
 0.4613555212290128 0.5067697556587043 0.3541868509394570
 0.4610821334762439 0.5075082088246282 0.3549542944991330
 0.4608407703534629 0.5081587171319536 0.3556304551902646
 0.4606023399028249 0.5088000009029149 0.3562971646820590
 0.4603344644653860 0.5095189232700992 0.3570447568645044
 0.4600771112492167 0.5102080635763224 0.3577615039056780
 0.4598380320605190 0.5108469231016767 0.3584260073400941
 0.4595941613376253 0.5114972577416576 0.3591024495751491
 0.4592788399595044 0.5123361543137794 0.3599750048307827
 0.4590258397655914 0.5130076465477300 0.3606734502899843
 0.4587854240855554 0.5136444244719823 0.3613358323563503
 0.4585273901445467 0.5143264509383519 0.3620453462897515
 0.4582542094777972 0.5150469241256491 0.3627949060366493
 0.4580093443009184 0.5156913389154810 0.3634653350825320
 0.4577659120639556 0.5163306964491549 0.3641304625337697
 0.4574893240487698 0.5170555880452441 0.3648845113231284
 0.4572279874312401 0.5177390049034079 0.3655953896872285
 0.4569845682594911 0.5183742598732466 0.3662561946974756
 0.4567351814666248 0.5190237892302055 0.3669319087354640
 0.4563919294056138 0.5199156534553877 0.3678598304850015
 0.4561336367863772 0.5205851467061087 0.3685564242889603
 0.4558876598177504 0.5212214304098221 0.3692184429902325
 0.4556184627282781 0.5219163477754242 0.3699414171808848
 0.4553469346732193 0.5226157759097918 0.3706690430731803
 0.4550989626540573 0.5232532119238199 0.3713321734506628
 0.4548496260447561 0.5238928977373059 0.3719976650679683
 0.4545575172483864 0.5246407221951470 0.3727756782266312
 0.4542934744355369 0.5253152223149976 0.3734773794008917
 0.4540456879387150 0.5259469307999646 0.3741344834368099
 0.4537889975680197 0.5266000547807052 0.3748137420945576
 0.4534556494888977 0.5274462884581483 0.3756936472827718
 0.4531950486793636 0.5281063306526486 0.3763798423201079
 0.4529443056401520 0.5287401570850382 0.3770387336025486
 0.4526682564825432 0.5294365442040143 0.3777626238120623
 0.4523924571165124 0.5301308359029224 0.3784842799458548
 0.4521401165535059 0.5307647971131039 0.3791431397086001
 0.4518858674972044 0.5314023269424734 0.3798055900023707
 0.4515859886338411 0.5321527007375663 0.3805851343911065
 0.4513173773099990 0.5328233981719634 0.3812817871971524
 0.4510650108907232 0.5334523034435161 0.3819349683944517
 0.4508032038818897 0.5341034822450340 0.3826112424177432
 0.4504660225782933 0.5349402669818419 0.3834801928396149
 0.4502005968740439 0.5355975044170974 0.3841625694956304
 0.4499450710722854 0.5362290111121851 0.3848180706297734
 0.4496644264159730 0.5369212286608394 0.3855363737976270
 0.4493823382638406 0.5376155718526908 0.3862566611126279
 0.4491248925464870 0.5382480108580049 0.3869125680503714
 0.4488661204097391 0.5388825144045072 0.3875704873567755
 0.4485644337125179 0.5396207406900334 0.3883357993082534
 0.4482898514529253 0.5402912441186041 0.3890307249650234
 0.4480327117648832 0.5409179530293499 0.3896800659970949
 0.4477674950063635 0.5415631369600971 0.3903483257518502
 0.4473795297601756 0.5425047263349388 0.3913232036552463
 0.4476382752571305 0.5418770421056681 0.3906733762717605
 0.4473851753845626 0.5424910430992540 0.3913090395161791
 0.4471268726447936 0.5431165267040273 0.3919564382720859
 0.4468674208628405 0.5437436402498040 0.3926054115847601
 0.4465799598240531 0.5444371125036371 0.3933229492704851
 0.4462938595799254 0.5451259092129728 0.3940355205352795
 0.4460318583034203 0.5457554746470503 0.3946866633821350
 0.4457679201149271 0.5463885288832856 0.3953412298457860
 0.4454579856964937 0.5471304198697612 0.3961080774572021
 0.4451787296425628 0.5477975100464373 0.3967973925271401
 0.4449169061007767 0.5484217877128311 0.3974423144227399
 0.4446465572562283 0.5490652111630302 0.3981068768572155
 0.4442558119985557 0.5499930663412248 0.3990649375158611
 0.4445164076151136 0.5493745378144068 0.3984263138740814
 0.4442585189240300 0.5499866470728919 0.3990583106433520
 0.4439953009351799 0.5506102935514444 0.3997020183912272
 0.4437311334066487 0.5512350660684728 0.4003466417983405
 0.4434395152371280 0.5519234608263902 0.4010565991884290
 0.4431468060131488 0.5526130666922995 0.4017674974791976
 0.4428795743957754 0.5532414617272885 0.4024150681577548
 0.4426109902682487 0.5538719015672627 0.4030645675567021
 0.4422982516063954 0.5546045571599602 0.4038191671474652
 0.4420132486250584 0.5552709063303582 0.4045052625299004
 0.4417466478758060 0.5558930886534805 0.4051456653031965
 0.4414724028633418 0.5565319654417370 0.4058030075761602
 0.4410881374553678 0.5574252013945644 0.4067216518657233
 0.4408042750633129 0.5580836003336060 0.4073985161522466
 0.4405343105384235 0.5587086298064707 0.4080409062095497
 0.4402399156449512 0.5593889672063541 0.4087399641025087
 0.4399390055825124 0.5600830161478761 0.4094528908305656
 0.4396660852631322 0.5607113373458664 0.4100980586280090
 0.4393930449188364 0.5613388276551576 0.4107420960870352
 0.4390801997104585 0.5620564418605684 0.4114782695514316
 0.4387880576598305 0.5627252680494460 0.4121640595295187
 0.4385161240140716 0.5633467086037391 0.4128010094382853
 0.4382382780711744 0.5639805499523355 0.4134504495094664
 0.4378839992625431 0.5647871362549186 0.4142765722652209
 0.4375953376319764 0.5654429977621089 0.4149480317628576
 0.4373222256896740 0.5660624323461019 0.4155819274272975
 0.4370335759095083 0.5667159545157905 0.4162504057168112
 0.4367038260386104 0.5674610876781192 0.4170122366012741
 0.4364214138000254 0.5680980361767068 0.4176632057917593
 0.4361453434237452 0.5687196023904950 0.4182982725375660
 0.4358422593657809 0.5694007671024626 0.4189940468555317
 0.4355356107346067 0.5700886478271118 0.4196964648782054
 0.4352565166599138 0.5707135910500131 0.4203343838934852
 0.4349768630159218 0.5713387159741096 0.4209722277881042
 0.4346557667894437 0.5720551641486803 0.4217029112456883
 0.4343568460858100 0.5727208757382178 0.4223815392784456
 0.4340785793834092 0.5733395059658343 0.4230119375587229
 0.4337944865069113 0.5739700159210661 0.4236542356050371
 0.4334380379805704 0.5747595854698380 0.4244582765753112
 0.4331421734178290 0.5754136731910356 0.4251240761661705
 0.4328626380859604 0.5760305979030531 0.4257517822046721
 0.4325688463550159 0.5766778785289020 0.4264100804492441
 0.4322220368917123 0.5774405146242765 0.4271853328947258
 0.4319313582213662 0.5780785133091033 0.4278336330391746
 0.4316488093414256 0.5786976200351430 0.4284625631928358
 0.4313401537427129 0.5793727552198362 0.4291482431810711
 0.4310245443303661 0.5800618381210129 0.4298478966428048
 0.4307386143209566 0.5806850240087816 0.4304804383123330
 0.4304531414571405 0.5813061785051040 0.4311106892029042
 0.4301295576570675 0.5820090135014339 0.4318235222704761
 0.4298217486117104 0.5826763643953664 0.4325000928975116
 0.4295366613602916 0.5832933964960739 0.4331254448840001
 0.4292474530141532 0.5839183150445745 0.4337586155779393
 0.4289017666563602 0.5846639123223584 0.4345138329245794
 0.4285972982211639 0.5853193892763034 0.4351775346458879
 0.4283112540225023 0.5859341665678872 0.4357997918662984
 0.4280151431763817 0.5865695284118532 0.4364426247901500
 0.4276020225993754 0.5874541799166523 0.4373372632830570
 0.4272983054299728 0.5881032431117457 0.4379934065189592
 0.4270081892300028 0.5887222065376700 0.4386189814424897
 0.4266893899617416 0.5894012061525811 0.4393051080018139
 0.4263695598557959 0.5900811874144292 0.4399920888556708
 0.4260779210716873 0.5907001771743751 0.4406173005722016
 0.4257857774474458 0.5913192343848183 0.4412424078886179
 0.4254526706587414 0.5920238729000998 0.4419537102645687
 0.4251387186521832 0.5926868077892223 0.4426227179458683
 0.4248473808111056 0.5933009677487643 0.4432423670663874
 0.4245514052185193 0.5939239002563672 0.4438707580877596
 0.4241961195303900 0.5946703309239786 0.4446235856628368
 0.4238847867778363 0.5953232320041063 0.4452819210575874
 0.4235921484235425 0.5959359223337203 0.4458995358271109
 0.4232889783877103 0.5965696388008183 0.4465381446159991
 0.4228713402155705 0.5974409305736366 0.4474158501906732
 0.4225611081522592 0.5980868811277411 0.4480663818128538
 0.4222647383368453 0.5987029648992199 0.4486867538249324
 0.4219404339945809 0.5993759995269616 0.4493644198061886
 0.4216118343985328 0.6000567613554809 0.4500498127879753
 0.4213134117198674 0.6006739750462434 0.4506711576209277
 0.4210154674957214 0.6012892250068085 0.4512904396207789
 0.4206796060507625 0.6019816115292911 0.4519872566291563
 0.4203565693240663 0.6026464031027461 0.4526562217701612
 0.4200583171009554 0.6032591872508036 0.4532728218500999
 0.4197569889978931 0.6038773179451892 0.4538948015594843
 0.4194055134771139 0.6045970882993150 0.4546190603839698
 0.4190851098204711 0.6052520786858570 0.4552781134243679
 0.4187856761209053 0.6058632143974932 0.4558929829259755
 0.4184786360313239 0.6064888890442837 0.4565223975292344
 0.4180770956661388 0.6073056340286025 0.4573439068581748
 0.4177587356475728 0.6079519861634193 0.4579939831135845
 0.4174574734897595 0.6085626511167430 0.4586081813330848
 0.4171378376987358 0.6092095284053481 0.4592588536190582
 0.4167800529578575 0.6099323570857508 0.4599859932640467
 0.4164705386035412 0.6105566013832908 0.4606139965472565
 0.4161680922061083 0.6111656410283454 0.4612267073545269
 0.4158395375690643 0.6118261958286207 0.4618912329390627
 0.4154968060849344 0.6125140824847696 0.4625832564777398
 0.4151891359013757 0.6131305848584304 0.4632034995138379
 0.4148842460587647 0.6137405737940074 0.4638172475322189
 0.4145472627227609 0.6144136848618332 0.4644945804726780
 0.4142094450724764 0.6150873217362745 0.4651724930411679
 0.4139011936575210 0.6157010086965918 0.4657900772341081
 0.4135924617283758 0.6163147070816852 0.4664076411726220
 0.4132413185404674 0.6170115657780056 0.4671088416963601
 0.4129089189380998 0.6176701091672513 0.4677714726892723
 0.4126007925228900 0.6182795960938710 0.4683847781341394
 0.4122880028710683 0.6188973593785680 0.4690064906919876
 0.4119121175767944 0.6196384792838684 0.4697524827757724
 0.4115839929052750 0.6202843132501366 0.4704026734934605
 0.4112761169073567 0.6208893488628167 0.4710118607146976
 0.4109585109335326 0.6215125520396825 0.4716393941452499
 0.4105194646194337 0.6223724563255062 0.4725053762046608
 0.4101914916541777 0.6230136182195229 0.4731511900555280
 0.4098808685318713 0.6236199225979329 0.4737620271066378
 0.4095485558689388 0.6242675542095381 0.4744146625453565
 0.4091861892823033 0.6249725732076876 0.4751253053091182
 0.4088675693541632 0.6255914627714944 0.4757492484661894
 0.4085543952716292 0.6261988513551561 0.4763616725459290
 0.4082115528386998 0.6268627355044423 0.4770311382762710
 0.4078611430593196 0.6275401489654983 0.4777143615422145
 0.4075438895899583 0.6281524881420778 0.4783321039721999
 0.4072277662836830 0.6287617264663702 0.4789469105507962
 0.4068727724288632 0.6294447867257223 0.4796364767360145
 0.4065295836813903 0.6301040400127129 0.4803022726774618
 0.4062135949786601 0.6307100970807313 0.4809145503242444
 0.4058955012751991 0.6313192788565145 0.4815301610758652
 0.4055307073843324 0.6320167732884016 0.4822352272898414
 0.4051897498081956 0.6326676115468323 0.4828933564817283
 0.4048732961964860 0.6332707445839970 0.4835034741376307
 0.4045525221320904 0.6338812007800331 0.4841212487524101
 0.4041766934504003 0.6345952669783873 0.4848441972534167
 0.4038359618406892 0.6352415690234574 0.4854988106737906
 0.4035175862951944 0.6358445407599553 0.4861097351418249
 0.4031917063890661 0.6364608027043922 0.4867343022602490
 0.4027814614713502 0.6372352833222278 0.4875194885319690
 0.4024420984166767 0.6378748407524897 0.4881681639814465
 0.4021218864981022 0.6384773891008502 0.4887795898221761
 0.4017865414588991 0.6391074622535490 0.4894192878254037
 0.4013774318899402 0.6398748166863553 0.4901988567199870
 0.4010437063957129 0.6404997102697465 0.4908340788797552
 0.4007222396080627 0.6411007479214046 0.4914453479681692
 0.4003771280029133 0.6417450120705772 0.4921008884962407
 0.4000044585521998 0.6424395846541630 0.4928079896378536
 0.3996758501693194 0.6430510608878317 0.4934308479652236
 0.3993535188439990 0.6436499707701178 0.4940412578657825
 0.3990048174879788 0.6442968928364619 0.4947010097969122
 0.3986341798688909 0.6449833934129672 0.4954015762964705
 0.3983043255419912 0.6455933886571799 0.4960244298655126
 0.3979791501149679 0.6461938438817729 0.4966378483442232
 0.3976238788347802 0.6468488690715793 0.4973073579290455
 0.3972572964592964 0.6475236539264349 0.4979974717996260
 0.3969265392326206 0.6481315426246522 0.4986195750597975
 0.3965978043862308 0.6487348232743113 0.4992373873718411
 0.3962317032194263 0.6494056346828218 0.4999248795855465
 0.3958715543986568 0.6500644712050931 0.5006006220455457
 0.3955415722031548 0.6506671954202399 0.5012192300591091
 0.3952108044207872 0.6512704676124460 0.5018387635487125
 0.3948363392028792 0.6519523693893857 0.5025394600531606
 0.3944791920448716 0.6526016816543404 0.5032070855099670
 0.3941497020464808 0.6531998028058592 0.5038224626473115
 0.3938181782297406 0.6538007382831652 0.5044411342100312
 0.3934417317956521 0.6544820386021841 0.5051430375920587
 0.3930833980499489 0.6551295104979035 0.5058105623526437
 0.3927523260397540 0.6557268180194584 0.5064267528969223
 0.3924186661576769 0.6563279176088627 0.5070472116816519
 0.3920379031484941 0.6570128031115502 0.5077546008683927
 0.3916778613277150 0.6576593694287174 0.5084228917301745
 0.3913440877341779 0.6582578563832531 0.5090419563820517
 0.3910059846832424 0.6588632197554436 0.5096686344558988
 0.3906093365547106 0.6595722722120270 0.5104033129321961
 0.3902508053073175 0.6602121361639010 0.5110668946179624
 0.3899158752156291 0.6608089813855044 0.5116863339249862
 0.3895732422679667 0.6614186580341908 0.5123195305996245
 0.3891430316508228 0.6621828915798340 0.5131138686076491
 0.3887870877226350 0.6628141247347434 0.5137705210812367
 0.3884525211433346 0.6634065651743226 0.5143873179830010
 0.3881055174697109 0.6640201285311540 0.5150266515468748
 0.3876074606026295 0.6648991834263420 0.5159436194679078
 0.3879395880757319 0.6643131975675995 0.5153322308932891
 0.3876104544791362 0.6648939049381534 0.5159381098742861
 0.3872745717409217 0.6654856757515401 0.5165560429863243
 0.3869401931875623 0.6660739515174211 0.5171708219389674
 0.3865830117094151 0.6667014161591502 0.5178270952713634
 0.3861782101492586 0.6674113795286007 0.5185703521717822
 0.3858302292594838 0.6680207088919033 0.5192088867575135
 0.3854916461096535 0.6686127163654839 0.5198298611307171
 0.3851284977521505 0.6692467289348986 0.5204955552434400
 0.3847299102371168 0.6699414891314812 0.5212257904349160
 0.3843807039574434 0.6705492105383177 0.5218651449039005
 0.3840384271445382 0.6711440010197086 0.5224913958929108
 0.3836666913764243 0.6717890091151688 0.5231710560701786
 0.3832785150069206 0.6724614639114018 0.5238802440864280
 0.3829308296749588 0.6730628406059469 0.5245150366231953
 0.3825873727540566 0.6736560397802505 0.5251417641313919
 0.3822112175689067 0.6743047312410236 0.5258277980628708
 0.3818272059980475 0.6749659149764687 0.5265277762775168
 0.3814806020634430 0.6755617772342432 0.5271592143560458
 0.3811376680586483 0.6761504795205345 0.5277836132067925
 0.3807641117614742 0.6767907896456842 0.5284633553983157
 0.3803742302847942 0.6774580177786792 0.5291723582061809
 0.3800250568705627 0.6780546591533879 0.5298069756481670
 0.3796811077645930 0.6786415255546204 0.5304317933824249
 0.3793098250250014 0.6792740880977908 0.5311059352934540
 0.3789090411267528 0.6799558177044576 0.5318332374594666
 0.3785549848148383 0.6805571213577098 0.5324753568718272
 0.3782075217231696 0.6811463701701922 0.5331051373978699
 0.3778319022082525 0.6817824156841645 0.5337855201314219
 0.3774309372153506 0.6824602903255175 0.5345113501495650
 0.3770747390942648 0.6830615412555686 0.5351557953181971
 0.3767238253570512 0.6836530094065288 0.5357904089898652
 0.3763403766085983 0.6842983389199739 0.5364835840460537
 0.3759463688240234 0.6849603792793406 0.5371955390724243
 0.3755912807639914 0.6855561063149231 0.5378368654660626
 0.3752398007940411 0.6861449257237238 0.5384713536384691
 0.3748549889719403 0.6867886124865145 0.5391656159696040
 0.3744610149660766 0.6874465754698673 0.5398759782605237
 0.3741060591429873 0.6880384686197674 0.5405156379551331
 0.3737557258134159 0.6886218131023010 0.5411466684931920
 0.3733769358547058 0.6892516039582829 0.5418286385512630
 0.3729715870719671 0.6899244770074355 0.5425580536373007
 0.3726128331010900 0.6905190783506838 0.5432032800788085
 0.3722615485586093 0.6911004604675691 0.5438347415241092
 0.3718857735713813 0.6917214577920310 0.5445098608934662
 0.3714639596240545 0.6924174121676109 0.5452672732321749
 0.3710990692260863 0.6930184899195299 0.5459221583804387
 0.3707435967317517 0.6936032014554263 0.5465598957316727
 0.3703627854191813 0.6942286616232903 0.5472428367987148
 0.3699415837673657 0.6949193420882279 0.5479978778035595
 0.3695741838935731 0.6955208425298930 0.5486561343623484
 0.3692149072997108 0.6961081840592727 0.5492994805137247
 0.3688265871891844 0.6967420523975271 0.5499944060225164
 0.3684151478032089 0.6974125818092781 0.5507302242780582
 0.3680494542492759 0.6980076307249967 0.5513838502988605
 0.3676901064488271 0.6985915057238193 0.5520258262576172
 0.3673012481851391 0.6992223851275962 0.5527202104323582
 0.3668901805093133 0.6998882319748617 0.5534539057937717
 0.3665250078533662 0.7004788226626236 0.5541053637475958
 0.3661672317615921 0.7010566178378816 0.5547433054020111
 0.3657847104160004 0.7016734659923998 0.5554249982086602
 0.3653559945534491 0.7023636926212340 0.5561885589396619
 0.3649859719672213 0.7029584797888692 0.5568472172953082
 0.3646272052617046 0.7035343409269854 0.5574855343423586
 0.3642481086375879 0.7041419450931136 0.5581597011379053
 0.3637861181741212 0.7048811777050676 0.5589808087426367
 0.3634079839566260 0.7054852279795745 0.5596524456951716
 0.3630446429852728 0.7060647981239510 0.5602974069732163
 0.3626595555852616 0.7066781509058427 0.5609805299196883
 0.3622094935807266 0.7073938155002051 0.5617783680485893
 0.3618298566260870 0.7079965102056192 0.5624509555225292
 0.3614619717329935 0.7085796913925223 0.5631024138523355
 0.3610675082547384 0.7092040715476173 0.5638006248985582
 0.3606371966700338 0.7098840947135752 0.5645619021092543
 0.3602598489426401 0.7104794773274695 0.5652291000439864
 0.3598908272919523 0.7110608744457853 0.5658811808739789
 0.3594934488989360 0.7116860122177455 0.5665828897159718
 0.3590670569732991 0.7123557167975566 0.5673352640595629
 0.3586911516104576 0.7129452044565503 0.5679980845065175
 0.3583241654676029 0.7135198748174008 0.5686447819096989
 0.3579333284903837 0.7141309939765509 0.5693331020618101
 0.3574890244382327 0.7148245912343317 0.5701150804043851
 0.3571094841365269 0.7154161422615016 0.5707826306102869
 0.3567430629150031 0.7159864226933402 0.5714266970499681
 0.3563579600007353 0.7165849091447826 0.5721031548696175
 0.3558569197106737 0.7173622437184264 0.5729825923727638
 0.3554675321454702 0.7179653205187055 0.5736655596321456
 0.3550968528534694 0.7185385836096437 0.5743153338689985
 0.3547065434961136 0.7191413232104550 0.5749991192655481
 0.3542191224271639 0.7198927622397242 0.5758524177095338
 0.3538269545597361 0.7204963349242353 0.5765384035613783
 0.3534507080660468 0.7210745529284852 0.5771960224285856
 0.3530506224350061 0.7216884958937557 0.5778947296035206
 0.3525950042389633 0.7223865149531159 0.5786897103297518
 0.3522045530606482 0.7229837332300786 0.5793704336679534
 0.3518248700160335 0.7235636309246327 0.5800319448257617
 0.3514168300675127 0.7241859068206467 0.5807424117838779
 0.3509765653154240 0.7248562469812501 0.5815084615726751
 0.3505889952709387 0.7254454300996075 0.5821823343934517
 0.3502101511330826 0.7260205135014292 0.5828405452661419
 0.3498043195439303 0.7266356509484750 0.5835450650878521
 0.3493587108267149 0.7273099961967058 0.5843179249469019
 0.3489708634877758 0.7278960095162065 0.5849900045156861
 0.3485946532375579 0.7284636234352665 0.5856414037503287
 0.3481982098553180 0.7290608968239515 0.5863272999927404
 0.3477057156598056 0.7298016421057963 0.5871786010408702
 0.3473100816239220 0.7303957138838127 0.5878618233160907
 0.3469330978783898 0.7309609635925264 0.5885122699389878
 0.3465395776080586 0.7315501597539614 0.5891906409896742
 0.3459732983088561 0.7323965026885642 0.5901657464955991
 0.3463509095410293 0.7318323354134055 0.5895156572749543
 0.3459745090183568 0.7323946951042880 0.5901636630258441
 0.3455913065851845 0.7329664084368558 0.5908228314136429
 0.3452111549748890 0.7335327661146757 0.5914762269297792
 0.3448101178763406 0.7341293738342483 0.5921649575850082
 0.3442858778144349 0.7349079299475977 0.5930643635201193
 0.3438787474771465 0.7355115238338088 0.5937620825304201
 0.3434897702019618 0.7360873574727683 0.5944280196178465
 0.3430755147685899 0.7366997047206435 0.5951364950890887
 0.3426083184844696 0.7373891887863018 0.5959346264555631
 0.3422055193620268 0.7379826863344400 0.5966220487945890
 0.3418131791199153 0.7385599304919016 0.5972910579376691
 0.3413909454263928 0.7391802297552921 0.5980104581176712
 0.3409377435799865 0.7398449582183474 0.5987819523549216
 0.3405378790184180 0.7404305412410455 0.5994620404194636
 0.3401468287718972 0.7410023901943442 0.6001265400399693
 0.3397279718833322 0.7416139987322581 0.6008375953793645
 0.3392681101560135 0.7422844093960472 0.6016174130213728
 0.3388681415099691 0.7428665948612476 0.6022949557811897
 0.3384806008392970 0.7434298854189149 0.6029508383887200
 0.3380732163212472 0.7440211672628578 0.6036396802573998
 0.3375508745153856 0.7447780259463468 0.6045219676303770
 0.3371419515423088 0.7453695486554885 0.6052119235563610
 0.3367542504432299 0.7459295685147163 0.6058654328052436
 0.3363508562393636 0.7465114275720610 0.6065447145635290
 0.3358133013014516 0.7472854916258039 0.6074488321207995
 0.3353966171116403 0.7478844791940626 0.6081488264970381
 0.3350048009523660 0.7484469039785019 0.6088063997405710
 0.3345991367710130 0.7490283770208329 0.6094865546370032
 0.3340890178997312 0.7497583796776964 0.6103408538810247
 0.3336659351611413 0.7503628238294355 0.6110485015598038
 0.3332673942213978 0.7509313744312915 0.6117143156715105
 0.3328556202358791 0.7515179584186787 0.6124014161790827
 0.3323367170764990 0.7522559327275471 0.6132661077594646
 0.3319082715644426 0.7528642394426038 0.6139791354615867
 0.3315032719625059 0.7534384118713130 0.6146524279091184
 0.3310803734582048 0.7540370851163611 0.6153547676512350
 0.3305285233476764 0.7548169683720933 0.6162701715655651
 0.3301014735320040 0.7554194444720902 0.6169776534586268
 0.3296938626207683 0.7559936550159170 0.6176521355473773
 0.3292584838372922 0.7566060779826526 0.6183716600439886
 0.3287823862886604 0.7572747115607849 0.6191573888509995
 0.3283674348453948 0.7578565659005072 0.6198412969024112
 0.3279645617317843 0.7584206795732735 0.6205045238398971
 0.3275385221102877 0.7590163723188834 0.6212050927749472
 0.3270351117845010 0.7597191107344639 0.6220318540837062
 0.3266170604507809 0.7603017605648562 0.6227175653870894
 0.3262174005783579 0.7608579902288467 0.6233723527346317
 0.3258019973351184 0.7614353174959210 0.6240521249571731
 0.3252584508209339 0.7621894903404742 0.6249403300672620
 0.3248304511663729 0.7627823494013179 0.6256387202738747
 0.3244295549466029 0.7633368750512785 0.6262920976642106
 0.3240184709361574 0.7639047013679278 0.6269612944683004
 0.3235353533980805 0.7645710061103724 0.6277467252446979
 0.3230978374424405 0.7651734695760102 0.6284570300613415
 0.3226910421415849 0.7657328242346290 0.6291165875462903
 0.3222815385700027 0.7662951207097097 0.6297796715910594
 0.3218292371762074 0.7669152745294358 0.6305110547726425
 0.3213656678672269 0.7675498909840869 0.6312596045677724
 0.3209461754104481 0.7681233089527876 0.6319361029007400
 0.3205312239705662 0.7686897199952313 0.6326044832881066
 0.3200834671153495 0.7693000212611230 0.6333248158229323
 0.3195924980920914 0.7699681639294439 0.6341135578863980
 0.3191610537080544 0.7705543914510752 0.6348056499797639
 0.3187380279157987 0.7711283563550396 0.6354832507747477
 0.3182804597830348 0.7717482734078488 0.6362150481699834
 0.3177940430914897 0.7724062355269081 0.6369917018770880
 0.3173615286608724 0.7729903892612694 0.6376812239998433
 0.3169356460464429 0.7735647644336635 0.6383592399725537
 0.3164707939586814 0.7741907690193911 0.6390982735505475
 0.3159941149434126 0.7748316986137033 0.6398549993820115
 0.3155657549694336 0.7754067971314405 0.6405340240670561
 0.3151439308204645 0.7759723256223365 0.6412017210570109
 0.3146893652291912 0.7765808692208973 0.6419201254123408
 0.3142018304674524 0.7772325383144726 0.6426893238633912
 0.3137734042495152 0.7778043381203967 0.6433641578314117
 0.3133576544573104 0.7783584517715794 0.6440180641544863
 0.3129218187422517 0.7789385270009858 0.6447025793978035
 0.3123261056102272 0.7797300562742818 0.6456366040905721
 0.3118847489334060 0.7803155002569703 0.6463274282989561
 0.3114699955583177 0.7808648902879364 0.6469756826986995
 0.3110403158614127 0.7814332721660345 0.6476463076517361
 0.3105013715081265 0.7821450716145933 0.6484860914369027
 0.3100556327523464 0.7827328349522327 0.6491795037274464
 0.3096387873198279 0.7832817339900973 0.6498270553797466
 0.3092152252297592 0.7838387227357201 0.6504841477859126
 0.3087388575225775 0.7844642454057500 0.6512220784498938
 0.3082718136939982 0.7850765967037637 0.6519444291769316
 0.3078443570283265 0.7856362417476525 0.6526045397859652
 0.3074206309251334 0.7861902479386081 0.6532579193744386
 0.3069671258235931 0.7867823593956726 0.6539561532993485
 0.3064406393858832 0.7874686854574366 0.6547654098908311
 0.3059933257177188 0.7880509000269523 0.6554518811477066
 0.3055606116853003 0.7886133260207097 0.6561150196652438
 0.3051038616813802 0.7892061572340212 0.6568139988138979
 0.3045265679044606 0.7899542224230427 0.6576959205406834
 0.3040646167427982 0.7905518444588695 0.6584003194843420
 0.3036203278467853 0.7911257976715638 0.6590766149904427
 0.3031444126063236 0.7917397193274199 0.6597997421771044
 0.3026244805651929 0.7924093759549357 0.6605882133534258
 0.3021672568268539 0.7929973671190603 0.6612803097962393
 0.3017180204889863 0.7935742699498658 0.6619592032965753
 0.3012278701073964 0.7942027939604891 0.6626987063794876
 0.3007286822751619 0.7948419234204595 0.6634505330235162
 0.3002776999655312 0.7954184833090040 0.6641285812559363
 0.2998314348101673 0.7959882209034239 0.6647983887432628
 0.2993444759539688 0.7966090160557909 0.6655279254854987
 0.2988467996257962 0.7972425125056815 0.6662720492499783
 0.2984000347669955 0.7978103782411899 0.6669388069060788
 0.2979619657103801 0.7983664358014565 0.6675914843204122
 0.2974961427758697 0.7989569047582429 0.6682843590075020
 0.2969620804728832 0.7996328394281493 0.6690773101091885
 0.2965104554910987 0.8002035791516110 0.6697466794512619
 0.2960780624026250 0.8007492801519024 0.6703865143003254
 0.2956306805930218 0.8013131438393852 0.6710474478251994
 0.2950821114178366 0.8020034977475287 0.6718563496637976
 0.2946178432200362 0.8025868679017498 0.6725396375198469
 0.2941852222654793 0.8031297369887014 0.6731752832403856
 0.2937488080389614 0.8036766498242828 0.6738154748134070
 0.2932691100206239 0.8042769786317068 0.6745179778654382
 0.2927752931648859 0.8048940750656470 0.6752398568968311
 0.2923319286823047 0.8054473472196043 0.6758868433579280
 0.2918989456780685 0.8059869575474988 0.6765176259667454
 0.2914466960823974 0.8065498357860927 0.6771753580358889
 0.2908724522696163 0.8072634598208908 0.6780088757249697
 0.2904028174974659 0.8078461805718684 0.6786892092383778
 0.2899625989358408 0.8083916662641364 0.6793258417746719
 0.2895139491793814 0.8089468693371329 0.6799735788048955
 0.2890099311921234 0.8095697146266247 0.6806999122516576
 0.2885162205453054 0.8101789272487000 0.6814099659472556
 0.2880623219820371 0.8107382350395818 0.6820614743844118
 0.2876107693016024 0.8112939144866327 0.6827083706878644
 0.2871267792212336 0.8118886972992296 0.6834003655435134
 0.2865799735432631 0.8125596657171540 0.6841805117445546
 0.2861050283239785 0.8131415905769596 0.6848567554003020
 0.2856419018720615 0.8137082622629378 0.6855149714390203
 0.2851512814852943 0.8143077460609400 0.6862109707323888
 0.2845772686394447 0.8150080477721547 0.6870235297055235
 0.2840884373834381 0.8156035137788782 0.6877139532140556
 0.2836118075959139 0.8161833109972687 0.6883857076510732
 0.2830991292781012 0.8168060749679317 0.6891066587577076
 0.2825583775210609 0.8174619510321427 0.6898653020608720
 0.2820717322939744 0.8180513364822678 0.6905465226248638
 0.2815876606955699 0.8186367951464937 0.6912227698683520
 0.2810487377669214 0.8192876470069130 0.6919740667357297
 0.2805306679073573 0.8199123782679352 0.6926947067811833
 0.2800519220823607 0.8204888763459136 0.6933592099899174
 0.2795694991681442 0.8210690153670007 0.6940273570724227
 0.2790208852180961 0.8217277964670431 0.6947853364445179
 0.2785126830039624 0.8223371466484410 0.6954857180662892
 0.2780422729562625 0.8229004110767255 0.6961325292828798
 0.2775699988789074 0.8234651639429155 0.6967805098160021
 0.2770464691063358 0.8240903418120605 0.6974972347978202
 0.2765339604239812 0.8247014787144946 0.6981972912976425
 0.2760669972473966 0.8252575500809657 0.6988337705989042
 0.2756063196034684 0.8258054334966742 0.6994603843135917
 0.2751171816780453 0.8263864032323930 0.7001242674350239
 0.2745531415761039 0.8270553676652803 0.7008879399771507
 0.2740768023783296 0.8276195110295828 0.7015313100363697
 0.2736217623204024 0.8281577427292303 0.7021445954807910
 0.2731540782000984 0.8287102336892325 0.7027736069897986
 0.2726036020239122 0.8293596285945756 0.7035122912765150
 0.2721111508384951 0.8299397490519101 0.7041715857069800
 0.2716546998809927 0.8304767692316145 0.7047813909073815
 0.2711994274057455 0.8310117430028624 0.7053883702414104
 0.2707121940316788 0.8315835453688283 0.7060365603281767
 0.2701598581585175 0.8322308439554862 0.7067695946200410
 0.2696862451242930 0.8327851211526450 0.7073966535542866
 0.2692327288541358 0.8333152203648851 0.7079958066242626
 0.2687679836480223 0.8338577788328047 0.7086084722438439
 0.2682355811968652 0.8344784973413079 0.7093086686710682
 0.2677337726200407 0.8350627434698937 0.7099669819807571
 0.2672714101834686 0.8356003757121814 0.7105721106165269
 0.2668139513642213 0.8361316595904400 0.7111694538412650
 0.2663307213052933 0.8366921779254005 0.7117989704099685
 0.2657001546806470 0.8374225274898212 0.7126181615011090
 0.2652083601575959 0.8379913074478285 0.7132553108502746
 0.2647452297338767 0.8385262677982501 0.7138539257720825
 0.2642702055241322 0.8390742955853970 0.7144664995239691
 0.2637208207828514 0.8397072678157070 0.7151731537379207
 0.2632078184994149 0.8402975080159715 0.7158312209252363
 0.2627332521814309 0.8408428281685455 0.7164384213265588
 0.2622603443534868 0.8413855787069665 0.7170420026284944
 0.2617534058356102 0.8419666528086287 0.7176873768542776
 0.2611730848703829 0.8426309136799754 0.7184241344680090
 0.2606733598487091 0.8432021310370256 0.7190568643769487
 0.2601916991462913 0.8437520107964021 0.7196652406684293
 0.2596904987249806 0.8443234825677014 0.7202967348026303
 0.2590497572823698 0.8450530021690296 0.7211016499240019
 0.2585227030936670 0.8456521968534161 0.7217616557975890
 0.2580264011104544 0.8462157026532723 0.7223813792487295
 0.2575142053932010 0.8467965176661783 0.7230191386272490
 0.2568807479135969 0.8475138097427442 0.7238053887196466
 0.2563382698513466 0.8481271803912168 0.7244765861530046
 0.2558255790741320 0.8487061101469980 0.7251091705448228
 0.2552926090702687 0.8493071586139828 0.7257649752244932
 0.2546010990271257 0.8500858176799713 0.7266130648252843
 0.2540476951284611 0.8507080097283026 0.7272894200968156
 0.2535157694637542 0.8513052568912024 0.7279374892964379
 0.2529345912522263 0.8519569161702769 0.7286432650232244
 0.2523502067425252 0.8526112393396660 0.7293505491064335
 0.2518088250166212 0.8532165839068593 0.7300037150570723
 0.2512601692996445 0.8538292518583618 0.7306636776592808
 0.2505696953050409 0.8545991309588687 0.7314914151339864
 0.2500075692429456 0.8552249576133022 0.7321629222245701
 0.2494706876688914 0.8558218916247404 0.7328022118933086
 0.2488940607773889 0.8564621638656343 0.7334865124589420
 0.2483052226015660 0.8571150882797146 0.7341827938726034
 0.2477715192360269 0.8577060894770228 0.7348117054886513
 0.2472438119751752 0.8582897178184415 0.7354315636670774
 0.2466625456825971 0.8589317411899643 0.7361120998596690
 0.2460925338432202 0.8595604829725219 0.7367772099320035
 0.2455710562331961 0.8601349554806261 0.7373837187430131
 0.2450546849282911 0.8607031144363306 0.7379823884206653
 0.2444926367043786 0.8613207564475781 0.7386318066993111
 0.2439184872676129 0.8619508667591257 0.7392927868237167
 0.2434017092171887 0.8625173001934144 0.7398856239125754
 0.2428965376433458 0.8630703615213901 0.7404632539091287
 0.2423624730200497 0.8636543588979906 0.7410719286323773
 0.2417420615106540 0.8643318823237244 0.7417764877791837
 0.2412197074206863 0.8649015802818458 0.7423675933108447
 0.2407217093734180 0.8654440865715048 0.7429293290207948
 0.2402077736819074 0.8660033149651106 0.7435071491161349
 0.2395646800777343 0.8667021727799207 0.7442274044397467
 0.2390318787134905 0.8672804114734747 0.7448217558555976
 0.2385368266459530 0.8678170649640210 0.7453720591481521
 0.2380369680716574 0.8683583290271000 0.7459258254844630
 0.2374808868446545 0.8689597680178364 0.7465396848299956
 0.2369281388701441 0.8695568696971702 0.7471475974503803
 0.2364282096960996 0.8700962886613538 0.7476954757232664
 0.2359386085103254 0.8706239905774165 0.7482302316764864
 0.2354258694290383 0.8711760256715002 0.7487883212099412
 0.2346671341095646 0.8719917799940368 0.7496104734105720
 0.2351730321971663 0.8714480131037031 0.7490627830611329
 0.2346830273548124 0.8719747061452259 0.7495932972587878
 0.2341875371516976 0.8725067268445188 0.7501278661455316
 0.2337014671015036 0.8730280800777973 0.7506504340923141
 0.2332015445566461 0.8735637228745404 0.7511860079834228
 0.2326229926259227 0.8741828971926918 0.7518034481827334
 0.2320871740099252 0.8747556559351138 0.7523730225111471
 0.2315944978587296 0.8752817222310126 0.7528948118329217
 0.2311065946018699 0.8758021512137908 0.7534097112009426
 0.2305900647971506 0.8763525312921082 0.7539528044980339
 0.2299421603077852 0.8770420511220773 0.7546310533019949
 0.2294249275713918 0.8775918352227731 0.7551701069928641
 0.2289373906198976 0.8781095123428173 0.7556762465799008
 0.2284397222934733 0.8786374070479852 0.7561909330016934
 0.2278747076267096 0.8792360803991669 0.7567728534455839
 0.2273323293407083 0.8798101141475997 0.7573290409564102
 0.2268368788723072 0.8803339236512762 0.7578350281817434
 0.2263492569024484 0.8808489394574978 0.7583310748511948
 0.2258380220189000 0.8813883466410497 0.7588490607305309
 0.2251032429150030 0.8821626398919226 0.7595897991683207
 0.2245748639615260 0.8827187256028114 0.7601197352661728
 0.2240844766117455 0.8832343008661366 0.7606095330115666
 0.2235837268671095 0.8837602502657722 0.7611076689905856
 0.2230114226080329 0.8843607144492560 0.7616745093938787
 0.2224683016622324 0.8849299308662784 0.7622100123850281
 0.2219707795852292 0.8854508233143776 0.7626984831654331
 0.2214800897203272 0.8859640648977295 0.7631783082902880
 0.2209645539471081 0.8865027645529079 0.7636803594446125
 0.2201545884929394 0.8873480335150478 0.7644648630165735
 0.2206946391689923 0.8867845914956199 0.7639423694031764
 0.2201972188451043 0.8873035781113465 0.7644237029320945
 0.2196974704541414 0.8878244914381717 0.7649053070498288
 0.2192068567069000 0.8883353959998425 0.7653761745862371
 0.2187023312883754 0.8888602866776493 0.7658583911199390
 0.2181241016487165 0.8894612354074490 0.7664085437752313
 0.2175772405160495 0.8900289760621063 0.7669263695531676
 0.2170757717409064 0.8905490754927323 0.7673990786236300
 0.2165807251773432 0.8910620327574041 0.7678637200629385
 0.2160598512504207 0.8916012382610037 0.7683504344539134
 0.2152785688274476 0.8924090360307690 0.7690763001016089
 0.2157994889513017 0.8918705672150371 0.7685928867675480
 0.2153011869310597 0.8923856667795024 0.7690553569015632
 0.2147970767998853 0.8929062864913621 0.7695211369360702
 0.2143018409675456 0.8934172700433247 0.7699766751248063
 0.2137925080114491 0.8939423144699318 0.7704430622196800
 0.2132083600155359 0.8945438803965293 0.7709753015158908
 0.2126565084257074 0.8951116002556839 0.7714755007160090
 0.2121502028888296 0.8956319660753836 0.7719321814301525
 0.2116500258451982 0.8961455676477939 0.7723812385528598
 0.2111229546489089 0.8966862873134847 0.7728521984069250
 0.2103785605654679 0.8974490927490587 0.7735134541742905
 0.2098392472444136 0.8980011168015780 0.7739897070755214
 0.2093356381494413 0.8985161216135623 0.7744322939490825
 0.2088187785402313 0.8990442039785016 0.7748843797995498
 0.2082144813626402 0.8996610187952430 0.7754101819417812
 0.2076621020299605 0.9002242745595230 0.7758881966187269
 0.2071524297883494 0.9007435059879831 0.7763270373111567
 0.2066459978430924 0.9012589861734431 0.7767609848277044
 0.2061073568049509 0.9018067613324322 0.7772202400537661
 0.2054475478552347 0.9024770757822184 0.7777796029211448
 0.2049119298703537 0.9030206721536208 0.7782310962288324
 0.2044042652365739 0.9035354469596499 0.7786568865083482
 0.2038841285244290 0.9040624151533551 0.7790909667339345
 0.2032853400092745 0.9046685034840026 0.7795879440650946
 0.2027240445439136 0.9052360964440817 0.7800511161467665
 0.2022081159508595 0.9057573511902040 0.7804745441703711
 0.2016972394073001 0.9062730680591315 0.7808916411694684
 0.2011562557178539 0.9068187097945516 0.7813309482378069
 0.2004625529939484 0.9075176866611884 0.7818907064015470
 0.1999187410550440 0.9080650879012652 0.7823267132159845
 0.1994058700128544 0.9085809080169466 0.7827356476866298
 0.1988799034335380 0.9091094621808563 0.7831527258748400
 0.1982686928594983 0.9097231278112556 0.7836344551761054
 0.1977049539789772 0.9102886088007545 0.7840759450802195
 0.1971853112543714 0.9108094165857211 0.7844804947690489
 0.1966691685833629 0.9113263006817305 0.7848800389211519
 0.1961195602593561 0.9118762459576252 0.7853030034394324
 0.1954586084987018 0.9125369892006605 0.7858082855353427
 0.1949149853241954 0.9130799422431803 0.7862211327107860
 0.1943982461754671 0.9135956301590418 0.7866112779120956
 0.1938677127347889 0.9141246670420164 0.7870095206394268
 0.1932492156731879 0.9147408894293977 0.7874708242127904
 0.1926818382678699 0.9153056820271477 0.7878911876937310
 0.1921583544946462 0.9158263612421087 0.7882766490068427
 0.1916377133149732 0.9163438162692433 0.7886577624811500
 0.1910816725827471 0.9168960201565252 0.7890623258978309
 0.1904301604528240 0.9175424704131719 0.7895331467202288
 0.1898846926940198 0.9180832337362244 0.7899246943605372
 0.1893642287424123 0.9185988154064414 0.7902960610018894
 0.1888290036144201 0.9191286217232936 0.7906756885135926
 0.1881995798429510 0.9197511602326214 0.7911191812117803
 0.1876300162603600 0.9203140192216722 0.7915177503536458
 0.1871034747545943 0.9208339648042935 0.7918838995793652
 0.1865784522145949 0.9213520325888602 0.7922467917828935
 0.1860147693646813 0.9219078314503277 0.7926339783458903
 0.1853765903394862 0.9225365670499311 0.7930693266041591
 0.1848306373635503 0.9230740083778350 0.7934392401499050
 0.1843068904465845 0.9235892173902741 0.7937919283755593
 0.1837668274671954 0.9241200971716810 0.7941533659577633
 0.1831219765372865 0.9247534823369234 0.7945819463964853
 0.1825511794271802 0.9253136791170126 0.7949585866742472
 0.1820220892245219 0.9258325679563292 0.7953054175966192
 0.1814924925739715 0.9263515942279802 0.7956503733886823
 0.1809192182250380 0.9269130242469360 0.7960212902191178
 0.1802951450560816 0.9275237318852610 0.7964221320284212
 0.1797495201810360 0.9280572716371943 0.7967700675508631
 0.1792224994719760 0.9285722679834805 0.7971038984080880
 0.1786765978100016 0.9291053532122759 0.7974473536891684
 0.1780035150377679 0.9297621316419085 0.7978675329975172
 0.1774321548673215 0.9303192201429740 0.7982213432566319
 0.1769007242439072 0.9308370238886050 0.7985480576019056
 0.1763651815573870 0.9313584931678968 0.7988749887424377
 0.1757758084894471 0.9319319856157030 0.7992321026791198
 0.1751690819238453 0.9325219378037793 0.7995968029540305
 0.1746252011474527 0.9330504173231196 0.7999212029265791
 0.1740943207877825 0.9335659350442372 0.8002355462987617
 0.1735393481478092 0.9341045026188983 0.8005617207620604
 0.1727473005838293 0.9348725315913448 0.8010229177010265
 0.1721734355444170 0.9354285537104561 0.8013539022807155
 0.1716386864977557 0.9359463459660659 0.8016599348548140
 0.1710881983177543 0.9364790484156247 0.8019725716960461
 0.1704204077307693 0.9371248181339161 0.8023485657782476
 0.1698419624051315 0.9376837979179588 0.8026713732628923
 0.1693042803763331 0.9382030636978510 0.8029690396987739
 0.1687632414325313 0.9387252604890306 0.8032662425089903
 0.1681691579067098 0.9392982983764916 0.8035899065696827
 0.1675537564472492 0.9398915094533872 0.8039222378931269
 0.1670030552029372 0.9404220202890047 0.8042170946498191
 0.1664655316974023 0.9409395358890650 0.8045025935856870
 0.1659027372037754 0.9414810663251060 0.8047990839563933
 0.1650048802018331 0.9423443384692740 0.8052669562503681
 0.1656034964480508 0.9417688704149121 0.8049557186791341
 0.1650607157649154 0.9422906771795065 0.8052380441914386
 0.1645147644827544 0.9428152358674955 0.8055196974732327
 0.1639761339786160 0.9433324720952423 0.8057952977066389
 0.1634154568939268 0.9438705774815825 0.8060797841411300
 0.1626975153693139 0.9445591711782108 0.8064405150432270
 0.1621140837660604 0.9451183890729902 0.8067307372363824
 0.1615694554111571 0.9456401222854793 0.8069993003363148
 0.1610151276668303 0.9461708604172491 0.8072703151577353
 0.1603824799269212 0.9467762355291762 0.8075767517983172
 0.1597815575724380 0.9473509107397106 0.8078649923859311
 0.1592291613065772 0.9478788882533781 0.8081275297967462
 0.1586801450029780 0.9484033615245843 0.8083861646963156
 0.1580903673341055 0.9489664728855445 0.8086614635580024
 0.1574286186076847 0.9495979336900827 0.8089672459399538
 0.1568582560113443 0.9501418824475177 0.8092281746122880
 0.1563079555759636 0.9506664300564556 0.8094776291052034
 0.1557346390152002 0.9512126393797409 0.8097351212983399
 0.1549441455435202 0.9519652982173035 0.8100861431236689
 0.1543500953594766 0.9525305697974817 0.8103468737279156
 0.1537940392302201 0.9530594218640698 0.8105885546919560
 0.1532192904936613 0.9536057843995707 0.8108359589264685
 0.1524866878920898 0.9543018145389534 0.8111477993852724
 0.1518876519879700 0.9548706246429227 0.8113998818633338
 0.1513268630990149 0.9554028586785164 0.8116335148648453
 0.1507530892249643 0.9559471600948610 0.8118702064588410
 0.1500781364127797 0.9565871149469146 0.8121455936617855
 0.1494668524208612 0.9571663995433627 0.8123921679802083
 0.1488984868026894 0.9577047571770567 0.8126190227270548
 0.1483252802988485 0.9582474536786995 0.8128454811595092
 0.1476856432564575 0.9588527558810537 0.8130954637838018
 0.1470494295481607 0.9594545196100798 0.8133413158715160
 0.1464689771478161 0.9600032843036581 0.8135632406552232
 0.1458927775014748 0.9605477883865743 0.8137813370579864
 0.1452691555898281 0.9611368395298795 0.8140149526230666
 0.1445942104060055 0.9617740600006192 0.8142649922257069
 0.1439985384013778 0.9623361744157489 0.8144832790470848
 0.1434157956632207 0.9628858513080402 0.8146946898323046
 0.1427943208265244 0.9634718074177165 0.8149178405211073
 0.1420791165807416 0.9641458138532870 0.8151716955197641
 0.1414690826409427 0.9647204387867679 0.8153857001211030
 0.1408773879328180 0.9652775549094487 0.8155910069854763
 0.1402479901160895 0.9658699207347943 0.8158068850433640
 0.1395189726821451 0.9665557268101208 0.8160536131598569
 0.1388991521775718 0.9671385435700124 0.8162605398912591
 0.1382970238891303 0.9677044944220154 0.8164590570914386
 0.1376519762552376 0.9683105377915910 0.8166690292549585
 0.1369337627273025 0.9689850250471158 0.8168996242349855
 0.1363070251809827 0.9695733526075526 0.8170981795200909
 0.1356921119057505 0.9701503544597756 0.8172906259987320
 0.1350234845143976 0.9707775078895957 0.8174972605265767
 0.1343183065897744 0.9714386652548184 0.8177122432227143
 0.1336845965353912 0.9720325747293008 0.8179028597272955
 0.1330535334749216 0.9726237794565351 0.8180902634117697
 0.1323448942637163 0.9732873977725751 0.8182978543124395
 0.1316518627834556 0.9739361348219657 0.8184979906997732
 0.1310093404047321 0.9745373601316684 0.8186810209550059
 0.1303534483424371 0.9751508698668890 0.8188653719880254
 0.1295392537151993 0.9759121401683291 0.8190907221259195
 0.1288496116125439 0.9765566872456822 0.8192785704848478
 0.1281887631219424 0.9771740974469475 0.8194559825152249
 0.1274714038411865 0.9778440572800984 0.8196457277548602
 0.1267216553801832 0.9785439960255113 0.8198409395755051
 0.1260369590611867 0.9791829669260370 0.8200164948053523
 0.1253334983162162 0.9798392166937427 0.8201941907765185
 0.1244411536652252 0.9806713405967814 0.8204157272335521
 0.1237169087447285 0.9813464397926663 0.8205923591902450
 0.1229913510933015 0.9820225248684061 0.8207664884905533
 0.1221175267422602 0.9828364565730867 0.8209725211410891
 0.1213813699393236 0.9835218979026682 0.8211430499202060
 0.1206317679478842 0.9842196193105824 0.8213138956586554
 0.1198026716155917 0.9849910572866271 0.8214996115575088
 0.1190719646866120 0.9856707120922811 0.8216604708412487
 0.1183150836395793 0.9863744831375081 0.8218243151216644
 0.1175130110436945 0.9871200245992702 0.8219948837930359
 0.1167964233629990 0.9877858923999672 0.8221446540363698
 0.1160594866571946 0.9884704620901572 0.8222961489427515
 0.1152451006508057 0.9892267377817373 0.8224606302829041
 0.1145385025620103 0.9898827163513393 0.8226008655833976
 0.1138310489442137 0.9905393058718078 0.8227389726465739
 0.1128773770954257 0.9914241263302970 0.8229215234780004
 0.1121644428870671 0.9920853798711505 0.8230553081474503
 0.1114754133467041 0.9927242943999541 0.8231824661494489
 0.1106326766756844 0.9935055170872376 0.8233351861833367
 0.1099266418126695 0.9941598336951616 0.8234607941817672
 0.1092578822663111 0.9947794546937190 0.8235778208189442
 0.1085387629652027 0.9954455742617299 0.8237015527511666
 0.1077976496486787 0.9961318954508664 0.8238267983298663
 0.1071307181768808 0.9967493730908950 0.8239375599000404
 0.1064632224925767 0.9973672368831781 0.8240465988874205
 0.1056642808069819 0.9981065969418508 0.8241747684557386
 0.1049706463645201 0.9987483503489807 0.8242840124829552
 0.1043178917333444 0.9993521542037104 0.8243851175561675
 0.1036339231876402 0.9999847009254642 0.8244893063600413
 0.1028435033354233  1.000715532666073 0.8246075036170378
 0.1021751545603214  1.001333362010855 0.8247056267985219
 0.1015233386778433  1.001935791986998 0.8247997455202408
 0.1008013563830884  1.002602940493261 0.8249022125793094
 0.1000928531333880  1.003257501540918 0.8250009762286477
 0.9944271743388421E-01  1.003858025731867 0.8250900636991579
 0.9878609215423770E-01  1.004464436247705 0.8251785573792217
 0.9799542326154377E-01  1.005194498017967 0.8252831520794849
 0.9730943821489028E-01  1.005827777311212 0.8253721742080256
 0.9666374149631958E-01  1.006423761268805 0.8254545205469097
 0.9599017412334568E-01  1.007045366076153 0.8255389449020919
 0.9516490692195421E-01  1.007806825711599 0.8256403587575084
 0.9449378110804475E-01  1.008425948638133 0.8257212108757790
 0.9384399782295440E-01  1.009025287922914 0.8257981257656730
 0.9312974818195216E-01  1.009683983182551 0.8258811406639620
 0.9241376284465697E-01  1.010344170074617 0.8259627715545692
 0.9175999291926887E-01  1.010946896558690 0.8260359454726771
 0.9110227089349371E-01  1.011553178069037 0.8261082713185532
 0.9032933980711920E-01  1.012265546781258 0.8261916418542956
 0.8963473948998539E-01  1.012905621584957 0.8262650922126976
 0.8898256730449310E-01  1.013506513730009 0.8263328086640487
 0.8830615196366377E-01  1.014129657321795 0.8264017851928697
 0.8740761350640715E-01  1.014957298613337 0.8264914680433854
 0.8672071252701292E-01  1.015589901786666 0.8265585622287107
 0.8605821470105116E-01  1.016199950859247 0.8266220989620217
 0.8531816658431110E-01  1.016881319616538 0.8266917455929588
 0.8459980663560876E-01  1.017542629681341 0.8267580517431328
 0.8393513118547885E-01  1.018154441024350 0.8268183023502147
 0.8325707863452904E-01  1.018778489972620 0.8268787175914024
 0.8237175485606665E-01  1.019593189269083 0.8269560790108943
 0.8166705380886272E-01  1.020241584990505 0.8270164809298085
 0.8099449947497289E-01  1.020860329799839 0.8270731944703954
 0.8026214849050105E-01  1.021534007638081 0.8271339456849528
 0.7951211945233014E-01  1.022223862830404 0.8271951038655722
 0.7882897335961699E-01  1.022852127923184 0.8272498938593718
 0.7813777651153221E-01  1.023487727254375 0.8273044582029730
 0.7727399908209151E-01  1.024281928436467 0.8273714372733013
 0.7655151597681532E-01  1.024946135113971 0.8274264463538044
 0.7586119554223443E-01  1.025580705449094 0.8274781557072829
 0.7511099041148846E-01  1.026270250164879 0.8275334163255151
 0.7433913167407842E-01  1.026979618503219 0.8275892636357493
 0.7363475647334010E-01  1.027626898040526 0.8276393443715057
 0.7291673366576207E-01  1.028286652529082 0.8276895396926827
 0.7185435805603267E-01  1.029262694657781 0.8277622560091548
 0.7256261635948270E-01  1.028612008500716 0.8277139817607027
 0.7187052765666012E-01  1.029247840135807 0.8277611629195796
 0.7116115898223856E-01  1.029899485156926 0.8278087250644275
 0.7043563651147509E-01  1.030565905686230 0.8278565459757982
 0.6952430220766363E-01  1.031402911873842 0.8279154432176355
 0.6876232261475985E-01  1.032102669462169 0.8279636955043690
 0.6802498678866789E-01  1.032779731718660 0.8280095379699357
 0.6717826501628241E-01  1.033557162068435 0.8280611705239669
 0.6638938077576777E-01  1.034281416225174 0.8281083244605254
 0.6563595921215525E-01  1.034973049616684 0.8281525164288401
 0.6480774134996344E-01  1.035733275163127 0.8282001554115921
 0.6397986133608202E-01  1.036493118692829 0.8282467965298265
 0.6320204993986728E-01  1.037206944156445 0.8282897329471115
 0.6235789893709733E-01  1.037981582968809 0.8283353774561422
 0.6149997281972096E-01  1.038768790639101 0.8283807710360387
 0.6069258772152492E-01  1.039509558530569 0.8284225919450277
 0.5978888138822840E-01  1.040338627271127 0.8284683817984010
 0.5892378353085008E-01  1.041132205651542 0.8285112116786035
 0.5808000126542660E-01  1.041906165654983 0.8285520468501147
 0.5703095231967301E-01  1.042868319379465 0.8286015420617210
 0.5616380339336143E-01  1.043663569021100 0.8286414116920815
 0.5522047146731517E-01  1.044528613591208 0.8286837319717886
 0.5434160854812792E-01  1.045334474136689 0.8287221820372189
 0.5348244821517105E-01  1.046122209281690 0.8287588612167863
 0.5248030720694327E-01  1.047040966295006 0.8288005168663360
 0.5163640671068913E-01  1.047814590511275 0.8288346667088865
 0.5074841976178551E-01  1.048628573316662 0.8288697007479542
 0.4987718506147220E-01  1.049427145069456 0.8289031886749625
 0.4906385544828588E-01  1.050172593300793 0.8289336641567608
 0.4815802895710055E-01  1.051002765555433 0.8289667136174094
 0.4731554593965542E-01  1.051774835985329 0.8289966132880425
 0.4651586647995940E-01  1.052507637952672 0.8290242546450973
 0.4560684718064940E-01  1.053340586936467 0.8290548132010290
 0.4477781231230153E-01  1.054100200971170 0.8290818917411827
 0.4398745294260131E-01  1.054824340141141 0.8291070081360982
 0.4308948463467695E-01  1.055647028587996 0.8291347184874992
 0.4226473302936610E-01  1.056402598627508 0.8291593990200250
 0.4148038521521011E-01  1.057121119781285 0.8291821917650279
 0.4060497454696819E-01  1.057923023082764 0.8292068575671241
 0.3977669460550666E-01  1.058681717194894 0.8292294513954194
 0.3899516555537841E-01  1.059397557000255 0.8292501106047918
 0.3814331281321550E-01  1.060177776370977 0.8292719023083460
 0.3730152905460351E-01  1.060948740515722 0.8292926952746121
 0.3651814060377188E-01  1.061666193746919 0.8293113882729907
 0.3568429168864525E-01  1.062429831287898 0.8293305945748531
 0.3481825404029081E-01  1.063222916636344 0.8293497942613776
 0.3402859807134849E-01  1.063946028308071 0.8293666404713853
 0.3320355469527164E-01  1.064701519665569 0.8293835718124403
 0.3230741204708257E-01  1.065522088075985 0.8294011884749340
 0.3150911044744563E-01  1.066253042724697 0.8294162030161404
 0.3068596110416267E-01  1.067006726320794 0.8294310125617480
 0.2976358007895847E-01  1.067851241458231 0.8294467900368512
 0.2895793739612437E-01  1.068588851777048 0.8294598578611206
 0.2813304738564960E-01  1.069344064554278 0.8294725467430871
 0.2719252179777391E-01  1.070205122572405 0.8294861676150493
 0.2637877990312233E-01  1.070950090760197 0.8294972392906490
 0.2554692928406480E-01  1.071711620595355 0.8295078943705635
 0.2458452097285850E-01  1.072592651741174 0.8295194134636897
 0.2375490333277969E-01  1.073352104623723 0.8295286676070240
 0.2290336421474560E-01  1.074131610799324 0.8295375298061793
 0.2191910632203181E-01  1.075032592277243 0.8295469826601064
 0.2106132975316638E-01  1.075817780424147 0.8295545399032515
 0.2017020563575172E-01  1.076633482036675 0.8295617306588029
 0.1916763540964714E-01  1.077551183865720 0.8295690280282618
 0.1826806805645787E-01  1.078374591266297 0.8295748626243556
 0.1731142447284208E-01  1.079250232724747 0.8295803103671318
 0.1627935409283756E-01  1.080194904448295 0.8295852697877978
 0.1531787194316583E-01  1.081074957900413 0.8295889885246720
 0.1426878461086645E-01  1.082035190630412 0.8295920411555637
 0.1319978410302778E-01  1.083013644897088 0.8295941460504077
 0.1216198003912070E-01  1.083963541965224 0.8295953864429882
 0.1097441655292924E-01  1.085050510976535 0.8295961213944106
 0.9858233658855029E-02  1.086072144798800 0.8295964176966519
 0.8680994932993577E-02  1.087149662146321 0.8295965318835199
 0.7420488822562594E-02  1.088303393318847 0.8295965666312056
 0.6099198331707252E-02  1.089512759904741 0.8295965743404463
 0.4496534759397263E-02  1.090979665003887 0.8295965756312401
 0.2879078904031765E-02  1.092460109359518 0.8295965757293499
 0.8243416749457860E-03  1.094340793844866 0.8295965757344409
-0.1442118023339126E-02  1.096415266206043 0.8295965757344371
-0.4484419383184334E-02  1.099199860209699 0.8295965757344338
-0.9803346959859037E-02  1.104068231907315 0.8295965757344337
-0.2611725856304238E-01  1.119000224189863 0.8295965757344337
-0.9137290497577574E-01  1.178728193320058 0.8295965757344337
-0.2260716822858194  1.302016902501848 0.8295965757344337
