RUNGE KUTTA: X Z PHI
 0.6430995876022888 0.3913418337900412E-01 0.1745329251994329
 0.6153452721097840 0.1956435756382011 0.1812779121676872
 0.6338990377386738 0.9131309455100950E-01 0.1745329272213179
 0.6400327376477505 0.5652715376967250E-01 0.1745329251994329
 0.6277649538732951 0.1260989676242266 0.1746248842866317
 0.6359436043750327 0.7971778095723045E-01 0.1745329251995492
 0.6386696932235112 0.6425736283219179E-01 0.1745329251994329
 0.6332175155102815 0.9517819907939981E-01 0.1745329518652282
 0.6368523006578589 0.7456430824888420E-01 0.1745329251994331
 0.6345714660273745 0.8749956422005178E-01 0.1745329255092185
 0.6360920224478258 0.7887606023929603E-01 0.1745329251995010
 0.6350576982680235 0.8474200415556038E-01 0.1745329252373604
 0.6341290641869596 0.9000854972149469E-01 0.1745329269430511
 0.6347481535750429 0.8649751934432987E-01 0.1745329253597865
 0.6339720372565379 0.9089909368510700E-01 0.1745329281871589
 0.6332936380761752 0.9474648638812198E-01 0.1745329493799591
 0.6328058157685639 0.9751306337725402E-01 0.1745330100018380
 0.6323734226359079 0.9996528463746074E-01 0.1745331444929916
 0.6319779164748414 0.1022083071785331 0.1745333985618523
 0.6316166543538536 0.1042571184947338 0.1745338239697848
 0.6312771853716127 0.1061823291531285 0.1745344995538943
 0.6309258379300249 0.1081748950660824 0.1745356371806406
 0.6305860610459189 0.1101018259146603 0.1745373695888557
 0.6302941444355438 0.1117573142510646 0.1745395641023205
 0.6300164849515443 0.1133319256301363 0.1745424684817046
 0.6296961515739127 0.1151485018342762 0.1745471126410078
 0.6294366546350278 0.1166200392202457 0.1745521636110826
 0.6291812623919606 0.1180682518025293 0.1745585277109969
 0.6289292887224310 0.1194970198246817 0.1745664203445211
 0.6286945422826085 0.1208280383052785 0.1745754560562963
 0.6284413044213073 0.1222638163917667 0.1745873031448669
 0.6282179130318709 0.1235302841709344 0.1745998030007762
 0.6279549047208918 0.1250212214523133 0.1746172765760390
 0.6277391348293238 0.1262442513975394 0.1746340625619724
 0.6274506095323390 0.1278794706821185 0.1746603110175382
 0.6272389272534605 0.1290790104754528 0.1746825631744374
 0.6270147974139326 0.1303489062301526 0.1747090748035533
 0.6268140332919409 0.1314862380646651 0.1747355330199499
 0.6265845936192773 0.1327857902511803 0.1747690618729516
 0.6263885498415294 0.1338959757909191 0.1748006054063480
 0.6261341442831765 0.1353363403179212 0.1748456465061821
 0.6259399074916804 0.1364357819459650 0.1748832313180139
 0.6256894623710384 0.1378530086413947 0.1749358726901518
 0.6254990528415710 0.1389302016980024 0.1749791007446968
 0.6252433230884185 0.1403764829053983 0.1750415528614370
 0.6250554246277082 0.1414387970353146 0.1750906530716463
 0.6248034748684177 0.1428627421035431 0.1751607674822161
 0.6246183620384085 0.1439085633447578 0.1752154071689036
 0.6243818188171597 0.1452444496621267 0.1752890585235158
 0.6241998159923097 0.1462719176120618 0.1753486269805301
 0.6239962605594956 0.1474206257806502 0.1754182226992365
 0.6238169471861313 0.1484321372996916 0.1754821382682466
 0.6236346879350513 0.1494598737889725 0.1755496151408049
 0.6234491435693925 0.1505057126173933 0.1756209008310062
 0.6232755074090056 0.1514840303847628 0.1756899589932645
 0.6230348316904751 0.1528394067377760 0.1757893718487482
 0.6228581630065172 0.1538338179586531 0.1758649999127628
 0.6226612032531816 0.1549419186597329 0.1759518286126375
 0.6224869632837939 0.1559217257610256 0.1760307099932483
 0.6223122671945391 0.1569036426208178 0.1761116159598541
 0.6221251315578754 0.1579549621050915 0.1762001930046717
 0.6219553691778272 0.1589082080217704 0.1762821916891438
 0.6217572096182474 0.1600203307283778 0.1763798314216356
 0.6215842144084206 0.1609907058789893 0.1764667343305678
 0.6214094106675725 0.1619707256451231 0.1765561094037214
 0.6212260344936349 0.1629982566485863 0.1766515720982428
 0.6210573762167158 0.1639428124852903 0.1767409379205883
 0.6208549105293156 0.1650760536548116 0.1768502187665930
 0.6206832790404806 0.1660361446999655 0.1769445724765559
 0.6205084946622067 0.1670133310270571 0.1770422861629525
 0.6203286645353477 0.1680181475253015 0.1771445588793872
 0.6201615989384519 0.1689511059697646 0.1772411800124194
 0.6199592765231671 0.1700802504687267 0.1773602891356887
 0.6197889857911399 0.1710300235657524 0.1774623283285443
 0.6196158455027986 0.1719951133727827 0.1775677600656650
 0.6194367576647801 0.1729927343351805 0.1776786274865463
 0.6192710956684819 0.1739149952804228 0.1777828547586461
 0.6190756916028861 0.1750021182375500 0.1779078814917184
 0.6189065465753584 0.1759425149546898 0.1780179347363139
 0.6187369564887895 0.1768847854703103 0.1781299868047080
 0.6185539155657926 0.1779011063867975 0.1782528718477057
 0.6183892214409580 0.1788149418299170 0.1783651969920237
 0.6182050143977375 0.1798363464200856 0.1784928273793176
 0.6180359265949618 0.1807732550684403 0.1786118453702464
 0.6178704818386319 0.1816893560606664 0.1787300313120328
 0.6176686364555087 0.1828061699130747 0.1788765695126783
 0.6175029541371683 0.1837221891358300 0.1789988182432860
 0.6173256409030419 0.1847017997974038 0.1791316361217110
 0.6171557850015317 0.1856395096489226 0.1792607989128775
 0.6169928204119820 0.1865385219045726 0.1793864974517422
 0.6167656573659500 0.1877906092553709 0.1795646433255771
 0.6165983223723749 0.1887121155941678 0.1796980911224085
 0.6164226274395327 0.1896789019343645 0.1798402608141828
 0.6162533846142816 0.1906094410653196 0.1799792054105311
 0.6160916144594789 0.1914982029388153 0.1801138465040914
 0.6158825092803430 0.1926460089153539 0.1802905582648362
 0.6157169264986131 0.1935540932271508 0.1804326588779233
 0.6155482249006512 0.1944785250974657 0.1805794217852297
 0.6153744161943497 0.1954301339937726 0.1807327035521816
 0.6152141545915706 0.1963068366504621 0.1808758613137006
 0.6150349474473843 0.1972863349268162 0.1810379480034156
 0.6148687769236308 0.1981937730692445 0.1811900596069551
 0.6147080367885975 0.1990708118430031 0.1813387657224101
 0.6144854212594957 0.2002842376604557 0.1815470148213199
 0.6143199215065186 0.2011854123460332 0.1817033633036302
 0.6141475993055681 0.2021228911028391 0.1818674000450496
 0.6139784483880688 0.2030422737330720 0.1820296071905908
 0.6138183272165809 0.2039118029740213 0.1821842715342287
 0.6136259061574281 0.2049557328150702 0.1823716773218312
 0.6134622156416778 0.2058429258085756 0.1825325481834337
 0.6133004882275158 0.2067186905425175 0.1826929305808652
 0.6131091770646196 0.2077536332026673 0.1828847062638051
 0.6129485485206204 0.2086217294440658 0.1830476308931552
 0.6127815105381488 0.2095236219977759 0.1832190726262987
 0.6126089951426146 0.2104541774578099 0.1833984411725449
 0.6124494888297587 0.2113137281884701 0.1835664765069091
 0.6122712089873901 0.2122734875029353 0.1837568828075548
 0.6121051963842272 0.2131662862421701 0.1839367014382478
 0.6119444538630101 0.2140298871011281 0.1841131009037321
 0.6117234370879245 0.2152159242344038 0.1843591172306633
 0.6115599463014376 0.2160922131424432 0.1845434429826522
 0.6113919889325451 0.2169915057245226 0.1847346487868208
 0.6112226802798630 0.2178970657698905 0.1849291253769663
 0.6110658259510486 0.2187351403249243 0.1851107717342973
 0.6108949441903380 0.2196472025252179 0.1853102554402906
 0.6107282796292109 0.2205357846313780 0.1855064436220100
 0.6105707839221942 0.2213745955189493 0.1856933858290975
 0.6103920326099012 0.2223255610088696 0.1859075223604014
 0.6102270841091546 0.2232020959482257 0.1861071536504203
 0.6100671424462826 0.2240511014223755 0.1863027581698498
 0.6098447370950880 0.2252301522604689 0.1865783514542838
 0.6096797433354642 0.2261036847702637 0.1867856803246379
 0.6095084017042474 0.2270097684597563 0.1870037311625727
 0.6093407629688986 0.2278952175914495 0.1872199085944980
 0.6091833802624063 0.2287255373357661 0.1874255064500686
 0.6090045299806619 0.2296679767147757 0.1876622941948441
 0.6088429777091493 0.2305182125817952 0.1878790093889638
 0.6086887828834684 0.2313287852687101 0.1880882684912779
 0.6085125988189423 0.2322538148749024 0.1883301309909898
 0.6083516196604916 0.2330979444122508 0.1885535982851439
 0.6081980013820575 0.2339025159828479 0.1887689945032776
 0.6080263036575196 0.2348006604097977 0.1890121933938253
 0.6078612538275568 0.2356629090740088 0.1892484413226372
 0.6077033218881336 0.2364869357727078 0.1894768560136540
 0.6075180661022134 0.2374522239782806 0.1897479387809352
 0.6073526262974731 0.2383130588302668 0.1899931390668360
 0.6071881513811800 0.2391677384697365 0.1902400158448273
 0.6070055821636023 0.2401151046556985 0.1905177857498769
 0.6068469652527253 0.2409370248592271 0.1907622758348569
 0.6066822487342524 0.2417894034668213 0.1910191652654127
 0.6065120038664032 0.2426691495495089 0.1912877140231944
 0.6063579853742589 0.2434639499146225 0.1915331545843627
 0.6061984416915586 0.2442861575917612 0.1917897045745729
 0.6060211876037985 0.2451983088576507 0.1920772507533731
 0.6058656510108756 0.2459975449359978 0.1923315712605070
 0.6057063402076523 0.2468150487718911 0.1925938931893311
 0.6055234996915635 0.2477518843831753 0.1928971991878403
 0.6053654991698244 0.2485602251841120 0.1931612548125792
 0.6052022547922448 0.2493942004798881 0.1934360270253282
 0.6050268972287586 0.2502887016672767 0.1937334401612714
 0.6048693827901939 0.2510909807047055 0.1940026019371193
 0.6047036172041166 0.2519340494800877 0.1942879466815083
 0.6045323070814242 0.2528039788045952 0.1945851268177729
 0.6043757679687208 0.2535977043226779 0.1948587616106854
 0.6042101080587216 0.2544364275370037 0.1951505208651524
 0.6040391004800912 0.2553008721040955 0.1954540314016333
 0.6038827532927640 0.2560899996538339 0.1957335591852861
 0.6037177388737809 0.2569216154579950 0.1960306652689288
 0.6035456161031753 0.2577876729009490 0.1963428481213343
 0.6033889761309301 0.2585745951440550 0.1966289860991776
 0.6032243701488967 0.2594002669374948 0.1969317704114779
 0.6030509238183471 0.2602688686863303 0.1972531111480984
 0.6028939364295079 0.2610537902079075 0.1975459494475763
 0.6027297743248422 0.2618733039335883 0.1978541663670151
 0.6025546838971165 0.2627459248780565 0.1981851510192516
 0.6023972919958027 0.2635290591264678 0.1984846796894096
 0.6022336282539182 0.2643421100855634 0.1987981609996329
 0.6020564056828555 0.2652210304090006 0.1991399066603839
 0.6018985025446604 0.2660028296179183 0.1994463660366689
 0.6017352989016829 0.2668095728989861 0.1997650301231288
 0.6015555076943186 0.2676967776286823 0.2001183344729577
 0.6013970020349342 0.2684776082618675 0.2004317838906056
 0.6012341668781422 0.2692784577173828 0.2007557241422431
 0.6010514072477906 0.2701757141031468 0.2011215976896151
 0.6008922198563941 0.2709558732591058 0.2014422101378871
 0.6007296218389343 0.2717514277205199 0.2017715063915209
 0.6005436535603106 0.2726596884004426 0.2021503693083908
 0.6003837303655927 0.2734393440325880 0.2024780942773935
 0.6002211837143606 0.2742304578066111 0.2028130228931722
 0.6000321855625490 0.2751486189695461 0.2032047407026595
 0.5998715543560124 0.2759275390407814 0.2035395472158494
 0.5997089313177498 0.2767147735329417 0.2038802262934192
 0.5995172495801085 0.2776409371436808 0.2042839891968889
 0.5993559734939513 0.2784187264600084 0.2046255669696872
 0.5991932157197378 0.2792023055539791 0.2049720100430119
 0.5989988843412105 0.2801361049381444 0.2053878923195220
 0.5988369556726612 0.2809127149650989 0.2057362266392136
 0.5986739686801074 0.2816930327625158 0.2060884379071319
 0.5984773168400764 0.2826326955097130 0.2065155144515798
 0.5983147569400616 0.2834079444763223 0.2068703103986544
 0.5981514595380256 0.2841853310784131 0.2072283240087219
 0.5979527469269712 0.2851294467354324 0.2076661224869101
 0.5977895667516044 0.2859032078194106 0.2080273406114840
 0.5976259183903214 0.2866777982191990 0.2083910960695241
 0.5974251442430402 0.2876262108217773 0.2088394143802686
 0.5972613227777654 0.2883985118805220 0.2092069017604030
 0.5970972846603146 0.2891704328886063 0.2095763999411558
 0.5968943487621354 0.2901234549352776 0.2100355950954002
 0.5967298535088729 0.2908943762248132 0.2104094406397167
 0.5965653935273143 0.2916637202637706 0.2107846227114991
 0.5963600966093676 0.2926221178738044 0.2112549379361321
 0.5961948782743890 0.2933918162039796 0.2116350441149739
 0.5960299321575866 0.2941588239281170 0.2120159641131459
 0.5958225001909913 0.2951213750034304 0.2124970092895844
 0.5956565634540391 0.2958897561056256 0.2128833811132110
 0.5954911106571594 0.2966544638185807 0.2132699582831589
 0.5952814571301098 0.2976214090067925 0.2137617038687162
 0.5951147856286950 0.2983884782338204 0.2141541623996291
 0.5949488037103372 0.2991509320046797 0.2145463523269559
 0.5947369433676631 0.3001220427866692 0.2150488749817850
 0.5945695301777764 0.3008877626171401 0.2154474413058017
 0.5944029940758050 0.3016480200195517 0.2158451590969750
 0.5941891590371479 0.3026220822864547 0.2163576280491074
 0.5940210332169725 0.3033862565724097 0.2167619834717581
 0.5938539595618283 0.3041441902318863 0.2171650660828686
 0.5936376584215567 0.3051232876426241 0.2176887393238542
 0.5934687612319541 0.3058861170863477 0.2180990146593576
 0.5933010954166225 0.3066419189851606 0.2185074365793581
 0.5930829737708516 0.3076229811963493 0.2190404414264492
 0.5929133436035682 0.3083842343809994 0.2194562795645759
 0.5927450823656967 0.3091378716979916 0.2198699209991026
 0.5925244397936358 0.3101239034258431 0.2204140465432856
 0.5923539844683955 0.3108839300787176 0.2208356755842451
 0.5921850584495111 0.3116356582168868 0.2212545653581658
 0.5919624829837515 0.3126238829382045 0.2218080573347461
 0.5917912210209935 0.3133825421995018 0.2222351755816045
 0.5916216073059722 0.3141324140834231 0.2226592490665743
 0.5913966204048022 0.3151248154977958 0.2232233646778535
 0.5912244855493101 0.3158823385760095 0.2236561256297484
 0.5910541548498655 0.3166304297821043 0.2240852895743119
 0.5908268010433395 0.3176266572980986 0.2246595571100780
 0.5906537792551726 0.3183830450170287 0.2250976976808378
 0.5904826961014688 0.3191294598886750 0.2255318794753703
 0.5902530912947219 0.3201288610995470 0.2261160187070316
 0.5900791831257998 0.3208840527769786 0.2265594856699442
 0.5899073469340382 0.3216287442522030 0.2269984808221006
 0.5896755199498621 0.3226310579271592 0.2275919844267488
 0.5895007363861098 0.3233849524847061 0.2280404115729548
 0.5893281598405138 0.3241278214208161 0.2284839949585088
 0.5890936425098472 0.3251349260287495 0.2290880450207889
 0.5889179341550034 0.3258876804896225 0.2295414975243152
 0.5887445510097482 0.3266289637060667 0.2299896314391687
 0.5885091318737929 0.3276330816233933 0.2305991663155979
 0.5883326376964787 0.3283840668328392 0.2310569560105026
 0.5881585599299606 0.3291232598385597 0.2315091803082539
 0.5879179556144960 0.3301424842195337 0.2321353387660736
 0.5877403221503456 0.3308931288125394 0.2325983802781471
 0.5875652336415331 0.3316315029996315 0.2330553711742623
 0.5873292243899912 0.3326244143790757 0.2336722709110276
 0.5871511778114354 0.3333716726839925 0.2341383759452952
 0.5869756901459651 0.3341066815300117 0.2345984020718179
 0.5867265355703529 0.3351476681046015 0.2352525664042191
 0.5865466113992381 0.3358975371799262 0.2357256509681493
 0.5863696613478849 0.3366334880936180 0.2361914306424716
 0.5861330652213147 0.3376151600133596 0.2368150017471323
 0.5859533599405707 0.3383589904736361 0.2372892618155680
 0.5857763658817907 0.3390900901722780 0.2377569190757837
 0.5855244051475079 0.3401282760889592 0.2384235693291626
 0.5853424050171554 0.3408763190367486 0.2389057187315765
 0.5851640799174248 0.3416077365065046 0.2393785745322593
 0.5849105575939926 0.3426450003988834 0.2400515643296242
 0.5847278057629908 0.3433908390594995 0.2405372553593937
 0.5845483200901076 0.3441218248528717 0.2410147473876550
 0.5842988060632712 0.3451355135307529 0.2416792977887362
 0.5841155759272229 0.3458780685996883 0.2421678082559180
 0.5839354900801108 0.3466063639180159 0.2426482988892965
 0.5836789539321322 0.3476412481113848 0.2433333750897113
 0.5834942714399858 0.3483843937455838 0.2438270393207585
 0.5833131198630087 0.3491118109076518 0.2443116714468372
 0.5830549985565767 0.3501457091806151 0.2450028834710244
 0.5828694129662263 0.3508871917864476 0.2455002744674523
 0.5826872772053566 0.3516133711392523 0.2459887131424051
 0.5824275750096134 0.3526462154677623 0.2466856565890402
 0.5826007897727975 0.3519576726857545 0.2462207469621769
 0.5824293658325082 0.3526391037193547 0.2466808485856608
 0.5822527373497453 0.3533398394589759 0.2471552118075314
 0.5820713160330825 0.3540581319159911 0.2476427753850358
 0.5818161697826567 0.3550658289607980 0.2483290126268736
 0.5816282262837938 0.3558062542301988 0.2488348471491839
 0.5814456254765519 0.3565241296737083 0.2493265333942728
 0.5812078937287860 0.3574565371452149 0.2499669931361679
 0.5810193722717573 0.3581941670013974 0.2504751639796458
 0.5808374360779837 0.3589045515723236 0.2509658491700220
 0.5806252267647434 0.3597313109626562 0.2515385049314160
 0.5804342207514210 0.3604737849684344 0.2520541955084468
 0.5802529581494617 0.3611769196984823 0.2525437502540958
 0.5800576607548650 0.3619329059859243 0.2530713624747296
 0.5798561330130753 0.3627112862689252 0.2536159768593125
 0.5796728454608203 0.3634177013653906 0.2541114752539483
 0.5794855359094991 0.3641381327754651 0.2546180377718161
 0.5792367840849739 0.3650925724160138 0.2552910348449371
 0.5790463645550458 0.3658214210376092 0.2558063618010855
 0.5788596111493554 0.3665347483159702 0.2563118435196744
 0.5786126228339769 0.3674758950530848 0.2569804618645922
 0.5784197725899949 0.3682089710056093 0.2575026329411024
 0.5782336488823716 0.3689150049159974 0.2580067113935349
 0.5780155812485148 0.3697403804051782 0.2585974535890188
 0.5778204346936208 0.3704773300895498 0.2591262008981279
 0.5776351899014175 0.3711754327155803 0.2596281595704037
 0.5774357166075322 0.3719255785616387 0.2601686907651703
 0.5772292817999470 0.3727001884962824 0.2607281182393472
 0.5770418287630108 0.3734020669210616 0.2612361685146833
 0.5768506847287148 0.3741162952867272 0.2617543080574894
 0.5765818092393565 0.3751184724523590 0.2624832817173877
 0.5763859275152313 0.3758467467146265 0.2630143897703639
 0.5761943456379295 0.3765575456725277 0.2635338218120074
 0.5759288554307707 0.3775401331774745 0.2642535998155793
 0.5757312427866705 0.3782696844337323 0.2647893566017455
 0.5755398896721363 0.3789746533624757 0.2653081747588300
 0.5753057119020371 0.3798354293030969 0.2659431386013376
 0.5751069896586132 0.3805641911874211 0.2664819482143110
 0.5749169642598790 0.3812596155297061 0.2669971117526292
 0.5747077541142952 0.3820236229953641 0.2675641828543219
 0.5745012113430867 0.3827762247245051 0.2681239296910095
 0.5743102087959898 0.3834707348097086 0.2686415077860603
 0.5741128966951425 0.3841867137913320 0.2691761476174375
 0.5738712985193167 0.3850613613050106 0.2698307120705854
 0.5736738102771933 0.3857746660749704 0.2703656558611410
 0.5734793889582894 0.3864754469535699 0.2708921482276626
 0.5732413279086183 0.3873315788561272 0.2715366082428208
 0.5730391006452165 0.3880571672964154 0.2720839109452404
 0.5728458740361494 0.3887490298482476 0.2726067604979273
 0.5726338398710641 0.3895066308714478 0.2731804088809924
 0.5724230336552567 0.3902581880274214 0.2737506127432924
 0.5722286222693203 0.3909498373081794 0.2742763189504973
 0.5720284563097953 0.3916605040479191 0.2748174018626992
 0.5717748855125372 0.3925586681698658 0.2755025830883245
 0.5715730557435496 0.3932718838346062 0.2760477813711713
 0.5713751420576851 0.3939698227401935 0.2765822857297440
 0.5711335579630684 0.3948198425271206 0.2772345731104992
 0.5709276140374351 0.3955428003388741 0.2777904498112975
 0.5707310166871378 0.3962315273398234 0.2783208948282254
 0.5705162280174139 0.3969824041336921 0.2789001669537484
 0.5703005381666575 0.3977347797133805 0.2794816123917589
 0.5701024107439454 0.3984244414077304 0.2800155179224068
 0.5698993017798594 0.3991300060289862 0.2805626731778038
 0.5696249112098074 0.4000808900864717 0.2813015481012345
 0.5694179028075321 0.4007965239353011 0.2818586856826550
 0.5692158750879956 0.4014935023248654 0.2824021287220664
 0.5689641960705406 0.4023597969190748 0.2830787159854486
 0.5687547324707439 0.4030791192839845 0.2836414950996667
 0.5685543628072542 0.4037658036797999 0.2841796039617451
 0.5683334949121051 0.4045211485587387 0.2847725068975226
 0.5681156271238307 0.4052646082249786 0.2853570669390452
 0.5679142706781241 0.4059502951463813 0.2858970271304885
 0.5677068790384174 0.4066551053322018 0.2864528413042721
 0.5674416464139499 0.4075543826599358 0.2871631906564503
 0.5672321877606304 0.4082628972492710 0.2877238286771547
 0.5670272469708686 0.4089547185453523 0.2882721240169123
 0.5667802476642830 0.4097866707206100 0.2889326182354484
 0.5665664671262933 0.4105051120225457 0.2895039598864892
 0.5663629909170108 0.4111875322998672 0.2900474397714193
 0.5661431405761534 0.4119233493628697 0.2906342757462213
 0.5659163365934470 0.4126807937256780 0.2912392743116943
 0.5657103662693695 0.4133672193752485 0.2917883837998166
 0.5655012474372172 0.4140627400132174 0.2923456060119159
 0.5652092416504408 0.4150315939214830 0.2931232000608958
 0.5649930572028969 0.4157471258753281 0.2936984613617026
 0.5647843488300439 0.4164365059481999 0.2942534372854727
 0.5645365265022217 0.4172532952909178 0.2949119041905875
 0.5643183123181764 0.4179709012372035 0.2954912639419113
 0.5641112395720114 0.4186504898978431 0.2960407002503265
 0.5638895214877795 0.4193766614779214 0.2966286437795462
 0.5636550758766784 0.4201428593041796 0.2972499205032804
 0.5634446614180117 0.4208290748350353 0.2978071067881524
 0.5632326073037882 0.4215192605679774 0.2983682095879222
 0.5629604801117668 0.4224029542170596 0.2990876406730156
 0.5627407892877062 0.4231147234053777 0.2996679707372530
 0.5625301950495245 0.4237956478351049 0.3002239163840485
 0.5622957327216066 0.4245521719610263 0.3008424786141038
 0.5620685020190423 0.4252837867203497 0.3014415422007447
 0.5618574514700068 0.4259619233438251 0.3019975362537533
 0.5616394014965780 0.4266611575743025 0.3025715213302582
 0.5613646805117853 0.4275401170502858 0.3032940414986607
 0.5611451094653994 0.4282410265279351 0.3038710412104018
 0.5609303882000949 0.4289250865243839 0.3044349226972787
 0.5606767815092034 0.4297312932346335 0.3051004480094807
 0.5604514721976223 0.4304459748462455 0.3056912442331168
 0.5602380657286895 0.4311215457987438 0.3062503732879319
 0.5600108344976421 0.4318394388157138 0.3068452050623934
 0.5597660753012309 0.4326110516684868 0.3074853301603078
 0.5595485408873836 0.4332954021553011 0.3080537741597976
 0.5593305795752236 0.4339797471145680 0.3086229102806755
 0.5590629793914003 0.4348181084984124 0.3093210807113767
 0.5588359819006634 0.4355276860348290 0.3099127744137194
 0.5586196191151723 0.4362026766024538 0.3104762384647056
 0.5583851035260750 0.4369328245041498 0.3110863946769098
 0.5581446339130534 0.4376799247839121 0.3117114339902589
 0.5579258611278266 0.4383582287338819 0.3122795869256257
 0.5577039102972772 0.4390450410608727 0.3128555511557070
 0.5574075497165324 0.4399600072918634 0.3136239200704767
 0.5571782017076168 0.4406664408075180 0.3142179669603156
 0.5569578112132710 0.4413439403043545 0.3147882981440404
 0.5567081096551061 0.4421099611762241 0.3154338617510838
 0.5564729610728391 0.4428298064749763 0.3160412294947444
 0.5562529326727469 0.4435020268285415 0.3166090837767393
 0.5560238701039008 0.4442004791298546 0.3171998090600768
 0.5557502051020438 0.4450331098760497 0.3179049500382845
 0.5555224634390368 0.4457245126168057 0.3184912092933471
 0.5552987183649402 0.4464024566207891 0.3190666470986721
 0.5550379613175656 0.4471908963976157 0.3197365888723403
 0.5548020436393973 0.4479027074216329 0.3203421011200508
 0.5545794434757293 0.4485730163410526 0.3209129349260373
 0.5543447289017274 0.4492784224407331 0.3215143311578352
 0.5540818525116592 0.4500667883372612 0.3221872504756770
 0.5538534219596875 0.4507504189702697 0.3227714032700155
 0.5536266976808656 0.4514276324038798 0.3233506094325637
 0.5533594079068077 0.4522243435358140 0.3240326902407718
 0.5531212875224393 0.4529325952525206 0.3246396783593636
 0.5528959304029860 0.4536015766927162 0.3252136049524189
 0.5526569158291110 0.4543097170911673 0.3258217803200363
 0.5523953366199124 0.4550830858073495 0.3264867307258890
 0.5521649732650663 0.4557627637880863 0.3270717351361367
 0.5519353532799955 0.4564389497850287 0.3276542651617895
 0.5516628997817324 0.4572395980742524 0.3283446963184535
 0.5514221818242755 0.4579454818240680 0.3289540508737712
 0.5511940016877491 0.4586133024532549 0.3295311430635469
 0.5509513247199921 0.4593221721590039 0.3301443633795704
 0.5506879198536040 0.4600899872479013 0.3308093180206211
 0.5504548493271340 0.4607679949529004 0.3313970917362002
 0.5502221359933155 0.4614436731354036 0.3319833595497586
 0.5499452143562328 0.4622460369628532 0.3326801985829239
 0.5497016155970873 0.4629503544966559 0.3332924930261483
 0.5494706175753492 0.4636169527400120 0.3338725548833076
 0.5492251114194818 0.4643240505692125 0.3344884707402717
 0.5489584184282139 0.4650905810120795 0.3351568457572345
 0.5487224628496916 0.4657673926102493 0.3357475423964537
 0.5484869762998259 0.4664415794096065 0.3363364244463282
 0.5482080046888522 0.4672386156965704 0.3370332162638860
 0.5479612938950752 0.4679420006812027 0.3376487138962592
 0.5477274699303405 0.4686073680105877 0.3382314878200725
 0.5474796595807736 0.4693111847232073 0.3388485412102600
 0.5472088351208259 0.4700787830778104 0.3395222092811037
 0.5469698881093421 0.4707546657029636 0.3401159473015439
 0.5467320904147747 0.4714260323873997 0.3407062052730726
 0.5464527433623755 0.4722130995952546 0.3413987962205327
 0.5462025883138386 0.4729164533751456 0.3420183117830478
 0.5459661314267510 0.4735800263258063 0.3426033389681984
 0.5457169230148436 0.4742780580994392 0.3432193455025941
 0.5454382487760934 0.4750570191085094 0.3439074773471255
 0.5451954862933369 0.4757342239002931 0.3445062745706307
 0.5449552188344549 0.4764032144359160 0.3450982721868193
 0.5446762597522157 0.4771783782656508 0.3457847798268367
 0.5444222540229745 0.4778827530404500 0.3464091338153260
 0.5441832545674429 0.4785442587555078 0.3469959911823031
 0.5439331213274979 0.4792352825743719 0.3476095756321852
 0.5436435013134912 0.4800337424379964 0.3483192251280161
 0.5433968879019357 0.4807122462542910 0.3489227785114917
 0.5431544814984154 0.4813779350547466 0.3495153547054157
 0.5428769427627882 0.4821386002415998 0.3501929763643217
 0.5426189114699492 0.4828443677964789 0.3508222021375049
 0.5423772056528354 0.4835042355028223 0.3514109938548796
 0.5421258759915177 0.4841891036653976 0.3520226235981503
 0.5418228176873247 0.4850132130870278 0.3527593160392699
 0.5415721283950283 0.4856935018596559 0.3533679896163515
 0.5413272991742120 0.4863566591430898 0.3539617723647668
 0.5410492127936803 0.4871084318899893 0.3546354082043619
 0.5407874953239676 0.4878145349457641 0.3552686370816054
 0.5405431047795027 0.4884726545266038 0.3558593218762433
 0.5402903166518722 0.4891521373295434 0.3564696969990852
 0.5399685251944476 0.4900152665354308 0.3572457763236569
 0.5397131491118131 0.4906987992474848 0.3578609016673452
 0.5394652461862017 0.4913611054673116 0.3584573223378892
 0.5391833179364169 0.4921128562006331 0.3591347418522279
 0.5389189070174786 0.4928164934609506 0.3597692616847447
 0.5386719287603451 0.4934725176855491 0.3603612806859750
 0.5384164707209288 0.4941498293946607 0.3609729779849156
 0.5380904768358243 0.4950123395431464 0.3617526125242416
 0.5378324373426079 0.4956936186358619 0.3623689267296383
 0.5375821967072107 0.4963530990020814 0.3629659020570175
 0.5372988013375100 0.4970985249961072 0.3636411204532703
 0.5370309907446305 0.4978015684143828 0.3642784114210110
 0.5367812294556419 0.4984560185130498 0.3648721035872298
 0.5365234373938512 0.4991302909928010 0.3654842635288537
 0.5361845213181539 0.5000148708046167 0.3662880985538687
 0.5359227048015714 0.5006967650879434 0.3669082756692606
 0.5356694601391044 0.5013551343842708 0.3675074464855936
 0.5353819133197749 0.5021012563063983 0.3681869207944560
 0.5351114860029939 0.5028015814000970 0.3688251331142142
 0.5348591638674245 0.5034538226246908 0.3694199449182731
 0.5345988744318079 0.5041254533719617 0.3700328809732803
 0.5342486261912750 0.5050272837826009 0.3708565809251802
 0.5339832202192994 0.5057091972025118 0.3714798788818012
 0.5337269571779316 0.5063664288455039 0.3720809463857839
 0.5334350647230850 0.5071136198697648 0.3727646623760374
 0.5331620418648273 0.5078111471002237 0.3734033220833454
 0.5329069977909465 0.5084615584154085 0.3739992231745736
 0.5326434425413521 0.5091324792774384 0.3746143325315850
 0.5322988421516714 0.5100078884278632 0.3754175568199701
 0.5320316057584361 0.5106853482256144 0.3760396111959947
 0.5317732921565964 0.5113390173309119 0.3766401622136993
 0.5314820424721680 0.5120746576824575 0.3773164136724279
 0.5312046535177345 0.5127739402324850 0.3779596522567054
 0.5309466566822727 0.5134231608373899 0.3785572379989947
 0.5306816559832430 0.5140888314300850 0.3791703883040308
 0.5302825434114619 0.5150891501251617 0.3800925657754404
 0.5305487209551150 0.5144223118833544 0.3794777181540334
 0.5302956270268839 0.5150564003577240 0.3800623605519889
 0.5300375507192344 0.5157018649570702 0.3806578280284650
 0.5297769069601836 0.5163526216335724 0.3812584783448733
 0.5294798134987627 0.5170930054321458 0.3819421977553882
 0.5292002760750107 0.5177883037000126 0.3825846307239006
 0.5289397225039845 0.5184352234518832 0.3831827002724976
 0.5286715798619037 0.5190998225849380 0.3837974767906775
 0.5282828428665314 0.5200612329815754 0.3846874507143090
 0.5285420959332068 0.5194203311522209 0.3840940895630990
 0.5282875824719409 0.5200495259708220 0.3846766093653419
 0.5280270323353752 0.5206925544328879 0.3852722291299703
 0.5277641145304651 0.5213403131016138 0.3858724980088056
 0.5274664800223620 0.5220722609607433 0.3865510982976099
 0.5271828884821029 0.5227683528450846 0.3871967961320597
 0.5269192370368467 0.5234143491826060 0.3877963667476949
 0.5266486594633433 0.5240761671311805 0.3884109959717859
 0.5262395457243274 0.5250746377733759 0.3893389842956119
 0.5265123911686922 0.5244090328558453 0.3887202727839566
 0.5262536518865835 0.5250402546175162 0.3893070150139985
 0.5259900164313634 0.5256823378084619 0.3899041603888520
 0.5257242461037667 0.5263285182384624 0.3905053904712399
 0.5254239439222845 0.5270573317486944 0.3911838131590116
 0.5251369629704483 0.5277525068218407 0.3918312411166472
 0.5248705725381783 0.5283966643744478 0.3924314625921613
 0.5245979959922149 0.5290546496336025 0.3930448934598554
 0.5242218305944881 0.5299608230271070 0.3938902236658335
 0.5239395716639473 0.5306393608082153 0.3945235386674841
 0.5236701972582660 0.5312857971075789 0.3951271109929241
 0.5233721709985945 0.5319997137023337 0.3957939178020741
 0.5230787525572287 0.5327012871893541 0.3964494521001732
 0.5228086940919892 0.5333458668190160 0.3970519993296139
 0.5225344626115813 0.5339992938369209 0.3976631142354008
 0.5221879621584490 0.5348233238355542 0.3984342237299139
 0.5219030934704536 0.5354994553429636 0.3990672695111395
 0.5216327438550510 0.5361400220308510 0.3996672605534954
 0.5213440346341127 0.5368229079418567 0.4003071322862886
 0.5210318200777628 0.5375600232632645 0.4009981135203204
 0.5207556066691318 0.5382109627503912 0.4016086049276792
 0.5204816485423058 0.5388554978824021 0.4022133907366379
 0.5201698442711449 0.5395877581983496 0.4029008577085463
 0.5198760407759615 0.5402764692431530 0.4035477569283734
 0.5196023392749763 0.5409169504828131 0.4041495788882002
 0.5193211746142155 0.5415737876717059 0.4047669536913087
 0.5188940630979675 0.5425694371738021 0.4057031267448735
 0.5191789076772592 0.5419057152612621 0.4050790055174738
 0.5189098702205766 0.5425326346249860 0.4056685146112676
 0.5186361063400312 0.5431695229634991 0.4062675961089670
 0.5183605269113369 0.5438095750512130 0.4068698843595314
 0.5180513183596179 0.5445264723495686 0.4075447708201035
 0.5177519852040626 0.5452192090845102 0.4081971778077103
 0.5174753010618932 0.5458584284077067 0.4087993766986634
 0.5171937179602015 0.5465078838612157 0.4094113812215371
 0.5168371328056433 0.5473287683514955 0.4101851656031682
 0.5165443115023762 0.5480015671862508 0.4108195976234286
 0.5162663331778317 0.5486391850485232 0.4114210933966931
 0.5159693853114253 0.5493191605262133 0.4120628234220866
 0.5156484783590271 0.5500526648295304 0.4127553713797129
 0.5153645615553620 0.5507004690226576 0.4133672167646883
 0.5150831029798195 0.5513416024601810 0.4139729136061886
 0.5147634544986778 0.5520684519475858 0.4146597470806185
 0.5144614784354847 0.5527538744503944 0.4153076019491819
 0.5141807077423638 0.5533900877162712 0.4159091213136297
 0.5138934043138831 0.5540400335515584 0.4165238232383777
 0.5135070716497766 0.5549123071824240 0.4173491047805853
 0.5132095567737168 0.5555827233279883 0.4179836001021061
 0.5129264868731367 0.5562195264914539 0.4185864015589595
 0.5126190030654768 0.5569100827100875 0.4192402004786099
 0.5123026623883153 0.5576192648505574 0.4199117812752256
 0.5120162198821753 0.5582603183007481 0.4205190177197258
 0.5117290500460335 0.5589019525087755 0.4211270046821707
 0.5113932167109326 0.5596509931411860 0.4218370303136261
 0.5110894797026910 0.5603272220872620 0.4224782509692138
 0.5108045539359319 0.5609605179628584 0.4230789002871058
 0.5105094352255056 0.5616153998081654 0.4237001284645070
 0.5101139014092361 0.5624914084618114 0.4245312767360453
 0.5098138946033234 0.5631545570589344 0.4251606124620147
 0.5095254658921277 0.5637910672453479 0.4257648144091404
 0.5092056396831266 0.5644956725611459 0.4264338260906348
 0.5088908610087598 0.5651879374391070 0.4270912643118083
 0.5086013298699518 0.5658236134810801 0.4276950414318784
 0.5083081653175998 0.5664662322818584 0.4283054583199787
 0.5079516797780321 0.5672462549235670 0.4290464518153687
 0.5076449608532849 0.5679161629092669 0.4296829295568318
 0.5073552391342685 0.5685479146646316 0.4302832778969870
 0.5070507135446849 0.5692108701772087 0.4309134395300222
 0.5066968297159582 0.5699798986473952 0.4316446323625598
 0.5063974356766398 0.5706293610472183 0.4322622797644773
 0.5061051739122527 0.5712623360988627 0.4328643331311453
 0.5057824475947709 0.5719601299344468 0.4335281175942100
 0.5054610752801756 0.5726537907828572 0.4341880655627160
 0.5051667912614590 0.5732879328192121 0.4347914998483456
 0.5048702055320017 0.5739260227914466 0.4353988209598423
 0.5045204634105753 0.5746771763744113 0.4361139139785735
 0.5042071022506175 0.5753490035961232 0.4367535929624194
 0.5039126927714911 0.5759791795891365 0.4373536539005177
 0.5036070923843953 0.5766322686246252 0.4379755406552376
 0.5032073944885495 0.5774848577704497 0.4387874115899551
 0.5028981628140978 0.5781432420616847 0.4394144087159905
 0.5026001444140180 0.5787767391120265 0.4400177957594656
 0.5022696233778416 0.5794781687962853 0.4406860146356396
 0.5019449237497798 0.5801660632528930 0.4413414581447527
 0.5016464666281166 0.5807973333492541 0.4419430206750414
 0.5013448776668202 0.5814342313808126 0.4425499888948807
 0.5009854330397684 0.5821920070577377 0.4432722041468331
 0.5006680335443471 0.5828599713828467 0.4439088944487473
 0.5003694498553966 0.5834873385464774 0.4445069832098321
 0.5000591046910178 0.5841383954308772 0.4451277713055820
 0.4996529672044276 0.5849888419477303 0.4459388311178079
 0.4993385717211505 0.5856459666816592 0.4465655853043937
 0.4990355459818132 0.5862783281399661 0.4471687244198568
 0.4986997601375216 0.5869779135653309 0.4478359631466431
 0.4983691071735709 0.5876656383272153 0.4484918901174429
 0.4980653327124652 0.5882964425182313 0.4490935695185052
 0.4977583354544434 0.5889329545442205 0.4497007706047906
 0.4973902973380529 0.5896947265123437 0.4504275846643458
 0.4970682974007107 0.5903600509923880 0.4510624672180069
 0.4967653345162706 0.5909850590206892 0.4516589246258586
 0.4964502568365006 0.5916340542306573 0.4522783022006509
 0.4960401177236288 0.5924773274444364 0.4530831493060995
 0.4957213559007994 0.5931315338119743 0.4537076307976848
 0.4954143822160034 0.5937605681785009 0.4543081890839802
 0.4950766673946999 0.5944514906602399 0.4549679606729262
 0.4947379123201838 0.5951433830364399 0.4556287606425885
 0.4944283515544320 0.5957746370469169 0.4562316880669560
 0.4941167252794900 0.5964091325490312 0.4568377102088433
 0.4937496896418772 0.5971552023478961 0.4575502814685384
 0.4934209400086568 0.5978223115665749 0.4581874461888640
 0.4931125131519732 0.5984472084277057 0.4587843417439839
 0.4927933347872310 0.5990929010651732 0.4594011834245864
 0.4923495846019013 0.5999889386048164 0.4602573324182700
 0.4920237754346083 0.6006455997593956 0.4608848413901337
 0.4917119084968294 0.6012731930951110 0.4614846071325245
 0.4913673613325000 0.6019654554117311 0.4621462052057704
 0.4910253425337401 0.6026515045851957 0.4628019216047461
 0.4907118534346685 0.6032793389154483 0.4634020837740103
 0.4903959992884545 0.6039109581060179 0.4640059755200619
 0.4900259912892413 0.6046496595173554 0.4647123907050080
 0.4896912066498171 0.6053169186659709 0.4653505800846466
 0.4893773106229158 0.6059415815734164 0.4659480624469124
 0.4890528726356067 0.6065862475714729 0.4665646775628742
 0.4885897331690587 0.6075048059098779 0.4674432680525689
 0.4888985824882337 0.6068924788930526 0.4668575818282926
 0.4885918517739721 0.6075006085839074 0.4674392532486394
 0.4882777614066895 0.6081224197136811 0.4680340508066969
 0.4879622218337414 0.6087461761900701 0.4686307881487770
 0.4876132910302265 0.6094348663797392 0.4692897656909900
 0.4872650365034255 0.6101211016526233 0.4699465148161993
 0.4869468900675232 0.6107470346854578 0.4705456340015020
 0.4866274590436525 0.6113745627685873 0.4711463370223026
 0.4862593317531389 0.6120966014660382 0.4718375816280387
 0.4859181317906109 0.6127647262123549 0.4724773102399203
 0.4855998576812068 0.6133870089289112 0.4730732688374140
 0.4852738464286010 0.6140234724629857 0.4736829565001024
 0.4848479191652416 0.6148535617583831 0.4744783388032341
 0.4845094637063598 0.6155120206796765 0.4751093919485361
 0.4841882854407623 0.6161359238606600 0.4757073822495449
 0.4838446078810161 0.6168025195249270 0.4763463245579672
 0.4834746471962088 0.6175189275681237 0.4770330630937641
 0.4831472795909611 0.6181518520966367 0.4776398602395500
 0.4828238055279422 0.6187763261635144 0.4782386767562487
 0.4824629075096927 0.6194719694502946 0.4789059089338929
 0.4821107365688403 0.6201496984865724 0.4795561279150583
 0.4817868263999155 0.6207720924679178 0.4801533823868710
 0.4814600874653862 0.6213990039235552 0.4807550725273979
 0.4810779207971478 0.6221310987131612 0.4814578433581840
 0.4807313359268834 0.6227939491606098 0.4820942940465780
 0.4804069445479842 0.6234134249198342 0.4826892638888532
 0.4800732988247269 0.6240496393260623 0.4833005002191902
 0.4796108303351053 0.6249299401376921 0.4841465421092929
 0.4792649374261556 0.6255871613312253 0.4847783639946235
 0.4789360923478319 0.6262110578484616 0.4853782448733158
 0.4785781892198965 0.6268890551479349 0.4860302309849308
 0.4782116658043257 0.6275822748262124 0.4866969711282806
 0.4778798282431493 0.6282089288090117 0.4872998353034702
 0.4775482363372538 0.6288342079859917 0.4879015613675808
 0.4771689710412485 0.6295482719624699 0.4885889836144411
 0.4768145333834937 0.6302145224443095 0.4892306167678792
 0.4764851034317069 0.6308328421101407 0.4898262735528927
 0.4761494576242958 0.6314619173306799 0.4904324523646020
 0.4757359053811135 0.6322357465694534 0.4911783397813391
 0.4753853766294379 0.6328905625745704 0.4918097340173709
 0.4750548999096226 0.6335070112600060 0.4924043535135338
 0.4747100632885881 0.6341493090407107 0.4930241517842553
 0.4742702289325635 0.6349671675899468 0.4938137038543730
 0.4739224710777913 0.6356127189390968 0.4944371384687102
 0.4735872096454217 0.6362341618853862 0.4950374415004232
 0.4732200352740042 0.6369137364771703 0.4956940571975249
 0.4728480118190120 0.6376011997019770 0.4963584939760116
 0.4725096490613518 0.6382255152318629 0.4969621236234510
 0.4721705104553598 0.6388503610675174 0.4975665292795095
 0.4717787964509784 0.6395709553099513 0.4982639097663488
 0.4714182631309330 0.6402331332146446 0.4989050867976333
 0.4710821700242838 0.6408495137029719 0.4995021760955551
 0.4707384688953555 0.6414789428698592 0.5001121369668642
 0.4703002725628324 0.6422801025906086 0.5008888494923621
 0.4699434486574526 0.6429313982641518 0.5015205721085314
 0.4696065107289119 0.6435455020466734 0.5021164985236058
 0.4692525326566242 0.6441897299987244 0.5027419631809367
 0.4688288565808861 0.6449595530134777 0.5034897593584414
 0.4684774078842275 0.6455971059539558 0.5041093576971371
 0.4681365963893551 0.6462144713389504 0.5047095548832536
 0.4677656353960196 0.6468854575413995 0.5053621199832095
 0.4673821674842156 0.6475779809628674 0.5060359270727579
 0.4670359226265473 0.6482023370458744 0.5066437224140546
 0.4666903615362906 0.6488245694226771 0.5072497954576364
 0.4662963892594095 0.6495328909522220 0.5079401706625479
 0.4659260697853875 0.6501976393240221 0.5085884997589726
 0.4655821540090191 0.6508140848130479 0.5091900518082437
 0.4652319125936838 0.6514409742183261 0.5098020928258373
 0.4647984505086809 0.6522155730345627 0.5105587454225554
 0.4644338197931865 0.6528661066107124 0.5111945717386172
 0.4640905222562774 0.6534776949174669 0.5117926694106180
 0.4637331405938018 0.6541134651840751 0.5124147841015606
 0.4632598388531438 0.6549540309455024 0.5132378705930856
 0.4628975794652848 0.6555962983085228 0.5138671955105690
 0.4625505333293985 0.6562107087902498 0.5144695370501554
 0.4621739098712513 0.6568765066680159 0.5151226023732435
 0.4617814780332722 0.6575691731222381 0.5158024421590059
 0.4614282506086396 0.6581917038884312 0.5164138630608659
 0.4610766052642841 0.6588105667978794 0.5170221170937007
 0.4606800712245027 0.6595073799052217 0.5177075234261183
 0.4602993495640954 0.6601753627056733 0.5183650840457795
 0.4599471910119173 0.6607923234089869 0.5189728219322773
 0.4595898162614187 0.6614175335500202 0.5195890438022549
 0.4591553641614841 0.6621763846024944 0.5203374534606738
 0.4587822659923174 0.6628270201126067 0.5209795712819548
 0.4584315659151544 0.6634377148000500 0.5215826775991245
 0.4580677766489009 0.6640703025338632 0.5222078553295531
 0.4575589000260885 0.6649536479220234 0.5230816429866439
 0.4571879405162548 0.6655964639367540 0.5237180666261656
 0.4568344317467853 0.6662081623847510 0.5243241045161893
 0.4564502629813946 0.6668719449463039 0.5249822111524818
 0.4560518075417636 0.6675593497367779 0.5256642805846047
 0.4556928347311559 0.6681777161361797 0.5262783613450992
 0.4553361022512741 0.6687913581159940 0.5268882636346316
 0.4549389371022151 0.6694735394261885 0.5275668947321039
 0.4545466507219104 0.6701462972136706 0.5282367471104394
 0.4541864602847715 0.6707631008609343 0.5288513618385418
 0.4538233724824957 0.6713839862253944 0.5294704677480789
 0.4533976954118706 0.6721107786260579 0.5301957111784364
 0.4530137713954816 0.6727652476410110 0.5308493154005902
 0.4526544708775446 0.6733768547437051 0.5314606218681434
 0.4522846558775260 0.6740054669457077 0.5320894830337564
 0.4517296521515297 0.6749471689295817 0.5330326572314421
 0.4520997533217285 0.6743194257619696 0.5324037861870218
 0.4517454047714069 0.6749204686689044 0.5330058972368327
 0.4513860814458651 0.6755291061283578 0.5336161487811930
 0.4510277673787346 0.6761351903259735 0.5342243498179472
 0.4506404509096578 0.6767893867054550 0.5348813869986716
 0.4502276004439417 0.6774856332646578 0.5355813017364093
 0.4498610337415644 0.6781028954472722 0.5362024005266695
 0.4495001637979125 0.6787097129406769 0.5368135509998140
 0.4491071801645063 0.6793695720099442 0.5374787619722630
 0.4486974764559820 0.6800564442021336 0.5381718926846538
 0.4483291902241393 0.6806729572732174 0.5387945865850891
 0.4479637333737645 0.6812838731360532 0.5394121291875608
 0.4475580395767034 0.6819610495511710 0.5400972389272547
 0.4471550187865566 0.6826327237627756 0.5407774362085845
 0.4467856368657251 0.6832474271325299 0.5414005688046682
 0.4464137190839488 0.6838654750457983 0.5420277459017333
 0.4459795834284145 0.6845858074131095 0.5427595697022553
 0.4455855456493060 0.6852385771517533 0.5434235231734844
 0.4452172565276069 0.6858478066599937 0.5440438093146667
 0.4448392345698741 0.6864722498195780 0.5446801678958357
 0.4443260762140502 0.6873184878410269 0.5455434743744799
 0.4439361173666904 0.6879604600697636 0.5461991277956356
 0.4435680873709594 0.6885654627926512 0.5468176394278359
 0.4431778003670269 0.6892061340913677 0.5474732945843678
 0.4427381098051407 0.6899267722923762 0.5482116265979119
 0.4423595977638538 0.6905461836846725 0.5488469404632513
 0.4419911722891222 0.6911482406820272 0.5494650529728765
 0.4415955240175132 0.6917938538280662 0.5501285392872404
 0.4411638649258401 0.6924971336777638 0.5508520940658426
 0.4407841562927197 0.6931148309187581 0.5514883376135844
 0.4404110810174703 0.6937208802685925 0.5521132909416506
 0.4400044548466785 0.6943804668852914 0.5527942592266838
 0.4395815825918468 0.6950653410504557 0.5535021986635388
 0.4392005498551172 0.6956815251059394 0.5541398413404292
 0.4388212279495762 0.6962940711462146 0.5547743458699673
 0.4383939141969758 0.6969830779313202 0.5554887889479148
 0.4379834946129308 0.6976438110154993 0.5561746819947697
 0.4376044119768999 0.6982531977045913 0.5568079955363958
 0.4372205788906824 0.6988693451739372 0.5574490924573520
 0.4367612842347504 0.6996054719517671 0.5582160640969487
 0.4363593221847710 0.7002486795792537 0.5588871424841296
 0.4359829047738940 0.7008501416055601 0.5595154150158350
 0.4355959624831686 0.7014675460613990 0.5601610669071149
 0.4350831801623619 0.7022843777349460 0.5610163887167955
 0.4346830812324847 0.7029206353556279 0.5616835311192103
 0.4343062444556615 0.7035190399163205 0.5623117315788618
 0.4339113892030618 0.7041451638304334 0.5629698225516506
 0.4334169029921746 0.7049279868409462 0.5637937368441700
 0.4330206516603941 0.7055542641653144 0.5644537542660205
 0.4326400631505437 0.7061549260157353 0.5650874742155441
 0.4322327478188508 0.7067968377577883 0.5657654685869817
 0.4317836904884717 0.7075034196109439 0.5665127076190800
 0.4313904149208073 0.7081212732266342 0.5671669744280022
 0.4310038653485764 0.7087276913246243 0.5678099572535391
 0.4305796782022031 0.7093921663284027 0.5685154530180191
 0.4301481358665971 0.7100671036286066 0.5692330517508336
 0.4297561841094916 0.7106791970682512 0.5698846491568003
 0.4293642290895566 0.7112904183780634 0.5705360430811298
 0.4289168348997540 0.7119870230132230 0.5712792875175571
 0.4284978243433725 0.7126384023126214 0.5719751195440512
 0.4281094750253961 0.7132412282630428 0.5726198510522086
 0.4277157746670641 0.7138514900716413 0.5732733295511743
 0.4272474893173857 0.7145762250906253 0.5740504607483496
 0.4268342878675695 0.7152146854350749 0.5747360434202685
 0.4264483689794455 0.7158101242796655 0.5753762219106607
 0.4260541783439674 0.7164174644276080 0.5760299643264308
 0.4255762174635188 0.7171527069428442 0.5768224147613699
 0.4251627707718576 0.7177876806909742 0.5775077258793969
 0.4247754362657239 0.7183816887576930 0.5781496298595717
 0.4243782702391135 0.7189899098007408 0.5788077125816536
 0.4238919495027054 0.7197334733406610 0.5796133433560862
 0.4234753446866685 0.7203694055851545 0.5803032862597735
 0.4230832490262417 0.7209670521340666 0.5809524340578223
 0.4226774136781482 0.7215847514157344 0.5816241034005447
 0.4221611748580053 0.7223691850342467 0.5824781919891597
 0.4217434262588065 0.7230028944647150 0.5831691480783731
 0.4213448638010254 0.7236066119572095 0.5838282698525994
 0.4209191362378925 0.7242505225640717 0.5845322349073772
 0.4204537534612747 0.7249532855790733 0.5853016575061155
 0.4200452209010308 0.7255692334802618 0.5859769369602659
 0.4196434380886503 0.7261741250102062 0.5866408644291360
 0.4192005398674557 0.7268399081211235 0.5873724675391542
 0.4187585115534753 0.7275033317815673 0.5881023536988895
 0.4183563723757384 0.7281059768141290 0.5887661610426583
 0.4179557008587945 0.7287055616724104 0.5894273815092606
 0.4175092088921099 0.7293727046898425 0.5901640556919153
 0.4170716216099635 0.7300255120004411 0.5908858732628952
 0.4166716419979804 0.7306213246991171 0.5915454930193402
 0.4162729940536085 0.7312143096461085 0.5922027394974111
 0.4158338533347667 0.7318665540329738 0.5929265287151124
 0.4153881226020080 0.7325275456104191 0.5936609569024605
 0.4149844493652668 0.7331252658251802 0.5943259157060778
 0.4145846278976036 0.7337164389132365 0.5949843845312917
 0.4141503930436592 0.7343575462213058 0.5956993606930122
 0.4136890985380702 0.7350375245163873 0.5964586620215331
 0.4132778265416619 0.7356428303919568 0.5971353796252047
 0.4128723184957894 0.7362387912067215 0.5978023536173324
 0.4124310725213360 0.7368863050580485 0.5985278113572369
 0.4119671499425215 0.7375660089042509 0.5992902544750819
 0.4115506729294675 0.7381752521970644 0.5999745158461681
 0.4111368771861994 0.7387796879871632 0.6006542199647685
 0.4106739953682345 0.7394547811537935 0.6014143840141960
 0.4102221725320843 0.7401126853702745 0.6021561757314688
 0.4098062134616311 0.7407174445014826 0.6028388414046404
 0.4093861711508301 0.7413272440421416 0.6035279125557246
 0.4088890559284409 0.7420477742004058 0.6043429987513279
 0.4084481681187621 0.7426857571763502 0.6050655243496107
 0.4080363233890665 0.7432808243476172 0.6057401831269903
 0.4076145683141219 0.7438893226889431 0.6064308486613007
 0.4070745795654154 0.7446670972006095 0.6073148341731436
 0.4066388508464907 0.7452936318654243 0.6080278884597625
 0.4062300441323873 0.7458805897822963 0.6086966524017038
 0.4058069664401939 0.7464871574355051 0.6093884968640098
 0.4052104039905582 0.7473409333219110 0.6103635553989846
 0.4047739495238993 0.7479644475789075 0.6110765787640879
 0.4043635728697422 0.7485498451506765 0.6117467480431871
 0.4039323742374561 0.7491640468357693 0.6124506587408554
 0.4033942590396790 0.7499292533158706 0.6133286965389649
 0.4029616026788311 0.7505434618318382 0.6140342855370411
 0.4025469400336713 0.7511312632432984 0.6147101886612381
 0.4021077107836442 0.7517529700928071 0.6154257681171941
 0.4015880504680915 0.7524873056446957 0.6162719356024845
 0.4011519735269642 0.7531025133740270 0.6169816845665242
 0.4007287587452463 0.7536986915079666 0.6176702607566000
 0.4002725679746378 0.7543403497352353 0.6184122322626536
 0.3997808366897460 0.7550308701873663 0.6192116646695670
 0.3993444470610878 0.7556426991432438 0.6199207566949400
 0.3989126689181239 0.7562471606228927 0.6206219528139517
 0.3984306093976324 0.7569209555198045 0.6214042961652987
 0.3979605748595488 0.7575768714926879 0.6221666228499422
 0.3975284124604542 0.7581790076084307 0.6228671365349053
 0.3970925723557673 0.7587853671675038 0.6235732813744354
 0.3965788651515086 0.7594989003470762 0.6244051919686142
 0.3961213757821894 0.7601332951523291 0.6251456866864459
 0.3956947973150179 0.7607239352021516 0.6258357857184287
 0.3952597102925151 0.7613254726888194 0.6265392395828104
 0.3947298271696955 0.7620568705418633 0.6273953557293612
 0.3942765099421110 0.7626815399131057 0.6281272338461121
 0.3938532072066798 0.7632639821791247 0.6288102291523965
 0.3934213939625979 0.7638572736579877 0.6295065564614660
 0.3929092667539406 0.7645597888213673 0.6303318879468359
 0.3924535511573229 0.7651838980646211 0.6310658382777350
 0.3920292911436519 0.7657640649972499 0.6317487146561703
 0.3915998324359223 0.7663504952549162 0.6324395430066848
 0.3911153785639024 0.7670110032465728 0.6332183426541166
 0.3906472820711399 0.7676481862295690 0.6339703781498224
 0.3902158270535634 0.7682346036971827 0.6346631691100633
 0.3897839919315282 0.7688206865905973 0.6353562235775797
 0.3893118363106164 0.7694605199586522 0.6361135795913094
 0.3888228495101630 0.7701220941171756 0.6368974368961479
 0.3883799542485470 0.7707203736844088 0.6376069212499447
 0.3879400246948576 0.7713137694804864 0.6383111644926212
 0.3874580387735678 0.7719628913464310 0.6390821732253610
 0.3869612845040117 0.7726308100724474 0.6398762421323134
 0.3865101505153328 0.7732364309126395 0.6405969506120452
 0.3860586055986859 0.7738416921946933 0.6413179427487633
 0.3855430459955705 0.7745316484564347 0.6421406951689932
 0.3850573287425489 0.7751805861149875 0.6429153279637889
 0.3846053719874395 0.7757834785000670 0.6436356107595638
 0.3841431677846741 0.7763991060265438 0.6443716508680931
 0.3835240025284052 0.7772223196508424 0.6453566842325690
 0.3830482488671721 0.7778537147855231 0.6461128405201171
 0.3825992520574019 0.7784486897176365 0.6468259454778041
 0.3821222084102520 0.7790798645697515 0.6475830849640293
 0.3815996744022230 0.7797700890808877 0.6484118430990099
 0.3811443557864322 0.7803705597408179 0.6491334792526969
 0.3807017473958034 0.7809534066612336 0.6498344705864105
 0.3802309130435277 0.7815724929145400 0.6505795821382728
 0.3796984953444045 0.7822714016753767 0.6514213977897441
 0.3792431470691621 0.7828681738928079 0.6521407261579297
 0.3788039433520737 0.7834429450427085 0.6528340169490235
 0.3783432809924326 0.7840449120664619 0.6535606349501255
 0.3777329456910496 0.7848410694954461 0.6545224817715244
 0.3772672218217178 0.7854475219860657 0.6552557583727856
 0.3768261618594914 0.7860210102073019 0.6559496474222526
 0.3763661533949155 0.7866182600961653 0.6566727656733501
 0.3757772932089830 0.7873815023230727 0.6575975863218604
 0.3753070286193411 0.7879899820219483 0.6583354942804718
 0.3748608122363933 0.7885664886189527 0.6590351474094029
 0.3743997960509343 0.7891612422840408 0.6597574699651252
 0.3738562245906166 0.7898613618294700 0.6606084000536171
 0.3733784147524357 0.7904757662706146 0.6613556682862290
 0.3729233603555059 0.7910600304222777 0.6620666872627238
 0.3724544109305844 0.7916612396784702 0.6627987345140843
 0.3719178207943143 0.7923480550227345 0.6636355579516461
 0.3714292903710125 0.7929723269582876 0.6643967392015785
 0.3709623429825329 0.7935681049338242 0.6651237270093575
 0.3704744940387237 0.7941895995859443 0.6658826841677388
 0.3698810292706688 0.7949443361574230 0.6668051145957600
 0.3693858081825783 0.7955730367193631 0.6675740556028412
 0.3689065449377203 0.7961805326385581 0.6683174591623569
 0.3683817832480029 0.7968446371480148 0.6691305376689934
 0.3678516476884209 0.7975144171627427 0.6699510055784916
 0.3673690500106177 0.7981231567712115 0.6706971416808262
 0.3668840240314457 0.7987340206416635 0.6714463675467848
 0.3663075080537578 0.7994588906254325 0.6723361018998425
 0.3658014976145517 0.8000940227086789 0.6731162810057810
 0.3653283971242146 0.8006869285971366 0.6738450372000356
 0.3648422421282333 0.8012952728596278 0.6745931539386046
 0.3642056878668073 0.8020904090443942 0.6755714939787787
 0.3637113885782458 0.8027067529166808 0.6763302386956110
 0.3632452600623483 0.8032870939784842 0.6770450022234873
 0.3627598975101467 0.8038904802153536 0.6777885348843213
 0.3621505809908442 0.8046466634775584 0.6787209465959562
 0.3616667520187901 0.8052460858903719 0.6794605306251807
 0.3612089745374157 0.8058123987568199 0.6801596190662458
 0.3607352294840993 0.8063976134964107 0.6808823768222974
 0.3601090634714618 0.8071697882402687 0.6818365268164394
 0.3596204378443191 0.8077713065876140 0.6825801857214410
 0.3591651603284336 0.8083309505629379 0.6832723848097616
 0.3587005938080393 0.8089011983172191 0.6839780126956059
 0.3581638577320561 0.8095590114235687 0.6847923833247435
 0.3576651028709115 0.8101692966780631 0.6855482698610245
 0.3572051369450621 0.8107312857933515 0.6862446224496940
 0.3567471198510235 0.8112901015210559 0.6869373054862471
 0.3562554544103614 0.8118890933786729 0.6876800873962459
 0.3557176551543896 0.8125432523331024 0.6884916603756972
 0.3552396572358967 0.8131237640651339 0.6892122259052011
 0.3547780675596845 0.8136835405923912 0.6899073892185696
 0.3542997663558803 0.8142627481954681 0.6906270204739835
 0.3537137825527219 0.8149712006940595 0.6915076499337504
 0.3532101781103938 0.8155790434189661 0.6922635316291909
 0.3527363271572275 0.8161501214086835 0.6929739263193009
 0.3522534564533327 0.8167312218122897 0.6936970182416343
 0.3517026345460760 0.8173930545312239 0.6945208893569437
 0.3511842520497280 0.8180148987323410 0.6952953480811707
 0.3506931788337480 0.8186030812262315 0.6960282484483410
 0.3501969187282937 0.8191965873821289 0.6967681408893192
 0.3496397705215605 0.8198618514577856 0.6975978625410977
 0.3491068321631480 0.8204971600388148 0.6983904980646087
 0.3485964960901952 0.8211045676758298 0.6991484907955098
 0.3480743731348323 0.8217250382966367 0.6999229107720170
 0.3474342523982172 0.8224844044627172 0.7008708836060872
 0.3468955277142953 0.8231223558623260 0.7016675257589479
 0.3463695056588391 0.8237442716774120 0.7024444260659075
 0.3457824087647803 0.8244372409621039 0.7033104484194351
 0.3452209509280827 0.8250988112739165 0.7041375500569761
 0.3446973408616198 0.8257147873325962 0.7049078535582158
 0.3441576968542116 0.8263486212507636 0.7057006169156775
 0.3435208655511576 0.8270952985616962 0.7066346348652193
 0.3429905533921194 0.8277160074072553 0.7074112005619940
 0.3424788509183673 0.8283140105699291 0.7081595279295232
 0.3419268221863097 0.8289581269633829 0.7089658187848410
 0.3413677763360719 0.8296093615336581 0.7097813361808638
 0.3408647751722531 0.8301943924037619 0.7105142113354928
 0.3403701141967758 0.8307688783106896 0.7112340762623667
 0.3398369656762301 0.8313871275243614 0.7120089423285731
 0.3392732151045640 0.8320398115657391 0.7128271016578848
 0.3387766063717553 0.8326138690331362 0.7135468077285976
 0.3382950649471871 0.8331697131370974 0.7142437972195832
 0.3377911303604763 0.8337505686412963 0.7149723090744479
 0.3371196420662856 0.8345232272183098 0.7159416848615685
 0.3366124712327274 0.8351058101346690 0.7166728283998259
 0.3361370655303340 0.8356511248095911 0.7173573626406416
 0.3356480010460917 0.8362113215123841 0.7180607077212559
 0.3350520764996489 0.8368928474224464 0.7189165137078131
 0.3345416376483362 0.8374756737050175 0.7196484641613355
 0.3340685427148430 0.8380150927274153 0.7203259628762051
 0.3335942623094355 0.8385551244744142 0.7210042943175640
 0.3330792409053145 0.8391407097974132 0.7217399219323894
 0.3325273785835975 0.8397672211224400 0.7225270476252824
 0.3320422103722150 0.8403171967690696 0.7232180775368349
 0.3315737180156639 0.8408475430363818 0.7238844813605999
 0.3310904668407346 0.8413938514597077 0.7245709658383900
 0.3305185112223385 0.8420394640398781 0.7253822525432500
 0.3300058396155169 0.8426172625447712 0.7261083366531517
 0.3295319974531732 0.8431505485446830 0.7267784978286531
 0.3290601739943967 0.8436808484241429 0.7274449185956443
 0.3285569447791492 0.8442456632898778 0.7281547197943397
 0.3279589383619341 0.8449158065584561 0.7289968732151547
 0.3274618695106020 0.8454719730574496 0.7296957622857601
 0.3269892144789051 0.8460000985672025 0.7303593749662990
 0.3265054442443482 0.8465399144839705 0.7310376357617073
 0.3259540697384015 0.8471542698999712 0.7318095124367823
 0.3254262626363730 0.8477414736783720 0.7325472509064059
 0.3249426344295529 0.8482787630431274 0.7332222641972256
 0.3244651054796932 0.8488085617936555 0.7338878444290520
 0.3239620546715304 0.8493659102261114 0.7345879846906248
 0.3233173758331385 0.8500790286800631 0.7354836644651341
 0.3228027747277640 0.8506473403500630 0.7361973050367270
 0.3223189800294939 0.8511808880003225 0.7368671387754258
 0.3218250552559030 0.8517248677152368 0.7375499190653706
 0.3212648783648988 0.8523409119559860 0.7383229946644115
 0.3207220171151010 0.8529370022699845 0.7390709062117766
 0.3202246921151941 0.8534823065733914 0.7397550082041758
 0.3197328646528736 0.8540208471857947 0.7404305348072341
 0.3192121643253022 0.8545902080242628 0.7411445903493529
 0.3185814248137295 0.8552788000862354 0.7420079261506812
 0.3180547678092166 0.8558528502658971 0.7427273880540252
 0.3175542683666580 0.8563976219115643 0.7434099141342743
 0.3170397001352106 0.8569569299976720 0.7441104243776091
 0.3164378927287905 0.8576100665718780 0.7449282118021533
 0.3158836963899347 0.8582105848989654 0.7456799446435024
 0.3153690408533898 0.8587674475856009 0.7463769056775991
 0.3148523081731061 0.8593257756192059 0.7470755660041835
 0.3142879644878548 0.8599346547179442 0.7478372727909190
 0.3136849604819348 0.8605842189095807 0.7486495466425795
 0.3131478992754321 0.8611618592916742 0.7493715340886913
 0.3126213499505752 0.8617273830084486 0.7500780461819533
 0.3120628007965410 0.8623264010183350 0.7508260751964737
 0.3114133253648725 0.8630218057858142 0.7516941205035019
 0.3108510775074250 0.8636228389780896 0.7524441198703326
 0.3103086333763733 0.8642018473709222 0.7531664247932103
 0.3097388106330287 0.8648091786705467 0.7539237894697483
 0.3090619985248261 0.8655293466478803 0.7548213808617029
 0.3084776944671157 0.8661500408403168 0.7555944638601280
 0.3079147729588797 0.8667471131930450 0.7563376175028260
 0.3073193983692910 0.8673776420039827 0.7571218883335057
 0.3066433667960910 0.8680923917157640 0.7580103407026640
 0.3060416961625402 0.8687274539154196 0.7587992932571275
 0.3054518841509713 0.8693490271093197 0.7595710901974760
 0.3048084883679580 0.8700259760417524 0.7604111298379825
 0.3041368053018368 0.8707314750696062 0.7612858902861981
 0.3035160069230752 0.8713824310839500 0.7620922703100994
 0.3028812318895654 0.8720469582816820 0.7629146786444099
 0.3021501366688224 0.8728109676131339 0.7638592868497176
 0.3014843389250211 0.8735054856027711 0.7647172320454694
 0.3008229991897315 0.8741941749528594 0.7655673403839409
 0.3000591499158677 0.8749881580872821 0.7665465865007525
 0.2993721301603182 0.8757009546397089 0.7674247922284431
 0.2986847884360828 0.8764128344947020 0.7683008534388743
 0.2979251609623731 0.8771981325712341 0.7692660062342864
 0.2972512931421443 0.8778935064186558 0.7701195795293565
 0.2965696969943796 0.8785956497944196 0.7709805486050750
 0.2958155870622722 0.8793710868684123 0.7719303903566905
 0.2951578223945989 0.8800462533849697 0.7727565123981081
 0.2945057065630495 0.8807145224775906 0.7735732570343021
 0.2936531844640657 0.8815865196865724 0.7746374000774209
 0.2929909364736928 0.8822626183556310 0.7754611733086549
 0.2923600629298673 0.8829056525152278 0.7762436423439072
 0.2916569882873019 0.8836210964082284 0.7771131468338502
 0.2909868777795661 0.8843018406758566 0.7779394809109831
 0.2903679154031386 0.8849296276683349 0.7787006387583779
 0.2897367803260740 0.8855687788775155 0.7794745975078903
 0.2888470371634325 0.8864681469991954 0.7805617651341964
 0.2881990202123175 0.8871219464288076 0.7813505981838126
 0.2875838513363512 0.8877416524450484 0.7820971472709829
 0.2869074720187111 0.8884219548810411 0.7829154756267479
 0.2862363793027210 0.8890958422392249 0.7837248881385454
 0.2856229464747734 0.8897108773668144 0.7844625638784946
 0.2850062079182187 0.8903283141231908 0.7852020393472535
 0.2842860486229640 0.8910481359265290 0.7860626245620002
 0.2836337963972244 0.8916990160096883 0.7868392688564511
 0.2830234230886025 0.8923071917458593 0.7875636194494956
 0.2823948803012032 0.8929325529164132 0.7883071250055157
 0.2814570939418735 0.8938638688695706 0.7894120626351359
 0.2820823992159295 0.8932431067157229 0.7886758755415738
 0.2814803284256159 0.8938408195333083 0.7893847487219519
 0.2808664455385230 0.8944493883496297 0.7901053643726949
 0.2802506414738993 0.8950589824464082 0.7908260141767626
 0.2795720203693843 0.8957297449420618 0.7916175107518595
 0.2788853449526351 0.8964073904493107 0.7924154465811843
 0.2782581420630908 0.8970254028118865 0.7931416229116713
 0.2776257674425955 0.8976476045581580 0.7938712396279078
 0.2768784132730261 0.8983817686701736 0.7947303005147243
 0.2762069094316845 0.8990403479504460 0.7954992718704934
 0.2755717971119589 0.8996623062332112 0.7962240435012889
 0.2749036832011849 0.9003156117977460 0.7969837507977749
 0.2741186478997316 0.9010819822736921 0.7978726816600626
 0.2734512244889915 0.9017324683423097 0.7986251634371283
 0.2727876872462033 0.9023781987684062 0.7993702679312320
 0.2720087817178761 0.9031349768864179 0.8002411945136031
 0.2713072995874728 0.9038154057038031 0.8010222069528443
 0.2706276288164400 0.9044736662538474 0.8017759517206042
 0.2698760397435340 0.9052004269858093 0.8026059734476361
 0.2691502754896576 0.9059010738078358 0.8034038784143246
 0.2684503194164187 0.9065757489490158 0.8041699567636114
 0.2676703487464664 0.9073263340773411 0.8050195913363801
 0.2669527006344304 0.9080158206695685 0.8057976703732647
 0.2662529440890283 0.9086870867962610 0.8065530580457251
 0.2654590235806430 0.9094474577638613 0.8074061916673186
 0.2647688608128427 0.9101074036299597 0.8081443841899968
 0.2640984921235419 0.9107474909888910 0.8088582174380541
 0.2633390397394415 0.9114715363309842 0.8096629930804987
 0.2626659052457540 0.9121123157759136 0.8103727904028535
 0.2620303215212597 0.9127165158070640 0.8110400094895056
 0.2613568965055684 0.9133558103058077 0.8117438705306618
 0.2606491859034047 0.9140266844678028 0.8124802070162200
 0.2600250167494519 0.9146175467258124 0.8131267564551721
 0.2594116975888707 0.9151973946168988 0.8137593931346074
 0.2587284824790599 0.9158424612966667 0.8144609232381054
 0.2580751216444669 0.9164584952108413 0.8151285862962701
 0.2574782466799002 0.9170205521029359 0.8157357843101273
 0.2568824472050183 0.9175809161346710 0.8163393177773892
 0.2562105562400984 0.9182120354058048 0.8170169134834492
 0.2555760090334169 0.9188072924164894 0.8176539499094302
 0.2549948353777579 0.9193518156959263 0.8182349231559490
 0.2544157448599554 0.9198937582048616 0.8188114106063158
 0.2537761598082117 0.9204915888980738 0.8194452637812016
 0.2531423478465317 0.9210832762709926 0.8200703806589139
 0.2525693783324864 0.9216175285681012 0.8206328930875140
 0.2520056859166316 0.9221425442530952 0.8211839120531459
 0.2514031991256281 0.9227030529678960 0.8217702783933285
 0.2507370257576020 0.9233220459811206 0.8224155748455154
 0.2501628209694720 0.9238549429114165 0.8229692213063712
 0.2496103984100347 0.9243670675899995 0.8234996018275051
 0.2490360957889708 0.9248989001868889 0.8240485915403720
 0.2482719414663304 0.9256056398300749 0.8247751950978819
 0.2476868056968175 0.9261461172305527 0.8253285535753951
 0.2471408537052193 0.9266498617866578 0.8258424941811622
 0.2465818161200321 0.9271651434605891 0.8263664154250163
 0.2459154185585682 0.9277786764296123 0.8269879064312328
 0.2453290492820836 0.9283178986476091 0.8275320499391663
 0.2447868083638891 0.9288160179758204 0.8280329861088279
 0.2442447700069055 0.9293134519734060 0.8285315522264198
 0.2436573170990197 0.9298520027859466 0.8290693988496816
 0.2430285490363052 0.9304277871838861 0.8296421724414106
 0.2424763630212160 0.9309328982772344 0.8301427040245662
 0.2419432315860352 0.9314200988488783 0.8306237733991034
 0.2413922365830660 0.9319231307537233 0.8311187225515684
 0.2407207514227729 0.9325354904960899 0.8317188625876054
 0.2401447664664061 0.9330601726282644 0.8322310046794490
 0.2396110667397578 0.9335458553893586 0.8327033696277900
 0.2390765180714612 0.9340318499606194 0.8331743742652092
 0.2384978193174047 0.9345574674141590 0.8336818803388562
 0.2378702211892519 0.9351268949819511 0.8342294305573844
 0.2373218706153684 0.9356239089051772 0.8347054155419703
 0.2367936539746241 0.9361022255002115 0.8351617874303222
 0.2362496873822843 0.9365943468799484 0.8356295833287926
 0.2356098991748322 0.9371725668161700 0.8361769558192745
 0.2350318720717363 0.9376944236569027 0.8366688610426299
 0.2344983784034637 0.9381756179499935 0.8371206472327934
 0.2339679517391281 0.9386536137530760 0.8375677111275529
 0.2334030428395455 0.9391622121956945 0.8380414943244130
 0.2327234290330538 0.9397734416943224 0.8386082594608124
 0.2321650329965725 0.9402751308768683 0.8390712943886709
 0.2316349279965092 0.9407509709603282 0.8395086609386410
 0.2310920499072504 0.9412378439408648 0.8399543310112521
 0.2304693824537490 0.9417957391846155 0.8404627086743598
 0.2298816222802385 0.9423218364716535 0.8409398342047310
 0.2293418818122185 0.9428045083403513 0.8413756156843186
 0.2288078237512558 0.9432816832108185 0.8418045795418012
 0.2282430334769646 0.9437858701232723 0.8422558199357879
 0.2274899627648417 0.9444574248555309 0.8428536583132777
 0.2269172184665269 0.9449676333595800 0.8433054308702658
 0.2263778893940265 0.9454476521565454 0.8437285561715657
 0.2258225807800973 0.9459414671926059 0.8441618956173943
 0.2251641025019813 0.9465264706186280 0.8446726759480016
 0.2245725562158571 0.9470514991383406 0.8451286807804083
 0.2240233640958154 0.9475385058045087 0.8455496072617599
 0.2234727460577937 0.9480263636755978 0.8459692832598202
 0.2228752784939925 0.9485552660298016 0.8464220329886337
 0.2222230693835892 0.9491320789737012 0.8469131701969632
 0.2216501192723488 0.9496383259290886 0.8473419851985177
 0.2210930865451423 0.9501300905045157 0.8477565332813700
 0.2205096131260809 0.9506447585169834 0.8481882632174168
 0.2196982042322095 0.9513597416017573 0.8487843651713330
 0.2190903368184586 0.9518948108264268 0.8492276386414809
 0.2185163869814243 0.9523995870091639 0.8496435807215976
 0.2179148694956965 0.9529281555386883 0.8500768133034721
 0.2171431837959034 0.9536055817056354 0.8506286420910923
 0.2165232215321036 0.9541492729978815 0.8510688010795486
 0.2159285985913523 0.9546702903574376 0.8514883384491965
 0.2152944715243265 0.9552254376437450 0.8519329006100483
 0.2145626529045692 0.9558654927075835 0.8524422486103134
 0.2139310976312954 0.9564173298108188 0.8528785726339423
 0.2133049728188921 0.9569639440499553 0.8533081517506712
 0.2125836408749241 0.9575930901566769 0.8537993608115237
 0.2119075225491316 0.9581822368784805 0.8542562270754631
 0.2112655189360186 0.9587411561975165 0.8546868928871121
 0.2105694813269086 0.9593465698985144 0.8551503503263335
 0.2098686559072462 0.9599555780177308 0.8556133309576274
 0.2092253767323948 0.9605140800357594 0.8560350028586007
 0.2085584369505321 0.9610926242999446 0.8564688026221555
 0.2078206012346206 0.9617320800500994 0.8569446740274719
 0.2071852476669243 0.9622822276975197 0.8573510605235274
 0.2065615943104030 0.9628218066485434 0.8577469483657186
 0.2058457238235640 0.9634406411803766 0.8581977332824491
 0.2051973250105604 0.9640006652922180 0.8586026860352137
 0.2045975746582568 0.9645182650959505 0.8589744112664196
 0.2039898827674669 0.9650423235071668 0.8593482432180853
 0.2032571608652159 0.9656736804209933 0.8597951866631088
 0.2026308709359445 0.9662128789386718 0.8601739051077322
 0.2020482657959089 0.9667140981816453 0.8605234887461461
 0.2014561144413315 0.9672231684038392 0.8608761436041525
 0.2007552674385320 0.9678252167170122 0.8612901104297205
 0.2001361673151644 0.9683566244665993 0.8616527295552333
 0.1995627683173259 0.9688484580411341 0.8619860210393970
 0.1989861790279404 0.9693426949411920 0.8623186762977865
 0.1983438212523881 0.9698929167065383 0.8626863210477494
 0.1977117053479227 0.9704339677457644 0.8630450558518319
 0.1971377980863543 0.9709248570385604 0.8633681402545104
 0.1965725849756314 0.9714079972843779 0.8636839059028824
 0.1959721594038326 0.9719208999837994 0.8640167199040822
 0.1952643833836312 0.9725250631450133 0.8644055777060461
 0.1946752008356635 0.9730276327783767 0.8647264249386282
 0.1941125058814298 0.9735073050210643 0.8650304235532649
 0.1935301190856085 0.9740034539510046 0.8653425633661397
 0.1927952931355597 0.9746290239949648 0.8657327830334293
 0.1921887639191537 0.9751450020438072 0.8660518366191302
 0.1916226224186106 0.9756263223457421 0.8663471773921005
 0.1910470224949513 0.9761153899349796 0.8666450162197334
 0.1903925619384419 0.9766711057822579 0.8669806782923322
 0.1897653340342061 0.9772033447607757 0.8672993910655475
 0.1891886731163423 0.9776923727502228 0.8675898306040277
 0.1886147227098390 0.9781788175081885 0.8678764540708085
 0.1879957413344457 0.9787031124051037 0.8681828363055386
 0.1873089280193583 0.9792844836735292 0.8685195033012564
 0.1867103046887981 0.9797908820636888 0.8688101395266727
 0.1861280410533335 0.9802831561254201 0.8690903429289620
 0.1855135596046756 0.9808023667282992 0.8693833897352155
 0.1847328056931357 0.9814616278469733 0.8697517799414726
 0.1841077576815458 0.9819890592381284 0.8700435055991844
 0.1835078825124566 0.9824949570328450 0.8703208142183750
 0.1828704949200124 0.9830321801727009 0.8706126233322167
 0.1821156093175883 0.9836680276005800 0.8709544924785921
 0.1814774790416946 0.9842051886859853 0.8712403761237415
 0.1808523140085571 0.9847311352547646 0.8715177164907587
 0.1801628645514151 0.9853108223532314 0.8718204430599774
 0.1794570626197147 0.9859038916610706 0.8721269323949356
 0.1788065632539617 0.9864501664999158 0.8724063296505512
 0.1781360910919042 0.9870128915323750 0.8726912163844175
 0.1772724752159240 0.9877372449522233 0.8730535918667812
 0.1765858171901002 0.9883127978319353 0.8733380932519861
 0.1758984940850495 0.9888885770214629 0.8736197047332970
 0.1750864019290850 0.9895684550718403 0.8739483834357352
 0.1744110300998358 0.9901335281439179 0.8742183783673362
 0.1737416430187129 0.9906932897688966 0.8744829659653166
 0.1729181925917604 0.9913814737726675 0.8748043304223662
 0.1722510526886166 0.9919386965676318 0.8750613846847745
 0.1716138493036529 0.9924706448776807 0.8753041785956266
 0.1709181618717088 0.9930511186814333 0.8755662600543496
 0.1702298768406747 0.9936251135117050 0.8758225065404183
 0.1696056646566532 0.9941454177435369 0.8760522881056744
 0.1689843556293154 0.9946630620393757 0.8762785300174900
 0.1682852851514947 0.9952452104046416 0.8765301297726900
 0.1676203483764058 0.9957986593802849 0.8767665336121874
 0.1670101262335116 0.9963063347672720 0.8769809928397519
 0.1663998297785948 0.9968138517568802 0.8771931034694785
 0.1657181705316718 0.9973804561262523 0.8774272211742650
 0.1650540468984711 0.9979322267822437 0.8776524850339298
 0.1644473654124538 0.9984360533769526 0.8778558207109316
 0.1638440331514180 0.9989368930674118 0.8780557148576671
 0.1631843501537921 0.9994842791079449 0.8782716322058982
 0.1625031461887565  1.000049271916632 0.8784917048798045
 0.1618914776812890  1.000556377538115 0.8786868373649869
 0.1612893370955756  1.001055388480781 0.8788766751709677
 0.1606427058361279  1.001591056735681 0.8790780910632555
 0.1599280185212174  1.002182848743780 0.8792978140188242
 0.1593048389240237  1.002698653745191 0.8794869788892608
 0.1586972445043630  1.003201368791012 0.8796692854991596
 0.1580495455205885  1.003737061554118 0.8798613628191199
 0.1573052203330112  1.004352414023429 0.8800792753827351
 0.1566687426685770  1.004878391007173 0.8802632653741201
 0.1560492250678630  1.005390164251868 0.8804402941696199
 0.1553846480558282  1.005938956461012 0.8806279431759868
 0.1546440644227384  1.006550267769190 0.8808342858870121
 0.1539957856584244  1.007085176967178 0.8810124964240379
 0.1533565524188868  1.007612433584745 0.8811860034756498
 0.1526519377583597  1.008193404098730 0.8813747115558402
 0.1519298185623822  1.008788577430224 0.8815653604987104
 0.1512669030709957  1.009334752730504 0.8817379562411838
 0.1505908161684651  1.009891583460335 0.8819116119685879
 0.1497259189119120  1.010603635062334 0.8821302895192521
 0.1490120452591883  1.011191114998390 0.8823078482236836
 0.1483132459901207  1.011765985151426 0.8824790974340910
 0.1474528743435829  1.012473500263840 0.8826865019100272
 0.1467245680438385  1.013072181364595 0.8828591550123320
 0.1460092623101943  1.013659972230869 0.8830261729277028
 0.1450664535851023  1.014434407064004 0.8832424969172683
 0.1443475419731087  1.015024702456735 0.8834045493361432
 0.1436404842409988  1.015605075907547 0.8835614861013148
 0.1427491428357301  1.016336452516646 0.8837558884294335
 0.1420517253678412  1.016908507326713 0.8839053526727259
 0.1413761329709683  1.017462495174704 0.8840479639806860
 0.1405851551401309  1.018110896386665 0.8842122571724759
 0.1398867910757194  1.018683198659935 0.8843549470114193
 0.1392335280181553  1.019218391463819 0.8844864295049431
 0.1385567084048434  1.019772732976407 0.8846206328748742
 0.1377061151287279  1.020469188592323 0.8847863970273885
 0.1370321573771983  1.021020851320860 0.8849154718253498
 0.1363850701579739  1.021550383721928 0.8850375404201524
 0.1356834066200252  1.022124429826940 0.8851678737679606
 0.1349583108155092  1.022717487314838 0.8853003692421791
 0.1343060934336674  1.023250801476633 0.8854176684591385
 0.1336587037085380  1.023780042805559 0.8855323590779761
 0.1329383804094653  1.024368762952782 0.8856579579286658
 0.1322277741829018  1.024949394709076 0.8857798157528725
 0.1315754879890846  1.025482247429249 0.8858899112247012
 0.1309187543196069  1.026018613258709 0.8859990783892598
 0.1301615072770529  1.026636923020696 0.8861228880224505
 0.1294559574485400  1.027212881387547 0.8862362749180579
 0.1287958856481770  1.027751595148704 0.8863406501236044
 0.1281169099280274  1.028305618433741 0.8864463172401146
 0.1272020642070132  1.029051917266474 0.8865860131256761
 0.1264907812033955  1.029632011121287 0.8866925351727841
 0.1258070028032421  1.030189555379334 0.8867932370800943
 0.1250475992460875  1.030808630274537 0.8869031359465097
 0.1242903099312687  1.031425844563387 0.8870107032480227
 0.1235840265331956  1.032001366368196 0.8871092125034893
 0.1228452665305742  1.032603229298923 0.8872104001362153
 0.1219761013138469  1.033311174918733 0.8873270725795579
 0.1212283792967126  1.033920069933931 0.8874254358639980
 0.1204572896471647  1.034547867098488 0.8875249719134202
 0.1196055747066129  1.035241160050752 0.8876327071104841
 0.1188458283459600  1.035859463449399 0.8877268744370351
 0.1180344363277996  1.036519667565355 0.8878254515851084
 0.1172356171584541  1.037169513019274 0.8879205236131211
 0.1164931864720983  1.037773373960113 0.8880071607687233
 0.1156897875321224  1.038426704640677 0.8880990809670791
 0.1149080821812581  1.039062277341727 0.8881867243231613
 0.1141868325146943  1.039648596015890 0.8882660422667203
 0.1134351788695317  1.040259530570931 0.8883471474842390
 0.1126128695850151  1.040927778369387 0.8884340968162150
 0.1118957681752100  1.041510433248916 0.8885084511545567
 0.1111830127657749  1.042089470009256 0.8885810509404386
 0.1103054669513942  1.042802264366879 0.8886687321999857
 0.1095710485802393  1.043398704935144 0.8887407353570936
 0.1088743397252069  1.043964440155456 0.8888079336585682
 0.1081252446936674  1.044572627566088 0.8888790299923144
 0.1073449232044017  1.045206074444399 0.8889518673301616
 0.1066424807890320  1.045776220882774 0.8890164062229839
 0.1059372914688944  1.046348521801163 0.8890802453660992
 0.1050867895936359  1.047038653556293 0.8891559976643665
 0.1043477782992841  1.047638231275681 0.8892207332181806
 0.1036461538042574  1.048207403321318 0.8892812684031344
 0.1028981235678601  1.048814143684930 0.8893448242247991
 0.1020827326706416  1.049475432425980 0.8894129605625777
 0.1013584184909442  1.050062780577920 0.8894724975979800
 0.1006299492585471  1.050653426541126 0.8895314450400038
 0.9972121164416736E-01  1.051390136032659 0.8896036748432635
 0.9895338796543561E-01  1.052012523213454 0.8896635771086975
 0.9820944394392368E-01  1.052615481794810 0.8897206367488835
 0.9735718753802275E-01  1.053306140750870 0.8897848325747283
 0.9655436386434439E-01  1.053956657841872 0.8898441788007407
 0.9578193398628157E-01  1.054582473417160 0.8899002612775141
 0.9489798161022789E-01  1.055298556307593 0.8899632253030089
 0.9407064338514592E-01  1.055968693830012 0.8900209817470828
 0.9326106754804528E-01  1.056624368098028 0.8900763990243641
 0.9214359925259114E-01  1.057529283461759 0.8901511209804872
 0.9131302322411172E-01  1.058201787596562 0.8902053492351388
 0.9041946753420149E-01  1.058925202984034 0.8902624618420107
 0.8959458470521274E-01  1.059592947181985 0.8903140637513433
 0.8880909337381029E-01  1.060228739060282 0.8903622017579216
 0.8788834557860818E-01  1.060973931361854 0.8904173882318241
 0.8708811905411314E-01  1.061621514177424 0.8904642700611223
 0.8632366520365710E-01  1.062240090594787 0.8905081278097580
 0.8545214827938936E-01  1.062945232782067 0.8905570351061866
 0.8465774031831727E-01  1.063587925540142 0.8906006105229168
 0.8390833257658564E-01  1.064194160228999 0.8906408442616611
 0.8310308045327541E-01  1.064845515344568 0.8906831352547188
 0.8227918090992717E-01  1.065511896421766 0.8907254029433710
 0.8152922542347982E-01  1.066118421027000 0.8907630030669357
 0.8076154134669351E-01  1.066739235816402 0.8908006374339541
 0.7977832284273936E-01  1.067534281271727 0.8908475866167529
 0.7900221782021416E-01  1.068161798387473 0.8908836612085415
 0.7823707377618719E-01  1.068780408254246 0.8909183827186792
 0.7722858198443111E-01  1.069595695745111 0.8909628809711019
 0.7643273512296533E-01  1.070239024620551 0.8909969920910300
 0.7565750974334283E-01  1.070865641354135 0.8910293762856643
 0.7470827249283765E-01  1.071632856647751 0.8910679046574350
 0.7389258750978910E-01  1.072292081524581 0.8911000289265165
 0.7309809186159739E-01  1.072934140416668 0.8911304522611233
 0.7215136427673371E-01  1.073699171747281 0.8911656029363693
 0.7130569560676989E-01  1.074382493635846 0.8911960036357885
 0.7047469838090480E-01  1.075053919855082 0.8912249719205328
 0.6938413049135350E-01  1.075935013818915 0.8912616391948043
 0.6850334284348432E-01  1.076646574309218 0.8912901417385047
 0.6757797473965831E-01  1.077394106047816 0.8913190271727194
 0.6665209343454367E-01  1.078142008974208 0.8913468575556299
 0.6575752398809846E-01  1.078864579298459 0.8913727458877537
 0.6468412252917967E-01  1.079731548120612 0.8914025287807472
 0.6379359469191589E-01  1.080450773643424 0.8914261857263598
 0.6281324376483918E-01  1.081242504457729 0.8914511334421664
 0.6192151436303228E-01  1.081962630240299 0.8914728392835739
 0.6105994790597029E-01  1.082658367869690 0.8914929313040507
 0.5990870938726955E-01  1.083587979846618 0.8915184534129745
 0.5903522632255857E-01  1.084293275870968 0.8915368248666713
 0.5815769279375577E-01  1.085001816372142 0.8915544367115150
 0.5720498433477003E-01  1.085771026633781 0.8915726237264734
 0.5635712753798366E-01  1.086455556893209 0.8915880201916192
 0.5547372379115160E-01  1.087168764141557 0.8916033060508205
 0.5452616527552585E-01  1.087933741941325 0.8916188871904193
 0.5367101888078341E-01  1.088624093659774 0.8916322647059927
 0.5277032944344658E-01  1.089351191908576 0.8916456946096979
 0.5181900146798898E-01  1.090119147899396 0.8916591891694990
 0.5094735653205180E-01  1.090822761876311 0.8916709677239751
 0.5001064059127333E-01  1.091578884372146 0.8916830346729787
 0.4905715200388027E-01  1.092348527145400 0.8916947176722532
 0.4815957346764425E-01  1.093073023693516 0.8917051848873550
 0.4714460309646541E-01  1.093892256948520 0.8917164250880787
 0.4618456323830566E-01  1.094667136161771 0.8917264950607601
 0.4523857508821719E-01  1.095430658581034 0.8917358955443629
 0.4399622297567659E-01  1.096433359611307 0.8917474479012557
 0.4299971455389030E-01  1.097237623943195 0.8917560231696129
 0.4184525575817272E-01  1.098169350364838 0.8917650784175785
 0.4081317383009614E-01  1.099002296569058 0.8917722207965841
 0.3972555890770818E-01  1.099880048749331 0.8917785783202076
 0.3863111805006123E-01  1.100763299448782 0.8917836026445768
 0.3755680425058380E-01  1.101630299338156 0.8917871570271084
 0.3621817774753370E-01  1.102710599618757 0.8917898862209497
 0.3507572735059790E-01  1.103632577998000 0.8917910955657722
 0.3373623480668599E-01  1.104713571002023 0.8917917238152613
 0.3246806036021944E-01  1.105737008294799 0.8917919303858072
 0.3111099988245840E-01  1.106832177777526 0.8917919931504538
 0.2966460745116530E-01  1.107999439494789 0.8917920070425036
 0.2810305766570829E-01  1.109259635013492 0.8917920091874920
 0.2636399104921999E-01  1.110663089436409 0.8917920093980261
 0.2428269944552595E-01  1.112342724867556 0.8917920094087497
 0.2186466397769935E-01  1.114294117953610 0.8917920094088280
 0.1877336294397379E-01  1.116788847060934 0.8917920094088193
 0.1365925242750984E-01  1.120916015597514 0.8917920094088191
 0.1307775953912783E-03  1.131833709983524 0.8917920094088191
-0.5398312173308299E-01  1.175504487527567 0.8917920094088191
-0.1743281110227587  1.272624808203556 0.8917920094088191
