RUNGE KUTTA: X Z PHI
 0.4997919338387438 0.3973734652027661E-01 0.5235987755982988E-02
 0.4984536142464013 0.1986793580466479 0.1611535089100167E-01
 0.4995145122904022 0.9272047521397876E-01 0.5235987758536759E-02
 0.4996994599892965 0.5739838941817732E-01 0.5235987755982988E-02
 0.4993294453780560 0.1280425603850008 0.5338858126424156E-02
 0.4995761615233669 0.8094644661537828E-01 0.5235987755982988E-02
 0.4993259168416593 0.1286334503675551 0.5347076509626624E-02
 0.4994929312343651 0.9684211550524380E-01 0.5235988754671139E-02
 0.4995484180939390 0.8624500291200138E-01 0.5235987755988119E-02
 0.4995095617510886 0.9366594992543539E-01 0.5235987819145861E-02
 0.4995354659796754 0.8871865191647949E-01 0.5235987756181161E-02
 0.4995088723012393 0.9379762394172315E-01 0.5235987830361667E-02
 0.4994869326239045 0.9798775475181651E-01 0.5235990332085922E-02
 0.4994693304704157 0.1013494817755387 0.5236009104979330E-02
 0.4994536300231179 0.1043479894787863 0.5236085893009409E-02
 0.4994379551638782 0.1073415228123526 0.5236347375728583E-02
 0.4994232193306485 0.1101554846046381 0.5237034781491947E-02
 0.4994108635547619 0.1125145127222346 0.5238332462037227E-02
 0.4993995083495728 0.1146817820139867 0.5240609757302952E-02
 0.4993877294836270 0.1169285559216052 0.5244825536028818E-02
 0.4993761788554015 0.1191294754992308 0.5251845812815660E-02
 0.4993662839951570 0.1210119662525607 0.5261185303494332E-02
 0.4993572173796586 0.1227333621745760 0.5273416177553759E-02
 0.4993478811721009 0.1245010243191634 0.5290720830939798E-02
 0.4993383846879025 0.1262921272828798 0.5314380916418837E-02
 0.4993298178309762 0.1279001139781908 0.5341998351476820E-02
 0.4993208620951683 0.1295711233521366 0.5378221343141088E-02
 0.4993118567913057 0.1312387891635015 0.5423110574035253E-02
 0.4993034506215307 0.1327818967485203 0.5473371404752359E-02
 0.4992939541948216 0.1345066445961647 0.5540475620212204E-02
 0.4992852021678777 0.1360763536502419 0.5612319993628426E-02
 0.4992767741287059 0.1375678544084504 0.5690657721951218E-02
 0.4992662818704870 0.1393943803097134 0.5800585343399820E-02
 0.4992576656078231 0.1408672790169015 0.5900744057720118E-02
 0.4992489150410758 0.1423367033030216 0.6011050209178907E-02
 0.4992398520703076 0.1438293847473744 0.6133810582098297E-02
 0.4992311971956206 0.1452263610429971 0.6258466868696090E-02
 0.4992216398434020 0.1467361466131655 0.6403727158018063E-02
 0.4992127450338429 0.1481100927297191 0.6545440086970296E-02
 0.4992033000079903 0.1495361655076252 0.6702224553212720E-02
 0.4991940198168350 0.1509046300502062 0.6862017401741745E-02
 0.4991842978214678 0.1523039324745692 0.7034821012403611E-02
 0.4991744641068869 0.1536843006116073 0.7214362162080263E-02
 0.4991646967312927 0.1550214107937131 0.7396310062969438E-02
 0.4991544906497415 0.1563836395145307 0.7588942299120024E-02
 0.4991444141015175 0.1576949393820775 0.7780493588255839E-02
 0.4991341127605678 0.1590024762712213 0.7976913302883836E-02
 0.4991236244192021 0.1603010641332541 0.8177004978526890E-02
 0.4991129173413662 0.1615943722762919 0.8381063546385898E-02
 0.4991019637161490 0.1628853008556788 0.8589468626496441E-02
 0.4990908121416724 0.1641678014895221 0.8801245193232974E-02
 0.4990794033278391 0.1654483690426966 0.9017443265267393E-02
 0.4990678690952198 0.1667122117979978 0.9235458326630298E-02
 0.4990559887964318 0.1679831981260433 0.9459404020898652E-02
 0.4990440454377892 0.1692309920761781 0.9683952564815749E-02
 0.4990316621110028 0.1704946012721866 0.9916162943119878E-02
 0.4990192461238538 0.1717322154748057 0.1014834247239566E-01
 0.4990063413762151 0.1729889325350170 0.1038900588843265E-01
 0.4989934478006577 0.1742158513221777 0.1062884645683990E-01
 0.4989800133847540 0.1754651626793827 0.1087808298783897E-01
 0.4989666694590175 0.1766780770155817 0.1112490677013233E-01
 0.4989526918374501 0.1779201096571338 0.1138264754199346E-01
 0.4989388893339888 0.1791193244069253 0.1163637447966734E-01
 0.4989243424303376 0.1803552798917059 0.1190291699381960E-01
 0.4989100403005251 0.1815437898252286 0.1216403485011979E-01
 0.4988948870538079 0.1827755572425206 0.1243964755288469E-01
 0.4988800362286904 0.1839565878389758 0.1270874706195452E-01
 0.4988642264121658 0.1851867601280739 0.1299411805547103E-01
 0.4988487617672028 0.1863642588120201 0.1327209997173805E-01
 0.4988323491842178 0.1875873119668782 0.1356585557825490E-01
 0.4988161834836448 0.1887663974386584 0.1385398748267227E-01
 0.4987995181575711 0.1899565734093612 0.1414983443148036E-01
 0.4987825494518303 0.1911431641721653 0.1444982761714214E-01
 0.4987655547006051 0.1923071832585961 0.1474904292122547E-01
 0.4987476146063585 0.1935106513710789 0.1506363889791869E-01
 0.4987302130354791 0.1946542583442210 0.1536761430024917E-01
 0.4987112613773736 0.1958743282822916 0.1569732735200294E-01
 0.4986934229670529 0.1969995829783507 0.1600636103776966E-01
 0.4986740035783729 0.1982001767988723 0.1634137670226834E-01
 0.4986557373957117 0.1993072583274415 0.1665522475688753E-01
 0.4986357784665753 0.2004933747894725 0.1699675656301143E-01
 0.4986169552444600 0.2015904003814268 0.1731748705353756E-01
 0.4985963006500612 0.2027710655355688 0.1766792490837458E-01
 0.4985767206237458 0.2038689186349273 0.1799876683706491E-01
 0.4985556918601096 0.2050257904681334 0.1835265637266425E-01
 0.4985351334113218 0.2061354611674072 0.1869717210587117E-01
 0.4985142884580879 0.2072399514102606 0.1904500448550031E-01
 0.4984923060132646 0.2083831108662327 0.1941025725751518E-01
 0.4984712546469753 0.2094578987826761 0.1975859301978175E-01
 0.4984478910443200 0.2106288170800276 0.2014351096546240E-01
 0.4984263402083556 0.2116892517031581 0.2049694865079661E-01
 0.4984023807422686 0.2128469929208170 0.2088808614911441E-01
 0.4983801476740775 0.2139021190176030 0.2124941485398734E-01
 0.4983557727351662 0.2150385093350091 0.2164379373910418E-01
 0.4983324849245584 0.2161050749703537 0.2201883590810191E-01
 0.4983088378503850 0.2171697007810630 0.2239790598824436E-01
 0.4982837293048928 0.2182806182253766 0.2279852958898102E-01
 0.4982600006205313 0.2193127196530588 0.2317543069881815E-01
 0.4982332277243158 0.2204573072714783 0.2359869303191970E-01
 0.4982088490197847 0.2214818558351338 0.2398222081139342E-01
 0.4981812942283325 0.2226203819391504 0.2441355791994464E-01
 0.4981558217615477 0.2236551524134456 0.2481033498345983E-01
 0.4981296683031298 0.2247005421362621 0.2521580793524386E-01
 0.4981023209536020 0.2257758618865355 0.2563769702070587E-01
 0.4980763116304347 0.2267823089626582 0.2603692917423854E-01
 0.4980466205511246 0.2279125702435350 0.2649031997526883E-01
 0.4980198646154939 0.2289146817155062 0.2689682913988683E-01
 0.4979902862145865 0.2300050635676931 0.2734399702408138E-01
 0.4979622654284313 0.2310217336804019 0.2776544178302365E-01
 0.4979341289099339 0.2320272228456245 0.2818649073805138E-01
 0.4979030021943830 0.2331222542419325 0.2864986894942096E-01
 0.4978746386965228 0.2341047915788616 0.2906999600309737E-01
 0.4978418932555812 0.2352216501604771 0.2955256615560348E-01
 0.4978124857938297 0.2362092540338357 0.2998367539371831E-01
 0.4977817972043025 0.2372248839396009 0.3043128799894182E-01
 0.4977503356046778 0.2382507341744781 0.3088784973945379E-01
 0.4977202750251647 0.2392168583836537 0.3132197488290239E-01
 0.4976852565589202 0.2403256125223701 0.3182514457489828E-01
 0.4976542006610502 0.2412943611568545 0.3226905782756414E-01
 0.4976210626708240 0.2423134965650837 0.3274034639175983E-01
 0.4975881623636718 0.2433109372975535 0.3320590649670521E-01
 0.4975562351993342 0.2442656154708528 0.3365554406392277E-01
 0.4975188362480193 0.2453678495553464 0.3417956737745864E-01
 0.4974859915420253 0.2463220346835819 0.3463736569413364E-01
 0.4974506108711388 0.2473359098830788 0.3512799522304969E-01
 0.4974159525513044 0.2483154706831554 0.3560615844516138E-01
 0.4973822040013908 0.2492567773785530 0.3606951959074587E-01
 0.4973423972555151 0.2503516639936757 0.3661322218981081E-01
 0.4973076866132731 0.2512932150835794 0.3708478028081246E-01
 0.4972705721144137 0.2522868406405812 0.3758638531260003E-01
 0.4972338004264691 0.2532583178155725 0.3808077795657087E-01
 0.4971983060437453 0.2541841774750683 0.3855564653918626E-01
 0.4971560744267153 0.2552710584179841 0.3911767180407023E-01
 0.4971193408164731 0.2562038377266875 0.3960386804575318E-01
 0.4970809432476121 0.2571667266777223 0.4010944597560695E-01
 0.4970414562362070 0.2581443782701600 0.4062663415319445E-01
 0.4970041609562759 0.2590564187308353 0.4111266329507341E-01
 0.4969593818809354 0.2601373556050846 0.4169312274248205E-01
 0.4969203719720164 0.2610668511870830 0.4219602231417226E-01
 0.4968807886192106 0.2619987706843472 0.4270367191088474E-01
 0.4968375116703257 0.2630050745597729 0.4325572679412477E-01
 0.4967982006621486 0.2639081041027667 0.4375461039044792E-01
 0.4967541683431552 0.2649074592947351 0.4431055800125025E-01
 0.4967127442123835 0.2658362526899066 0.4483081387149953E-01
 0.4966720958242064 0.2667372461774924 0.4533871640002003E-01
 0.4966230868405979 0.2678102500149548 0.4594772260142323E-01
 0.4965812899178889 0.2687141888739115 0.4646432175693353E-01
 0.4965374094541964 0.2696524487652814 0.4700399646419660E-01
 0.4964925477464237 0.2706006302123873 0.4755291405651419E-01
 0.4964502699228325 0.2714842445934197 0.4806759018422557E-01
 0.4964009401726739 0.2725033767869116 0.4866494421741061E-01
 0.4963565330577770 0.2734101768098350 0.4919987943860485E-01
 0.4963124634229193 0.2743003975476720 0.4972821560795694E-01
 0.4962590162935470 0.2753674540620815 0.5036562819318481E-01
 0.4962140451557938 0.2762548889040957 0.5089909953644854E-01
 0.4961663444931627 0.2771860865296544 0.5146212166279431E-01
 0.4961183999760679 0.2781118421486647 0.5202518744969299E-01
 0.4960729463380230 0.2789803006014669 0.5255648461294191E-01
 0.4960198252592239 0.2799842064653178 0.5317437389747788E-01
 0.4959720523467382 0.2808771326693394 0.5372726320455414E-01
 0.4959248282264971 0.2817508195742929 0.5427120302343107E-01
 0.4958670036412994 0.2828087836411024 0.5493380914351417E-01
 0.4958186466743688 0.2836837791855089 0.5548514223739830E-01
 0.4957681776862047 0.2845877688576190 0.5605792853101465E-01
 0.4957159062035185 0.2855143613500337 0.5664834312890830E-01
 0.4956672354128063 0.2863684860572236 0.5719547218429390E-01
 0.4956129512222429 0.2873115374459246 0.5780274750403967E-01
 0.4955612142163278 0.2882011633904885 0.5837871225240559E-01
 0.4955112549494433 0.2890519296883280 0.5893236727177754E-01
 0.4954496694840316 0.2900897510214132 0.5961150586013114E-01
 0.4953973881040057 0.2909615459770084 0.6018510866913628E-01
 0.4953451925058331 0.2918236607046276 0.6075507346169080E-01
 0.4952833578947030 0.2928345789257619 0.6142688549536289E-01
 0.4952306567674442 0.2936874859275488 0.6199665985302805E-01
 0.4951753534610070 0.2945741159934878 0.6259187207818466E-01
 0.4951180586014639 0.2954838243145291 0.6320561672807877E-01
 0.4950648588327556 0.2963206347140339 0.6377283236723212E-01
 0.4950063506569415 0.2972323904257821 0.6439371082559153E-01
 0.4949493554682843 0.2981121513223379 0.6499566820589442E-01
 0.4948949701692827 0.2989440580440416 0.6556752009446749E-01
 0.4948321469012227 0.2998960474605107 0.6622506110595411E-01
 0.4947747617203860 0.3007574018911701 0.6682282387375187E-01
 0.4947188476491968 0.3015892898713184 0.6740261451479422E-01
 0.4946484353806167 0.3026267561334691 0.6812907621663260E-01
 0.4945901802911623 0.3034767624616763 0.6872712664552463E-01
 0.4945318879153804 0.3043199340589062 0.6932294077227968E-01
 0.4944633207418435 0.3053024919238579 0.7002044138037100E-01
 0.4944047161344018 0.3061345536331985 0.7061371316792045E-01
 0.4943437795467497 0.3069923360194179 0.7122777271218184E-01
 0.4942789075643415 0.3078974184546409 0.7187840434159352E-01
 0.4942197319837354 0.3087159002473894 0.7246922584721452E-01
 0.4941564725083663 0.3095835116425547 0.7309806063387571E-01
 0.4940917311473902 0.3104637435102781 0.7373866847583235E-01
 0.4940314819271155 0.3112760475219992 0.7433211117790871E-01
 0.4939659163533333 0.3121526826141817 0.7497495547988976E-01
 0.4939006865083905 0.3130173912015246 0.7561152534405607E-01
 0.4938392445046971 0.3138252436128875 0.7620850602216879E-01
 0.4937713184998228 0.3147110043387042 0.7686558826047633E-01
 0.4937053274401692 0.3155642993046965 0.7750103718897916E-01
 0.4936426241510603 0.3163686126381555 0.7810214759641143E-01
 0.4935722123079825 0.3172644471743951 0.7877407548096783E-01
 0.4935053282876514 0.3181083362595949 0.7940941476876164E-01
 0.4934413159292301 0.3189096802812957 0.8001490809875236E-01
 0.4933681761444813 0.3198178821847503 0.8070372613045398E-01
 0.4933003152145054 0.3206536139955164 0.8133994836776992E-01
 0.4932349474549623 0.3214524692782318 0.8195015448182144E-01
 0.4931586445746881 0.3223774557977085 0.8265919208377127E-01
 0.4930897557112124 0.3232057596262367 0.8329641849672434E-01
 0.4930229615185586 0.3240028337174237 0.8391170740996577E-01
 0.4929424605491903 0.3249557254060645 0.8464994136938160E-01
 0.4928724725287486 0.3257774291507627 0.8528878366830984E-01
 0.4928040902403927 0.3265743414424364 0.8591025544532581E-01
 0.4927158930472577 0.3275936820248250 0.8670788585948450E-01
 0.4926446191377453 0.3284105859211980 0.8734933508020032E-01
 0.4925740739730845 0.3292132337964806 0.8798155144764859E-01
 0.4924836953037989 0.3302331338322254 0.8878765646586677E-01
 0.4924116093604918 0.3310399696140433 0.8942747394748551E-01
 0.4923385393085997 0.3318519317748822 0.9007318724733358E-01
 0.4922560122195883 0.3327619899257648 0.9079911003326327E-01
 0.4921837363973131 0.3335530272315980 0.9143203819309759E-01
 0.4921091967444465 0.3343631061478095 0.9208211149853703E-01
 0.4920257115867723 0.3352636175422853 0.9280699124985088E-01
 0.4919521862492650 0.3360508707758175 0.9344256229172117E-01
 0.4918762923710157 0.3368578674556779 0.9409582592310428E-01
 0.4917911833125703 0.3377561896204127 0.9482511981543294E-01
 0.4917163137846144 0.3385407182116582 0.9546389569488394E-01
 0.4916391559772800 0.3393437289582816 0.9611955055697319E-01
 0.4915520039186923 0.3402441661520673 0.9685691764533862E-01
 0.4914757229403413 0.3410266545075682 0.9749947816339793E-01
 0.4913973483057488 0.3418252438984196 0.9815691212590946E-01
 0.4913078476840351 0.3427306575692221 0.9890431076179913E-01
 0.4912301046161580 0.3435115685480221 0.9955070727715208E-01
 0.4911505133463963 0.3443057848431629 0.1002098277736037
 0.4910584350261770 0.3452180846382430 0.1009690328635774
 0.4909791878738482 0.3459977536760117 0.1016195527267006
 0.4908983554212845 0.3467878699702350 0.1022803169489138
 0.4908036207475527 0.3477073756053575 0.1030512250283714
 0.4907228543646174 0.3484858608211626 0.1037055789216294
 0.4906407435890467 0.3492722590608737 0.1043681762823048
 0.4905433241904407 0.3501987898520749 0.1051508630041535
 0.4904610317542105 0.3509760663805729 0.1058090745575524
 0.4903776163189093 0.3517590042724577 0.1064735059132621
 0.4902775441361648 0.3526918275701553 0.1072670081192505
 0.4901937315260745 0.3534677633897562 0.1079286576954193
 0.4901089900149799 0.3542474497397938 0.1085950075940949
 0.4900062552869061 0.3551862606296598 0.1093993175758104
 0.4899209199297738 0.3559608090801843 0.1100644401825252
 0.4898348368503505 0.3567373877685150 0.1107326474265302
 0.4897294448465294 0.3576817643042465 0.1115470465599794
 0.4896425879262827 0.3584548551636491 0.1122152622461645
 0.4895551503121777 0.3592284487418695 0.1128853210900968
 0.4894470678178391 0.3601783342744310 0.1137099655439180
 0.4893586811597317 0.3609499832637265 0.1143813222884330
 0.4892698735289331 0.3617207288470535 0.1150531246800702
 0.4891591339588817 0.3626754965856037 0.1158870255786617
 0.4890692201707697 0.3634456353442621 0.1165610869861784
 0.4889790245660121 0.3642136944904472 0.1172346202394863
 0.4888656213340997 0.3651730969238809 0.1180777228832303
 0.4887741748117982 0.3659417317832535 0.1187545244205191
 0.4886825835112835 0.3667071726658507 0.1194296375862034
 0.4885665292530079 0.3676708184239055 0.1202811581487783
 0.4884735499641383 0.3684379169792826 0.1209603201628346
 0.4883805500188896 0.3692008558103209 0.1216369958681221
 0.4882617814475984 0.3701689967154966 0.1224973583440333
 0.4881672559155696 0.3709346354787962 0.1231790208359523
 0.4880728315867952 0.3716952016493214 0.1238572092542354
 0.4879514844525168 0.3726664847665919 0.1247248038444686
 0.4878554235988485 0.3734305535816428 0.1254085525076857
 0.4877595720011749 0.3741887813399684 0.1260882008126471
 0.4876354226861812 0.3751647533082286 0.1269646532333526
 0.4875378017270890 0.3759274177791659 0.1276507489927524
 0.4874405133057414 0.3766833806132580 0.1283317983386311
 0.4873136909823491 0.3776627782816416 0.1292155984220979
 0.4872145196518387 0.3784239404476931 0.1299036568665352
 0.4871157925316463 0.3791776615097061 0.1305860569675560
 0.4869860131676276 0.3801624230441338 0.1314792087126060
 0.4868852551031324 0.3809223264357374 0.1321695620105999
 0.4867850592165064 0.3816740258515805 0.1328533816637417
 0.4866527179515687 0.3826609249156154 0.1337525498573832
 0.4865504038881495 0.3834193228424974 0.1344446545531919
 0.4864487463596875 0.3841689578965051 0.1351297628942324
 0.4863133516813682 0.3851614356035462 0.1360383120087130
 0.4862094295986956 0.3859186790023859 0.1367325926747033
 0.4861062770825741 0.3866664817450881 0.1374190705460652
 0.4859684478254711 0.3876598035912411 0.1383322444867313
 0.4858629710657238 0.3884154977333401 0.1390280226609645
 0.4857583544189834 0.3891612615116200 0.1397155967599198
 0.4856183008577695 0.3901538515019510 0.1406321603985518
 0.4855112595892638 0.3909080757270476 0.1413296275818365
 0.4854052371919562 0.3916514185542976 0.1420178301235061
 0.4852629872149767 0.3926430575493394 0.1429371443311570
 0.4851543521069900 0.3933960283299041 0.1436361954789666
 0.4850469739031969 0.3941366514156183 0.1443246652843025
 0.4849025366352017 0.3951272646414184 0.1452468641615117
 0.4847922639645773 0.3958792864304979 0.1459478990716645
 0.4846835886373134 0.3966168452899882 0.1466361869282284
 0.4845369653702381 0.3976064156043644 0.1475607871403496
 0.4844250108038393 0.3983577864948225 0.1482637475736790
 0.4843150815125862 0.3990920617452550 0.1489515221919968
 0.4841662625540343 0.4000806494009552 0.1498787432403025
 0.4840525643871894 0.4008317675286746 0.1505841102661510
 0.4839414150469316 0.4015626088438253 0.1512710978118214
 0.4837943587101924 0.4025243988453316 0.1521761588876855
 0.4836790805832463 0.4032743053110548 0.1528826590020451
 0.4835670046885167 0.4040000194261962 0.1535671019351560
 0.4834293949368390 0.4048865983467922 0.1544042418361223
 0.4833125059515043 0.4056358590020336 0.1551125057633261
 0.4831999800177544 0.4063538810295497 0.1557918576394093
 0.4830727975034492 0.4071616121614373 0.1565567880546874
 0.4829524403045604 0.4079223168640607 0.1572778985047372
 0.4828390284940732 0.4086358916347180 0.1579550150214134
 0.4827183523794961 0.4093917709217550 0.1586730242079395
 0.4825891877175624 0.4101969825395193 0.1594387143752328
 0.4824732814826032 0.4109162058522475 0.1601232921695070
 0.4823552988852509 0.4116451135589849 0.1608176714804722
 0.4821948758446100 0.4126311127993982 0.1617579009911325
 0.4820738288562729 0.4133712517321316 0.1624644456717476
 0.4819546625685339 0.4140967032987825 0.1631576453007119
 0.4817920611880492 0.4150815408618854 0.1640997463636171
 0.4816690519584301 0.4158227684511943 0.1648095280163440
 0.4815489128143089 0.4165435757854205 0.1655002850691117
 0.4813931253135100 0.4174737251558168 0.1663924117722426
 0.4812685152245642 0.4182140831446658 0.1671031585568945
 0.4811479197260717 0.4189275453023949 0.1677886782360837
 0.4810066125159025 0.4197597783198145 0.1685890573845558
 0.4808795642843051 0.4205046081688349 0.1693060051430534
 0.4807586099084949 0.4212107359308769 0.1699861874113261
 0.4806275212441242 0.4219727876751242 0.1707207409263486
 0.4804932917040077 0.4227496477553510 0.1714701296682323
 0.4803703877340741 0.4234579349855395 0.1721539165003030
 0.4802440044514478 0.4241832917717905 0.1728547600462530
 0.4800845874346504 0.4250939812299923 0.1737354853695953
 0.4799567326254141 0.4258209762394891 0.1744391491885436
 0.4798305643356361 0.4265354584255603 0.1751311612897419
 0.4796684804445922 0.4274491191655715 0.1760167485354728
 0.4795374969986139 0.4281840519458451 0.1767296906496710
 0.4794110519833066 0.4288906584685939 0.1774157029765370
 0.4792655974118092 0.4297000579812162 0.1782021874880499
 0.4791314879837956 0.4304431049569420 0.1789247912437684
 0.4790046195714262 0.4311432203090492 0.1796061087388820
 0.4788692343498220 0.4318873532819094 0.1803307234357349
 0.4787248973059883 0.4326773369077401 0.1811005260748692
 0.4785953300429581 0.4333835694299756 0.1817892375548791
 0.4784639327735574 0.4340969929480772 0.1824854975673650
 0.4782825247455185 0.4350773987231655 0.1834431764495433
 0.4781467486562070 0.4358077772180089 0.1841571992944436
 0.4780144908332523 0.4365164545458532 0.1848504166486770
 0.4778482873141613 0.4374031846884195 0.1857183549525025
 0.4777109298111578 0.4381328262421381 0.1864330354157555
 0.4775788156310530 0.4388319234915996 0.1871182672772691
 0.4774302713519782 0.4396148443786019 0.1878862156723787
 0.4772883871732155 0.4403596139693609 0.1886172436179331
 0.4771554686982271 0.4410546486892880 0.1892998351556343
 0.4770160494198296 0.4417809277389588 0.1900134645240075
 0.4768578703615076 0.4426015623527536 0.1908202509604834
 0.4767209624596577 0.4433089815823049 0.1915161610030762
 0.4765842831687923 0.4440126005627779 0.1922087688219792
 0.4764124272232285 0.4448936346173166 0.1930766295914619
 0.4762702029762982 0.4456196994423077 0.1937922996247811
 0.4761335284658056 0.4463148504010028 0.1944778352618741
 0.4759806220683686 0.4470895920996844 0.1952422278263219
 0.4758333046027320 0.4478330833905951 0.1959761832697574
 0.4756957161775794 0.4485249017695243 0.1966595281190585
 0.4755521169794419 0.4492443212310678 0.1973705777582057
 0.4753848692282813 0.4500788774466810 0.1981959707535153
 0.4752426706283852 0.4507856426686376 0.1988953775951206
 0.4751015342328823 0.4514846133144015 0.1995873834472865
 0.4749286526670118 0.4523374222963955 0.2004321029578225
 0.4747813364089485 0.4530612163182149 0.2011494237764223
 0.4746403856224664 0.4537512608405692 0.2018336786109864
 0.4744857604530825 0.4545054945835647 0.2025820262129705
 0.4743311507496933 0.4552567994156594 0.2033278895068091
 0.4741886065311272 0.4559469713957267 0.2040133735140496
 0.4740419468735038 0.4566545890153077 0.2047164478875153
 0.4738508008205548 0.4575731133744835 0.2056294716139204
 0.4737017456065668 0.4582864745571531 0.2063389185031059
 0.4735557745511347 0.4589826371964263 0.2070316043679305
 0.4733778371770173 0.4598280235667546 0.2078732232048868
 0.4732256327764785 0.4605483651368830 0.2085906959087274
 0.4730801480528184 0.4612345273449723 0.2092743614587766
 0.4729212536191195 0.4619813067742300 0.2100186583711627
 0.4727608222255941 0.4627325536422757 0.2107676804478233
 0.4726135161423015 0.4634199245135792 0.2114533070104409
 0.4724625957603894 0.4641217864301351 0.2121537151700263
 0.4722518879866591 0.4650977151116533 0.2131281654457854
 0.4720968495785683 0.4658128736356141 0.2138425846686121
 0.4719456626323504 0.4665079011121664 0.2145371262514251
 0.4717569616229772 0.4673721429696989 0.2154010827531063
 0.4716000904178738 0.4680878925382098 0.2161169135985126
 0.4714496789269960 0.4687718784529335 0.2168012980645110
 0.4712834646892387 0.4695251430535171 0.2175553854077647
 0.4711195497814147 0.4702653564348183 0.2182967675050892
 0.4709678271858579 0.4709482051544610 0.2189809563191830
 0.4708114503945263 0.4716497023023765 0.2196840502904033
 0.4706084371716355 0.4725569622105042 0.2205937079653185
 0.4704496828995792 0.4732637454499525 0.2213026668158122
 0.4702944739026047 0.4739524896470916 0.2219938308707728
 0.4701092462337976 0.4747715519005709 0.2228161547995084
 0.4699467725822590 0.4754874328039452 0.2235351760511314
 0.4697921608291591 0.4761664685992810 0.2242173802449249
 0.4696259336833477 0.4768941417176720 0.2249486176151535
 0.4694513449092440 0.4776557925669557 0.2257141989272722
 0.4692938712669383 0.4783404918402075 0.2264026485458980
 0.4691347114487580 0.4790303395342837 0.2270965165985354
 0.4689304373875751 0.4799125410112764 0.2279842043540350
 0.4687653661706787 0.4806228461373254 0.2286991507215138
 0.4686068405040764 0.4813028272217790 0.2293837059789200
 0.4684302026791539 0.4820580307133859 0.2301441155480122
 0.4682588085551030 0.4827883514652851 0.2308796238391834
 0.4680994166429105 0.4834653724519319 0.2315616364892288
 0.4679345911374136 0.4841633052293020 0.2322649336422207
 0.4677261281149676 0.4850428889740930 0.2331515820966564
 0.4675597068460816 0.4857425999529913 0.2338571013586269
 0.4673969016939009 0.4864249943496912 0.2345452737966744
 0.4672060764605372 0.4872221987901711 0.2353493596331922
 0.4670348327097363 0.4879351990197107 0.2360686734789945
 0.4668725470738559 0.4886088251618778 0.2367484529988464
 0.4667000961566488 0.4893224515689468 0.2374688266448050
 0.4665121462327909 0.4900976627798287 0.2382516136354908
 0.4663458773712078 0.4907812497379496 0.2389420412910272
 0.4661795614675162 0.4914629827380784 0.2396306996606162
 0.4659794464606720 0.4922805694771047 0.2404567135465244
 0.4658055215207229 0.4929887900180638 0.2411723759905351
 0.4656399066839230 0.4936611463997158 0.2418519624639832
 0.4654622070638970 0.4943803852848382 0.2425791318453021
 0.4652747543637701 0.4951366763404962 0.2433439490815790
 0.4651060079259380 0.4958153861790286 0.2440304147415892
 0.4649359752450146 0.4964972652295908 0.2447201350089645
 0.4647256509088551 0.4973379669645194 0.2455705551211066
 0.4645487469707785 0.4980427413251214 0.2462835549705505
 0.4643796802722755 0.4987143120626389 0.2469630732264686
 0.4641963590262654 0.4994403360852054 0.2476978274764584
 0.4640086118944422 0.5001815692403307 0.2484480928789917
 0.4638372931078953 0.5008559124840072 0.2491307053846110
 0.4636635806822187 0.5015377162243709 0.2498208789681801
 0.4634372592400376 0.5024230691934255 0.2507171115547862
 0.4632571592311102 0.5031252553188484 0.2514279835225554
 0.4630844510691577 0.5037966812391650 0.2521078108566408
 0.4628929310276127 0.5045390379398557 0.2528595845901330
 0.4627058238880037 0.5052620711841740 0.2535918895864565
 0.4625321983019456 0.5059310631724708 0.2542694984202152
 0.4623539159291176 0.5066160659801886 0.2549633254420143
 0.4621060576494618 0.5075651726943347 0.2559246677608563
 0.4619229120070873 0.5082640930708635 0.2566326594605262
 0.4617455661958931 0.5089389645867222 0.2573163842187893
 0.4615360688713896 0.5097337775062002 0.2581217475191951
 0.4613499421542927 0.5104377550511807 0.2588351372577840
 0.4611737414112749 0.5111023249336171 0.2595085957832872
 0.4609871543145111 0.5118041070314552 0.2602197321299333
 0.4607816352125090 0.5125747794815618 0.2610006461919315
 0.4606007921448892 0.5132509285775432 0.2616857929243881
 0.4604210367390541 0.5139211788935802 0.2623650068537619
 0.4602103710022856 0.5147043780502149 0.2631587349274981
 0.4600204356569946 0.5154083915471046 0.2638722150731785
 0.4598412164816699 0.5160708602465601 0.2645435356015319
 0.4596526021142583 0.5167661597292624 0.2652480283870224
 0.4594392415733581 0.5175503558805736 0.2660424785099931
 0.4592545556359167 0.5182271823499836 0.2667280978055215
 0.4590720591303755 0.5188941971171069 0.2674037638671555
 0.4588613446838324 0.5196621537840900 0.2681816715457269
 0.4586674216092226 0.5203668534665578 0.2688954561206310
 0.4584852164416449 0.5210271865637143 0.2695642119072301
 0.4582949672729336 0.5217148412575164 0.2702605125536400
 0.4580703889531741 0.5225241913206069 0.2710798857452189
 0.4578814580825066 0.5232030874253072 0.2717671085644097
 0.4576961748070152 0.5238671286567107 0.2724392652734748
 0.4574847473485733 0.5246227709039103 0.2732041191635037
 0.4572868227240126 0.5253281436512668 0.2739180332472930
 0.4571015976235924 0.5259865102982498 0.2745842714941929
 0.4569094444324870 0.5266677309870843 0.2752734993198480
 0.4566707940145982 0.5275113027968602 0.2761267977290021
 0.4564774084575999 0.5281928668889079 0.2768161129181032
 0.4562890729163128 0.5288549195421645 0.2774856443215686
 0.4560751923232453 0.5296047359026784 0.2782438816277651
 0.4558735527532667 0.5303096720444078 0.2789566515972000
 0.4556852082814629 0.5309664181571816 0.2796205719385168
 0.4554904016631989 0.5316439727873734 0.2803053643799864
 0.4552399963320788 0.5325123498638321 0.2811827731203888
 0.4550425755144756 0.5331949733491220 0.2818723433733498
 0.4548510779716601 0.5338554368913591 0.2825394359864672
 0.4546337627177029 0.5346029565627830 0.2832943525859464
 0.4544287594641166 0.5353062034143607 0.2840044135203587
 0.4542373662059868 0.5359610909526608 0.2846654639319715
 0.4540396227373997 0.5366360244668865 0.2853465229076947
 0.4537810424737803 0.5375160459096964 0.2862341822309761
 0.4535800789860189 0.5381979949878832 0.2869218201902814
 0.4533855033408357 0.5388566256639581 0.2875857948252248
 0.4531646217762533 0.5396023577838658 0.2883374106361920
 0.4529564434768760 0.5403033247155116 0.2890437151049435
 0.4527621098709190 0.5409560433591221 0.2897011904443867
 0.4525614445006535 0.5416283881563516 0.2903781892528514
 0.4522951392052896 0.5425181112402427 0.2912737015681062
 0.4520906981227559 0.5431991866248950 0.2919589791824301
 0.4518929967048146 0.5438562031345656 0.2926199102050399
 0.4516683269197989 0.5446009397846082 0.2933689375304612
 0.4514569537368311 0.5452997659312174 0.2940716218482827
 0.4512595947643672 0.5459506653533217 0.2947259247243389
 0.4510558482674266 0.5466210278786652 0.2953995685662386
 0.4507828191696265 0.5475168090079329 0.2962993847170742
 0.4505749436666351 0.5481968974813263 0.2969823141154000
 0.4503741693463648 0.5488521817953652 0.2976401922832056
 0.4501464048250503 0.5495936999017401 0.2983844809515849
 0.4499314826893172 0.5502916114675507 0.2990848005106175
 0.4497310006197535 0.5509410711957510 0.2997362721002588
 0.4495243681118389 0.5516088896961389 0.3004058871454793
 0.4492375965758830 0.5525330983587736 0.3013321184366656
 0.4490257673760242 0.5532138481606630 0.3020140543761773
 0.4488216676213836 0.5538682155419361 0.3026693573484635
 0.4485887791700637 0.5546130468887631 0.3034150183754401
 0.4483712074025089 0.5553071366502238 0.3041096235435219
 0.4481678579770577 0.5559543329503113 0.3047570313913490
 0.4479578238698919 0.5566212715686418 0.3054238860323356
 0.4476756923758726 0.5575147143856650 0.3063167482932346
 0.4474614235222395 0.5581914035785434 0.3069926941929401
 0.4472546405476751 0.5588429494095309 0.3076433246764809
 0.4470207327958615 0.5595781960138071 0.3083773214840487
 0.4467990089822258 0.5602734262113168 0.3090711331882278
 0.4465925282270893 0.5609193674266659 0.3097155076130327
 0.4463803075826199 0.5615817744540236 0.3103760267970114
 0.4460730317192614 0.5625382217007685 0.3113292503647415
 0.4462779836022709 0.5619006227438521 0.3106938631361340
 0.4460753886782552 0.5625308971697842 0.3113219525643169
 0.4458683208125290 0.5631736873774719 0.3119622915415228
 0.4456596403370528 0.5638200613219366 0.3126060061399866
 0.4454245356144472 0.5645465837586175 0.3133293157498711
 0.4451983159238603 0.5652439620569913 0.3140233539762406
 0.4449884965849656 0.5658893130643576 0.3146653404035915
 0.4447738573239146 0.5665480358639913 0.3153203182125932
 0.4444776043591688 0.5674548333220254 0.3162214380796744
 0.4442552050507846 0.5681337608453055 0.3168957584764368
 0.4440429110402700 0.5687804005652752 0.3175377669686373
 0.4438081528446418 0.5694938399420395 0.3182458365079017
 0.4435763840725312 0.5701965311131393 0.3189429473415818
 0.4433631244238103 0.5708416552616279 0.3195826517141879
 0.4431466435054000 0.5714951122244565 0.3202302977237829
 0.4428754671905403 0.5723116770444523 0.3210391484763128
 0.4426499994755945 0.5729889291581461 0.3217096657104190
 0.4424359796794188 0.5736303971266347 0.3223445226876949
 0.4422076357156507 0.5743133071793132 0.3230201769256789
 0.4419597854405158 0.5750528245427462 0.3237515757903023
 0.4417408524812556 0.5757045723196054 0.3243959073684820
 0.4415237625579537 0.5763494641785348 0.3250331866752569
 0.4412766340642436 0.5770819406216624 0.3257566764359059
 0.4410436984126686 0.5777707539932414 0.3264367386733403
 0.4408266346613800 0.5784112475579384 0.3270688776378049
 0.4406036486256030 0.5790678334858848 0.3277167128948508
 0.4402791207941946 0.5800209249718616 0.3286567584507413
 0.4404955722380915 0.5793855645410091 0.3280301430011478
 0.4402824892165397 0.5800110474590507 0.3286470185112225
 0.4400646416958455 0.5806492132543849 0.3292761775089321
 0.4398455929077170 0.5812895780103887 0.3299072382104898
 0.4396010512667095 0.5820029145702147 0.3306098775329128
 0.4393617224249377 0.5826994685212477 0.3312956682432445
 0.4391410425090562 0.5833403726128075 0.3319264320906383
 0.4389168604594635 0.5839901070845749 0.3325656877881302
 0.4386366971695430 0.5848002019222017 0.3333624432203888
 0.4384031396730605 0.5854739439904870 0.3340248258461144
 0.4381816883968607 0.5861114355090969 0.3346513094597255
 0.4379463103795639 0.5867876098467022 0.3353155145978897
 0.4376867381053671 0.5875316159267898 0.3360460257721616
 0.4374595003080052 0.5881815124803391 0.3366839063201377
 0.4372350650875634 0.5888220914951514 0.3373124803424624
 0.4369819777986478 0.5895429056896622 0.3380196196172447
 0.4367397297707487 0.5902313261671724 0.3386948006210112
 0.4365149990747754 0.5908686425323484 0.3393196709461679
 0.4362854873184197 0.5915182108342865 0.3399563410404396
 0.4359848452212493 0.5923671087694905 0.3407880648455096
 0.4357467252345900 0.5930378812380579 0.3414450556329428
 0.4355202994083379 0.5936744190154730 0.3420683857311734
 0.4352762468746952 0.5943591067982651 0.3427387459077946
 0.4350194153082662 0.5950780837235302 0.3434425225943973
 0.4347891135054714 0.5957214387306007 0.3440720973913112
 0.4345595222285457 0.5963615419593291 0.3446982832852630
 0.4342961839275553 0.5970941842530947 0.3454147275084168
 0.4340508815419159 0.5977751694241870 0.3460804244659563
 0.4338219672787932 0.5984093806673620 0.3467002373094094
 0.4335867068506125 0.5990598950965130 0.3473358545355436
 0.4332424632506400 0.6000094357022988 0.3482634193774318
 0.4334720568517962 0.5993764441067806 0.3476451098969992
 0.4332470728339822 0.5999967390405242 0.3482510186292481
 0.4330172853193116 0.6006290704998709 0.3488685323905076
 0.4327866635263083 0.6012624781228221 0.3494869163879234
 0.4325311854977184 0.6019627357437909 0.3501703490850984
 0.4322769300356155 0.6026581711421192 0.3508488855492991
 0.4320438369889019 0.6032944415056470 0.3514695807461850
 0.4318083866172064 0.6039359086748772 0.3520952790623781
 0.4315258501643912 0.6047040255804268 0.3528444466261542
 0.4312786068753989 0.6053747399893316 0.3534985334166300
 0.4310455570533692 0.6060057165238003 0.3541137643442001
 0.4308020926604447 0.6066636181255979 0.3547551204040072
 0.4305043175941935 0.6074665240192614 0.3555376706796329
 0.4302611568966275 0.6081207452847228 0.3561752163579053
 0.4300252859150436 0.6087541365383313 0.3567924264504991
 0.4297653015028959 0.6094508992263458 0.3574713648394912
 0.4295054848036377 0.6101457736649357 0.3581484176611262
 0.4292677072188443 0.6107804515324071 0.3587667390521110
 0.4290279906939066 0.6114190989117136 0.3593888203664704
 0.4287437541989492 0.6121747953077302 0.3601247712569471
 0.4284911665542985 0.6128449349940066 0.3607773067957639
 0.4282536706702213 0.6134738293411207 0.3613896469932598
 0.4280068629526592 0.6141261502520381 0.3620247980311236
 0.4276875959291893 0.6149681322555989 0.3628446270682746
 0.4274381792234345 0.6156244581068606 0.3634836628647779
 0.4271977601333675 0.6162559148311448 0.3640984384731797
 0.4269326635705250 0.6169508369372775 0.3647749459062709
 0.4266683041534203 0.6176424248059288 0.3654481807546436
 0.4264262250790025 0.6182745039804471 0.3660635114444372
 0.4261821746037188 0.6189105547438809 0.3666827730379304
 0.4258936505775656 0.6196609987053048 0.3674135076647952
 0.4256361111331011 0.6203294734101470 0.3680644918491915
 0.4253941473558699 0.6209563406994206 0.3686749760322168
 0.4251431902095651 0.6216053071385853 0.3693069742637641
 0.4248080313653995 0.6224701207431225 0.3701491707650045
 0.4245529490549939 0.6231268675859437 0.3707887801988313
 0.4243078945161717 0.6237566271195547 0.3714021772492936
 0.4240376415274177 0.6244498215420105 0.3720774586096570
 0.4237683599552826 0.6251391522192814 0.3727490601905165
 0.4235218364020571 0.6257690302475333 0.3733627775398966
 0.4232735120513738 0.6264023607258850 0.3739798707883144
 0.4229816744895784 0.6271452021278482 0.3747036852893150
 0.4227190685910830 0.6278122906465867 0.3753537448816616
 0.4224727210846267 0.6284369247647918 0.3759625347627829
 0.4222179342097234 0.6290817882799090 0.3765911828654029
 0.4218587175589546 0.6299889536658623 0.3774757965847249
 0.4215976521483783 0.6306467810141188 0.3781174303988757
 0.4213477785367492 0.6312752572166389 0.3787305304699499
 0.4210702798215705 0.6319719034330498 0.3794102333179774
 0.4207979530713283 0.6326542300500316 0.3800760942200949
 0.4205474751446240 0.6332806511248745 0.3806875529239139
 0.4202944369208491 0.6339123496549128 0.3813043455712923
 0.4199946979195168 0.6346591778290650 0.3820337958894520
 0.4197276907499922 0.6353231276140164 0.3826824895475388
 0.4194769133732132 0.6359455893888422 0.3832907742434966
 0.4192171273931826 0.6365892624621942 0.3839198888240797
 0.4188593158834921 0.6374739093544237 0.3847847070728699
 0.4185941049052777 0.6381281958364681 0.3854245121649398
 0.4183400820200810 0.6387537559782994 0.3860364200942881
 0.4180597062982034 0.6394429410972614 0.3867108095525525
 0.4177810746395941 0.6401265232175584 0.3873799628727141
 0.4175259734996098 0.6407512317165857 0.3879916743605716
 0.4172693322327287 0.6413786124808534 0.3886061643658429
 0.4169710332337655 0.6421064499510555 0.3893192561804452
 0.4166981348896862 0.6427710184560568 0.3899705976189252
 0.4164429556712167 0.6433913248935180 0.3905788110249686
 0.4161806386128592 0.6440278671362200 0.3912032339767835
 0.4158127624375904 0.6449186650715770 0.3920775735721901
 0.4155411599941774 0.6455749268227434 0.3927220473569125
 0.4152831624715369 0.6461972094529755 0.3933333774969853
 0.4150024844777767 0.6468729782988838 0.3939974824491855
 0.4147142022429194 0.6475657396399437 0.3946785521001989
 0.4144535317456676 0.6481910055303530 0.3952935341148296
 0.4141935850015470 0.6488134594679102 0.3959060386466152
 0.4138999119536226 0.6495153856025208 0.3965971070645559
 0.4136187832981034 0.6501860552001489 0.3972577452652771
 0.4133586135547481 0.6508056197149239 0.3978683114038714
 0.4130946051995952 0.6514332444882952 0.3984870644446366
 0.4127762371140369 0.6521886564899191 0.3992321357400215
 0.4124991738784313 0.6528447849630775 0.3998796300240929
 0.4122384036142473 0.6534612484346491 0.4004883303210220
 0.4119672452437811 0.6541011626151927 0.4011205844541050
 0.4116112072856631 0.6549396804721971 0.4019496944127059
 0.4113367619991750 0.6555847205089101 0.4025879566038777
 0.4110733038267459 0.6562028641638017 0.4031999491799259
 0.4107858498785872 0.6568761144432452 0.4038668701946203
 0.4104916118272220 0.6575639690352342 0.4045486754948645
 0.4102252077680039 0.6581856383087117 0.4051652759469485
 0.4099595128713497 0.6588046002269965 0.4057795965454757
 0.4096600901118037 0.6595008798701743 0.4064711458953426
 0.4093719287196869 0.6601697220734437 0.4071359053750365
 0.4091056499727108 0.6607866876749195 0.4077494636285067
 0.4088359621701778 0.6614104936435203 0.4083701417793240
 0.4085147330722673 0.6621521341549262 0.4091084719944143
 0.4082308211295709 0.6628063712123496 0.4097601897819803
 0.4079643366880503 0.6634193887770675 0.4103712327238405
 0.4076889206037052 0.6640518780872372 0.4110021114981777
 0.4072816807852384 0.6649851063442388 0.4119337706994641
 0.4075532706022153 0.6643629963230570 0.4113126009189872
 0.4072904564358394 0.6649650210990887 0.4119137093797788
 0.4070229831951833 0.6655767069367032 0.4125248511415851
 0.4067552309185241 0.6661880129005493 0.4131359810527048
 0.4064630296676058 0.6668539807108311 0.4138021694984548
 0.4061601801189462 0.6675429476651816 0.4144918449007306
 0.4058873309157271 0.6681625630665136 0.4151125590199196
 0.4056160512691631 0.6687775822911873 0.4157291392740095
 0.4053127583935292 0.6694639653415904 0.4164178350621549
 0.4050164168682885 0.6701333842301392 0.4170900698678129
 0.4047438052510063 0.6707481270367943 0.4177078488658448
 0.4044689568827995 0.6713668782644691 0.4183300603657820
 0.4041488198806389 0.6720862798095818 0.4190539867785772
 0.4038570251841959 0.6727407726049448 0.4197130938440657
 0.4035846102652906 0.6733507517994349 0.4203278431755384
 0.4033057822305209 0.6739740499079439 0.4209565189934482
 0.4029508416528121 0.6747659740415493 0.4217560265398123
 0.4026611181564778 0.6754111344351982 0.4224079665325760
 0.4023876086931850 0.6760191583276149 0.4230228481355703
 0.4021005341006477 0.6766562652792337 0.4236676174867021
 0.4017545319879491 0.6774226961327592 0.4244439384259215
 0.4014691194873343 0.6780537228617305 0.4250837086075775
 0.4011929804950682 0.6786632249894990 0.4257022150216910
 0.4008939914615024 0.6793220336696858 0.4263713965843492
 0.4005801084483485 0.6800124024990051 0.4270733337916964
 0.4002990419348560 0.6806295037249804 0.4277013412138939
 0.4000206316309777 0.6812397620037635 0.4283228710227853
 0.3997120421952417 0.6819149997116888 0.4290111218816299
 0.3994055735635813 0.6825843825661564 0.4296939782966926
 0.3991254607528023 0.6831951451594914 0.4303175644142238
 0.3988449756539204 0.6838057141433083 0.4309414878743403
 0.3985277778604955 0.6844949927533207 0.4316464979440645
 0.3982241894285206 0.6851535017511080 0.4323206674408843
 0.3979436788257551 0.6857609170023062 0.4329430446533309
 0.3976602487799428 0.6863736470471810 0.4335713483984810
 0.3973301821631292 0.6870859269786587 0.4343023445010299
 0.3970286098814656 0.6877355255501770 0.4349696263067950
 0.3967470746740482 0.6883409409405747 0.4355920990558594
 0.3964590580569619 0.6889592758013644 0.4362284674949465
 0.3960958194678248 0.6897376396784668 0.4370304248956393
 0.3957961579858087 0.6903785438339426 0.4376914739056106
 0.3955135578069518 0.6909819480037946 0.4383143974485788
 0.3952180562315590 0.6916118542923153 0.4389652246632869
 0.3948489582779946 0.6923971479403945 0.4397773772091468
 0.3945530129545169 0.6930256074788224 0.4404279828102816
 0.3942686577808852 0.6936284569507597 0.4410526515329816
 0.3939634707995879 0.6942743870907701 0.4417226008700005
 0.3936330952916631 0.6949723684166921 0.4424472665153352
 0.3933417403912762 0.6955868278184186 0.4430858098693828
 0.3930554238951979 0.6961896756990859 0.4437127963024916
 0.3927433392647255 0.6968456702070931 0.4443956227539468
 0.3924198943889394 0.6975243275603475 0.4451026882228839
 0.3921286881259192 0.6981342862414135 0.4457387914381886
 0.3918396663830385 0.6987386841407733 0.4463697113436837
 0.3915189745958859 0.6994081652597238 0.4470693116868822
 0.3912008608318060 0.7000710789127378 0.4477628060254987
 0.3909100743823326 0.7006760161401904 0.4483962734646996
 0.3906190888283503 0.7012803868054212 0.4490297096788486
 0.3902914947426083 0.7019596227041850 0.4497422646790467
 0.3899753542795245 0.7026139399194790 0.4504293458182850
 0.3896841858764427 0.7032155588053571 0.4510616966049918
 0.3893913750965818 0.7038195944057698 0.4516971960227711
 0.3890585097370610 0.7045050724370051 0.4524191217374675
 0.3887421910492784 0.7051553105609217 0.4531046338271179
 0.3884495211473721 0.7057559277414371 0.4537383992652529
 0.3881537495824391 0.7063619297538885 0.4543783684216459
 0.3878106757799928 0.7070636184645844 0.4551200382488776
 0.3874952999126052 0.7077074953143431 0.4558012493954827
 0.3872014500434063 0.7083064267622510 0.4564355104817433
 0.3869019347946008 0.7089159185114512 0.4570815860755398
 0.3865376024330903 0.7096559698245818 0.4578669275126834
 0.3862240676150498 0.7102916663874195 0.4585422631736076
 0.3859297502121408 0.7108874162861685 0.4591757387926074
 0.3856261259374812 0.7115010107001811 0.4598287415252419
 0.3852103303605106 0.7123396602531423 0.4607221477898767
 0.3848965198190268 0.7129713642383129 0.4613958034747502
 0.3846002282555772 0.7135668236971647 0.4620313920174117
 0.3842864753059451 0.7141963427162246 0.4627039641073950
 0.3839261740217471 0.7149179513236211 0.4634756981353274
 0.3836191315032677 0.7155317960070275 0.4641327925059212
 0.3833208772697616 0.7161271073604658 0.4647705470447425
 0.3830004505402180 0.7167656202381956 0.4654551141221547
 0.3826529599537938 0.7174568330847390 0.4661968234378688
 0.3823468310370042 0.7180647145132891 0.4668497098806071
 0.3820462704452802 0.7186605793050890 0.4674902749999347
 0.3817194253185875 0.7193074779228470 0.4681863837276240
 0.3813788565984325 0.7199803504440810 0.4689111850599246
 0.3810734664193964 0.7205826920245483 0.4695606189425570
 0.3807717754063539 0.7211767867338393 0.4702016843170019
 0.3804423161514303 0.7218244873779431 0.4709011592580093
 0.3801018362060075 0.7224926783387656 0.4716233816090034
 0.3797955143603105 0.7230928164404761 0.4722726056696750
 0.3794926873206114 0.7236851633449880 0.4729139391380029
 0.3791627247366280 0.7243295237006228 0.4736121980847580
 0.3788183893971981 0.7250007711966591 0.4743402426321106
 0.3785095072609600 0.7256018841070041 0.4749927389942661
 0.3782042786846329 0.7261949406713848 0.4756369382785790
 0.3778708735873404 0.7268416729630491 0.4763399367294422
 0.3775260564552047 0.7275093700211877 0.4770662903873849
 0.3772155226207875 0.7281096653128699 0.4777198581578261
 0.3769077897524815 0.7287035991753000 0.4783670425456670
 0.3765690520631668 0.7293562871290664 0.4790788948336728
 0.3762264921798105 0.7300151861646356 0.4797981942740928
 0.3759157469379777 0.7306118911364344 0.4804501441134626
 0.3756069830582559 0.7312038524452358 0.4810973840542273
 0.3752669342504257 0.7318547138633809 0.4818095399435419
 0.3749227968980355 0.7325122531995346 0.4825295510528976
 0.3746108530867692 0.7331072867219248 0.4831816130187033
 0.3743014271554519 0.7336965867983449 0.4838278753676238
 0.3739631374215334 0.7343398009008701 0.4845338157639485
 0.3736129753018819 0.7350044300749736 0.4852638397201994
 0.3732979208518318 0.7356014189857349 0.4859200313316424
 0.3729863893852600 0.7361908007034357 0.4865682594911109
 0.3726466464147615 0.7368325031030387 0.4872744716969422
 0.3722929476798635 0.7374994028530673 0.4880089261171837
 0.3719752636572166 0.7380973898429556 0.4886679766271895
 0.3716610013603479 0.7386880016523292 0.4893193943150538
 0.3713166372293120 0.7393341221289572 0.4900326208542489
 0.3709641205301000 0.7399943911138703 0.4907620803245722
 0.3706457806717663 0.7405896519617475 0.4914202096021645
 0.3703303527733107 0.7411785401589708 0.4920717057377991
 0.3699848756326463 0.7418224730371944 0.4927845341467337
 0.3696305951914833 0.7424816722181004 0.4935147270790523
 0.3693112275892488 0.7430749225731470 0.4941722873884345
 0.3689956480575356 0.7436602197531214 0.4948214396952063
 0.3686532956725090 0.7442941451021532 0.4955249867324658
 0.3682907593048848 0.7449642839257179 0.4962692226565457
 0.3679679918714238 0.7455599099362116 0.4969310988043582
 0.3676507649503313 0.7461443961868257 0.4975809228687383
 0.3673088017198953 0.7467734459324014 0.4982806415229092
 0.3669384412362415 0.7474535521908390 0.4990375833835397
 0.3666118168619922 0.7480523289782988 0.4997044220071025
 0.3662914519917125 0.7486387095521727 0.5003578713703256
 0.3659452858869228 0.7492712935975698 0.5010632908026598
 0.3655756627091740 0.7499455754898730 0.5018157431748277
 0.3652477447219423 0.7505427712170000 0.5024825898741599
 0.3649255366797782 0.7511286502982103 0.5031371365374923
 0.3645767876770367 0.7517617678488832 0.5038448018828822
 0.3642073772577656 0.7524312400648557 0.5045934905335290
 0.3638790534294730 0.7530252594211038 0.5052581586523929
 0.3635568861177796 0.7536072351411042 0.5059097103544639
 0.3632107126948178 0.7542315807848078 0.5066091136055284
 0.3628324774388813 0.7549125770470052 0.5073724643292596
 0.3625012454175657 0.7555079419693312 0.5080402183550662
 0.3621781579291320 0.7560877677005955 0.5086908682355177
 0.3618337568772069 0.7567048683329184 0.5093836865525907
 0.3614412629488263 0.7574069196606392 0.5101723243701813
 0.3611050442993993 0.7580072799699002 0.5108471417891464
 0.3607786470932138 0.7585891953060455 0.5115016200848254
 0.3604305513409746 0.7592088138384845 0.5121989373400442
 0.3600374284362335 0.7599073674390927 0.5129855920721792
 0.3596988407215739 0.7605079869188863 0.5136623304409756
 0.3593694291412767 0.7610914185947264 0.5143199737606849
 0.3590163763940773 0.7617157287557086 0.5150239520275083
 0.3586296715491986 0.7623983719063355 0.5157940046788315
 0.3582916042468975 0.7629941537581388 0.5164663545049735
 0.3579617872014834 0.7635744982321614 0.5171215689011253
 0.3576088859010282 0.7641944830857805 0.5178218748482031
 0.3572184773758035 0.7648791870983503 0.5185956901214501
 0.3568792406115582 0.7654731473458293 0.5192672727894669
 0.3565494797182205 0.7660496302870344 0.5199193519134174
 0.3561995845771209 0.7666603596068561 0.5206104285123689
 0.3557899476984357 0.7673741251077048 0.5214184440323270
 0.3554454988136787 0.7679732727777481 0.5220970238472025
 0.3551132608570053 0.7685502903011646 0.5227508380603298
 0.3547621225069003 0.7691591866058272 0.5234410981982494
 0.3543393053664806 0.7698910922726486 0.5242712132703314
 0.3539901291550150 0.7704944683892158 0.5249558337178487
 0.3536538264725358 0.7710746998428755 0.5256143854730746
 0.3532961965357638 0.7716907632282052 0.5263137859149446
 0.3528893369485660 0.7723904267846475 0.5271083310769954
 0.3525408356534827 0.7729887181783613 0.5277879973015257
 0.3522024632027846 0.7735687277658343 0.5284471512477903
 0.3518406344765336 0.7741879740106999 0.5291512050219941
 0.3514409250132490 0.7748708893111773 0.5299280180853420
 0.3510933406374054 0.7754637599825144 0.5306026906110328
 0.3507552170032270 0.7760396154060889 0.5312582158708871
 0.3503955927920935 0.7766511412218132 0.5319545489105443
 0.3499837127875208 0.7773503310090981 0.5327509481945143
 0.3496331275418865 0.7779444681830606 0.5334279092742550
 0.3492946543157226 0.7785172087192063 0.5340807010403098
 0.3489381632387008 0.7791195164252827 0.5347674221074538
 0.3484915647579517 0.7798727358545405 0.5356265119657102
 0.3481340075110683 0.7804747199100314 0.5363133117443790
 0.3477921546771708 0.7810493850346881 0.5369690757806339
 0.3474315513947784 0.7816546424161960 0.5376598740351034
 0.3469927742490445 0.7823898315880441 0.5384991620015659
 0.3466330896954971 0.7829914540940737 0.5391861773086549
 0.3462869973286597 0.7835694573703968 0.5398464385561548
 0.3459187908308764 0.7841834441296197 0.5405480594399066
 0.3455007542965017 0.7848793412128666 0.5413435820686688
 0.3451422385137308 0.7854751581489322 0.5420249019930748
 0.3447941971063873 0.7860526902595073 0.5426854413899680
 0.3444226895444398 0.7866682111886024 0.5433895279668709
 0.3440088441921153 0.7873527271166324 0.5441726417643887
 0.3436509496178538 0.7879437239197613 0.5448488729217078
 0.3433037592371045 0.7885161843244559 0.5455040166518983
 0.3429360286135853 0.7891215914962966 0.5461970176032940
 0.3425038414806784 0.7898319093145402 0.5470103063826645
 0.3421423489496437 0.7904250403068509 0.5476895595959242
 0.3417949661191646 0.7909941676268600 0.5483414154177343
 0.3414304283682931 0.7915905049001951 0.5490245161770996
 0.3409470387826833 0.7923798600085349 0.5499288529349644
 0.3405772030935811 0.7929827062301625 0.5506196487496233
 0.3402256481154111 0.7935548895319965 0.5512754437518291
 0.3398548940719505 0.7941574109754613 0.5519661593376363
 0.3394018155060994 0.7948924566558937 0.5528089713361183
 0.3390314617835932 0.7954922666737367 0.5534968079923830
 0.3386754853501370 0.7960679235023792 0.5541569740750688
 0.3382975177444628 0.7966782145464784 0.5548568636517736
 0.3378632220152008 0.7973782809731970 0.5556597292374091
 0.3374935439194854 0.7979731998433621 0.5563420702810371
 0.3371352750972139 0.7985488953742099 0.5570024673476588
 0.3367528830782894 0.7991624206418899 0.5577064085681012
 0.3363274428678082 0.7998438856762027 0.5584884877353796
 0.3359592150747090 0.8004327524744340 0.5591644274476174
 0.3356018283745884 0.8010034370310578 0.5598195747670950
 0.3352230724837595 0.8016073389117530 0.5605129083940202
 0.3347799457753932 0.8023126975610206 0.5613227785508595
 0.3344084159948515 0.8029031143969856 0.5620007357096789
 0.3340515767361082 0.8034693512116783 0.5626509992433238
 0.3336780401178968 0.8040612106197648 0.5633307746019516
 0.3331503121104546 0.8048958665448941 0.5642895460345781
 0.3327684279922626 0.8054987528056388 0.5649821417485347
 0.3324077135334879 0.8060673714023947 0.5656353832821102
 0.3320270468675455 0.8066665530707986 0.5663237354612362
 0.3315647306156594 0.8073930310226846 0.5671583427534448
 0.3311850474380775 0.8079886612233796 0.5678426730286381
 0.3308200970768374 0.8085603330967005 0.5684995434012139
 0.3304340367198800 0.8091641728758621 0.5691934505603519
 0.3299737995844044 0.8098828291485017 0.5700193585436252
 0.3295909027531319 0.8104797252061622 0.5707053172885806
 0.3292214762489168 0.8110547700454165 0.5713660885623910
 0.3288278529586679 0.8116665616155566 0.5720689620821303
 0.3283866605171372 0.8123511669980097 0.5728553342430821
 0.3280061961374396 0.8129405921341258 0.5735322783320128
 0.3276369306080626 0.8135118318038637 0.5741882923294853
 0.3272441406179331 0.8141185623862034 0.5748850536193729
 0.3267988110352893 0.8148053305900896 0.5756737328248488
 0.3264181854827043 0.8153913763298121 0.5763467318506187
 0.3260508682199942 0.8159561141776787 0.5769952262302345
 0.3256651195504957 0.8165483286558566 0.5776752139631963
 0.3251637323980931 0.8173167621010622 0.5785574436934334
 0.3247749814309206 0.8179115501345937 0.5792402591508262
 0.3244063901890984 0.8184746762317804 0.5798867053710162
 0.3240217759188768 0.8190614364751091 0.5805602710854850
 0.3234599047587676 0.8199170706006569 0.5815424453766574
 0.3238345789151991 0.8193467091650354 0.5808877411114584
 0.3234666169166762 0.8199068599272574 0.5815307251998126
 0.3230924601285024 0.8204756376383504 0.5821835569370452
 0.3227214427375308 0.8210388457922468 0.5828299182048354
 0.3223304006356748 0.8216315954827508 0.5835100914800279
 0.3218116364067623 0.8224165983910681 0.5844107638911401
 0.3214137365796689 0.8230176676488058 0.5851003699507413
 0.3210342328381621 0.8235901100909657 0.5857571497757232
 0.3206305046848847 0.8241981979500629 0.5864548598722154
 0.3201712926827425 0.8248887375373060 0.5872471861005089
 0.3197774106365622 0.8254800936572461 0.5879256609769753
 0.3193947416220426 0.8260537837123160 0.5885837655703647
 0.3189852814299436 0.8266667345512020 0.5892867522134853
 0.3185349837416154 0.8273397431512894 0.5900584183769678
 0.3181428835659586 0.8279248571081050 0.5907291564676692
 0.3177615904223609 0.8284930317624888 0.5913803770589185
 0.3173562748858977 0.8290961275560007 0.5920715435312813
 0.3168941826279648 0.8297826089731823 0.5928581789962757
 0.3165008702795368 0.8303659947305383 0.5935265761814116
 0.3161221290204941 0.8309269740316974 0.5941691807715211
 0.3157258595596441 0.8315130849226817 0.5948404173315435
 0.3151541048684600 0.8323572603435667 0.5958068928277169
 0.3155353653237926 0.8317945381268055 0.5951626864354673
 0.3151607896394542 0.8323474006609156 0.5957956067796918
 0.3147788236968369 0.8329103963635892 0.5964399755325379
 0.3144006511744868 0.8334670328767803 0.5970769262349357
 0.3140047827792140 0.8340489004882674 0.5977426032675630
 0.3134596841675200 0.8348487544302330 0.5986573945083621
 0.3130505481519705 0.8354480719956832 0.5993425859382169
 0.3126657377695698 0.8360109531740667 0.5999858954855807
 0.3122647441175429 0.8365966810152288 0.6006550734418679
 0.3117175848277043 0.8373945583660622 0.6015662546422825
 0.3113034051990548 0.8379974880951279 0.6022545664925036
 0.3109112607728604 0.8385675226902810 0.6029051706759685
 0.3104975583025125 0.8391680354278580 0.6035904051148997
 0.3100013828882177 0.8398871031220061 0.6044106665815291
 0.3095899028000175 0.8404824734345857 0.6050895420665090
 0.3091928182886302 0.8410561970087377 0.6057434268116526
 0.3087694049875877 0.8416670800492145 0.6064392824853555
 0.3083010185952507 0.8423417929843405 0.6072073762399330
 0.3078937607731677 0.8429275525919450 0.6078738304571251
 0.3074974755593566 0.8434967322244612 0.6085211255256359
 0.3070754240311633 0.8441020573718950 0.6092092418863259
 0.3066050787647764 0.8447756036850421 0.6099745779731079
 0.3061989752749173 0.8453562724516017 0.6106340801928373
 0.3058063331223451 0.8459169195899249 0.6112705490197901
 0.3053946168023158 0.8465039882936587 0.6119366744520756
 0.3048586745044962 0.8472669481872408 0.6128018391504183
 0.3044440463272851 0.8478562462196039 0.6134696718365821
 0.3040519678640494 0.8484127272005131 0.6141000073432290
 0.3036455467836837 0.8489887798750854 0.6147522117666322
 0.3031191096021269 0.8497337578106808 0.6155952179626704
 0.3026982610363990 0.8503283575165972 0.6162676695959262
 0.3023036342113440 0.8508851407073175 0.6168970196394766
 0.3018993563015822 0.8514547719088328 0.6175405490412119
 0.3014251716624174 0.8521219146270059 0.6182938103077377
 0.3009942870199225 0.8527272164271505 0.6189768765479488
 0.3005922298510734 0.8532912338871874 0.6196130638585459
 0.3001862058571633 0.8538600470804618 0.6202543862119224
 0.2997325161081437 0.8544947260567779 0.6209696243638003
 0.2992837151564492 0.8551216237907392 0.6216756786524611
 0.2988712704770817 0.8556969150895275 0.6223231839058697
 0.2984593284052762 0.8562707216461506 0.6229685621052645
 0.2980042875904683 0.8569036549890431 0.6236798891756014
 0.2975473112863339 0.8575383265398369 0.6243926032736128
 0.2971297603374294 0.8581174098162058 0.6250424384527657
 0.2967136580396473 0.8586936964072072 0.6256887421252705
 0.2962514072387372 0.8593329786943505 0.6264052560782382
 0.2957972265612138 0.8599601625369441 0.6271077409583568
 0.2953812105634694 0.8605338320381712 0.6277498319564397
 0.2949674338043974 0.8611036463862591 0.6283871241542142
 0.2945133614336402 0.8617280749096846 0.6290848947030062
 0.2940547376550754 0.8623578345970844 0.6297879606962811
 0.2936399408117060 0.8629266136102192 0.6304223846966810
 0.2932325590621194 0.8634844885328044 0.6310441489176423
 0.2927995890505247 0.8640766076305954 0.6317035619943226
 0.2923035041082538 0.8647540359754186 0.6324573350851930
 0.2918813295963537 0.8653296940175327 0.6330973138114290
 0.2914769050268184 0.8658804259268709 0.6337090812736681
 0.2910583093324455 0.8664497132631743 0.6343409253013740
 0.2905333279893543 0.8671626214659275 0.6351313876921753
 0.2900965943339006 0.8677547947146185 0.6357873180859240
 0.2896890257963521 0.8683066904957335 0.6363980971679689
 0.2892754392965197 0.8688660155919562 0.6370165653762455
 0.2888101097431943 0.8694944535667333 0.6377107913221793
 0.2883545614463291 0.8701087999573546 0.6383887298808493
 0.2879370782592517 0.8706710493768620 0.6390085139288137
 0.2875229225196145 0.8712280995846181 0.6396219147074031
 0.2870783832869147 0.8718252239553766 0.6402787194433039
 0.2865781831712548 0.8724961376972923 0.6410158243421354
 0.2861436677133411 0.8730781133821451 0.6416545173644361
 0.2857214348367578 0.8736428968396586 0.6422737507819229
 0.2852739922218311 0.8742406068500689 0.6429284539527400
 0.2847454692671130 0.8749455785501994 0.6436997692155797
 0.2842998242126813 0.8755391249201750 0.6443483707586337
 0.2838687471648751 0.8761125071300709 0.6449741822197312
 0.2834074733722778 0.8767252289236702 0.6456420720994047
 0.2829047542153941 0.8773920360686915 0.6463679083226563
 0.2824622660409271 0.8779781214972026 0.6470050410211967
 0.2820293908906010 0.8785507244102875 0.6476268001680139
 0.2815615172903284 0.8791687924313546 0.6482971586909427
 0.2810714337533132 0.8798152789302839 0.6489974776346797
 0.2806343140091309 0.8803911072269546 0.6496204708332448
 0.2802063730721785 0.8809541239527966 0.6502288348030137
 0.2797494345725554 0.8815545079054086 0.6508766835469104
 0.2792447562437576 0.8822166828040091 0.6515900965597906
 0.2788071692094488 0.8827900376816363 0.6522068654732038
 0.2783853964768063 0.8833419791281744 0.6527997750585001
 0.2779461983105967 0.8839160044828365 0.6534155630329882
 0.2773042281655920 0.8847537356740034 0.6543127025282666
 0.2777322917850688 0.8841953122118055 0.6537148819218032
 0.2773134596586847 0.8847417001688967 0.6542998265842057
 0.2768884770875860 0.8852954365008964 0.6548918281069556
 0.2764707191263462 0.8858390992914450 0.6554722445330851
 0.2760386147392455 0.8864007465607037 0.6560709908277176
 0.2755170314040697 0.8870777735348224 0.6567915439484736
 0.2750618921801257 0.8876677320739115 0.6574183646807331
 0.2746389479260028 0.8882152750469052 0.6579992355687733
 0.2742138406380425 0.8887649571851671 0.6585815197146759
 0.2737494492124522 0.8893646811919608 0.6592158219670251
 0.2732579100925168 0.8899986102222253 0.6598851430715762
 0.2728205810425733 0.8905618906068657 0.6604788365772967
 0.2723941027653716 0.8911105317422398 0.6610561383822889
 0.2719471293929566 0.8916848387323358 0.6616594187525514
 0.2713433677691809 0.8924594680050330 0.6624714754981730
 0.2708802102355063 0.8930528244084291 0.6630922417962497
 0.2704431025658801 0.8936121130497277 0.6636763772348062
 0.2699876624517258 0.8941941437444832 0.6642832314570749
 0.2693854328679574 0.8949626500668509 0.6650828264555748
 0.2689126066375553 0.8955651399077585 0.6657082629275615
 0.2684640079320413 0.8961360427432701 0.6662996920697104
 0.2679908519168910 0.8967374468202640 0.6669214089294582
 0.2674307318398274 0.8974483946603222 0.6676546489369073
 0.2669595490241494 0.8980456281182464 0.6682692135324878
 0.2665026562433551 0.8986240295675461 0.6688632290510436
 0.2660082378836093 0.8992491425422424 0.6695039448611045
 0.2654905014663554 0.8999028574245618 0.6701725438402906
 0.2650272341478110 0.9004870380285541 0.6707687342928744
 0.2645698510651944 0.9010630984823761 0.6713553839960825
 0.2640673153500586 0.9016952293164882 0.6719976452533624
 0.2635627118001463 0.9023291249070921 0.6726401055449859
 0.2631066897493011 0.9029012740587145 0.6732186199603005
 0.2626565790275376 0.9034653421903313 0.6737877158616252
 0.2621697734300509 0.9040746561799677 0.6744010883527032
 0.2616559199502701 0.9047169956212247 0.6750461609710424
 0.2612015432252824 0.9052842806272560 0.6756145124830717
 0.2607597788474043 0.9058351872263607 0.6761652031884485
 0.2602962930441768 0.9064125151918561 0.6767409344972297
 0.2596958454496395 0.9071594364249870 0.6774836480304623
 0.2592295550640201 0.9077386925987661 0.6780579535645516
 0.2587908024375286 0.9082831192101086 0.6785963813901078
 0.2583396170617488 0.9088423488382786 0.6791480958516118
 0.2577975456830027 0.9095133961493482 0.6798083164579922
 0.2573229830765322 0.9101001301959079 0.6803839576721998
 0.2568828350181683 0.9106436993002626 0.6809158812611162
 0.2564416079593838 0.9111880090123702 0.6814471970724058
 0.2559627546098842 0.9117780683073878 0.6820216554767990
 0.2554446209816155 0.9124157519431123 0.6826407074210843
 0.2549894222328920 0.9129753157784181 0.6831824112430822
 0.2545486515861043 0.9135165549114670 0.6837050327471980
 0.2540913330039854 0.9140775047790289 0.6842452845550295
 0.2535285181093336 0.9147670102066708 0.6849073597488268
 0.2530470020816460 0.9153561786840514 0.6854713124440588
 0.2525975951252381 0.9159054492903285 0.6859955706658828
 0.2521427250662876 0.9164608002036139 0.6865241440956723
 0.2516367809247847 0.9170778059793100 0.6871096510144233
 0.2511246001239717 0.9177016691332383 0.6876998182751499
 0.2506591187875643 0.9182680004537722 0.6882339747371918
 0.2501986724329666 0.9188276007694337 0.6887603045130251
 0.2497056599396939 0.9194261164199218 0.6893215883324354
 0.2491364537188760 0.9201162822366691 0.6899666421854111
 0.2486493638631555 0.9207061634917401 0.6905160478293746
 0.2481759994879606 0.9212787920875397 0.6910476434275934
 0.2476708047039606 0.9218892441123481 0.6916124402102393
 0.2470950402930255 0.9225841158527515 0.6922529544886742
 0.2465977555485891 0.9231835460959659 0.6928034832362494
 0.2461103166142295 0.9237704582474041 0.6933407361373064
 0.2455748256928730 0.9244144912030194 0.6939282494936502
 0.2450312444824036 0.9250674695946440 0.6945217144597220
 0.2445362503497127 0.9256613991231101 0.6950595190266737
 0.2440391193212311 0.9262572409341631 0.6955970900660853
 0.2434551043403111 0.9269563894784358 0.6962253141829026
 0.2429335681436112 0.9275799900252234 0.6967833370206024
 0.2424467739506920 0.9281614134758278 0.6973016856424059
 0.2419476148731553 0.9287569715111258 0.6978307438011934
 0.2412658985834624 0.9295693125575190 0.6985493359471135
 0.2407555983009106 0.9301766190772306 0.6990842515096034
 0.2402771786988406 0.9307453872070395 0.6995833973266079
 0.2397763851890058 0.9313401389827450 0.7001034133815126
 0.2391713102497151 0.9320579028607886 0.7007283039519870
 0.2386774926490396 0.9326430165626339 0.7012355263058488
 0.2382080678189514 0.9331986711931631 0.7017154068946146
 0.2377211341382104 0.9337744810608066 0.7022108583017582
 0.2370252081244192 0.9345964283949356 0.7029148850044508
 0.2365252316637844 0.9351862209225512 0.7034177302614523
 0.2360599029049537 0.9357346029825483 0.7038834992206919
 0.2355797932416656 0.9362998630055952 0.7043617899872125
 0.2349713580782044 0.9370154234107578 0.7049645759538704
 0.2344734950977123 0.9376002955185225 0.7054550235484358
 0.2340103152888794 0.9381439027655446 0.7059090474600835
 0.2335417418828515 0.9386933329335865 0.7063661483451257
 0.2330195988467041 0.9393049793648556 0.7068728904474573
 0.2324998511207747 0.9399131985967912 0.7073745626256797
 0.2320289477247696 0.9404637274272990 0.7078267132061137
 0.2315669087581277 0.9410034046104849 0.7082681461250846
 0.2310820143980230 0.9415692606803329 0.7087290579215577
 0.2303363181886874 0.9424384384440827 0.7094331632152476
 0.2308335170238527 0.9418590449612162 0.7089643288318801
 0.2303677040307237 0.9424018802754701 0.7094036427129297
 0.2298971933762236 0.9429497016383904 0.7098451346544401
 0.2294336163973040 0.9434889729285791 0.7102779128360073
 0.2289535773149354 0.9440468982851963 0.7107237512658749
 0.2283791914903652 0.9447138193215951 0.7112541204525106
 0.2278700007924279 0.9453044460569752 0.7117214591609645
 0.2273967626189846 0.9458528715050372 0.7121534071863124
 0.2269213818206045 0.9464032993250933 0.7125849922767038
 0.2264030798491674 0.9470028787833147 0.7130529123629301
 0.2258481579655071 0.9476441943829440 0.7135508793914008
 0.2253562468457566 0.9482121515019354 0.7139897221967827
 0.2248766545546947 0.9487654020539230 0.7144152506328859
 0.2243736726205187 0.9493451252094502 0.7148590596794201
 0.2236887838636198 0.9501336769490319 0.7154592650714388
 0.2231673942745417 0.9507333443157303 0.7159129733877114
 0.2226751414249851 0.9512989980250738 0.7163387625515645
 0.2221614912123752 0.9518887229897316 0.7167804136459124
 0.2214798809570170 0.9526704754681317 0.7173623612896879
 0.2209463210506639 0.9532817877084577 0.7178146789557031
 0.2204392356813732 0.9538622519667147 0.7182419552172288
 0.2199044805845324 0.9544738496060698 0.7186898030593741
 0.2192452096344995 0.9552270980536125 0.7192380138089229
 0.2187035893906984 0.9558453040528593 0.7196851090626905
 0.2181780046451547 0.9564446760112129 0.7201161069043918
 0.2176048329905592 0.9570977239739067 0.7205829180303551
 0.2170070698942950 0.9577781381203530 0.7210662279024356
 0.2164645705201734 0.9583950755739050 0.7215017824522225
 0.2159165647155266 0.9590177269801814 0.7219388197290993
 0.2152366818727628 0.9597894596006183 0.7224769196289551
 0.2146640252409551 0.9604388333934056 0.7229265754964004
 0.2141178511351755 0.9610576306952082 0.7233523324247920
 0.2135236849658382 0.9617302009624915 0.7238120151852697
 0.2129255172925493 0.9624066741852929 0.7242711186171443
 0.2123814512498942 0.9630214221853263 0.7246855233105105
 0.2118331920937134 0.9636403909068656 0.7251001014613543
 0.2111474501631325 0.9644138494497830 0.7256144130226131
 0.2105845918244520 0.9650481096382025 0.7260330488394634
 0.2100554910813414 0.9656438442013119 0.7264236607560360
 0.2095016986774139 0.9662668801598929 0.7268294365647479
 0.2088530950855703 0.9669959378282560 0.7273006609434201
 0.2083131514849667 0.9676023318458291 0.7276896309383302
 0.2077945576258833 0.9681843033654325 0.7280604112880968
 0.2072453748306942 0.9688001304937321 0.7284500942022706
 0.2066238702977076 0.9694964757451519 0.7288874475077699
 0.2060944318498355 0.9700891870272669 0.7292569695652902
 0.2055844873643457 0.9706596595624615 0.7296102283089334
 0.2050488115425019 0.9712584826757479 0.7299784844486145
 0.2043865225136056 0.9719982341729287 0.7304297519031939
 0.2038549937160968 0.9725914478997257 0.7307886954684626
 0.2033500804678053 0.9731545621864170 0.7311270166514671
 0.2028250823988742 0.9737396717252119 0.7314760803109075
 0.2020539708488233 0.9745983336250543 0.7319838051790623
 0.2025680936869125 0.9740259358851899 0.7316459458472983
 0.2020671558509369 0.9745836589803484 0.7319751732908476
 0.2015604019031628 0.9751474832447637 0.7323056941294465
 0.2010610199558096 0.9757027401123599 0.7326289174877328
 0.2005407973841863 0.9762807871994034 0.7329629957657712
 0.1998320378819836 0.9770677061461215 0.7334138135624340
 0.1992951322152790 0.9776633473381650 0.7337519932200882
 0.1987940688352571 0.9782188614500713 0.7340650185555944
 0.1982791016000631 0.9787894276312546 0.7343841487976235
 0.1976532410580110 0.9794823694991294 0.7347684958565357
 0.1971135616245890 0.9800794653516500 0.7350968407842441
 0.1966114894630781 0.9806346006096933 0.7353997496557194
 0.1961048518952641 0.9811944426651882 0.7357029167971602
 0.1955419025746145 0.9818161118357341 0.7360368416831491
 0.1949778858223555 0.9824385434547468 0.7363683042436354
 0.1944668825196145 0.9830021147353579 0.7366659458420904
 0.1939642890485717 0.9835560837149175 0.7369562262716427
 0.1934325492233774 0.9841418282714095 0.7372606902414707
 0.1927662422374949 0.9848753039272714 0.7376383665911197
 0.1922338957321471 0.9854609170075902 0.7379370475151423
 0.1917281576102041 0.9860169352979550 0.7382182825509770
 0.1912038471607370 0.9865930422810831 0.7385072633516254
 0.1905292730836286 0.9873337682906222 0.7388752151876250
 0.1899832652496679 0.9879329215163877 0.7391698853939034
 0.1894724525659599 0.9884931343759462 0.7394430185457582
 0.1889503358121701 0.9890654284461389 0.7397196618323769
 0.1883426147085694 0.9897311554917304 0.7400384382366715
 0.1877828100241130 0.9903440175253863 0.7403290114504932
 0.1872639728895958 0.9909117114815009 0.7405956960041556
 0.1867433461610341 0.9914810594918008 0.7408607735461363
 0.1861718513014237 0.9921056889318925 0.7411488568613481
 0.1855779820293028 0.9927543924018953 0.7414450384244906
 0.1850446008464698 0.9933366956216654 0.7417083112267584
 0.1845203543354792 0.9939087279424944 0.7419645582648347
 0.1839624964224228 0.9945171139396390 0.7422344955099939
 0.1833006347312224 0.9952384989195826 0.7425510893540910
 0.1827474759913001 0.9958410553267378 0.7428126294379329
 0.1822146144172681 0.9964212045000137 0.7430619492040742
 0.1816534829429474 0.9970318202317644 0.7433217353217964
 0.1809287658159972 0.9978199797121204 0.7436531182173348
 0.1803594985119259 0.9984387158617262 0.7439101909630260
 0.1798146782553660 0.9990305832523486 0.7441535857879694
 0.1792366999408946 0.9996581578074136 0.7444089815348720
 0.1785535802476901  1.000399483935595 0.7447071036145605
 0.1779791457114449  1.001022523108341 0.7449546673900805
 0.1774217254521762  1.001626814230056 0.7451921849406185
 0.1768241018926759  1.002274371211249 0.7454438998806411
 0.1761568348120490  1.002997006809941 0.7457214194877058
 0.1755736023718157  1.003628307279858 0.7459609843698378
 0.1749994819036997  1.004249450227159 0.7461940915828335
 0.1743701197379527  1.004930027746176 0.7464465337310875
 0.1737175801264818  1.005635307374419 0.7467048382594281
 0.1731239928828009  1.006276554631592 0.7469367577698076
 0.1725261605426872  1.006922088269709 0.7471674055884694
 0.1718263715491356  1.007677337098551 0.7474336886043476
 0.1711835206765827  1.008370782426829 0.7476748364351212
 0.1705735395748914  1.009028463025780 0.7479006172822725
 0.1699268564016461  1.009725392780734 0.7481367643981353
 0.1691956729816276  1.010512993920561 0.7483997562119299
 0.1685538710971669  1.011203977203601 0.7486270572367891
 0.1679025805560519  1.011904856722464 0.7488543131531689
 0.1670760092219159  1.012793907123975 0.7491378076152510
 0.1664055396507391  1.013514688263938 0.7493637738997507
 0.1657313719392215  1.014239118392058 0.7495874589855746
 0.1649539224089763  1.015074130635713 0.7498411231316224
 0.1642848857877080  1.015792365848097 0.7500558285349745
 0.1636033013632769  1.016523756138119 0.7502712468188875
 0.1628427898044687  1.017339471299088 0.7505077924329676
 0.1621828194680240  1.018047036118829 0.7507099153386821
 0.1615158923235730  1.018761770304066 0.7509112808732007
 0.1607286191042329  1.019605108989935 0.7511453041535007
 0.1600736588248017  1.020306412945403 0.7513369588085758
 0.1594280577414790  1.020997433720466 0.7515231429002004
 0.1585928059522150  1.021891068393154 0.7517599443502059
 0.1579340842093991  1.022595537208971 0.7519434395017454
 0.1573055871098076  1.023267442650025 0.7521158495025334
 0.1566025462990337  1.024018767434204 0.7523056534368359
 0.1559371950467446  1.024729553116215 0.7524823357158696
 0.1553203649622077  1.025388281214227 0.7526435835500409
 0.1546863569085412  1.026065133975268 0.7528067659523023
 0.1538635401163936  1.026943227833157 0.7530146872576405
 0.1532272798726287  1.027621983606817 0.7531725027907503
 0.1526148236150995  1.028275144382369 0.7533220088456286
 0.1519287714051745  1.029006561972415 0.7534867289718177
 0.1512747974678277  1.029703557255372 0.7536410871599185
 0.1506703950930963  1.030347529763389 0.7537814663848166
 0.1500552892514967  1.031002721971581 0.7539221033111897
 0.1492563418880382  1.031853463615632 0.7541014435995935
 0.1486225336934596  1.032528144926622 0.7542410669141512
 0.1480227247686543  1.033166461978288 0.7543710756602549
 0.1473825856277188  1.033847516556529 0.7545075861819465
 0.1466937122383374  1.034580214046522 0.7546519518688017
 0.1460857638590854  1.035226663730276 0.7547772059285776
 0.1454861687625677  1.035864073478022 0.7548987843206216
 0.1448188341523660  1.036573313860551 0.7550318363591245
 0.1441667119538632  1.037266205513285 0.7551595773601958
 0.1435678053554219  1.037902399704968 0.7552749372568976
 0.1429639961788225  1.038543654063025 0.7553893751303388
 0.1422530982723614  1.039298451514201 0.7555217496187053
 0.1416171759758586  1.039973475329718 0.7556380359364174
 0.1410216654479006  1.040605461127847 0.7557451339771105
 0.1404077407907606  1.041256848149599 0.7558537383197259
 0.1394141927987804  1.042310726848191 0.7560256489388871
 0.1400765782877621  1.041608160055613 0.7559115650953253
 0.1394863689885653  1.042234180118303 0.7560133197591563
 0.1388905792987928  1.042865990800975 0.7561143516989316
 0.1382923793250593  1.043500229913431 0.7562141069738791
 0.1376303884146371  1.044201956702156 0.7563225552254451
 0.1369704905416840  1.044901314509310 0.7564286525124482
 0.1363673949701161  1.045540344558307 0.7565238840367052
 0.1357614796836095  1.046182240631631 0.7566179113478376
 0.1350596020268135  1.046925647883017 0.7567247864511563
 0.1344151586758802  1.047608083680023 0.7568210096985154
 0.1338131764146097  1.048245437383087 0.7569092704559203
 0.1331951251400566  1.048899688099892 0.7569982846032242
 0.1323454524619750  1.049798938071993 0.7571180596127844
 0.1317057522803460  1.050475823039493 0.7572062887772117
 0.1310976632067329  1.051119149493912 0.7572886345686625
 0.1304373240413034  1.051817634769185 0.7573763984864939
 0.1297560647329821  1.052538121285273 0.7574651598173571
 0.1291401996579807  1.053189338941000 0.7575438644158088
 0.1285244303625503  1.053840353624326 0.7576211182358286
 0.1278170856896110  1.054588062212587 0.7577081111249560
 0.1271589611728030  1.055283626133427 0.7577873963628138
 0.1265444351300503  1.055933012571468 0.7578600146926994
 0.1259123833474501  1.056600821335763 0.7579333078270408
 0.1249368198542026  1.057631385300158 0.7580437376538618
 0.1255872081815058  1.056944354646288 0.7579704747885181
 0.1249788606081427  1.057586979044989 0.7580390446547564
 0.1243611931290857  1.058239358995117 0.7581074145664660
 0.1237389683105715  1.058896462891820 0.7581750592681096
 0.1230391515422202  1.059635402835798 0.7582497229529749
 0.1223632151507792  1.060349023458878 0.7583204762578653
 0.1217367548840372  1.061010320097232 0.7583849080830084
 0.1210963236793580  1.061686277097134 0.7584496895265572
 0.1202247024594601  1.062606109136367 0.7585361698807170
 0.1195606104729216  1.063306827201035 0.7586008073654196
 0.1189256230287119  1.063976751382932 0.7586616317781469
 0.1182221204710030  1.064718865850683 0.7587279235269782
 0.1175302579031186  1.065448606186249 0.7587920111379433
 0.1168916218493979  1.066122123526787 0.7588502036853206
 0.1162394468021867  1.066809838981058 0.7589086821964403
 0.1153294445235652  1.067769298800354 0.7589886924334998
 0.1146527859961605  1.068482634202880 0.7590469958798794
 0.1140029312362451  1.069167635250674 0.7591020370779714
 0.1132631860184063  1.069947297284298 0.7591635558519032
 0.1125693374295242  1.070678499619789 0.7592201582802556
 0.1119187875926800  1.071363997579248 0.7592722635997194
 0.1112405979854766  1.072078544688142 0.7593255935288997
 0.1104264402233350  1.072936249435282 0.7593882915726551
 0.1097491077208214  1.073649729297570 0.7594393592267005
 0.1090816880215169  1.074352696650806 0.7594887111453650
 0.1082930433058576  1.075183257052779 0.7595457882012131
 0.1075891934694743  1.075924436514836 0.7595955952285763
 0.1069201071927680  1.076628940854417 0.7596419544674861
 0.1062017994365966  1.077385200201370 0.7596906597986191
 0.1054434714250048  1.078183515154819 0.7597408931958913
 0.1047584529999886  1.078904586619359 0.7597852309184620
 0.1040612363296643  1.079638433327460 0.7598293480617938
 0.1029988977976723  1.080756461789639 0.7598946098840506
 0.1037071316091556  1.080011117200314 0.7598513643056863
 0.1030388261359125  1.080714442955264 0.7598921997569306
 0.1023531544655987  1.081435985845141 0.7599331252676949
 0.1016458776420044  1.082180202970808 0.7599743156446610
 0.1005926543194686  1.083288323130356 0.7600337440350958
 0.1012948105337295  1.082549583326588 0.7599943773741887
 0.1006148517152830  1.083264970098554 0.7600325149435708
 0.9991549222294117E-01  1.084000712102966 0.7600707571504337
 0.9919250483942746E-01  1.084761252740436 0.7601092461101912
 0.9815368906746812E-01  1.085853925665874 0.7601626885698568
 0.9740171355099647E-01  1.086644815432572 0.7602000081004682
 0.9665065544631371E-01  1.087434682217340 0.7602361445263852
 0.9576392058813309E-01  1.088367164155547 0.7602773601209084
 0.9501049565007121E-01  1.089159399203511 0.7603111574910775
 0.9424415983328285E-01  1.089965156107601 0.7603443872399981
 0.9332348893119326E-01  1.090933117748437 0.7603827809765950
 0.9254822822169180E-01  1.091748143531148 0.7604138197094693
 0.9175423329187128E-01  1.092582812961209 0.7604443933380440
 0.9085160209778657E-01  1.093531623121348 0.7604776727076271
 0.9005756505648509E-01  1.094366232259178 0.7605056623449948
 0.8922527821149580E-01  1.095240996506645 0.7605337185009875
 0.8833271368506553E-01  1.096179061544198 0.7605623600269927
 0.8751283988226601E-01  1.097040684035332 0.7605873686314887
 0.8661497580974654E-01  1.097984219910947 0.7606133664422162
 0.8572403280003540E-01  1.098920435421939 0.7606377861024586
 0.8485941489937308E-01  1.099828945520078 0.7606602401689738
 0.8372348642321173E-01  1.101022479085890 0.7606879987909149
 0.8279719718008910E-01  1.101995694551613 0.7607092781431356
 0.8173723290359432E-01  1.103109307692370 0.7607322598394990
 0.8077022463285122E-01  1.104125216513239 0.7607520522020638
 0.7969326721848601E-01  1.105256588452309 0.7607728675040619
 0.7870342654902404E-01  1.106296401554299 0.7607909141686664
 0.7761497398272019E-01  1.107439762917997 0.7608096061454653
 0.7662619247515395E-01  1.108478389146237 0.7608255778229541
 0.7557699506759029E-01  1.109580441633465 0.7608415130226321
 0.7459145409735589E-01  1.110615599834345 0.7608555599140878
 0.7359931789403650E-01  1.111657656816583 0.7608688212514007
 0.7258778673630949E-01  1.112720057091142 0.7608814563560271
 0.7163363598702391E-01  1.113722167523541 0.7608925802184793
 0.7045253392827343E-01  1.114962607093807 0.7609053194564165
 0.6949475922373261E-01  1.115968477194023 0.7609148398294945
 0.6837318830385833E-01  1.117146345297339 0.7609250924441427
 0.6741101470853592E-01  1.118156796674768 0.7609331329928745
 0.6641860281017044E-01  1.119198987291824 0.7609406982904516
 0.6540472328687146E-01  1.120263706858577 0.7609476388939246
 0.6444377305964047E-01  1.121272830185081 0.7609534218211780
 0.6323251395599862E-01  1.122544795339461 0.7609594707211103
 0.6222129638117407E-01  1.123606682764343 0.7609633513376300
 0.6117035563171076E-01  1.124710276322807 0.7609662337120295
 0.6006664399456873E-01  1.125869279099269 0.7609681294139670
 0.5901252947256121E-01  1.126976197041669 0.7609691125618063
 0.5780998338764842E-01  1.128238980039109 0.7609696169534764
 0.5666190758326912E-01  1.129444563520400 0.7609697878453902
 0.5539628065453272E-01  1.130773586045997 0.7609698409661895
 0.5405409177096816E-01  1.132183005458040 0.7609698521129751
 0.5257624913425740E-01  1.133734873533082 0.7609698537209357
 0.5085788672288914E-01  1.135539309065025 0.7609698538555780
 0.4888949385414753E-01  1.137606299130337 0.7609698538599414
 0.4638518908206235E-01  1.140236045034526 0.7609698538599224
 0.4290657064995478E-01  1.143888908166858 0.7609698538599157
 0.3609544152656041E-01  1.151041208124438 0.7609698538599157
 0.8850925032982900E-02  1.179650407954758 0.7609698538599157
-0.1001271409413271  1.294087207276037 0.7609698538599157
-0.1613193026714012  1.358344496752899 0.7609698538599157
