RUNGE KUTTA: X Z PHI
 0.4997919338387438 0.3973734652027661E-01 0.5235987755982988E-02
 0.4984536142464013 0.1986793580466479 0.1611535089100169E-01
 0.4995145122904022 0.9272047521397876E-01 0.5235987758536759E-02
 0.4996994599892965 0.5739838941817732E-01 0.5235987755982988E-02
 0.4993294453780560 0.1280425603850008 0.5338858126424156E-02
 0.4995761615233669 0.8094644661537828E-01 0.5235987755982988E-02
 0.4993259168416593 0.1286334503675551 0.5347076509626625E-02
 0.4994929312343651 0.9684211550524380E-01 0.5235988754671139E-02
 0.4995484180939390 0.8624500291200138E-01 0.5235987755988119E-02
 0.4995095617510886 0.9366594992543537E-01 0.5235987819145861E-02
 0.4995354659796754 0.8871865191647947E-01 0.5235987756181161E-02
 0.4995088723012271 0.9379762394404752E-01 0.5235987830361667E-02
 0.4994869326238927 0.9798775475407136E-01 0.5235990332085927E-02
 0.4994693304704003 0.1013494817784562 0.5236009104979364E-02
 0.4994536300231195 0.1043479894784611 0.5236085893009394E-02
 0.4994379551637173 0.1073415228430802 0.5236347375733042E-02
 0.4994232193305647 0.1101554846206373 0.5237034781497944E-02
 0.4994108635545536 0.1125145127620028 0.5238332462067647E-02
 0.4993995083485355 0.1146817822119060 0.5240609757577934E-02
 0.4993877294817018 0.1169285562886539 0.5244825536926483E-02
 0.4993761788522480 0.1191294760996773 0.5251845815241760E-02
 0.4993662839884940 0.1210119675189897 0.5261185311070121E-02
 0.4993572173769612 0.1227333626860589 0.5273416181811891E-02
 0.4993478811895026 0.1245010210300831 0.5290720793552209E-02
 0.4993383847294700 0.1262921194612304 0.5314380797676519E-02
 0.4993298178750121 0.1279001057349037 0.5341998192587723E-02
 0.4993208621124929 0.1295711201308978 0.5378221265219137E-02
 0.4993118567930438 0.1312387888429842 0.5423110564498460E-02
 0.4993034506167521 0.1327818976215412 0.5473371435722666E-02
 0.4992939541904698 0.1345066453815874 0.5540475653534700E-02
 0.4992852021625100 0.1360763546066295 0.5612320040659117E-02
 0.4992767741235253 0.1375678553187953 0.5690657772856962E-02
 0.4992662818545147 0.1393943830632555 0.5800585520973868E-02
 0.4992576655901089 0.1408672820188984 0.5900744272441055E-02
 0.4992489150266568 0.1423367057017400 0.6011050397766875E-02
 0.4992398520515066 0.1438293878124716 0.6133810845270898E-02
 0.4992311971774866 0.1452263639404588 0.6258467136984533E-02
 0.4992216398760678 0.1467361415121419 0.6403726648773121E-02
 0.4992127450729431 0.1481100867561267 0.6545439450980065E-02
 0.4992033000527548 0.1495361588286541 0.6702223795658894E-02
 0.4991940198669589 0.1509046227457496 0.6862016524424904E-02
 0.4991842978604580 0.1523039269321874 0.7034820309349102E-02
 0.4991744641539189 0.1536842940924765 0.7214361293651471E-02
 0.4991646967743043 0.1550214049785167 0.7396309255638786E-02
 0.4991544907029096 0.1563836325086510 0.7588941291126722E-02
 0.4991444141533792 0.1576949327165960 0.7780492600385398E-02
 0.4991341128024693 0.1590024710184825 0.7976912503454956E-02
 0.4991236244575520 0.1603010594433890 0.8177004247139734E-02
 0.4991129173386478 0.1615943726006236 0.8381063598151313E-02
 0.4991019637073398 0.1628853018812220 0.8589468793947286E-02
 0.4990908121630699 0.1641677990583900 0.8801244787281960E-02
 0.4990794033535904 0.1654483661870379 0.9017442777871611E-02
 0.4990678690745182 0.1667122140394608 0.9235458717390356E-02
 0.4990559887707881 0.1679832008368841 0.9459404503645769E-02
 0.4990440453995742 0.1692309960222696 0.9683953282385721E-02
 0.4990316620694885 0.1704946054585735 0.9916163720519827E-02
 0.4990192460716350 0.1717322206201745 0.1014834344754787E-01
 0.4990063413209097 0.1729889378582774 0.1038900691849145E-01
 0.4989934477220951 0.1742158587133466 0.1062884791637712E-01
 0.4989800133004560 0.1754651704284187 0.1087808454947568E-01
 0.4989666693978347 0.1766780825149792 0.1112490790010291E-01
 0.4989526917772580 0.1779201149449599 0.1138264865017394E-01
 0.4989388892333829 0.1791193330523510 0.1163637632622344E-01
 0.4989243423209346 0.1803552890825453 0.1190291899486567E-01
 0.4989100402195672 0.1815437964804175 0.1216403632546812E-01
 0.4988948869795587 0.1827755632109660 0.1243964890077278E-01
 0.4988800361798275 0.1839565916835987 0.1270874794572732E-01
 0.4988642263720461 0.1851867632154235 0.1299411877814449E-01
 0.4988487617743019 0.1863642582771656 0.1327209984439859E-01
 0.4988323492590749 0.1875873064491662 0.1356585424132667E-01
 0.4988161835777692 0.1887663906450668 0.1385398580836655E-01
 0.4987995183470227 0.1899565600212879 0.1414983107512202E-01
 0.4987825497390650 0.1911431442954782 0.1444982254965768E-01
 0.4987655549800972 0.1923071643101199 0.1474903801022036E-01
 0.4987476148045660 0.1935106382140630 0.1506363542901606E-01
 0.4987302132340357 0.1946542454247815 0.1536761083842967E-01
 0.4987112616032520 0.1958743138938664 0.1569732343080696E-01
 0.4986934231958075 0.1969995686880904 0.1600635708289833E-01
 0.4986740038233484 0.1982001618090952 0.1634137248495249E-01
 0.4986557376574453 0.1993072426140890 0.1665522026851781E-01
 0.4986357787429150 0.2004933585326581 0.1699675184465727E-01
 0.4986169554996415 0.2015903856474182 0.1731748271445235E-01
 0.4985963008896682 0.2027710519752826 0.1766792085180043E-01
 0.4985767208751843 0.2038689046666706 0.1799876259678595E-01
 0.4985556919722068 0.2050257843608660 0.1835265449018557E-01
 0.4985351335366806 0.2061354544635010 0.1869717000958376E-01
 0.4985142886684079 0.2072399403682871 0.1904500098336448E-01
 0.4984923061475918 0.2083831039466814 0.1941025503032075E-01
 0.4984712548428721 0.2094578888694569 0.1975858978487391E-01
 0.4984478912624494 0.2106288062527260 0.2014350738020812E-01
 0.4984263404356121 0.2116892406173818 0.2049694493194661E-01
 0.4984023809795415 0.2128469815632260 0.2088808228476803E-01
 0.4983801478777006 0.2139021094365206 0.2124941155173715E-01
 0.4983557736161530 0.2150384686374595 0.2164377951856490E-01
 0.4983324857869173 0.2161050358120730 0.2201882205207088E-01
 0.4983088387390903 0.2171696611096346 0.2239789177473395E-01
 0.4982837297439796 0.2182805989692765 0.2279852259941379E-01
 0.4982600010823703 0.2193126997286639 0.2317542337908323E-01
 0.4982332282154586 0.2204572864630499 0.2359868528700531E-01
 0.4982088493947809 0.2214818402017029 0.2398221492582404E-01
 0.4981812947810769 0.2226203593027613 0.2441354928983824E-01
 0.4981558222586564 0.2236551323811947 0.2481032725811141E-01
 0.4981296687551905 0.2247005242123854 0.2521580094345424E-01
 0.4981023211828453 0.2257758529468430 0.2563769349325391E-01
 0.4980763117562902 0.2267823041300112 0.2603692724713202E-01
 0.4980466206822662 0.2279125652941397 0.2649031797808214E-01
 0.4980198647338936 0.2289146773145671 0.2689682734524020E-01
 0.4979902869019823 0.2300050384351271 0.2734398665924780E-01
 0.4979622662029244 0.2310217057934219 0.2776543016377733E-01
 0.4979341300617715 0.2320271819915512 0.2818647354454613E-01
 0.4979030033723371 0.2331222131376506 0.2864985145993021E-01
 0.4978746400124592 0.2341047463237360 0.2906997655704515E-01
 0.4978418945825971 0.2352216052699541 0.2955254665311601E-01
 0.4978124869905668 0.2362092141328247 0.2998365789351417E-01
 0.4977817988406332 0.2372248301848473 0.3043126419274638E-01
 0.4977503369445458 0.2382506908097715 0.3088783034418045E-01
 0.4977202763578166 0.2392168158506833 0.3132195568204579E-01
 0.4976852579394019 0.2403255691599188 0.3182512479368422E-01
 0.4976542021719810 0.2412943143501902 0.3226903628337856E-01
 0.4976210647962400 0.2423134316709128 0.3274031624138916E-01
 0.4975881637443557 0.2433108957333543 0.3320588700679187E-01
 0.4975562365765249 0.2442655745661172 0.3365552471382897E-01
 0.4975188376510158 0.2453678085235015 0.3417954777372221E-01
 0.4974859929584196 0.2463219938078289 0.3463734600086494E-01
 0.4974506108080331 0.2473359116787845 0.3512799609586099E-01
 0.4974159523259398 0.2483154770098476 0.3560616154672810E-01
 0.4973822037017587 0.2492567856820146 0.3606952369487276E-01
 0.4973423969416225 0.2503516725630417 0.3661322646490778E-01
 0.4973076862529160 0.2512932247962311 0.3708478516407833E-01
 0.4972705721255119 0.2522868403454425 0.3758638516300024E-01
 0.4972338004061103 0.2532583183499286 0.3808077822959808E-01
 0.4971983060318210 0.2541841777841838 0.3855564669833137E-01
 0.4971560743994499 0.2552710591146337 0.3911767216586777E-01
 0.4971193408564016 0.2562038367190104 0.3960386751861706E-01
 0.4970809430639112 0.2571667312552510 0.4010944838802218E-01
 0.4970414557250349 0.2581443908454235 0.4062664083090105E-01
 0.4970041603721102 0.2590564329317200 0.4111267088950479E-01
 0.4969593813193990 0.2601373690655947 0.4169313000024766E-01
 0.4969203714165621 0.2610668643429281 0.4219602945637221E-01
 0.4968807878632081 0.2619987883770325 0.4270368158140098E-01
 0.4968375103704978 0.2630051045908631 0.4325574332992772E-01
 0.4967981991986256 0.2639081375298353 0.4375462891872376E-01
 0.4967541664790520 0.2649075013362365 0.4431058147341412E-01
 0.4967127425091751 0.2658362906563495 0.4483083520718186E-01
 0.4966720938931255 0.2667372887406029 0.4533874046803844E-01
 0.4966230848786522 0.2678102926844041 0.4594774690983431E-01
 0.4965812879792312 0.2687142305674401 0.4646434566024299E-01
 0.4965374074554106 0.2696524912576850 0.4700402098465134E-01
 0.4964925461214736 0.2706006643580231 0.4755293388704854E-01
 0.4964502681837698 0.2714842807450652 0.4806761130285540E-01
 0.4964009361557159 0.2725034592648477 0.4866499272474019E-01
 0.4963565289660342 0.2734102599083831 0.4919992860929683E-01
 0.4963124591268849 0.2743004838666784 0.4972826699015354E-01
 0.4962590117870760 0.2753675434614880 0.5036568178227115E-01
 0.4962140407243841 0.2762549758914848 0.5089915197567785E-01
 0.4961663388437280 0.2771861962111570 0.5146218817529371E-01
 0.4961183952367886 0.2781119331622727 0.5202524297206956E-01
 0.4960729415306359 0.2789803919880452 0.5255654067849386E-01
 0.4960198165762235 0.2799843696041786 0.5317447462904278E-01
 0.4959720437958925 0.2808772916688465 0.5372736192853196E-01
 0.4959248189996427 0.2817509894209890 0.5427130905101833E-01
 0.4958669940258620 0.2828089585016030 0.5493391902038339E-01
 0.4958186372146396 0.2836839495015576 0.5548524984873589E-01
 0.4957681663739427 0.2845879704418920 0.5605805661733165E-01
 0.4957158964203400 0.2855145338652570 0.5664845335975534E-01
 0.4956672257134808 0.2863686554541492 0.5719558096704186E-01
 0.4956129394706748 0.2873117405238781 0.5780287863676747E-01
 0.4955612034213113 0.2882013480937584 0.5837883214904348E-01
 0.4955112440336643 0.2890521146991840 0.5893248797510765E-01
 0.4954496482169110 0.2900901073600301 0.5961173974157602E-01
 0.4953973666697988 0.2909619016842439 0.6018534327773301E-01
 0.4953451688237483 0.2918240500200769 0.6075533145931276E-01
 0.4952833485408744 0.2928347310098686 0.6142698684929476E-01
 0.4952306493587404 0.2936876052759846 0.6199673977454059E-01
 0.4951753437297432 0.2945742712619540 0.6259197657119092E-01
 0.4951180505417611 0.2954839516601993 0.6320570285497419E-01
 0.4950648511106310 0.2963207556377518 0.6377291451460769E-01
 0.4950063414173315 0.2972325337135093 0.6439380863622915E-01
 0.4949493469686491 0.2981122819103794 0.6499575776992299E-01
 0.4948949623261205 0.2989441774921224 0.6556760238788981E-01
 0.4948321340571969 0.2998962411217919 0.6622519520495437E-01
 0.4947747491988025 0.3007575889968223 0.6682295400661477E-01
 0.4947188352436854 0.3015894736432270 0.6740274286256806E-01
 0.4946484230878484 0.3026269362875560 0.6812920269561851E-01
 0.4945901686931557 0.3034769309501672 0.6872724544921996E-01
 0.4945318760581506 0.3043201048280490 0.6932306170226775E-01
 0.4944633161528180 0.3053025573550578 0.7002048794089238E-01
 0.4944047123330713 0.3061346073764269 0.7061375156334272E-01
 0.4943437757324833 0.3069923894790768 0.7122781105972759E-01
 0.4942789067841059 0.3078974292908740 0.7187841214827395E-01
 0.4942197315643742 0.3087159060240016 0.7246923002532479E-01
 0.4941564714781672 0.3095835257108239 0.7309807085145689E-01
 0.4940917297079004 0.3104637629963818 0.7373868268587037E-01
 0.4940314804674094 0.3112760671234388 0.7433212552394947E-01
 0.4939659133185962 0.3121527230149765 0.7497498516384785E-01
 0.4939006843345526 0.3130174198967941 0.7561154650994836E-01
 0.4938392425473024 0.3138252692478655 0.7620852500073486E-01
 0.4937713152624840 0.3147110463725928 0.7686561950452260E-01
 0.4937053244530551 0.3155643377703783 0.7750106588742785E-01
 0.4936426214396718 0.3163686472834563 0.7810217353303563E-01
 0.4935722088177069 0.3172644913901119 0.7877410870877447E-01
 0.4935053252061952 0.3181083749826543 0.7940944397605587E-01
 0.4934413123292238 0.3189097251769186 0.8001494208185732E-01
 0.4933681741378029 0.3198179069954919 0.8070374498497190E-01
 0.4933003135785864 0.3206536340632574 0.8133996367148259E-01
 0.4932349462764372 0.3214524836270171 0.8195016545999215E-01
 0.4931586407876731 0.3223775015081102 0.8265922718900447E-01
 0.4930897513320539 0.3232058120777653 0.8329645891830237E-01
 0.4930229563958599 0.3240028946227271 0.8391175450315391E-01
 0.4929424559991217 0.3249557790291846 0.8464998299262798E-01
 0.4928724683672509 0.3257774778254047 0.8528882157054912E-01
 0.4928040854320745 0.3265743972737393 0.8591029905005482E-01
 0.4927158882454147 0.3275937372654940 0.8670792916798811E-01
 0.4926446144298297 0.3284106396815895 0.8734937736009428E-01
 0.4925740691544145 0.3292132884241680 0.8798159454189884E-01
 0.4924836902203738 0.3302331909354170 0.8878770168344804E-01
 0.4924116043269337 0.3310400257503840 0.8942751852670100E-01
 0.4923385337195703 0.3318519936568325 0.9007323652887257E-01
 0.4922560063394419 0.3327620545076309 0.9079916163215324E-01
 0.4921837302302268 0.3335530944934620 0.9143209208919020E-01
 0.4921091892881370 0.3343631868933556 0.9208217639132239E-01
 0.4920257040287198 0.3352636987467019 0.9280705672015328E-01
 0.4919521792814097 0.3360509451269575 0.9344262239750113E-01
 0.4918762855667052 0.3368579395546714 0.9409588436640699E-01
 0.4917911810501856 0.3377562134073498 0.9482513915651369E-01
 0.4917163118547824 0.3385407383655140 0.9546391212717437E-01
 0.4916391546065969 0.3393437431745256 0.9611956218078302E-01
 0.4915520016770295 0.3402441892237086 0.9685693656718852E-01
 0.4914757206905950 0.3410266775088447 0.9749949707517253E-01
 0.4913973455171911 0.3418252722162994 0.9815693546786590E-01
 0.4913078444941282 0.3427306897164372 0.9890433733742300E-01
 0.4912301014926219 0.3435115998206301 0.9955073319634201E-01
 0.4911505095001449 0.3443058230965689 0.1002098595614173
 0.4910584378103010 0.3452180571579665 0.1009690099622229
 0.4909791912941382 0.3459977201341469 0.1016195247084827
 0.4908983599227025 0.3467878261132015 0.1022802802294529
 0.4908036231135514 0.3477073527272405 0.1030512058210833
 0.4907228562170111 0.3484858430231942 0.1037055639436853
 0.4906407446939453 0.3492722485127916 0.1043681673840948
 0.4905433220394445 0.3501988102329089 0.1051508802441451
 0.4904610295598898 0.3509760870416100 0.1058090920725574
 0.4903776140099244 0.3517590258764474 0.1064735242668573
 0.4902775487941651 0.3526917843124716 0.1072669712740597
 0.4901937368191043 0.3534677145383842 0.1079286159924402
 0.4901089955554501 0.3542473989209281 0.1085949641133911
 0.4900062640515931 0.3551861808330352 0.1093992491229512
 0.4899209286158882 0.3559607304806486 0.1100643726189867
 0.4898348490351495 0.3567372781805858 0.1107325530376022
 0.4897294482075926 0.3576817342979652 0.1115470206513235
 0.4896425902775077 0.3584548342988573 0.1122152441928647
 0.4895551524525266 0.3592284298620886 0.1128853047199946
 0.4894470782070568 0.3601782433025838 0.1137098864705131
 0.4893586923693279 0.3609498856894695 0.1143812373172546
 0.4892698861494924 0.3617206196381241 0.1150530294044998
 0.4891591325017344 0.3626755091031216 0.1158870365241474
 0.4890692173332117 0.3634456595778635 0.1165611082169319
 0.4889790218554097 0.3642137175055966 0.1172346404413922
 0.4888656099668877 0.3651731927449179 0.1180778071835016
 0.4887741629585212 0.3659418311268284 0.1187546119687746
 0.4886825695747368 0.3667072888029881 0.1194297401024271
 0.4885665331956225 0.3676707858038031 0.1202811292933926
 0.4884735557988563 0.3684378689781296 0.1209602776266853
 0.4883805557852559 0.3692008086379899 0.1216369539925942
 0.4882617846355621 0.3701689708210390 0.1224973353080122
 0.4881672585048624 0.3709346145646483 0.1231790022011782
 0.4880728341356462 0.3716951811757080 0.1238571909843079
 0.4879514704641068 0.3726665963385678 0.1247249036059957
 0.4878554082588399 0.3734306752599316 0.1254086614853059
 0.4877595566041190 0.3741889028054714 0.1260883097799624
 0.4876354304517375 0.3751646924740797 0.1269645985475754
 0.4875378120038322 0.3759273377101723 0.1276506769096164
 0.4874405246566293 0.3766832926497853 0.1283317190357559
 0.4873137040291464 0.3776626778749653 0.1292155077289824
 0.4872145323835694 0.3784238429905519 0.1299035687003368
 0.4871158071851958 0.3791775499344982 0.1305859558714788
 0.4869860093204806 0.3801624521358231 0.1314792351232138
 0.4868852494071008 0.3809223692808829 0.1321696009609995
 0.4867850509558893 0.3816740876637642 0.1328534379312912
 0.4866527397627568 0.3826607628179235 0.1337524020358881
 0.4865504280955766 0.3834191438735852 0.1344444911088274
 0.4864487721964861 0.3841687678616611 0.1351295890910169
 0.4863133244879894 0.3851616342637744 0.1360384940330011
 0.4862093976648655 0.3859189110944280 0.1367328056037814
 0.4861062419718585 0.3866667356355855 0.1374193037577918
 0.4859684836505359 0.3876595462666367 0.1383320077241102
 0.4858630130864635 0.3884151974363557 0.1390277459842548
 0.4857584011630244 0.3891609291253818 0.1397152901005278
 0.4856183491243060 0.3901535105559315 0.1406318453004313
 0.4855113059465118 0.3909077499054937 0.1413293261007645
 0.4854052869734793 0.3916510703835972 0.1420175075969190
 0.4852630387449846 0.3926426994992825 0.1429368121312068
 0.4851544014683873 0.3933956870404371 0.1436358784254274
 0.4850470281651578 0.3941362780577377 0.1443243179966424
 0.4849025919969662 0.3951268861687507 0.1452465115478291
 0.4847923165201979 0.3958789288920047 0.1459475655914700
 0.4846836443230589 0.3966164682608265 0.1466358349033640
 0.4845370223005340 0.3976060325990788 0.1475604290202378
 0.4844250650238989 0.3983574234779062 0.1482634077451805
 0.4843151374138286 0.3990916892262182 0.1489511730607657
 0.4841663185966631 0.4000802782847879 0.1498783949079902
 0.4840526174110693 0.4008314180724852 0.1505837819321170
 0.4839414707760359 0.4015622432522637 0.1512707539982069
 0.4837944880813985 0.4025235552745569 0.1521753645649061
 0.4836792108928545 0.4032734596093917 0.1528818618221295
 0.4835671431461632 0.4039991249122984 0.1535662578410499
 0.4834296520350105 0.4048849464938804 0.1544026811327660
 0.4833127578101171 0.4056342483213559 0.1551109824915987
 0.4832002405454231 0.4063522222919639 0.1557902875629977
 0.4830731490090293 0.4071593852924157 0.1565546781398338
 0.4829527582222468 0.4079203121709569 0.1572759971895524
 0.4828393468368378 0.4086338930102928 0.1579531175535066
 0.4827187237647199 0.4093894500119412 0.1586708184081695
 0.4825894525124952 0.4101953358335926 0.1594371476772450
 0.4824735275604873 0.4109146821994407 0.1601218412979764
 0.4823555649780226 0.4116434732157084 0.1608161081920065
 0.4821951486393284 0.4126294410873351 0.1617563059226375
 0.4820740896852873 0.4133696604217230 0.1624629258489380
 0.4819549427002948 0.4140950016132380 0.1631560184823549
 0.4817923458707446 0.4150798216382889 0.1640981007582388
 0.4816693217918100 0.4158211460502050 0.1648079738268735
 0.4815491992109914 0.4165418611146779 0.1654986412840563
 0.4813937768269543 0.4174698457903360 0.1663886891465549
 0.4812691677051648 0.4182102148550467 0.1670994433797448
 0.4811486051112300 0.4189234988483134 0.1677847885860992
 0.4810076499078499 0.4197536832436488 0.1685831928160072
 0.4808805438724192 0.4204988775600046 0.1693004869718670
 0.4807596036268109 0.4212049463720712 0.1699806087545078
 0.4806287160217035 0.4219658572279009 0.1707140581810785
 0.4804942536204736 0.4227440929354092 0.1714647691245840
 0.4803713100288675 0.4234526305505448 0.1721487935019310
 0.4802450140957372 0.4241775089686521 0.1728491703459338
 0.4800842343693030 0.4250959929311107 0.1737374318220354
 0.4799562395991209 0.4258237738424652 0.1744418579391801
 0.4798300248040650 0.4265385075670161 0.1751341154887863
 0.4796673043490305 0.4274557316207785 0.1760231606743647
 0.4795363236884725 0.4281906215706658 0.1767360662683566
 0.4794098254776951 0.4288974988252615 0.1774223466783126
 0.4792638378248469 0.4297098270767818 0.1782116842663701
 0.4791298533363511 0.4304521429755533 0.1789335838304985
 0.4790029773142373 0.4311522652105800 0.1796149135603012
 0.4788673151525919 0.4318978800142722 0.1803409774901521
 0.4787234872374420 0.4326850375461164 0.1811080329199315
 0.4785940117460238 0.4333907410158390 0.1817962338966703
 0.4784625133954993 0.4341046842874329 0.1824930068253351
 0.4782810794469404 0.4350851887085015 0.1834507895575870
 0.4781453776194102 0.4358151376442702 0.1841643971418798
 0.4780130343816149 0.4365242435168254 0.1848580378493337
 0.4778453608237748 0.4374187601282171 0.1857336060759045
 0.4777080344412277 0.4381481756073036 0.1864480753078736
 0.4775758073385877 0.4388478116972612 0.1871338458662241
 0.4774262576768951 0.4396359534869595 0.1879069288865309
 0.4772847749030841 0.4403785366872671 0.1886358229484726
 0.4771518878681394 0.4410733374509591 0.1893181939695721
 0.4770119952072839 0.4418020056053578 0.1900341806111523
 0.4768556142270243 0.4426132414869414 0.1908317367008863
 0.4767189957932060 0.4433191243859766 0.1915261419266459
 0.4765822062085644 0.4440232726165266 0.1922192772901183
 0.4764082025860136 0.4449152414492009 0.1930979214221641
 0.4762660201806271 0.4456410112912865 0.1938133119940791
 0.4761291920245238 0.4463368651840265 0.1944995505962047
 0.4759749021873989 0.4471185130586475 0.1952707702428248
 0.4758281953501902 0.4478588178399259 0.1960015953190997
 0.4756906685419699 0.4485502352455401 0.1966845591383711
 0.4755464411905004 0.4492727017921015 0.1973986373656923
 0.4753822593167382 0.4500918724741099 0.1982088273674754
 0.4752405226831198 0.4507962989685014 0.1989059254630657
 0.4750992865710488 0.4514957246088865 0.1995983864139693
 0.4749246241953293 0.4523572503638854 0.2004517486204194
 0.4747774073971158 0.4530804840272332 0.2011685246058881
 0.4746363482828235 0.4537709907934070 0.2018532487495801
 0.4744807269049882 0.4545299991987800 0.2026063470486329
 0.4743268717138622 0.4552775525180802 0.2033484976078717
 0.4741844522848809 0.4559670497094582 0.2040333193676893
 0.4740373838979776 0.4566765648115119 0.2047382866932081
 0.4738527876207297 0.4575635876758227 0.2056200004391454
 0.4737043864315246 0.4582738578328573 0.2063263679879571
 0.4735586311368060 0.4589690366148148 0.2070180683828356
 0.4733826727420495 0.4598050962142232 0.2078503919409461
 0.4732303093174340 0.4605262703440921 0.2085686850971066
 0.4730849275739969 0.4612120219496456 0.2092519346624080
 0.4729270634976241 0.4619540492565087 0.2099914870247027
 0.4727655821890485 0.4627103039114432 0.2107454921237107
 0.4726180832615930 0.4633986475745692 0.2114320794238504
 0.4724675527917167 0.4640987714714036 0.2121307425113816
 0.4722569479889085 0.4650743327671809 0.2131048117875424
 0.4721016623361474 0.4657907104837132 0.2138204406454922
 0.4719507691961098 0.4664844633962366 0.2145137013436948
 0.4717664502258416 0.4673287710077660 0.2153577158128961
 0.4716093840129177 0.4680455572261885 0.2160745643327837
 0.4714592264490672 0.4687285279976215 0.2167579124677437
 0.4712953007375895 0.4694715925346274 0.2175017635178277
 0.4711295299918106 0.4702203616279444 0.2182516926114703
 0.4709774813519718 0.4709048208789515 0.2189374803593583
 0.4708219806513038 0.4716025370195324 0.2196367709281132
 0.4706039267347071 0.4725770753282382 0.2206138789837850
 0.4704437185465005 0.4732902534974373 0.2213292623784620
 0.4702880290934881 0.4739810407438492 0.2220224888398634
 0.4700985156510782 0.4748189059514123 0.2228637090336074
 0.4699364287279039 0.4755329286207882 0.2235808789437707
 0.4697816294975432 0.4762126431968181 0.2242637759574737
 0.4696133557486837 0.4769491031105910 0.2250038553194290
 0.4694414596054939 0.4776988376738278 0.2257574732639702
 0.4692845022080925 0.4783811608349210 0.2264435476464913
 0.4691246542663162 0.4790738571831608 0.2271402961736298
 0.4689000813651619 0.4800433366517493 0.2281158418182750
 0.4687345522133447 0.4807551847160427 0.2288323707247613
 0.4685745648163053 0.4814410133724698 0.2295228347076628
 0.4683855839134054 0.4822483866575134 0.2303358070053347
 0.4682179450900264 0.4829621174669152 0.2310546523915033
 0.4680587453442537 0.4836377940091704 0.2317353621012834
 0.4678886327140725 0.4843575200220610 0.2324606810286780
 0.4677066283823523 0.4851249883026376 0.2332343555599501
 0.4675440143177207 0.4858084655618877 0.2339235202566977
 0.4673805658468626 0.4864933510653631 0.2346142147404948
 0.4671790544901597 0.4873348592382932 0.2354630061680554
 0.4670088532838339 0.4880431714991341 0.2361776188236632
 0.4668461621297649 0.4887181558497282 0.2368588019916258
 0.4666691440368559 0.4894502979887055 0.2375979061411935
 0.4664888848343545 0.4901934219548536 0.2383483233846055
 0.4663240854194483 0.4908706916850775 0.2390323866195430
 0.4661563329437349 0.4915580350537063 0.2397267245674375
 0.4659281161665198 0.4924898136527895 0.2406681403358778
 0.4657545130964516 0.4931960817309334 0.2413818781449023
 0.4655872427512736 0.4938745379013010 0.2420676860295564
 0.4653962466815984 0.4946467896580491 0.2428485208947432
 0.4652186884401509 0.4953623981889381 0.2435722424253533
 0.4650516406506721 0.4960336322820462 0.2442511666974090
 0.4648768519810699 0.4967338979169005 0.2449594965507012
 0.4646738100501039 0.4975447183097408 0.2457797096705188
 0.4645010552855796 0.4982323786613566 0.2464754243126713
 0.4643305367789380 0.4989091601940526 0.2471602505322145
 0.4641325670603818 0.4996924514992305 0.2479530043212919
 0.4639524606831848 0.5004028036527615 0.2486720373300619
 0.4637822687733534 0.5010720903813815 0.2493495371623024
 0.4636031841267823 0.5017743069013221 0.2500603740745793
 0.4634015479782659 0.5025624676874751 0.2508582282840519
 0.4632263698340345 0.5032450918849660 0.2515493117125926
 0.4630527532168583 0.5039197057392049 0.2522323868642245
 0.4628498087564417 0.5047058679457250 0.2530285471218988
 0.4626666320811194 0.5054132430964191 0.2537450071714499
 0.4624934694334687 0.5060800344977489 0.2544203893329922
 0.4623109525888360 0.5067808502729897 0.2551302318090755
 0.4621066399971384 0.5075629471162548 0.2559224134126567
 0.4619284481112008 0.5082429957317469 0.2566112869862003
 0.4617518256893906 0.5089151766381226 0.2572922824549790
 0.4615455581899726 0.5096978320134330 0.2580853225864530
 0.4613589088810152 0.5104038871966908 0.2588008160881094
 0.4611827388193487 0.5110684334611598 0.2594742515883787
 0.4609973807699224 0.5117656957890528 0.2601808098511340
 0.4607878328786250 0.5125515742618711 0.2609771326430683
 0.4606062657859192 0.5132304905382586 0.2616650823540814
 0.4604267376093867 0.5138999500791359 0.2623434933468936
 0.4602187626466547 0.5146732274783816 0.2631271650292911
 0.4600282621304251 0.5153794213820857 0.2638428561856438
 0.4598490327539037 0.5160420047998483 0.2645142963355797
 0.4596613960468794 0.5167337852054164 0.2652152281441711
 0.4594436826766648 0.5175340578505790 0.2660259682976274
 0.4592582826163087 0.5182135419675998 0.2667142804466915
 0.4590759056180335 0.5188801566578689 0.2673895413295007
 0.4588667767618714 0.5196423857311299 0.2681616477378750
 0.4586724169274151 0.5203487255535378 0.2688770955404450
 0.4584901749271286 0.5210092391949169 0.2695460371077692
 0.4583004814961484 0.5216949363102126 0.2702403591765551
 0.4580720118060090 0.5225183519959787 0.2710739745635080
 0.4578825382017018 0.5231992112986174 0.2717631850101739
 0.4576972559098840 0.5238632590606074 0.2724353484302319
 0.4574862234091432 0.5246175031698005 0.2731987873642540
 0.4572881638154233 0.5253233707147993 0.2739132028316859
 0.4571029226918399 0.5259818064251103 0.2745795118223430
 0.4569109013937828 0.5266625725263167 0.2752682807746634
 0.4566707212790249 0.5275115594813745 0.2761270573472308
 0.4564771584401549 0.5281937468887186 0.2768170028854415
 0.4562887965317375 0.5288558898758858 0.2774866255894177
 0.4560748144806820 0.5296060586275974 0.2782452191449034
 0.4558732110643683 0.5303108649852019 0.2789578576932555
 0.4556848716754245 0.5309675904114921 0.2796217568653013
 0.4554900336376808 0.5316452511612483 0.2803066562443344
 0.4552401390008308 0.5325118559184299 0.2811822741058942
 0.4550427702493306 0.5331943008808355 0.2818716641130587
 0.4548512844402231 0.5338547256796931 0.2825387176803494
 0.4546340376693556 0.5346020121140489 0.2832933988776265
 0.4544290064157390 0.5353053573836969 0.2840035594024394
 0.4542376071845363 0.5359602674095296 0.2846646327692907
 0.4540398841762747 0.5366351332529417 0.2853456237635524
 0.4537808271742229 0.5375167774333391 0.2862349199544820
 0.4535798208868885 0.5381988697102992 0.2869227021019468
 0.4533852294751546 0.5388575515552727 0.2875867281338653
 0.4531642544625150 0.5396035961828293 0.2883386586446693
 0.4529561121020790 0.5403044390588768 0.2890448377567740
 0.4527617835711408 0.5409571380015783 0.2897022928706526
 0.4525610862144635 0.5416295871382318 0.2903793963085892
 0.4522954356028243 0.5425171225890195 0.2912727066892040
 0.4520910535615344 0.5431980039845831 0.2919577893828944
 0.4518933759250173 0.5438549443856395 0.2926186440710273
 0.4516688373373030 0.5445992501332291 0.2933672383346866
 0.4514574163801168 0.5452982383073381 0.2940700860041095
 0.4512600512052270 0.5459491617567261 0.2947244135057440
 0.4510563452729054 0.5466193946138734 0.2953979275903464
 0.4507822701746777 0.5475186072984312 0.2963011907475530
 0.4505743059688597 0.5481989812293021 0.2969844063223719
 0.4503734939485594 0.5488543835544636 0.2976424025367247
 0.4501454994113654 0.5495966436793492 0.2983874353351395
 0.4499306648730951 0.5502942638282872 0.2990874615730961
 0.4497301982394674 0.5509436674862144 0.2997388759270037
 0.4495234903486031 0.5516117231776476 0.3004087276365614
 0.4492391254662397 0.5525281790500033 0.3013271896871736
 0.4490274800776126 0.5532083506515957 0.3020085481921180
 0.4488234781431346 0.5538624174244425 0.3026635517731137
 0.4485912568175073 0.5546051330460302 0.3034070971266227
 0.4483734572329148 0.5552999679537655 0.3041024509714569
 0.4481700748352432 0.5559472852891818 0.3047499829543108
 0.4479602429393033 0.5566135989244280 0.3054162161184379
 0.4476726324090141 0.5575243893625395 0.3063264143256788
 0.4474579143859819 0.5582024726797457 0.3070037492857284
 0.4472509344654134 0.5588546133890174 0.3076549706348719
 0.4470157417163404 0.5595938642384946 0.3083929604441271
 0.4467945121492236 0.5602875091202533 0.3090851846483759
 0.4465881132373252 0.5609331633456107 0.3097292671811744
 0.4463755044091097 0.5615967492554176 0.3103909555519558
 0.4460699748369840 0.5625477210537990 0.3113387149998019
 0.4462737613684343 0.5619137720254034 0.3107069692848615
 0.4460721443811448 0.5625409791622883 0.3113319977481930
 0.4458653068359046 0.5631830331095569 0.3119716001544206
 0.4456565130943588 0.5638297369379411 0.3126156405511438
 0.4454204234190678 0.5645592753532758 0.3133419489622347
 0.4451946752794011 0.5652551717795467 0.3140345076468436
 0.4449849444860702 0.5659002263036705 0.3146761942264016
 0.4447700247319401 0.5665597847030645 0.3153319973043107
 0.4444602854400891 0.5675077591166394 0.3162740149605529
 0.4442374451965186 0.5681879104461208 0.3169495289696853
 0.4440244061832850 0.5688366993862215 0.3175936520313749
 0.4437843296429758 0.5695661446307017 0.3183175810929422
 0.4435555655739246 0.5702595694585290 0.3190054692932268
 0.4433429046770085 0.5709027495136885 0.3196432166506474
 0.4431249208685683 0.5715606047758282 0.3202951896999067
 0.4428107014558813 0.5725063732994853 0.3212319371955042
 0.4425846759935515 0.5731848629754913 0.3219036023235187
 0.4423686077122805 0.5738320466151289 0.3225440525700662
 0.4421251971145397 0.5745594807171978 0.3232636798037636
 0.4418931604177141 0.5752513098010685 0.3239478303480380
 0.4416775307587718 0.5758928176209983 0.3245819597103901
 0.4414566855710676 0.5765484500788407 0.3252297664243455
 0.4411488533347901 0.5774599917748315 0.3261299574417331
 0.4409199628815634 0.5781360256479836 0.3267972688782492
 0.4407015104336020 0.5787798498212124 0.3274325897319402
 0.4404596742481227 0.5794910279326062 0.3281341686698967
 0.4402213401691362 0.5801903110314018 0.3288237767896083
 0.4400019667463259 0.5808325713230035 0.3294569000358444
 0.4397793747874606 0.5814828999936213 0.3300976956543090
 0.4395028136376102 0.5822890181101905 0.3308915957108061
 0.4392707588919338 0.5829638061953183 0.3315558488239951
 0.4390508428143063 0.5836019554091145 0.3321838191636712
 0.4388175351924749 0.5842775462164894 0.3328484299836237
 0.4385582387226032 0.5850266914919454 0.3335851433672878
 0.4383322643081375 0.5856781130600341 0.3342254982533492
 0.4381094235373543 0.5863191859137415 0.3348554144247308
 0.4378587937127861 0.5870386522056233 0.3355620389772527
 0.4376177810690072 0.5877289726519678 0.3362397534299371
 0.4373944132231086 0.5883674157735902 0.3368663405941222
 0.4371664208183281 0.5890177574747021 0.3375044515561793
 0.4368678827626401 0.5898673259212716 0.3383378246835063
 0.4366314055252495 0.5905386826662549 0.3389961795514311
 0.4364065318506883 0.5911757925098363 0.3396207494181130
 0.4361640515990041 0.5918613688830795 0.3402925975723393
 0.4359092659992740 0.5925801632592705 0.3409967594549349
 0.4356806254134313 0.5932238337473005 0.3416271614252510
 0.4354525946214887 0.5938645098776169 0.3422545113946878
 0.4351908617237754 0.5945983121688139 0.3429729139796294
 0.4349471821762643 0.5952800065938463 0.3436401408569890
 0.4347196601935793 0.5959152085085353 0.3442616771488037
 0.4344855950006650 0.5965673839369653 0.3448996028656207
 0.4341438164986663 0.5975173394787466 0.3458284062719431
 0.4343717668751352 0.5968840710523509 0.3452092881979504
 0.4341485069141342 0.5975043214323914 0.3458156809413511
 0.4339203059021298 0.5981370824716657 0.3464341375379459
 0.4336910310087319 0.5987715897404181 0.3470541666012957
 0.4334363542297536 0.5994749567767407 0.3477413464707608
 0.4331844015652238 0.6001693191203170 0.3484195711402163
 0.4329530075198688 0.6008057333526544 0.3490410239630552
 0.4327189869354616 0.6014481224202554 0.3496681216483521
 0.4324366254817246 0.6022215456990073 0.3504228891149218
 0.4321911514902546 0.6028924616871764 0.3510774508353516
 0.4319595010755054 0.6035243511418122 0.3516938447695063
 0.4317167919515894 0.6041851168838102 0.3523383477001771
 0.4314274518947697 0.6049711195216880 0.3531049303131671
 0.4311867051146459 0.6056237043581422 0.3537412986161493
 0.4309523460073617 0.6062577492355714 0.3543594744440089
 0.4306934726535103 0.6069567190603135 0.3550408089426477
 0.4304358968431566 0.6076507385024702 0.3557171955776295
 0.4301998357212875 0.6082855278690240 0.3563357915945652
 0.4299616341692274 0.6089248578938468 0.3569587829471763
 0.4296785405131918 0.6096830992610657 0.3576976166808818
 0.4294275691170316 0.6103538784709207 0.3583511695540212
 0.4291914302703140 0.6109837978978172 0.3589648232902036
 0.4289456872869634 0.6116380917436200 0.3596021061162229
 0.4286332862984483 0.6124680404770725 0.3604103207839124
 0.4283858217724907 0.6131240341081453 0.3610490607955147
 0.4281468166163105 0.6137564018003387 0.3616647805534331
 0.4278831128317750 0.6144527555223552 0.3623428103831142
 0.4276206128101819 0.6151445186224618 0.3630163702520795
 0.4273801813430915 0.6157768954611932 0.3636320780883935
 0.4271377874164043 0.6164132504769158 0.3642516095784555
 0.4268514341666487 0.6171634889480532 0.3649819550545588
 0.4265955203560264 0.6178325889871525 0.3656333013017932
 0.4263550586390531 0.6184601015059168 0.3662442020675502
 0.4261055788716889 0.6191099380693273 0.3668769097583674
 0.4257742357171577 0.6199711156873871 0.3677155053454868
 0.4255207997372470 0.6206283583239613 0.3683555652383421
 0.4252770540870753 0.6212592915454560 0.3689700073902812
 0.4250076563794690 0.6219552867680996 0.3696477991725263
 0.4247406106700606 0.6226438262783345 0.3703183381772686
 0.4244957546855795 0.6232739522672520 0.3709320361034379
 0.4242488731612088 0.6239081340242719 0.3715497603253327
 0.4239579530900259 0.6246539573748953 0.3722763370870162
 0.4236970690190995 0.6253214206585227 0.3729266498504327
 0.4234522107131274 0.6259467208003054 0.3735359118249723
 0.4231987580619026 0.6265927896162308 0.3741654191009982
 0.4228464028864888 0.6274889867051957 0.3750386834693993
 0.4225871201269681 0.6281469952561110 0.3756799444296933
 0.4223385848692519 0.6287765702938874 0.3762936203020169
 0.4220623408700085 0.6294750114027857 0.3769745950397463
 0.4217919268810172 0.6301573687027181 0.3776400547185470
 0.4215430636243607 0.6307841766352960 0.3782514572750462
 0.4212914896960638 0.6314166788634903 0.3788685036366947
 0.4209922296890917 0.6321675964247018 0.3796011888359370
 0.4207271928514572 0.6328313071595342 0.3802489250002495
 0.4204780857367268 0.6334539910211366 0.3808567834963479
 0.4202197440550008 0.6340986015185611 0.3814862393936632
 0.4198681889617533 0.6349739147313558 0.3823412809416998
 0.4196047287244259 0.6356284717077811 0.3829808660727735
 0.4193519982498283 0.6362552378756068 0.3835934068287143
 0.4190728502619986 0.6369462355748242 0.3842688324071221
 0.4187958626110609 0.6376305606819266 0.3849378746293096
 0.4185421239503477 0.6382562942287180 0.3855497984191077
 0.4182866740840802 0.6388851395133056 0.3861649629602545
 0.4179883382619954 0.6396181568808864 0.3868823045482928
 0.4177175178292716 0.6402822674931765 0.3875324510623629
 0.4174640732968951 0.6409026525845534 0.3881399694803625
 0.4172032411028653 0.6415399997709963 0.3887642616319816
 0.4168312469782389 0.6424470146358101 0.3896530107216488
 0.4165611260599976 0.6431042018377378 0.3902972523672112
 0.4163042426087742 0.6437280685155272 0.3909091054353026
 0.4160226846130969 0.6444106171253591 0.3915788426819216
 0.4157386858737537 0.6450977719621089 0.3922534371107124
 0.4154799649950912 0.6457226247203649 0.3928671269020703
 0.4152205918458770 0.6463479661684618 0.3934815113833340
 0.4149224682603308 0.6470653959883155 0.3941866241426401
 0.4146453209986575 0.6477310691906704 0.3948411359337980
 0.4143872040475253 0.6483499320447518 0.3954498919730572
 0.4141235014383258 0.6489810943487092 0.3960710456576680
 0.4137902605510870 0.6497771213812260 0.3968548898888249
 0.4135158777669525 0.6504312396616886 0.3974993394023181
 0.4132564626365080 0.6510485911017618 0.3981078194905737
 0.4129830901321235 0.6516980223117579 0.3987481736983680
 0.4126656804298829 0.6524506139318427 0.3994906036787704
 0.4123969305835650 0.6530866137721053 0.4001183705034574
 0.4121350886184583 0.6537051971958042 0.4007293096948218
 0.4118487564213389 0.6543804345398061 0.4013966446890384
 0.4115566612431709 0.6550679733117262 0.4020766086505047
 0.4112918605155358 0.6556901456297731 0.4026923094421133
 0.4110274723120488 0.6563102902100372 0.4033063393609970
 0.4107282112121958 0.6570109613490863 0.4040004968197216
 0.4104426509674435 0.6576783014765613 0.4046620462131787
 0.4101782908049716 0.6582950122014551 0.4052737997205869
 0.4099101887465946 0.6589193901925848 0.4058935712211444
 0.4095899616883333 0.6596637654065571 0.4066329972740848
 0.4093076606910119 0.6603187258405199 0.4072840562595937
 0.4090424731180112 0.6609329153486668 0.4078949302102278
 0.4087679971656747 0.6615675337304316 0.4085264432730668
 0.4083700692112788 0.6624856385425750 0.4094406420141072
 0.4086354477729179 0.6618736090826784 0.4088311365102419
 0.4083747731502485 0.6624747989727028 0.4094298442059711
 0.4081086541134634 0.6630875299146735 0.4100403939868157
 0.4078418720169945 0.6637007618401601 0.4106518344939686
 0.4075495219855403 0.6643715901697846 0.4113211789180027
 0.4072505142384437 0.6650564298137078 0.4120050126152833
 0.4069798554312009 0.6656752407679051 0.4126233321668038
 0.4067101082292914 0.6662909326296373 0.4132389065353451
 0.4064071491393167 0.6669812030874900 0.4139294845517683
 0.4061136660499177 0.6676486505910456 0.4145977030360865
 0.4058430312772237 0.6682630651505174 0.4152132834283669
 0.4055696738915268 0.6688826219313507 0.4158344938883764
 0.4052497372618739 0.6696064283652731 0.4165608523053055
 0.4049597341496193 0.6702612889316482 0.4172185720487892
 0.4046884878240798 0.6708727436038576 0.4178331303625950
 0.4044099683700957 0.6714995407679479 0.4184635163031701
 0.4040372386833017 0.6723366923877572 0.4193061062344832
 0.4037489314332320 0.6729829317957712 0.4199570902229763
 0.4034761332120796 0.6735933686592458 0.4205724915252972
 0.4031857873409593 0.6742419658464287 0.4212269069063344
 0.4028644101539244 0.6749585587585039 0.4219505799397643
 0.4025844251759764 0.6755817272393696 0.4225804383795355
 0.4023101658755103 0.6761911358537531 0.4231968457929071
 0.4020113496121522 0.6768539700722535 0.4238678010787222
 0.4017018878919624 0.6775391693819546 0.4245619830090445
 0.4014230250463945 0.6781555336285100 0.4251869843387991
 0.4011458235723254 0.6787672109622173 0.4258077939330824
 0.4008363804513876 0.6794488424019282 0.4265002777315016
 0.4005331796248350 0.6801155094976992 0.4271782271218242
 0.4002546391399832 0.6807268992728644 0.4278005040263155
 0.3999743613132041 0.6813410864384145 0.4284261120277953
 0.3996513224071164 0.6820477186668104 0.4291464659123599
 0.3993520813109468 0.6827010956287098 0.4298131016860803
 0.3990737044644018 0.6833078854984521 0.4304327297273884
 0.3987903860486557 0.6839244298979930 0.4310628636537872
 0.3984485167476395 0.6846670294762363 0.4318225678164276
 0.3981511142091464 0.6853118338969586 0.4324828530703799
 0.3978718276117010 0.6859163433658778 0.4331023761388580
 0.3975832970605029 0.6865398300213005 0.4337418381586868
 0.3971636909553862 0.6874446959156377 0.4346708037142021
 0.3974435217555589 0.6868414952903461 0.4340514137197068
 0.3971679652822623 0.6874354895733742 0.4346613463946271
 0.3968864862772049 0.6880412723915823 0.4352839150909005
 0.3966054494067865 0.6886451207587688 0.4359050714944601
 0.3963010851924191 0.6892979872927206 0.4365773247750847
 0.3959785136804845 0.6899886602087580 0.4372892607818326
 0.3956910695779573 0.6906030415226867 0.4379231729754182
 0.3954072450416132 0.6912086925520794 0.4385486095271581
 0.3950952203342977 0.6918733842039396 0.4392356024100684
 0.3947792703860585 0.6925452303228429 0.4399306241809394
 0.3944925139801692 0.6931539505783443 0.4405609230736782
 0.3942069542094124 0.6937591433345163 0.4411881440424872
 0.3938892991310908 0.6944312028055037 0.4418853469871832
 0.3935751378147276 0.6950946799096509 0.4425743290270701
 0.3932875408915797 0.6957010213424013 0.4432045376413169
 0.3929993428207588 0.6963076419253652 0.4438355439271306
 0.3926733815820191 0.6969925613210175 0.4445486049106443
 0.3923612028343154 0.6976473428191753 0.4452309279138654
 0.3920727192855137 0.6982514039552800 0.4458609995296874
 0.3917811615632951 0.6988609093883263 0.4464973770291041
 0.3914407978392034 0.6995711861807382 0.4472397842539521
 0.3911313347869261 0.7002158066332232 0.4479143066670820
 0.3908426196307720 0.7008162054268054 0.4485431556336393
 0.3905478807276349 0.7014281354371937 0.4491846471411446
 0.3901866287498455 0.7021767915143510 0.4499702338081807
 0.3898784902489130 0.7028141903296965 0.4506397594076223
 0.3895890039457338 0.7034120156889222 0.4512683192403004
 0.3892898544205874 0.7040287920043808 0.4519174340769921
 0.3888684606683357 0.7048958812384163 0.4528310521952451
 0.3885590763246857 0.7055312117864013 0.4535012197888046
 0.3882662561598196 0.7061315326123848 0.4541349964162215
 0.3879522587297450 0.7067741987267739 0.4548140417062713
 0.3876131768785883 0.7074669655771336 0.4555466971586030
 0.3873137749027824 0.7080775971018596 0.4561931115618678
 0.3870193912015328 0.7086770218185582 0.4568282727064696
 0.3866981579785941 0.7093300215825571 0.4575209152507048
 0.3863667705200581 0.7100024682753659 0.4582349505701251
 0.3860682684075647 0.7106071496129877 0.4588776570043508
 0.3857724953583792 0.7112053385163445 0.4595140108943355
 0.3854472543477578 0.7118620211158977 0.4602131950991202
 0.3851172456460202 0.7125271522253108 0.4609220261103633
 0.3848181150550772 0.7131290272544897 0.4615640356479214
 0.3845209385760865 0.7137260119679494 0.4622014062944526
 0.3841936489324245 0.7143823879471932 0.4629028552662985
 0.3838618675679840 0.7150465973813629 0.4636133633270685
 0.3835607426416489 0.7156484140277464 0.4642576869931069
 0.3832610661897951 0.7162463754263888 0.4648983758042228
 0.3829288587293907 0.7169081320180878 0.4656079810583781
 0.3825976219503337 0.7175667911607172 0.4663148794942865
 0.3822952526305485 0.7181670367851133 0.4669596659792715
 0.3819930238328670 0.7187660424135109 0.4676037121521355
 0.3816538127152198 0.7194372050117858 0.4683260645260502
 0.3813247044870848 0.7200872290615665 0.4690263790870851
 0.3810221774272288 0.7206837577001123 0.4696696393507735
 0.3807186114645842 0.7212813803118010 0.4703145990455765
 0.3803761703214383 0.7219543917917948 0.4710415182189674
 0.3800465150330792 0.7226011334181410 0.4717406675362698
 0.3797429556913613 0.7231956914304736 0.4723839496104669
 0.3794382209155185 0.7237916033505248 0.4730292389153036
 0.3790954905925792 0.7244606845566292 0.4737544063029500
 0.3787628570397175 0.7251089134128410 0.4744575938654000
 0.3784568868078771 0.7257041922133841 0.4751038386294016
 0.3781497140076511 0.7263008605287616 0.4757520377426909
 0.3778029032815692 0.7269733834843163 0.4764831708757831
 0.3774691392010626 0.7276194691746644 0.4771861205943132
 0.3771613446547987 0.7282142987236703 0.4778338326278379
 0.3768513964958007 0.7288123379379675 0.4784855910578273
 0.3764967417847425 0.7294954692602232 0.4792307804471289
 0.3761640202955636 0.7301352233701131 0.4799293046651792
 0.3758558031210527 0.7307268883854658 0.4805758442269187
 0.3755444361935087 0.7313236534080331 0.4812284270599200
 0.3751862173836414 0.7320090421450411 0.4819784805770623
 0.3748527979889235 0.7326458584071976 0.4826759192463715
 0.3745436647635321 0.7332353252024482 0.4833219864750730
 0.3742314695117406 0.7338296926222321 0.4839739147077107
 0.3738748580702712 0.7345074714774644 0.4847179299959657
 0.3735381509853826 0.7351462987847617 0.4854197391893237
 0.3732265190179163 0.7357365847568752 0.4860686584533675
 0.3729121626109842 0.7363310929257544 0.4867226157697133
 0.3725533223462322 0.7370085807951200 0.4874683328279694
 0.3722142067701282 0.7376477081226658 0.4881723305200552
 0.3719001360437119 0.7382386660408259 0.4888237518175834
 0.3715827232087387 0.7388349702226357 0.4894815732245456
 0.3712157268777330 0.7395232471660961 0.4902415028141652
 0.3708768762180303 0.7401576222064592 0.4909425069064207
 0.3705620251563765 0.7407461092505950 0.4915932622784726
 0.3702429360171569 0.7413415799114683 0.4922521471770556
 0.3698713125883516 0.7420339021795754 0.4930186817517422
 0.3695320451571118 0.7426648363599331 0.4937177033410157
 0.3692166282983316 0.7432504689062771 0.4943669425372060
 0.3688972078136478 0.7438426083814941 0.4950238106318427
 0.3685293418252808 0.7445234045889916 0.4957795398230574
 0.3681867603015551 0.7451563035718880 0.4964825618458388
 0.3678690542487878 0.7457422983829123 0.4971338421344889
 0.3675482114302768 0.7463331560472771 0.4977908501607395
 0.3671822535481511 0.7470059687658134 0.4985393811516596
 0.3668354691936328 0.7476424259096933 0.4992478818289726
 0.3665145145314931 0.7482305228355127 0.4999029523499353
 0.3661906052621249 0.7488231063079701 0.5005634477329977
 0.3658194594687967 0.7495009665160259 0.5013195302490532
 0.3654713342604295 0.7501356781589729 0.5020279774223572
 0.3651487262458541 0.7507229157179792 0.5026838143257464
 0.3648227648801325 0.7513153320174946 0.5033457630710774
 0.3644474352019056 0.7519963245781649 0.5041070664206995
 0.3640989452449890 0.7526275236649327 0.5048130796167994
 0.3637760142495919 0.7532114908096645 0.5054666142910267
 0.3634502743045499 0.7537996260332166 0.5061251838094544
 0.3630801676900568 0.7544667598623147 0.5068726772682147
 0.3627279576309497 0.7551005447011919 0.5075832487035165
 0.3624031407289962 0.7556840983933633 0.5082378588099098
 0.3620772721984920 0.7562686396521519 0.5088938965320083
 0.3617140090064065 0.7569191983979522 0.5096243986389639
 0.3613539756059639 0.7575628734479811 0.5103475814698288
 0.3610248613088743 0.7581503164712278 0.5110079778227432
 0.3606965445309271 0.7587354309853999 0.5116661533387794
 0.3603337443087781 0.7593809529433904 0.5123927392221481
 0.3599677069111550 0.7600311239014546 0.5131250069453519
 0.3596350190588001 0.7606210935850051 0.5137898046803770
 0.3593040781082803 0.7612070575101350 0.5144503499803718
 0.3589387918497773 0.7618527856957841 0.5151785329991884
 0.3585713240001385 0.7625012654612789 0.5159101020281589
 0.3582377558129990 0.7630889656875207 0.5165733779715299
 0.3579066984466429 0.7636713459295085 0.5172309402247571
 0.3575442126540649 0.7643079930756254 0.5179501287143060
 0.3571719395346825 0.7649607237543880 0.5186878655525391
 0.3568368218898130 0.7655473520071897 0.5193511944090247
 0.3565063720846030 0.7661249259772609 0.5200045391270803
 0.3561503039395256 0.7667462986262400 0.5207076951203800
 0.3557626917825525 0.7674215693973576 0.5214721672684827
 0.3554222643731698 0.7680136538059558 0.5221427695568525
 0.3550899201833898 0.7685907946667396 0.5227967445607036
 0.3547357895650539 0.7692048104860435 0.5234928315754573
 0.3543296064434004 0.7699078648746223 0.5242902411477435
 0.3539829632991165 0.7705068410086839 0.5249698745718527
 0.3536467510574469 0.7710868977799954 0.5256282317029103
 0.3532881403320754 0.7717046296495844 0.5263295302187997
 0.3528849594902411 0.7723979476102972 0.5271168733392743
 0.3525371242050737 0.7729950847979806 0.5277952312297047
 0.3521987142148642 0.7735751490484729 0.5284544502743084
 0.3518363103247851 0.7741953684655307 0.5291596141363594
 0.3514382038035028 0.7748755344099361 0.5299333031217820
 0.3510909446385752 0.7754678436304663 0.5306073385265385
 0.3507527983902434 0.7760437314124716 0.5312629020173515
 0.3503928506998208 0.7766558002928736 0.5319598548688834
 0.3499823487078955 0.7773526444980774 0.5327535837813748
 0.3496320048981763 0.7779463692533246 0.5334300757054367
 0.3492935342390912 0.7785191026176808 0.5340828600009903
 0.3489369153356188 0.7791216231572557 0.5347698245004109
 0.3484917158365790 0.7798724812991350 0.5356262215796395
 0.3481343172616566 0.7804741988206247 0.5363127171715564
 0.3477924848176513 0.7810488304718844 0.5369684429000593
 0.3474319208266407 0.7816540228266985 0.5376591668115076
 0.3469928858016909 0.7823896448550489 0.5384989487959270
 0.3466331642360421 0.7829913295117935 0.5391860350207482
 0.3462870737744002 0.7835693297951508 0.5398462927996651
 0.3459188893147849 0.7841832800375556 0.5405478718922163
 0.3455008007561514 0.7848792639420474 0.5413434937200126
 0.3451422782130871 0.7854750922234590 0.5420248265986100
 0.3447942418862622 0.7860526160082574 0.5426853564604567
 0.3444227363845422 0.7866681336447188 0.5433894392598965
 0.3440088742394373 0.7873526774611377 0.5441725849521035
 0.3436509750986172 0.7879436818750705 0.5448488248090317
 0.3433037737436841 0.7885161604231262 0.5455039892955486
 0.3429360410731568 0.7891215709996955 0.5461969941384139
 0.3425038450523874 0.7898319034496551 0.5470102996667735
 0.3421423538695242 0.7904250322405554 0.5476895503576916
 0.3417949670582762 0.7909941660894113 0.5483414136566993
 0.3414304429271776 0.7915904811019823 0.5490244889147837
 0.3409469687677887 0.7923799742239447 0.5499289838009292
 0.3405771271492208 0.7929828299264630 0.5506197905064522
 0.3402255599076330 0.7935550329915642 0.5512756081923513
 0.3398547855314736 0.7941575872307929 0.5519663614133576
 0.3394017835954022 0.7948925083769572 0.5528090306451519
 0.3390314404717987 0.7954923011629214 0.5534968475443102
 0.3386754670883779 0.7960679530120647 0.5541570079171043
 0.3382975078791880 0.7966782304631442 0.5548568819052814
 0.3378632244970291 0.7973782769761745 0.5556597246532931
 0.3374935433659469 0.7979732007334858 0.5563420713020348
 0.3371352714923782 0.7985489011624901 0.5570024739882073
 0.3367528733380070 0.7991624362573454 0.5577064264869016
 0.3363274244713787 0.7998439151177461 0.5584885215276186
 0.3359591940915987 0.8004327860052313 0.5591644659391392
 0.3356018112574697 0.8010034643442306 0.5598196061240189
 0.3352230545997382 0.8016073674047227 0.5605129411075178
 0.3347799265089653 0.8023127282013137 0.5613228137325352
 0.3344083967083592 0.8029031450230919 0.5620007708784902
 0.3340515537332946 0.8034693876865189 0.5626510411334307
 0.3336780308788045 0.8040612252478548 0.5633307914040153
 0.3331503593671853 0.8048957918827790 0.5642894602647935
 0.3327684787048000 0.8054986728062689 0.5649820498438124
 0.3324077697423151 0.8060672828605493 0.5656352815632945
 0.3320270930608825 0.8066664804162352 0.5663236519940850
 0.3315647527924746 0.8073929962063947 0.5671583027539865
 0.3311850690476734 0.8079886273487723 0.5678426341076598
 0.3308201231158260 0.8085602923377724 0.5684994965652477
 0.3304340579067825 0.8091641397625914 0.5691934125062414
 0.3299738021301520 0.8098828251769491 0.5700193539793408
 0.3295909006908513 0.8104797284186152 0.5707053209801954
 0.3292214810321884 0.8110547626052379 0.5713660800137199
 0.3288278542415146 0.8116665596232208 0.5720689597934047
 0.3283866662138255 0.8123511581659926 0.5728553240991014
 0.3280062024331699 0.8129405823878586 0.5735322671391052
 0.3276369415022303 0.8135118149631178 0.5741882729897758
 0.3272441684119526 0.8141185194864008 0.5748850043536927
 0.3267988364819049 0.8148052913812814 0.5756736877978724
 0.3264182115834479 0.8153913361723144 0.5763466857358192
 0.3260508930333867 0.8159560760549730 0.5769951824552115
 0.3256651512012594 0.8165482801006251 0.5776751582142218
 0.3251637228134651 0.8173167767764566 0.5785574605412193
 0.3247749692122298 0.8179115688152304 0.5792402805956993
 0.3244063844183093 0.8184746850420558 0.5798867154847708
 0.3240217755072257 0.8190614371026534 0.5805602718058624
 0.3234598868476691 0.8199170978470398 0.5815424766510168
 0.3238345726762094 0.8193467186693431 0.5808877520215365
 0.3234660412123507 0.8199077357108001 0.5815317304565076
 0.3230918349428620 0.8204765873433780 0.5821846469283987
 0.3227208046561662 0.8210398137240317 0.5828310289700269
 0.3223296808692911 0.8216326857112790 0.5835113424255987
 0.3218122329231918 0.8224156966142357 0.5844097292793341
 0.3214144505290458 0.8230165899596726 0.5850991335115654
 0.3210349797992975 0.8235889841781338 0.5857558579527825
 0.3206313484076602 0.8241969281099452 0.5864534028511783
 0.3201717353625708 0.8248880724289523 0.5872464229700137
 0.3197777825473056 0.8254795356977302 0.5879250208603684
 0.3193951121841511 0.8260532285680681 0.5885831288038944
 0.3189857241619264 0.8266660722968650 0.5892859927761196
 0.3185352795022388 0.8273393014801330 0.5900579120248817
 0.3181431495374855 0.8279244604978766 0.5907287018573687
 0.3177618500977850 0.8284926450854614 0.5913799338908313
 0.3173565719652391 0.8290956858415279 0.5920710373396506
 0.3168943196271068 0.8297824056207322 0.5928579459928128
 0.3165009794530231 0.8303658329141693 0.5935263908012662
 0.3161222432383319 0.8309268049730351 0.5941689871349058
 0.3157259916931749 0.8315128896289590 0.5948401937024945
 0.3151535364879692 0.8323580986635917 0.5958078524221555
 0.3155352641747954 0.8317946875214792 0.5951628574843040
 0.3151606495494653 0.8323476072886749 0.5957958432999879
 0.3147786910954077 0.8329105916749191 0.5964401990481517
 0.3144005061897771 0.8334672461352678 0.5970771702375973
 0.3140046234921889 0.8340491344489566 0.5977428708957842
 0.3134590037113844 0.8348497519201278 0.5986585351138737
 0.3130498545534555 0.8354490872561412 0.5993437464686568
 0.3126650273656207 0.8360119915987443 0.5999870820762351
 0.3122639567448025 0.8365978302969053 0.6006563862256676
 0.3117162689964745 0.8373964752572898 0.6015684432844791
 0.3113021147862876 0.8379993651866414 0.6022567091295303
 0.3109099489085049 0.8385694283291616 0.6029073454249415
 0.3104960911073826 0.8391701635788695 0.6035928332020171
 0.3100009742641284 0.8398876947889004 0.6044113413743460
 0.3095896407078546 0.8404828523803795 0.6050899740649924
 0.3091925725070820 0.8410565518756387 0.6057438311568917
 0.3087691053157106 0.8416675120819864 0.6064397744687363
 0.3083008215104892 0.8423420766532467 0.6072076990683088
 0.3078935839172285 0.8429278067833246 0.6078741195963692
 0.3074972995705255 0.8434969848206467 0.6085214127292750
 0.3070752283495706 0.8441023378213887 0.6092095606281683
 0.3066049676543507 0.8447757626683301 0.6099747585798182
 0.3061988825456699 0.8453564049478440 0.6106342306431272
 0.3058062385103055 0.8459170545934034 0.6112707022439796
 0.3053945226409513 0.8465041224638088 0.6119368266490367
 0.3048587550035879 0.8472668336951574 0.6128017093664441
 0.3044441435268297 0.8478561081708690 0.6134695154301972
 0.3040520648438846 0.8484125896480955 0.6140998515707914
 0.3036456377924792 0.8489886509703602 0.6147520658551137
 0.3031193058263524 0.8497334803756117 0.6155949041198083
 0.3026984541306850 0.8503280848958923 0.6162673613635571
 0.3023038348065402 0.8508848578739846 0.6168967000278963
 0.3018995626911753 0.8514544813020699 0.6175402208219742
 0.3014254798447304 0.8521214813826355 0.6182933212813548
 0.3009945757127563 0.8527268111675598 0.6189764193343377
 0.3005925157420400 0.8532908331005961 0.6196126118844931
 0.3001864967312637 0.8538596398607409 0.6202539271828621
 0.2997328886105695 0.8544942053462874 0.6209690377233449
 0.2992840416046717 0.8551211681383450 0.6216751656339586
 0.2988715787654176 0.8556964853724799 0.6223227004144046
 0.2984596505716891 0.8562702731960508 0.6229680579048712
 0.2980046713199069 0.8569031216452685 0.6236792900156142
 0.2975476373651297 0.8575378740051486 0.6243920952846750
 0.2971300659332685 0.8581169862884829 0.6250419633272042
 0.2967139666752911 0.8586932692486784 0.6256882632075316
 0.2962518096991595 0.8593324225200882 0.6264046329161334
 0.2957975755660718 0.8599596809475476 0.6271072017394252
 0.2953815435820445 0.8605333731285786 0.6277493185012554
 0.2949677853918928 0.8611031625371072 0.6283865832251875
 0.2945137790880725 0.8617275009827454 0.6290842536649173
 0.2940550751151979 0.8623573715551952 0.6297874439979770
 0.2936402570605620 0.8629261802510144 0.6304219015196693
 0.2932328919857154 0.8634840329192003 0.6310436413209173
 0.2927999826634106 0.8640760697072376 0.6317029631742302
 0.2923037121865064 0.8647537520587398 0.6324570193175829
 0.2918815030109230 0.8653294577157749 0.6330970512146198
 0.2914770767177297 0.8658801922736533 0.6337088218323277
 0.2910585042838369 0.8664494483058963 0.6343406313578906
 0.2905336879216954 0.8671621330930738 0.6351308464906015
 0.2900969438562749 0.8677543211172605 0.6357867937367935
 0.2896893766797658 0.8683062156614713 0.6363975718953210
 0.2892758101022023 0.8688655144465584 0.6370160114840376
 0.2888105937158121 0.8694938004244419 0.6377100701839349
 0.2883549838206563 0.8701082307518304 0.6383881021007817
 0.2879374890384854 0.8706704965136464 0.6390079048137167
 0.2875233557562319 0.8712275172427507 0.6396212737985768
 0.2870788768878634 0.8718245613829307 0.6402779910579967
 0.2865784778880455 0.8724957427000254 0.6410153906340117
 0.2861439191773868 0.8730777768035700 0.6416541481647643
 0.2857216811775773 0.8736425675438737 0.6422733899069155
 0.2852742643034494 0.8742402436412929 0.6429280563126007
 0.2847455953338559 0.8749454105307251 0.6436995855038347
 0.2842999281708378 0.8755389865536668 0.6443482196485402
 0.2838688604947527 0.8761123564863630 0.6449740179025056
 0.2834076044034403 0.8767250549924591 0.6456418826347327
 0.2829048487289016 0.8773919108004412 0.6463677720616752
 0.2824623469351625 0.8779780144219050 0.6470049246886266
 0.2820294864490746 0.8785505980881094 0.6476266630774257
 0.2815616346719043 0.8791686374764336 0.6482969907261238
 0.2810715340525963 0.8798151467180985 0.6489973345063307
 0.2806344068411513 0.8803909850161378 0.6496203386947225
 0.2802064567532408 0.8809540139279943 0.6502287159940762
 0.2797495432077077 0.8815543652625651 0.6508765297399188
 0.2792448794574527 0.8822165212581092 0.6515899226575289
 0.2788072853327865 0.8827898856265103 0.6522067020209024
 0.2783855120549438 0.8833418279728291 0.6527996127930509
 0.2779463403310846 0.8839158189825075 0.6534153641750282
 0.2773039468294532 0.8847541024593077 0.6543130949201891
 0.2777322927968363 0.8841953108911016 0.6537148805069574
 0.2773120727403182 0.8847435083760838 0.6543017610833393
 0.2768869713235353 0.8852973972491046 0.6548939228747598
 0.2764691775014503 0.8858411043259971 0.6554743835925455
 0.2760369500386526 0.8864029089862410 0.6560732943595031
 0.2755143030839187 0.8870813123055497 0.6567953067870982
 0.2750593041857804 0.8876710844878172 0.6574219237351878
 0.2746364112254231 0.8882185570735682 0.6580027148048109
 0.2742111958278569 0.8887683749705149 0.6585851375114111
 0.2737463195076379 0.8893687202891005 0.6592200903780506
 0.2732554987104897 0.8900017179795982 0.6598884213290332
 0.2728183525747718 0.8905647591097122 0.6604818574140668
 0.2723918517509668 0.8911134258170770 0.6610591810989168
 0.2719446612648712 0.8916880079969314 0.6616627449918756
 0.2713392308338466 0.8924647712438121 0.6624770285191522
 0.2708761651257893 0.8930580033021399 0.6630976551713779
 0.2704390184426113 0.8936173356002922 0.6636818272550006
 0.2699832043716716 0.8941998373637232 0.6642891625852266
 0.2693786619790920 0.8949712832234832 0.6650917974805458
 0.2689060312622023 0.8955735129896044 0.6657169457214738
 0.2684573357756906 0.8961445287280324 0.6663084740486288
 0.2679833662626616 0.8967469552699003 0.6669312277336451
 0.2674275835930406 0.8974523876316384 0.6676587619486696
 0.2669570925192092 0.8980487398102101 0.6682724122757464
 0.2665001981898328 0.8986271394210209 0.6688664197931780
 0.2660053166066155 0.8992528335858072 0.6695077240967853
 0.2654882105714650 0.8999057480070294 0.6701754969017458
 0.2650250999079223 0.9004897276533239 0.6707714762961799
 0.2645676503972187 0.9010658684824241 0.6713582018207646
 0.2640646099744597 0.9016986301074033 0.6720010962609184
 0.2635604866776023 0.9023319183124356 0.6726429331593413
 0.2631046027560401 0.9029038909499814 0.6732212630201877
 0.2626544309512499 0.9034680325314532 0.6737904272468054
 0.2621672503484324 0.9040778122199467 0.6744042617138374
 0.2616540544987276 0.9047193259716132 0.6750484983157261
 0.2611998423363922 0.9052864029304212 0.6756166363497539
 0.2607580565190025 0.9058373338573876 0.6761673465080512
 0.2602943899677009 0.9064148843028049 0.6767432941083867
 0.2596966175723706 0.9071584766787291 0.6774826952604938
 0.2592305995148449 0.9077373958745715 0.6780566695730815
 0.2587918761323416 0.9082817876466104 0.6785950660858124
 0.2583407746630575 0.9088409148362027 0.6791466828714893
 0.2577993522563439 0.9095111612388133 0.6798061208899487
 0.2573246855786397 0.9100980265102262 0.6803818964889479
 0.2568844974808970 0.9106416473220992 0.6809138757384493
 0.2564433330429846 0.9111858820525321 0.6814451234951845
 0.2559647663528991 0.9117755908174141 0.6820192467878520
 0.2554460181363845 0.9124140335035604 0.6826390416577028
 0.2549906760911498 0.9129737752932175 0.6831809218622014
 0.2545499012205965 0.9135150212534175 0.6837035537146421
 0.2540926693377787 0.9140758665242298 0.6842437088457045
 0.2535308700427678 0.9147641307862225 0.6849045995086587
 0.2530492588867835 0.9153534189056113 0.6854686746563489
 0.2525998262645752 0.9159027238149215 0.6859929729123825
 0.2521450613455127 0.9164579493686098 0.6865214345399139
 0.2516396339055508 0.9170743287940837 0.6871063564609813
 0.2511269493883700 0.9176988093178519 0.6876971171164049
 0.2506613369746551 0.9182653031411129 0.6882314342276223
 0.2502009514764111 0.9188248324266713 0.6887577043964659
 0.2497082561070036 0.9194229664720384 0.6893186388662764
 0.2491378994905846 0.9201145303778210 0.6899650078653256
 0.2486505983648280 0.9207046693046456 0.6905146584523761
 0.2481772441746484 0.9212772872028808 0.6910462486514544
 0.2476722404773400 0.9218875101894977 0.6916108387586234
 0.2470958893395428 0.9225830918317603 0.6922520124247067
 0.2465984971113871 0.9231826527108709 0.6928026641032290
 0.2461110696462793 0.9237695520360266 0.6933399079546950
 0.2455757426838965 0.9244133889985001 0.6939272458476593
 0.2450319851812144 0.9250665803638454 0.6945209078189392
 0.2445369459107592 0.9256605649942068 0.6950587650814026
 0.2440398395407298 0.9262563781777526 0.6955963131257508
 0.2434561470025356 0.9269551420587785 0.6962241957620660
 0.2429345369776783 0.9275788322457289 0.6967823029949415
 0.2424477300689953 0.9281602720946099 0.6973006698815083
 0.2419486512233575 0.9287557356805249 0.6978296479226557
 0.2412661136551611 0.9295690564622742 0.6985491099600446
 0.2407556970065464 0.9301765016717225 0.6990841482918734
 0.2402772614012219 0.9307452889362433 0.6995833112399531
 0.2397764630242648 0.9313400465928530 0.7001033327567252
 0.2391713397671489 0.9320578678682088 0.7007282735590949
 0.2386775143723170 0.9326429908364249 0.7012355040473321
 0.2382080909801436 0.9331986437907637 0.7017153832721033
 0.2377211693390344 0.9337744394559427 0.7022108225702454
 0.2370252151820664 0.9345964200651992 0.7029148778888719
 0.2365252351773715 0.9351862167798907 0.7034177267364012
 0.2360599121761083 0.9357345920618011 0.7038834899623044
 0.2355798090925404 0.9362998443525061 0.7043617742347110
 0.2349713874645604 0.9370153888715177 0.7049645469309684
 0.2344735246014765 0.9376002608757265 0.7054549945586250
 0.2340103420685492 0.9381438713502382 0.7059090212725968
 0.2335417739477501 0.9386932953529719 0.7063661171412873
 0.2330196424196505 0.9393049283489889 0.7068728482749044
 0.2324998832929239 0.9399131609673932 0.7073745316574134
 0.2320289722620015 0.9404636987541605 0.7078266897050822
 0.2315669490780608 0.9410033575364520 0.7082681076989168
 0.2310820568021506 0.9415692112191373 0.7087290177203174
 0.2303357107491776 0.9424391459669196 0.7094337344537347
 0.2308333429318354 0.9418592479296308 0.7089644934355559
 0.2303680748284596 0.9424014483579251 0.7094032938924562
 0.2298976131259886 0.9429492131364061 0.7098447417993849
 0.2294340490312205 0.9434884698727060 0.7102775099658052
 0.2289540304813469 0.9440463718296025 0.7107233314942386
 0.2283798804284992 0.9447130198214839 0.7112534863347763
 0.2278706491480237 0.9453036943628627 0.7117208657923488
 0.2273973961181397 0.9458521376764156 0.7121528305013097
 0.2269220460141060 0.9464025306118995 0.7125843908897844
 0.2264038688412076 0.9470019664960080 0.7130522021392319
 0.2258487433361611 0.9476435182177511 0.7135503557308722
 0.2253567835078037 0.9482115321498445 0.7139892447468462
 0.2248772000724041 0.9487647730227143 0.7144147679153083
 0.2243742772159218 0.9493444286810631 0.7148585277382037
 0.2236899582698269 0.9501323256047278 0.7154582399661129
 0.2231685552813326 0.9507320096132058 0.7159119661941076
 0.2226763119580990 0.9512976535275297 0.7163377530150881
 0.2221627829721952 0.9518872405711650 0.7167793063222769
 0.2214819203251513 0.9526681378436467 0.7173606270402965
 0.2209483084930216 0.9532795116829919 0.7178129993402030
 0.2204412464425899 0.9538599512213402 0.7182402659171295
 0.2199067340269578 0.9544712735097286 0.7186879217799601
 0.2192457806806593 0.9552264459661821 0.7192375408516993
 0.2187039322838070 0.9558449128504292 0.7196848269572383
 0.2181783299998159 0.9564443051407741 0.7201158409749761
 0.2176052323374706 0.9570972691883983 0.7205825939474042
 0.2170073680300819 0.9577777989272303 0.7210659877393567
 0.2164648450789750 0.9583947634788839 0.7215015627514421
 0.2159168586665730 0.9590173931360233 0.7219385860920152
 0.2152372685747538 0.9597887939975939 0.7224764572551781
 0.2146645983140322 0.9604381838411917 0.7229261271703978
 0.2141184476462794 0.9610569551570163 0.7233518690983457
 0.2135243986135318 0.9617293935175228 0.7238114652498332
 0.2129261061231097 0.9624060085787677 0.7242706684848446
 0.2123820096732608 0.9630207914775808 0.7246850995071326
 0.2118337923141865 0.9636397135576250 0.7250996492371323
 0.2111488015050491 0.9644123260377944 0.7256134041188654
 0.2105859203106617 0.9650466132545958 0.7260320645045182
 0.2100568228394968 0.9656423453119297 0.7264226811550029
 0.2095031804945001 0.9662652137418489 0.7268283550168984
 0.2088538090901887 0.9669951356367966 0.7273001445936448
 0.2083137297749283 0.9676016826398829 0.7276892159457788
 0.2077951364124824 0.9681836540868121 0.7280599989948169
 0.2072460142397457 0.9687994137717318 0.7284496422602447
 0.2066241976446423 0.9694961091406454 0.7288872181690638
 0.2060947031248654 0.9700888834450606 0.7292567809469525
 0.2055847543447297 0.9706593609987125 0.7296100440463176
 0.2050491004689373 0.9712581598091211 0.7299782866074649
 0.2043865728908771 0.9719981779289432 0.7304297177471432
 0.2038550122845645 0.9725914271838231 0.7307886829791652
 0.2033501022009220 0.9731545379563735 0.7311270021442822
 0.2028250961125146 0.9737396564467380 0.7314760712288648
 0.2020539396056514 0.9745983683977784 0.7319838256311358
 0.2025680924205957 0.9740259372955198 0.7316459466826957
 0.2020672724035181 0.9745835292585098 0.7319750969791287
 0.2015605255306940 0.9751473457400222 0.7323056138058087
 0.2010611502942976 0.9757025952375665 0.7326288334494112
 0.2005409355455487 0.9762806337324152 0.7329629073983023
 0.1998325966119509 0.9770670860818318 0.7334134601435285
 0.1992956985636287 0.9776627192464397 0.7337516380035498
 0.1987946417172840 0.9782182265121119 0.7340646620804494
 0.1982797175567316 0.9787887453905690 0.7343837686410014
 0.1976542766735287 0.9794812233251590 0.7347678630430160
 0.1971145450311104 0.9800783776785088 0.7350962450612795
 0.1966124514772564 0.9806335372447144 0.7353991716106559
 0.1961058575725446 0.9811933317142324 0.7357023174922735
 0.1955431488474667 0.9818147360272925 0.7360361058435742
 0.1949789193464092 0.9824374032678059 0.7363676996872625
 0.1944678569601675 0.9830010403723716 0.7366653806699445
 0.1939652810255358 0.9835549906550530 0.7369556557404026
 0.1934336605634061 0.9841406044341998 0.7372600567468309
 0.1927660715034886 0.9848754918013417 0.7376384628200418
 0.1922335811855423 0.9854612629240048 0.7379372231924570
 0.1917278164999605 0.9860173102153141 0.7382184714120686
 0.1912034716121356 0.9865934548103917 0.7385074694006268
 0.1905284566253756 0.9873346644836127 0.7388756579170910
 0.1899824633218677 0.9879338012390539 0.7391703161114755
 0.1894716521868231 0.9884940119181698 0.7394434445859485
 0.1889494925796985 0.9890663524595507 0.7397201065478782
 0.1883414179319160 0.9897324660790027 0.7400390625763476
 0.1877817123427601 0.9903452188924604 0.7403295783256516
 0.1872629047562663 0.9909128798836209 0.7405962424315725
 0.1867422366072565 0.9914822725567483 0.7408613357846342
 0.1861705232043580 0.9921071400884004 0.7411495228312446
 0.1855769445967870 0.9927555252875938 0.7414455530055125
 0.1850436390812631 0.9933377453230299 0.7417087836119418
 0.1845193875650788 0.9939097825640052 0.7419650285107253
 0.1839614080360657 0.9945183005851475 0.7422350193975560
 0.1833002810933839 0.9952388842388992 0.7425512574471849
 0.1827472329000005 0.9958413200569389 0.7428127437633969
 0.1822143768944924 0.9964214630365913 0.7430620597667884
 0.1816532048751329 0.9970321227426442 0.7433218633614175
 0.1809287753973262 0.9978199692954887 0.7436531138667389
 0.1803595389030980 0.9984386719718963 0.7439101728230582
 0.1798147258700515 0.9990305315385756 0.7441535646288637
 0.1792367580529179 0.9996580947249400 0.7444089560019800
 0.1785536238588055  1.000399436622637 0.7447070847111934
 0.1779791859980868  1.001022479423754 0.7449546501275924
 0.1774217704133147  1.001626765499935 0.7451921658896395
 0.1768241514927377  1.002274317480480 0.7454438791141088
 0.1761568625360988  1.002996976793742 0.7457214080336311
 0.1755736228101838  1.003628285162334 0.7459609760234637
 0.1749995022520739  1.004249428217318 0.7461940833685606
 0.1743701410004117  1.004930004759258 0.7464465252573746
 0.1737175910305718  1.005635295592076 0.7467048339724125
 0.1731240059201133  1.006276540550761 0.7469367527079165
 0.1725261655481122  1.006922082866145 0.7471674036695920
 0.1718263685591046  1.007677340324688 0.7474336897336620
 0.1711835108860221  1.008370792985389 0.7476748400827071
 0.1705735279112173  1.009028475598692 0.7479006215713428
 0.1699268373493269  1.009725413308546 0.7481367713064958
 0.1691956427880155  1.010513026435341 0.7483997669834668
 0.1685538424697753  1.011204008017706 0.7486270673012376
 0.1679025516587564  1.011904887812918 0.7488543231602515
 0.1670760057458056  1.012793910861777 0.7491378087959892
 0.1664055429098215  1.013514684761087 0.7493637728099160
 0.1657313595170407  1.014239131737385 0.7495874630750711
 0.1649539310268092  1.015074121382157 0.7498411203448541
 0.1642848971842518  1.015792353616117 0.7500558249053502
 0.1636033089630595  1.016523747984748 0.7502712444351990
 0.1628427914753000  1.017339469507398 0.7505077919175965
 0.1621828232153755  1.018047032102043 0.7507099141991478
 0.1615158831991635  1.018761780080566 0.7509112836085298
 0.1607285938585349  1.019605136027171 0.7511453115942390
 0.1600736339556837  1.020306439569105 0.7513369660330209
 0.1594280360027429  1.020997456984244 0.7515231491233422
 0.1585927740914305  1.021891102472895 0.7517599532948900
 0.1579340534002280  1.022595570151740 0.7519434480169689
 0.1573055533730392  1.023267478710669 0.7521158586877926
 0.1566025317001863  1.024018783032721 0.7523056573448842
 0.1559371873074820  1.024729561382502 0.7524823377544018
 0.1553203530103017  1.025388293975904 0.7526435866506722
 0.1546863449095630  1.026065146783017 0.7528067690161094
 0.1538635308769767  1.026943237691231 0.7530146895680287
 0.1532272712173386  1.027621992838731 0.7531725049201604
 0.1526148170424723  1.028275151390771 0.7533220104375503
 0.1519287712990186  1.029006562085570 0.7534867289970825
 0.1512747980661794  1.029703556617755 0.7536410870198642
 0.1506703993083462  1.030347525272796 0.7537814654133626
 0.1500552933269527  1.031002717631136 0.7539221023867958
 0.1492562764258085  1.031853533309173 0.7541014581407982
 0.1486224649796424  1.032528218061459 0.7542410819255680
 0.1480226568870816  1.033166534208515 0.7543710902579834
 0.1473825111990990  1.033847595731561 0.7545076019210791
 0.1466936642991939  1.034580265028058 0.7546519618247703
 0.1460857194453489  1.035226710950817 0.7547772150059039
 0.1454861269338051  1.035864117939394 0.7548987927348201
 0.1448187785424909  1.036573372954632 0.7550318473478772
 0.1441666655943824  1.037266254764786 0.7551595863619757
 0.1435677612924369  1.037902446505893 0.7552749456759918
 0.1429639523143383  1.038543700642434 0.7553893833765161
 0.1422530462184788  1.039298506775220 0.7555217592191735
 0.1416171290406609  1.039973525145073 0.7556380444456620
 0.1410216183779788  1.040605511075474 0.7557451423739483
 0.1404076803348453  1.041256912287640 0.7558537489246543
 0.1394148249367891  1.042310056440048 0.7560255410644703
 0.1400767486685296  1.041607979318567 0.7559115354796629
 0.1394865177737742  1.042234022321634 0.7560132943179257
 0.1388907231308362  1.042865838288343 0.7561143275113188
 0.1382925266931916  1.043500073682526 0.7562140826052715
 0.1376305641009182  1.044201770490500 0.7563225267130606
 0.1369706388261280  1.044901157374539 0.7564286288948930
 0.1363675336598599  1.045540197618930 0.7565238623258906
 0.1357616237654241  1.046182088008201 0.7566178891840798
 0.1350598057630260  1.046925432114893 0.7567247557438047
 0.1344153461245932  1.047607885199542 0.7568209819726774
 0.1338133606144430  1.048245242377172 0.7569092436861145
 0.1331953163149415  1.048899485745820 0.7569982573175636
 0.1323461953689042  1.049798151911259 0.7571179561840731
 0.1317065091567580  1.050475022237486 0.7572061853624515
 0.1310984449482256  1.051118322520193 0.7572885296513795
 0.1304382548014396  1.051816650327544 0.7573762759848889
 0.1297567951836419  1.052537348843314 0.7574650656072602
 0.1291408875708142  1.053188611596915 0.7575437773101737
 0.1285251459444779  1.053839597142223 0.7576210292869126
 0.1278180803399220  1.054587010894701 0.7577079900981126
 0.1271598679522765  1.055282667844800 0.7577872882060775
 0.1265453274485874  1.055932069702385 0.7578599102253122
 0.1259133535642824  1.056599796305872 0.7579331963882859
 0.1249458995842995  1.057621794717490 0.7580427245795871
 0.1255908813614515  1.056940474235253 0.7579700569730951
 0.1249828434259604  1.057582772104864 0.7580385997512207
 0.1243650874439644  1.058235246101543 0.7581069873604349
 0.1237430222811521  1.058892181961471 0.7581746224381849
 0.1230444045558729  1.059629856563318 0.7582491679347301
 0.1223678279422676  1.060344153840622 0.7583199978151401
 0.1217412439409086  1.061005581714413 0.7583844501765105
 0.1211011626942816  1.061681169981860 0.7584492040540145
 0.1202406300659730  1.062589301971472 0.7585346065080903
 0.1195767664454628  1.063289781266215 0.7585992474121718
 0.1189423686234309  1.063959085497896 0.7586600398655581
 0.1182431148456557  1.064696720617115 0.7587259617082697
 0.1175481780092352  1.065429706176985 0.7587903649396879
 0.1169089419964411  1.066103858413805 0.7588486376206112
 0.1162580805827888  1.066790190863839 0.7589070245851479
 0.1153935630034048  1.067701700575615 0.7589831151778647
 0.1147180013680678  1.068413887585265 0.7590414207675010
 0.1140709036270520  1.069095990216956 0.7590963236700194
 0.1133525425352522  1.069853124158169 0.7591561890218770
 0.1126487481016454  1.070594818017706 0.7592137340540953
 0.1119967855404272  1.071281813277106 0.7592660655488767
 0.1113264993814300  1.071988042360263 0.7593188942247089
 0.1103731783090235  1.072992356441080 0.7593923431753760
 0.1096830021791427  1.073719358815765 0.7594442902284694
 0.1090105068679402  1.074427664922625 0.7594939178852739
 0.1081679533618207  1.075314986725259 0.7595547180773812
 0.1074680486831083  1.076051998956935 0.7596040602636714
 0.1067962477648814  1.076759349636905 0.7596504312223479
 0.1060507840677533  1.077544185091182 0.7597007601738189
 0.1053198285724991  1.078313670170942 0.7597489687895476
 0.1046392753676367  1.079030030155227 0.7597928441930194
 0.1039303024725672  1.079776238932539 0.7598375194201525
 0.1030962734203851  1.080653987593051 0.7598887263098697
 0.1023894901661891  1.081397750704682 0.7599309811135863
 0.1016834996410528  1.082140617555568 0.7599721506784466
 0.1007248275228695  1.083149267905297 0.7600264106560487
 0.9998880299911660E-01  1.083923590142794 0.7600667950607789
 0.9926890328933588E-01  1.084680888778640 0.7601052291574472
 0.9831681002121351E-01  1.085682355448721 0.7601544418492994
 0.9756630185071265E-01  1.086471714832103 0.7601919375633233
 0.9683021504283981E-01  1.087245849600839 0.7602276080435836
 0.9582026073292918E-01  1.088307919672428 0.7602747877899328
 0.9505099412927392E-01  1.089116815940478 0.7603093692438896
 0.9428778206956898E-01  1.089919291331249 0.7603425267226630
 0.9332269482785251E-01  1.090933952609418 0.7603828133727148
 0.9254267228848020E-01  1.091753984260509 0.7604140379058774
 0.9174772053654615E-01  1.092589659139867 0.7604446390679146
 0.9084797160952705E-01  1.093535439220148 0.7604778034114079
 0.9005429125654937E-01  1.094369673240977 0.7605057752684997
 0.8922147859002223E-01  1.095244989937491 0.7605338435901320
 0.8832990621611903E-01  1.096182012046133 0.7605624477728877
 0.8751010885409807E-01  1.097043554058323 0.7605874498875874
 0.8661149871003564E-01  1.097987873786275 0.7606134643689134
 0.8572093546573101E-01  1.098923690065497 0.7606378686843880
 0.8485616129988875E-01  1.099832364211588 0.7606603224405801
 0.8371856241361711E-01  1.101027652658614 0.7606881150291532
 0.8279215762077397E-01  1.102000989304855 0.7607093907715882
 0.8172918927532206E-01  1.103117758245666 0.7607324289643906
 0.8076216293333663E-01  1.104133685716404 0.7607522127306384
 0.7968125674912099E-01  1.105269205501446 0.7607730926118708
 0.7869160992103356E-01  1.106308814523867 0.7607911235001735
 0.7759754303803693E-01  1.107458072851274 0.7608098959089797
 0.7660924056042724E-01  1.108496195324503 0.7608258434814682
 0.7555454672013269E-01  1.109604020474143 0.7608418428205506
 0.7457058007427181E-01  1.110637524452283 0.7608558479415184
 0.7357517339629230E-01  1.111683015838982 0.7608691331570934
 0.7256830922294610E-01  1.112740513852947 0.7608816910541969
 0.7161344959252815E-01  1.113743368333994 0.7608928074165100
 0.7045714395237124E-01  1.114957765526837 0.7609052718980521
 0.6950171771727751E-01  1.115961169342656 0.7609147732259740
 0.6838514920601031E-01  1.117133784144064 0.7609249881270450
 0.6742289723411440E-01  1.118144318032378 0.7609330379173955
 0.6643265699458233E-01  1.119184228267349 0.7609405963820077
 0.6541624241846192E-01  1.120251610192374 0.7609475647191182
 0.6445554427117854E-01  1.121260468943644 0.7609533560057226
 0.6325847488432181E-01  1.122517533453084 0.7609593567177518
 0.6224777707855798E-01  1.123578875278973 0.7609632637395041
 0.6120159998175402E-01  1.124677466696842 0.7609661641721185
 0.6009153841863437E-01  1.125843137617372 0.7609680976045868
 0.5903823175661194E-01  1.126949207284502 0.7609690958706063
 0.5784066388654747E-01  1.128206762732292 0.7609696093552967
 0.5669296345652892E-01  1.129411952047780 0.7609697853518639
 0.5543055663750968E-01  1.130737593171154 0.7609698403401804
 0.5408655651347715E-01  1.132148914549896 0.7609698520203607
 0.5261701512066563E-01  1.133692065570164 0.7609698537101450
 0.5090040297627398E-01  1.135494663163916 0.7609698538551500
 0.4894499964103966E-01  1.137548013047362 0.7609698538599353
 0.4646149713316190E-01  1.140155914697726 0.7609698538599221
 0.4302590444902384E-01  1.143763596913678 0.7609698538599149
 0.3638610456309227E-01  1.150735985717668 0.7609698538599148
 0.9826905019365968E-02  1.178625540933630 0.7609698538599148
-0.9640989315553926E-01  1.290183761797477 0.7609698538599148
-0.1613193026714035  1.358344496752902 0.7609698538599148
