RUNGE KUTTA: X Z PHI
 0.4997919338387438 0.3973734652027661E-01 0.5235987755982988E-02
 0.4984510366563624 0.1986792960415150 0.1598863569883910E-01
 0.4995145122904022 0.9272047521397876E-01 0.5235987760536190E-02
 0.4996994599892965 0.5739838941817732E-01 0.5235987755982988E-02
 0.4993294455993433 0.1280425603861615 0.5336731976837608E-02
 0.4995761615233669 0.8094644661537828E-01 0.5235987755983085E-02
 0.4994589897993885 0.1033243765241644 0.5236044523368936E-02
 0.4995371043107710 0.8840575658512410E-01 0.5235987756309040E-02
 0.4995007085771922 0.9535676607448032E-01 0.5235988114920598E-02
 0.4994741822724457 0.1004228668908630 0.5236001306412977E-02
 0.4994550040509429 0.1040855748585290 0.5236076915436985E-02
 0.4994367973481472 0.1075626296147268 0.5236375887220358E-02
 0.4994220035791909 0.1103876322408116 0.5237093910331632E-02
 0.4994093880641162 0.1127962072308008 0.5238476237478163E-02
 0.4993978344772380 0.1150012497732924 0.5240912532071081E-02
 0.4993866269523203 0.1171389255774205 0.5245070341083678E-02
 0.4993738642453525 0.1195704631202042 0.5253217818168825E-02
 0.4993624609535968 0.1217388987256461 0.5265086104172924E-02
 0.4993525181062773 0.1236247521301366 0.5280371562237442E-02
 0.4993433961731547 0.1253492652703060 0.5299606331200075E-02
 0.4993341077107227 0.1270978458281467 0.5325470550364410E-02
 0.4993240765263181 0.1289753240486214 0.5361847531578973E-02
 0.4993152149181382 0.1306220288857492 0.5402315998360284E-02
 0.4993063499612215 0.1322557749440089 0.5451463992911891E-02
 0.4992967861892575 0.1340002655840286 0.5514952410058024E-02
 0.4992882943856150 0.1355311134595830 0.5580819466690152E-02
 0.4992793593621980 0.1371211165802193 0.5659928963160926E-02
 0.4992705967312013 0.1386576800962953 0.5747256791724606E-02
 0.4992621652183061 0.1401131612321385 0.5840158453529977E-02
 0.4992526197554674 0.1417319254497185 0.5955311790928323E-02
 0.4992440735317981 0.1431538455063973 0.6066850549869681E-02
 0.4992350667440366 0.1446234237434805 0.6192379535747489E-02
 0.4992262065247724 0.1460394638141800 0.6323132914167555E-02
 0.4992171823068963 0.1474511814007789 0.6463016876352087E-02
 0.4992075913399138 0.1489176956888995 0.6618480880080138E-02
 0.4991984532493177 0.1502826359884462 0.6772559708242590E-02
 0.4991886601280811 0.1517107678979737 0.6943459324174792E-02
 0.4991793059711083 0.1530419562087896 0.7111544766822569E-02
 0.4991694520092735 0.1544102609429153 0.7292745305298028E-02
 0.4991597911533187 0.1557188568451154 0.7473327989302211E-02
 0.4991498040736678 0.1570386380140512 0.7661834031285706E-02
 0.4991397203332133 0.1583385614998306 0.7853097365512901E-02
 0.4991294503675989 0.1596303124385814 0.8048229126163403E-02
 0.4991188254273743 0.1609341587889013 0.8250050629882983E-02
 0.4991080829945150 0.1622204090560079 0.8453821103555264E-02
 0.4990968533556687 0.1635322917468365 0.8666458668019296E-02
 0.4990855522576212 0.1648204487020944 0.8880033931376418E-02
 0.4990736883337586 0.1661398789600885 0.9103714573676841E-02
 0.4990618332513439 0.1674263731081211 0.9326621288184504E-02
 0.4990493367169327 0.1687496488068063 0.9560954795055934E-02
 0.4990368793615108 0.1700369204206069 0.9793937864912708E-02
 0.4990240816250971 0.1713279016692650 0.1003262830233113E-01
 0.4990110121267475 0.1726150188917128 0.1027570382161896E-01
 0.4989978507971571 0.1738808083720515 0.1051984706319092E-01
 0.4989843176718360 0.1751521203023062 0.1077023094437075E-01
 0.4989707853377340 0.1763941806255759 0.1101987375127531E-01
 0.4989567313177746 0.1776547287560702 0.1127833268790374E-01
 0.4989427660774004 0.1788790593325300 0.1153436438505706E-01
 0.4989281375535448 0.1801327760312932 0.1180169678408481E-01
 0.4989136694620985 0.1813451597500499 0.1206516075061562E-01
 0.4988984244277139 0.1825943826657702 0.1234172180872044E-01
 0.4988833951106669 0.1837988701414840 0.1261333970995009E-01
 0.4988677714463788 0.1850238474471574 0.1289462007168199E-01
 0.4988521387060909 0.1862231279967527 0.1317490804002616E-01
 0.4988361961960792 0.1874202285739963 0.1345953563840941E-01
 0.4988198241864428 0.1886235665196793 0.1375061787380685E-01
 0.4988035403443227 0.1897954631316906 0.1403897965123217E-01
 0.4987862132262572 0.1910163461711083 0.1434456165895811E-01
 0.4987694824185734 0.1921708239084960 0.1463840861651402E-01
 0.4987512950377019 0.1933998587568823 0.1495655785852202E-01
 0.4987340823511399 0.1945392229357495 0.1525649743495242E-01
 0.4987154151522524 0.1957498642554442 0.1558049486895075E-01
 0.4986977748001379 0.1968710358369525 0.1588539930973816E-01
 0.4986785935199882 0.1980660261419314 0.1621556532015443E-01
 0.4986604607014001 0.1991735719974446 0.1652643519205841E-01
 0.4986406546966981 0.2003597997504210 0.1686462111285808E-01
 0.4986218641940607 0.2014634598488140 0.1718411786375883E-01
 0.4986012518368284 0.2026508148082846 0.1753310027297336E-01
 0.4985815897647551 0.2037616475265403 0.1786462104301561E-01
 0.4985611290830022 0.2048959601696110 0.1820823739029936E-01
 0.4985403995896645 0.2060235909218513 0.1855492173212254E-01
 0.4985199113093407 0.2071176229919643 0.1889612344220562E-01
 0.4984973566894627 0.2082994232415739 0.1927012657157788E-01
 0.4984764468890539 0.2093747635658267 0.1961540671742009E-01
 0.4984533085667592 0.2105429082440380 0.1999584668862408E-01
 0.4984318842798730 0.2116049077008624 0.2034651775605666E-01
 0.4984080593804588 0.2127646630046749 0.2073469921915691E-01
 0.4983858512006756 0.2138263678798313 0.2109491973508685E-01
 0.4983620876304246 0.2149425742116446 0.2147868168290041E-01
 0.4983387401806074 0.2160200161962612 0.2185399961909611E-01
 0.4983154424499274 0.2170769100690002 0.2222680012234969E-01
 0.4982898348452768 0.2182183725953858 0.2263464421920866E-01
 0.4982662282156596 0.2192526005373457 0.2300891163612923E-01
 0.4982396459445121 0.2203972842865889 0.2342839772987605E-01
 0.4982153647496271 0.2214251431010222 0.2380971137990877E-01
 0.4981885314749083 0.2225420996386499 0.2422903576947046E-01
 0.4981630928475725 0.2235833301368409 0.2462463015121444E-01
 0.4981373377277335 0.2246206435119028 0.2502328015982206E-01
 0.4981096230319983 0.2257186181073483 0.2545014516809384E-01
 0.4980837645326788 0.2267266070484161 0.2584641010543158E-01
 0.4980542810853163 0.2278572539150166 0.2629589737012962E-01
 0.4980276259963110 0.2288629580865912 0.2670021877430928E-01
 0.4979986774055943 0.2299381226858809 0.2713718097361283E-01
 0.4979706592116953 0.2309624032455465 0.2755794961856483E-01
 0.4979428385701237 0.2319641333878532 0.2797364853903461E-01
 0.4979110648780019 0.2330901880356714 0.2844592618546391E-01
 0.4978827773947754 0.2340771010614666 0.2886425113885126E-01
 0.4978502023024319 0.2351960710498039 0.2934354085170118E-01
 0.4978208924369333 0.2361873975576844 0.2977253520354875E-01
 0.4977904878212018 0.2372007981934901 0.3021530750267297E-01
 0.4977590377135928 0.2382335685638044 0.3067098694180415E-01
 0.4977291412668269 0.2392012158444165 0.3110206449746060E-01
 0.4976943330389693 0.2403111157663109 0.3160143723316149E-01
 0.4976634164373205 0.2412823440966306 0.3204267993100538E-01
 0.4976305545779577 0.2423001533466775 0.3250933075435451E-01
 0.4975977548766998 0.2433015976780596 0.3297276707600173E-01
 0.4975660052914145 0.2442576838211263 0.3341923174971664E-01
 0.4975288317961657 0.2453610303715931 0.3393932085876563E-01
 0.4974961479984533 0.2463172632678032 0.3439420399354486E-01
 0.4974610097019934 0.2473313267493325 0.3488075917906926E-01
 0.4974265020292675 0.2483135401945634 0.3535615175877246E-01
 0.4973929310449489 0.2492565190270250 0.3581640722682937E-01
 0.4973533570934432 0.2503527037921240 0.3635615205922461E-01
 0.4973188239029469 0.2512960679853655 0.3682462761616579E-01
 0.4972818925664374 0.2522917769478062 0.3732304467831728E-01
 0.4972453211757336 0.2532647851309859 0.3781404523050377E-01
 0.4972099995423643 0.2541926398660518 0.3828593319275798E-01
 0.4971680088036499 0.2552809431369434 0.3884396394282910E-01
 0.4971314768162958 0.2562151453247837 0.3932681189947946E-01
 0.4970932061758768 0.2571816054463400 0.3983001066554396E-01
 0.4970540137618282 0.2581587901131803 0.4034262339834743E-01
 0.4970169021187602 0.2590727322671824 0.4082558974388158E-01
 0.4969723901534051 0.2601547880853975 0.4140179131724856E-01
 0.4969336265909821 0.2610849246655981 0.4190083046073169E-01
 0.4968941599162650 0.2620206359603487 0.4240629130530417E-01
 0.4968513772610574 0.2630224685096894 0.4295130501271683E-01
 0.4968122931898816 0.2639266566293383 0.4344665282472718E-01
 0.4967682061007809 0.2649343119931986 0.4400254969030053E-01
 0.4967270697955869 0.2658631238672441 0.4451849636020422E-01
 0.4966865572032417 0.2667674039110323 0.4502402399812263E-01
 0.4966377921556843 0.2678425351413076 0.4562918987578722E-01
 0.4965962496685448 0.2687472545360671 0.4614196521716238E-01
 0.4965523021556909 0.2696934832911679 0.4668174502992167E-01
 0.4965079744913291 0.2706368895847288 0.4722340744193640E-01
 0.4964658992989875 0.2715224102375791 0.4773494628878443E-01
 0.4964157358268436 0.2725658544808698 0.4834156843987465E-01
 0.4963716383898771 0.2734723726706796 0.4887202744813071E-01
 0.4963275213023978 0.2743695095252601 0.4940018971586806E-01
 0.4962761978660878 0.2754012097579294 0.5001146824889363E-01
 0.4962316913680178 0.2762857268551915 0.5053879210301948E-01
 0.4961839051434095 0.2772252172193562 0.5110214530920401E-01
 0.4961364833068010 0.2781473678311797 0.5165840631339187E-01
 0.4960912412637095 0.2790179266225771 0.5218660886585171E-01
 0.4960372232412623 0.2800458950496753 0.5281415769218148E-01
 0.4959897927146495 0.2809384874594436 0.5336237897792587E-01
 0.4959425449760349 0.2818185732729537 0.5390588908423345E-01
 0.4958858979733631 0.2828621244951137 0.5455419258107665E-01
 0.4958379610375424 0.2837355807683249 0.5510009058447741E-01
 0.4957872224578583 0.2846507110307611 0.5567524893774681E-01
 0.4957358482046395 0.2855677272011811 0.5625483781676804E-01
 0.4956874480686247 0.2864230554608800 0.5679829229380453E-01
 0.4956323119988997 0.2873875090793365 0.5741435322653305E-01
 0.4955811658238359 0.2882729645057794 0.5798304015715985E-01
 0.4955312889823282 0.2891281205055413 0.5853511108817385E-01
 0.4954694151348655 0.2901778328169362 0.5921657767774014E-01
 0.4954176350287637 0.2910470588982907 0.5978395831562803E-01
 0.4953651670445334 0.2919194578782480 0.6035616241489877E-01
 0.4953067014001592 0.2928818921086069 0.6099063567475658E-01
 0.4952546621818008 0.2937301515862976 0.6155269170462513E-01
 0.4951991744604883 0.2946261302500638 0.6214929154265177E-01
 0.4951427765198038 0.2955280336653821 0.6275282574201635E-01
 0.4950898928710794 0.2963658888708566 0.6331612249440777E-01
 0.4950308498914266 0.2972925643394671 0.6394204801941097E-01
 0.4949745422079069 0.2981678943995547 0.6453614248137553E-01
 0.4949203657515338 0.2990025158276051 0.6510523307199872E-01
 0.4948557738316596 0.2999881074902407 0.6578055564109850E-01
 0.4947989328486294 0.3008470910484734 0.6637196148975784E-01
 0.4947429624071080 0.3016854673084850 0.6695165790259136E-01
 0.4946728724329594 0.3027251567411484 0.6767394500560607E-01
 0.4946152497442854 0.3035716276243314 0.6826482412510132E-01
 0.4945565388174056 0.3044265753186624 0.6886422168121849E-01
 0.4944918883140470 0.3053594414507030 0.6952118470693597E-01
 0.4944340648603635 0.3061863525067516 0.7010601610691974E-01
 0.4943728805539070 0.3070538408319519 0.7072200916264890E-01
 0.4943093659100599 0.3079464049079520 0.7135846110544414E-01
 0.4942506233888024 0.3087648406322088 0.7194446581558558E-01
 0.4941869741901577 0.3096441388397543 0.7257662936089249E-01
 0.4941232985273488 0.3105161627403006 0.7320614597470397E-01
 0.4940634132612879 0.3113294533253009 0.7379550665244407E-01
 0.4939971857448346 0.3122213378411241 0.7444427298136347E-01
 0.4939329407340203 0.3130791176827364 0.7507068150042540E-01
 0.4938718063234898 0.3138887348400553 0.7566417023326751E-01
 0.4938027171614116 0.3147960780534998 0.7633190364256810E-01
 0.4937376984415922 0.3156427322230901 0.7695740410861635E-01
 0.4936752227401770 0.3164498023921892 0.7755578165808463E-01
 0.4936026295471546 0.3173797743577847 0.7824783095202856E-01
 0.4935367284504605 0.3182169077906650 0.7887317646663805E-01
 0.4934727863602071 0.3190228230328814 0.7947738605151015E-01
 0.4933948682411562 0.3199966327159089 0.8021032639127322E-01
 0.4933279554201641 0.3208258096551646 0.8083680707332984E-01
 0.4932622513328622 0.3216337648286213 0.8144931380831509E-01
 0.4931782327387901 0.3226581073360263 0.8222877567133249E-01
 0.4931102884934915 0.3234793819460393 0.8285611405463283E-01
 0.4930422189691162 0.3242959434424356 0.8348199497050741E-01
 0.4929617074320579 0.3252538748893012 0.8421890339516735E-01
 0.4928933791469288 0.3260602805868136 0.8484138863921609E-01
 0.4928232556340457 0.3268817288407812 0.8547742888625935E-01
 0.4927451425860062 0.3277895848661603 0.8618265297576551E-01
 0.4926760403384662 0.3285865258140090 0.8680373160663828E-01
 0.4926042973805543 0.3294078934058070 0.8744583897683067E-01
 0.4925255969315734 0.3303019876779640 0.8814705733429595E-01
 0.4924553149662941 0.3310944323296981 0.8877044855629623E-01
 0.4923821129419939 0.3319138884363247 0.8941691487366345E-01
 0.4923021857456933 0.3328018701315057 0.9011955681626926E-01
 0.4922306297089807 0.3335909760266298 0.9074586282011747E-01
 0.4921560866071010 0.3344072319133191 0.9139563386100336E-01
 0.4920745608370927 0.3352933090654174 0.9210315729566684E-01
 0.4920016759896577 0.3360797067852655 0.9273291381380158E-01
 0.4919258933684079 0.3368917069012657 0.9338492919234330E-01
 0.4918424631521713 0.3377790961227919 0.9409953735434082E-01
 0.4917682028328224 0.3385632796984481 0.9473287481997801E-01
 0.4916912435785081 0.3393704293083774 0.9538659244164155E-01
 0.4916056254608498 0.3402618932542519 0.9611071698772222E-01
 0.4915299404315703 0.3410443352636150 0.9674804263001004E-01
 0.4914518368515917 0.3418463726997367 0.9740298014212097E-01
 0.4913637751617004 0.3427441999853276 0.9813812684242486E-01
 0.4912866202571667 0.3435252936332099 0.9877944516483610E-01
 0.4912073596451110 0.3443224181217635 0.9943563428735025E-01
 0.4911166495441084 0.3452282322025417 0.1001833490301621
 0.4910379849474640 0.3460082804859315 0.1008289198451794
 0.4909575297782334 0.3468009109193781 0.1014864285760897
 0.4908640890490863 0.3477150233355085 0.1022466204343980
 0.4907838996321976 0.3484940719501138 0.1028961534108638
 0.4907022004748643 0.3492827210702141 0.1035552799147361
 0.4906060190154524 0.3502047293999047 0.1043278547392549
 0.4905243009294740 0.3509827135272540 0.1049813419682311
 0.4904413222486268 0.3517677330791700 0.1056421613588874
 0.4903424590094700 0.3526966102231610 0.1064259290112607
 0.4902592220182288 0.3534733521780403 0.1070829200038527
 0.4901749353710198 0.3542550206528977 0.1077455770762926
 0.4900733979826119 0.3551902770527164 0.1085403818326642
 0.4899886422123982 0.3559656994241298 0.1092008863545324
 0.4899030329197156 0.3567441557673240 0.1098653136135702
 0.4897988540348681 0.3576851057714874 0.1106702234910136
 0.4897125839489938 0.3584591056438936 0.1113338385031988
 0.4896256346352273 0.3592345158580765 0.1120000682743598
 0.4895187551012286 0.3601813291106028 0.1128154350703261
 0.4894309597739683 0.3609539434926338 0.1134822261629069
 0.4893426506587949 0.3617264832142552 0.1141501815930086
 0.4892331424550518 0.3626781811188261 0.1149747238348627
 0.4891438289869829 0.3634493003415712 0.1156442222671717
 0.4890541441826071 0.3642191152572244 0.1163138769536792
 0.4889419883499856 0.3651755564398534 0.1171476320477271
 0.4888511501207651 0.3659451946361945 0.1178198782261896
 0.4887600809005212 0.3667123625557968 0.1184910874411403
 0.4886453098190476 0.3676729859226909 0.1193331295162640
 0.4885529489999565 0.3684410918898071 0.1200077293664970
 0.4884604821486828 0.3692057334431167 0.1206804792274773
 0.4883430351055649 0.3701707771634112 0.1215312145575926
 0.4882491378482992 0.3709374316539503 0.1222083086888644
 0.4881552621516993 0.3716996418705279 0.1228825159572303
 0.4880351868999087 0.3726684559526939 0.1237409693928573
 0.4879397572293618 0.3734335997848432 0.1244201920141778
 0.4878444621645219 0.3741934724308372 0.1250958577416264
 0.4877217172889596 0.3751661521369880 0.1259623539142588
 0.4876247475274254 0.3759298201524295 0.1266438456481496
 0.4875280316571904 0.3766873705936227 0.1273208564817150
 0.4874025200474116 0.3776644362413784 0.1281954868999197
 0.4873039987970685 0.3784266910244994 0.1288790111535489
 0.4872058493194576 0.3791820231123109 0.1295573917103252
 0.4870775667634814 0.3801632569837297 0.1304402133079663
 0.4869774835569136 0.3809241505555009 0.1311259259314876
 0.4868778856203368 0.3816773772233022 0.1318056448037242
 0.4867468530074228 0.3826623840438491 0.1326958985019878
 0.4866452051184132 0.3834219132680336 0.1333834820515541
 0.4865441422032663 0.3841731608443394 0.1340645651849562
 0.4864103888719934 0.3851615073925841 0.1349620842189745
 0.4863071703662645 0.3859196941739800 0.1356516591770796
 0.4862046447558159 0.3866689458594351 0.1363339570712315
 0.4860680261613301 0.3876614820298184 0.1372391004079447
 0.4859632232470791 0.3884184033618894 0.1379304277685671
 0.4858592153969275 0.3891658001784362 0.1386139920735657
 0.4857200948482870 0.3901597127324004 0.1395244344196208
 0.4856137307811192 0.3909151917974860 0.1402174749369365
 0.4855082711329536 0.3916605279247584 0.1409020071008545
 0.4853669516272298 0.3926535840366575 0.1418152811218127
 0.4852590327262788 0.3934075870818568 0.1425097028540472
 0.4851521747795284 0.3941505234064921 0.1431948139136779
 0.4850086689052491 0.3951426194174779 0.1441110299237290
 0.4848991571384080 0.3958954204483916 0.1448071979927839
 0.4847909578472726 0.3966356101304533 0.1454924380141925
 0.4846452717459088 0.3976266928469984 0.1464110800983402
 0.4845341306127873 0.3983785469183744 0.1471088975543093
 0.4844246414124431 0.3991157023462376 0.1477938814595081
 0.4842767728028772 0.4001057820130040 0.1487151233672848
 0.4841639506863849 0.4008570329160716 0.1494150088406809
 0.4840532171223948 0.4015909178250985 0.1500993763216964
 0.4839031531756595 0.4025800737794833 0.1510228143141981
 0.4837885935765969 0.4033310842108922 0.1517247662083079
 0.4836766393341974 0.4040616196479542 0.1524083192021602
 0.4835288932504367 0.4050206410926686 0.1533067601451982
 0.4834127848486481 0.4057703121244267 0.1540098775531015
 0.4832999405291123 0.4064955895426693 0.1546907298693492
 0.4831619331931488 0.4073782080419718 0.1555200891896262
 0.4830441897949700 0.4081274635619326 0.1562248725254794
 0.4829309147345501 0.4088450549309426 0.1569005590531318
 0.4828032978100966 0.4096497541729791 0.1576590825720342
 0.4826819259914326 0.4104114371535331 0.1583778109867773
 0.4825677304401931 0.4111248876123432 0.1590516317091958
 0.4824465085913231 0.4118788859157363 0.1597643466999269
 0.4823158742581586 0.4126876162244653 0.1605294967022468
 0.4821990819667774 0.4134073456341009 0.1612110987214962
 0.4820804222987667 0.4141354239120460 0.1619012710807027
 0.4819188355640922 0.4151218436469262 0.1628373719116624
 0.4817968950481973 0.4158624332034669 0.1635408900335761
 0.4816770464360011 0.4165871697799057 0.1642298745152060
 0.4815132652164095 0.4175725917758251 0.1651675076154583
 0.4813893438732672 0.4183144177531812 0.1658740346790716
 0.4812685021622107 0.4190347204692489 0.1665606628217102
 0.4811136593566730 0.4199532937628404 0.1674371436866063
 0.4809882324234769 0.4206937855598219 0.1681443378101760
 0.4808670251262993 0.4214063614293711 0.1688253488779656
 0.4807266220432105 0.4222281425074499 0.1696112911619222
 0.4805984303510440 0.4229750732158190 0.1703262095993131
 0.4804767677349605 0.4236810154206613 0.1710024403664433
 0.4803458731913480 0.4244373587791119 0.1717275644685237
 0.4802095104919273 0.4252218482248620 0.1724803159003553
 0.4800856191347521 0.4259315735276394 0.1731618366719853
 0.4799589014683419 0.4266545525260647 0.1738565398718519
 0.4797900638238157 0.4276132863082572 0.1747784974746864
 0.4796606371980212 0.4283447450632920 0.1754825106648790
 0.4795333591923066 0.4290611499000735 0.1761725970773270
 0.4793640227950174 0.4300098666310451 0.1770873137012058
 0.4792322142106966 0.4307448807274933 0.1777965946911317
 0.4791044872282275 0.4314542873463820 0.1784816139977792
 0.4789523336695060 0.4322957466214947 0.1792947044932633
 0.4788184462774505 0.4330329749594352 0.1800076160502687
 0.4786906634147456 0.4337338165802374 0.1806858549539141
 0.4785513526160412 0.4344948324502715 0.1814229127741019
 0.4784104711285203 0.4352612264089871 0.1821657580196311
 0.4782809394945317 0.4359630674307159 0.1828464815332487
 0.4781475301029297 0.4366831361351102 0.1835452824409505
 0.4779798181811842 0.4375843903202208 0.1844204859014265
 0.4778450346829302 0.4383055329914536 0.1851212867303607
 0.4777122226968638 0.4390134044039564 0.1858096653252314
 0.4775457326131560 0.4398970012572741 0.1866695832961873
 0.4774076126095860 0.4406268815457509 0.1873803917029629
 0.4772748236584964 0.4413259270828754 0.1880615255472152
 0.4771258584317782 0.4421070563815887 0.1888230246427337
 0.4769830515612303 0.4428528751865090 0.1895505089468320
 0.4768494021046355 0.4435482215896586 0.1902291706201053
 0.4767093887858690 0.4442739611568687 0.1909379488860350
 0.4765497229803348 0.4450982109345114 0.1917434770303897
 0.4764119909868086 0.4458063893288022 0.1924359756341422
 0.4762746238298244 0.4465100986496738 0.1931244289482447
 0.4761024493892422 0.4473885031935347 0.1939842391809295
 0.4759594845796169 0.4481148615878491 0.1946956468523844
 0.4758221430374271 0.4488100945630294 0.1953769811663104
 0.4756687559580033 0.4495836217669354 0.1961355358166620
 0.4755205396223169 0.4503281669954315 0.1968661230850768
 0.4753822418825650 0.4510203383999374 0.1975456623227752
 0.4752380562319697 0.4517393849660671 0.1982518988106737
 0.4750692877121973 0.4525776977623071 0.1990756880883085
 0.4749262984736301 0.4532851804078735 0.1997713061829916
 0.4747844913583033 0.4539843232602263 0.2004591172601921
 0.4746110740447143 0.4548359755140451 0.2012974906422393
 0.4744630489139927 0.4555600532612378 0.2020106765944582
 0.4743214436480186 0.4562502769098466 0.2026907980111365
 0.4741661954467951 0.4570042739905728 0.2034340399698529
 0.4740108065416803 0.4577561283976204 0.2041754808561149
 0.4738675982471584 0.4584465683372798 0.2048566756890113
 0.4737202940172195 0.4591543000731224 0.2055552772794302
 0.4735278215167630 0.4600753322701295 0.2064649307607614
 0.4733780518941138 0.4607891406415477 0.2071702470765598
 0.4732313930714865 0.4614857069464234 0.2078587479523697
 0.4730523429880960 0.4623329106380063 0.2086964259183256
 0.4728995028454969 0.4630533370634850 0.2094090411965612
 0.4727533463274317 0.4637399054118555 0.2100884644136392
 0.4725934796185497 0.4644882671118575 0.2108293953797072
 0.4724326021356738 0.4652386343175095 0.2115726615783602
 0.4722847008275098 0.4659260887461360 0.2122538692018110
 0.4721330033948987 0.4666288330880021 0.2129504483386331
 0.4719238081341227 0.4675940681677950 0.2139075948146892
 0.4717683302431155 0.4683085734663122 0.2146164581702700
 0.4716165725442713 0.4690036423308598 0.2153063707980194
 0.4714279669672680 0.4698642889919356 0.2161610914962423
 0.4712704172621161 0.4705805380154423 0.2168727464075597
 0.4711194326528430 0.4712646717467610 0.2175527242494659
 0.4709529733276226 0.4720163740974418 0.2183000952037308
 0.4707880874802570 0.4727583599806368 0.2190380696205608
 0.4706356937370740 0.4734418426718719 0.2197181339080135
 0.4704788356267806 0.4741430728239751 0.2204161630071281
 0.4702718310865154 0.4750649836069611 0.2213343134734828
 0.4701121499752718 0.4757734441046841 0.2220401626420800
 0.4699561820465232 0.4764631898041331 0.2227275407519066
 0.4697689678203784 0.4772882221460246 0.2235499474855004
 0.4696060209753714 0.4780037641364310 0.2242634270421724
 0.4694507606282121 0.4786833685889784 0.2249412999602253
 0.4692832336687423 0.4794142973821108 0.2256706315902268
 0.4691089740812818 0.4801720157634969 0.2264269524736751
 0.4689510960591947 0.4808562485697600 0.2271100918071360
 0.4687910972382509 0.4815475056266146 0.2278003603903535
 0.4685804096526741 0.4824544626253399 0.2287061905787804
 0.4684147077467761 0.4831651620225363 0.2294161890669683
 0.4682552166413667 0.4838470773879828 0.2300976297022764
 0.4680749587876791 0.4846152716453305 0.2308655360362665
 0.4679044478486012 0.4853394982737519 0.2315896963719043
 0.4677446818238850 0.4860159629032676 0.2322662282794331
 0.4675779847975027 0.4867196027930499 0.2329700372323474
 0.4673811476606154 0.4875476377845094 0.2337984144472365
 0.4672156281702216 0.4882415801351918 0.2344928147196363
 0.4670523777494752 0.4889239267727473 0.2351758097531555
 0.4668610421950727 0.4897210532498075 0.2359739534642612
 0.4666892025408931 0.4904345790427670 0.2366885876135295
 0.4665263624722925 0.4911086776930955 0.2373638530340767
 0.4663534409900079 0.4918223359197324 0.2380788409712424
 0.4661648235054224 0.4925982422327665 0.2388563163999995
 0.4659979825490881 0.4932823865851704 0.2395419949358503
 0.4658310947035235 0.4939646928266560 0.2402260082201026
 0.4656302872583747 0.4947830083746678 0.2410466021220011
 0.4654558010296197 0.4954917165946622 0.2417574357953574
 0.4652896271936495 0.4961646533718903 0.2424324629148646
 0.4651113456522198 0.4968844606677206 0.2431545485452245
 0.4649234859484127 0.4976405405829495 0.2439130802831566
 0.4647542390085072 0.4983196200751461 0.2445944545254871
 0.4645837300300800 0.4990017775124052 0.2452790396853967
 0.4643721050355525 0.4998456806361277 0.2461261127247561
 0.4641946801247152 0.5005508786783341 0.2468340505711914
 0.4640250855908422 0.5012229897826517 0.2475087965806305
 0.4638408931355593 0.5019507968665442 0.2482394564776071
 0.4636530850412352 0.5026905987215262 0.2489821794039707
 0.4634813603411699 0.5033650378611499 0.2496593471329178
 0.4633070862140050 0.5040475448647872 0.2503447160443793
 0.4630759094161245 0.5049499025215638 0.2512510096510683
 0.4628952418594451 0.5056527490700856 0.2519569894576360
 0.4627218878390842 0.5063252172048649 0.2526324602576811
 0.4625278637800707 0.5070756487941697 0.2533862290347824
 0.4623413504611644 0.5077948401747924 0.2541086338631024
 0.4621675217718535 0.5084632027016267 0.2547800428289312
 0.4619880604056733 0.5091512976257249 0.2554713665672783
 0.4617586422012387 0.5100281147313490 0.2563524190070290
 0.4615767544468786 0.5107210423133109 0.2570487324447145
 0.4613997780854001 0.5113933808365071 0.2577243372109866
 0.4611957649667155 0.5121661531704738 0.2585008202198704
 0.4610080351858138 0.5128751077706672 0.2592131650138100
 0.4608314622248115 0.5135400737876691 0.2598813395344466
 0.4606466727318363 0.5142340722207138 0.2605787388578236
 0.4604322119052220 0.5150370750292486 0.2613857183085354
 0.4602495474535077 0.5157189817683953 0.2620709782954638
 0.4600697522570021 0.5163883586401158 0.2627435727816672
 0.4598627700968696 0.5171567367714149 0.2635155307335787
 0.4596715601854618 0.5178644739179635 0.2642264828104407
 0.4594919778145309 0.5185273606405161 0.2648923504530472
 0.4593045031749181 0.5192175212096843 0.2655856090913513
 0.4590833635622308 0.5200291938308631 0.2664008992874412
 0.4588971818675696 0.5207105419107579 0.2670852097858051
 0.4587144785477812 0.5213773848287250 0.2677548392887042
 0.4585052786671806 0.5221387939968852 0.2685192768991349
 0.4583105164601798 0.5228456160054716 0.2692287937043463
 0.4581279668802158 0.5235063454313441 0.2698919855368261
 0.4579380450582675 0.5241919533348016 0.2705801194561133
 0.4577084467824254 0.5250183533459619 0.2714095091299656
 0.4575185889864600 0.5256997151935021 0.2720932384668655
 0.4573330120996990 0.5263639790836264 0.2727596781979294
 0.4571216464955701 0.5271184801982211 0.2735164746696948
 0.4569232645503434 0.5278246425020652 0.2742246443635606
 0.4567376987371083 0.5284834524331671 0.2748852492012903
 0.4565452836662343 0.5291648244927581 0.2755684289759099
 0.4563053368671453 0.5300120310809853 0.2764178013849934
 0.4561115447228675 0.5306942790825844 0.2771016757514362
 0.4559228878515361 0.5313567494795474 0.2777655767532575
 0.4557085365209219 0.5321074281306896 0.2785176794635227
 0.4555066465415387 0.5328125181910144 0.2792239404468761
 0.4553180237525491 0.5334695792638047 0.2798819867157860
 0.4551228743246661 0.5341476660583326 0.2805610071463854
 0.4548726789286849 0.5350144981936834 0.2814288855753236
 0.4546750312063334 0.5356972844005368 0.2821123173300671
 0.4544832286269554 0.5363582140149439 0.2827736662058025
 0.4542653375170925 0.5371070682674776 0.2835227247515896
 0.4540601884414782 0.5378102267264319 0.2842258332838949
 0.4538685845961454 0.5384653036421096 0.2848806914982003
 0.4536705166642747 0.5391408131754237 0.2855558279890972
 0.4534131101201745 0.5400161837722000 0.2864304768149477
 0.4532120578334821 0.5406979489647910 0.2871114413372234
 0.4530172652733611 0.5413568613719425 0.2877693364795225
 0.4527961432678496 0.5421029119595353 0.2885139335678663
 0.4525877120873537 0.5428042851290514 0.2892136811567532
 0.4523931203180538 0.5434574720742620 0.2898651777179457
 0.4521921193461867 0.5441305457056029 0.2905363678412862
 0.4519271754528681 0.5450152327244298 0.2914183591814308
 0.4517226778687097 0.5456961468321424 0.2920969839561730
 0.4515248306322597 0.5463533265709287 0.2927517356111088
 0.4513002910177263 0.5470972878917245 0.2934926759299433
 0.4510885530340704 0.5477970152750008 0.2941893265956310
 0.4508909437789063 0.5484484708938634 0.2948377550157684
 0.4506870381633435 0.5491190949745673 0.2955051262921184
 0.4504115584104361 0.5500225760476606 0.2964039859554891
 0.4502032782923889 0.5507037400510667 0.2970814229367801
 0.4500021740302401 0.5513598755690985 0.2977337163634768
 0.4497733563635397 0.5521045798159097 0.2984737346436087
 0.4495585739851572 0.5528018259021473 0.2991662986747425
 0.4493579952081262 0.5534514185222470 0.2998113090888802
 0.4491509625571909 0.5541203591284298 0.3004753338365348
 0.4488708500335302 0.5550229344926597 0.3013709414965229
 0.4486593935180189 0.5557024032190251 0.3020448564020242
 0.4484553352320574 0.5563565745340265 0.3026933840502600
 0.4482235966872872 0.5570976803916784 0.3034277301088772
 0.4480054033429664 0.5577937284603084 0.3041171051260843
 0.4478018184954121 0.5584416638036234 0.3047585925794751
 0.4475919513874638 0.5591080769893253 0.3054181706899650
 0.4473004931293713 0.5600310412089977 0.3063313250502188
 0.4470853814968651 0.5607103624835381 0.3070031244947475
 0.4468781621536395 0.5613632655482620 0.3076485154534760
 0.4466419725103424 0.5621056721162708 0.3083820311635506
 0.4464208891729124 0.5627988937889602 0.3090666449600851
 0.4462143558877621 0.5634450165851614 0.3097045214587935
 0.4460012232888683 0.5641102997724481 0.3103611178471609
 0.4457083938120748 0.5650219112403335 0.3112604892856977
 0.4454902553056577 0.5656991781431295 0.3119283551525728
 0.4452800742860076 0.5663502776456831 0.3125701202442469
 0.4450416455669592 0.5670871588489875 0.3132960654302746
 0.4448167492040722 0.5677805495300686 0.3139788261639350
 0.4446071160477001 0.5684254334994792 0.3146135663116239
 0.4443914935654227 0.5690872943518005 0.3152647851192887
 0.4440790706329805 0.5700437022550802 0.3162053864434305
 0.4442874525501844 0.5694061296343950 0.3155784104980912
 0.4440820290259540 0.5700346601153368 0.3161964963881527
 0.4438718598685775 0.5706763534991421 0.3168272550917494
 0.4436600176750490 0.5713217747685450 0.3174613653225306
 0.4434213267359333 0.5720473472117819 0.3181738335914927
 0.4431917881109709 0.5727434616668400 0.3188570178006839
 0.4429789177876720 0.5733876022493497 0.3194889274737935
 0.4427612245720008 0.5740449283055185 0.3201335455236912
 0.4424627923418349 0.5749437482204403 0.3210146260693905
 0.4422372536601067 0.5756212764807010 0.3216784683362631
 0.4420220621397401 0.5762663267550876 0.3223102004933200
 0.4417849264433696 0.5769755892613380 0.3230044830262056
 0.4415490485287076 0.5776794709230040 0.3236931788322787
 0.4413325417823694 0.5783241355086925 0.3243237022575597
 0.4411132314621924 0.5789757790807979 0.3249608623745781
 0.4408430219241909 0.5797767792270210 0.3257438069206059
 0.4406140168514539 0.5804540186841789 0.3264055279493155
 0.4403970519194080 0.5810942935381135 0.3270308750430556
 0.4401671303139025 0.5817713712087615 0.3276918693515345
 0.4399106366069964 0.5825249704421589 0.3284272184225598
 0.4396875793314561 0.5831788586006473 0.3290650118697977
 0.4394676964499132 0.5838221093100990 0.3296922307635011
 0.4392202590034640 0.5845443975881116 0.3303962951151631
 0.4389825690566505 0.5852366753720574 0.3310708598065052
 0.4387621793071557 0.5858772116431044 0.3316947513877556
 0.4385370494895922 0.5865301873090955 0.3323304769777222
 0.4382379795028289 0.5873955464251872 0.3331725433307932
 0.4380046205861797 0.5880691368200832 0.3338277116429452
 0.4377824321448468 0.5887091616828831 0.3344500469921712
 0.4375410850493673 0.5894029217963802 0.3351244576439457
 0.4372928513811201 0.5901149097910972 0.3358163908319945
 0.4370680161590688 0.5907584223829812 0.3364415747630635
 0.4368425456575211 0.5914024595553871 0.3370670493684478
 0.4365789132429084 0.5921538702437736 0.3377965258091860
 0.4363400857899249 0.5928330714005148 0.3384556811524029
 0.4361158673960330 0.5934694276239532 0.3390731131764235
 0.4358832381469991 0.5941283336283439 0.3397123096995920
 0.4355803989874513 0.5949841011784205 0.3405422981677846
 0.4353447234995451 0.5956485189737257 0.3411865146408651
 0.4351172561392793 0.5962885117426004 0.3418068512027284
 0.4348641507098954 0.5969991644965296 0.3424954307563638
 0.4346167610326434 0.5976922774644995 0.3431667842177560
 0.4343886608302222 0.5983300484532393 0.3437843693071460
 0.4341571460743002 0.5989760999730938 0.3444098436122315
 0.4338712675238797 0.5997721059381680 0.3451803222616351
 0.4336296222112137 0.6004434491139730 0.3458299543192800
 0.4334009068026085 0.6010776130723157 0.3464434197042922
 0.4331592347973713 0.6017463813836583 0.3470901422649579
 0.4328853767376988 0.6025025865300152 0.3478211730716571
 0.4326495796010127 0.6031523146709192 0.3484491137352828
 0.4324180591319672 0.6037890241900851 0.3490643791356578
 0.4321597986425113 0.6044978369514181 0.3497492390831139
 0.4319077658889267 0.6051881065418611 0.3504160916480420
 0.4316753348137731 0.6058234280024158 0.3510297516735164
 0.4314394665483902 0.6064669127556195 0.3516511676965282
 0.4311494011106651 0.6072565644058859 0.3524135661367155
 0.4309029926658232 0.6079259108324041 0.3530597048910404
 0.4306699472566313 0.6085577335886277 0.3536695769625824
 0.4304243704395143 0.6092222501564888 0.3543109886169967
 0.4301414060673511 0.6099863147420158 0.3550484549978224
 0.4299003576365557 0.6106358364562550 0.3556753002138967
 0.4296644791213454 0.6112702223855664 0.3562874424765997
 0.4294028506937618 0.6119724751064392 0.3569649460731370
 0.4291446875944892 0.6126640049141739 0.3576319979775525
 0.4289075097563071 0.6132980849640445 0.3582435820950992
 0.4286677277293157 0.6139379289331138 0.3588607111412825
 0.4283799320233963 0.6147043124944803 0.3595998819821548
 0.4281281517767581 0.6153733813183463 0.3602451654335541
 0.4278909130170057 0.6160026129614808 0.3608519722341503
 0.4276432965155714 0.6166581392317423 0.3614840627453034
 0.4273374773111748 0.6174660234570858 0.3622629854444496
 0.4270895949070611 0.6181194650812202 0.3628929928188744
 0.4268493920550167 0.6187514813737671 0.3635023855110741
 0.4265844401835323 0.6194472750963512 0.3641733491206571
 0.4263203286172585 0.6201394687447753 0.3648409113509637
 0.4260785141807767 0.6207720117297252 0.3654509757985818
 0.4258347829476606 0.6214084009108140 0.3660647519155743
 0.4255469769329731 0.6221583690390866 0.3667880701986249
 0.4252896925295504 0.6228274344777757 0.3674333912297326
 0.4250480538163776 0.6234546427226437 0.3680384070958395
 0.4247976395767279 0.6241034385071660 0.3686643414924956
 0.4244569958757247 0.6249840740684943 0.3695140925865639
 0.4242015780552085 0.6256429279346556 0.3701499067233137
 0.4239563283491701 0.6262743861802841 0.3707592986282459
 0.4236842847445090 0.6269735018117539 0.3714339893056530
 0.4234168320103316 0.6276594625721633 0.3720960179215069
 0.4231709449881396 0.6282889308112489 0.3727035999014782
 0.4229224133969173 0.6289240250977408 0.3733167252395806
 0.4226255134721847 0.6296812190562875 0.3740478956593212
 0.4223642407271745 0.6303462077458571 0.3746901647687322
 0.4221184549437144 0.6309706364299292 0.3752933466514142
 0.4218629750256991 0.6316185249064992 0.3759192636848712
 0.4215284990832986 0.6324649536425710 0.3767371253782931
 0.4212697372748920 0.6331183934210093 0.3773686709862273
 0.4210206415727763 0.6337462876087887 0.3779757042389992
 0.4207462451509041 0.6344366731458330 0.3786433753647165
 0.4204719859810832 0.6351253747210472 0.3793096345528977
 0.4202211970284538 0.6357539736885975 0.3799179021962105
 0.4199688658802623 0.6363853195562637 0.3805289428477095
 0.4196739746977161 0.6371217379819303 0.3812418132150219
 0.4194066187251415 0.6377880825074029 0.3818870048387497
 0.4191563140096654 0.6384108043958610 0.3824901313920001
 0.4188984686496959 0.6390511539767996 0.3831105353645353
 0.4185183466083797 0.6399930883378094 0.3840235105680430
 0.4187718568555697 0.6393651706523549 0.3834148493860310
 0.4185246205605655 0.6399775617079939 0.3840084579270166
 0.4182730336148994 0.6405996564760413 0.3846116386291012
 0.4180210659240903 0.6412216130810687 0.3852148278721767
 0.4177444050723325 0.6419032835283928 0.3858760874287782
 0.4174630425510033 0.6425952150287308 0.3865475023104500
 0.4172074066651594 0.6432227274157433 0.3871566341382161
 0.4169513790729305 0.6438501071769962 0.3877658963799169
 0.4166571016747605 0.6445698691888507 0.3884652166407347
 0.4163836404214586 0.6452374327401229 0.3891141354196039
 0.4161287968904803 0.6458584381260317 0.3897180377078217
 0.4158680486901885 0.6464927293187551 0.3903350766936479
 0.4155309399623017 0.6473111284426477 0.3911315440252852
 0.4152603015753776 0.6479668212478297 0.3917699709312727
 0.4150040291065507 0.6485866170135296 0.3923737370670513
 0.4147321363035193 0.6492430344673809 0.3930135093758337
 0.4144273800358188 0.6499773840287650 0.3937296319824018
 0.4141634503583441 0.6506121590783746 0.3943489527777757
 0.4139047028585343 0.6512333962836913 0.3949553045393944
 0.4136199185702272 0.6519159221622335 0.3956217403200137
 0.4133335376963138 0.6526009867608651 0.3962909622029487
 0.4130724573798070 0.6532244085026142 0.3969002831262360
 0.4128106485456592 0.6538485014034315 0.3975106063992843
 0.4125095742360884 0.6545648772210753 0.3982116310768373
 0.4122299597347572 0.6552289351214485 0.3988618844915666
 0.4119695363936304 0.6558463321994820 0.3994667898315212
 0.4117034810384338 0.6564760065395372 0.4000840467463165
 0.4113679150833920 0.6572686496858422 0.4008615331824535
 0.4110909512613243 0.6579215780520550 0.4015024160021312
 0.4108291419661697 0.6585377123118410 0.4021075906059759
 0.4105535565935289 0.6591851498676236 0.4027439616605751
 0.4102306902622606 0.6599422142985705 0.4034886580074948
 0.4099589581462447 0.6605781697928090 0.4041146585387754
 0.4096946682686601 0.6611956527865324 0.4047228138459704
 0.4094063827385828 0.6618680176204282 0.4053853778758678
 0.4091104418205661 0.6625569604124834 0.4060646753945188
 0.4088429116860485 0.6631786552889910 0.4066780464578659
 0.4085763511073074 0.6637970545722406 0.4072885572348390
 0.4082764064499618 0.6644916629826927 0.4079747871875962
 0.4079872516095183 0.6651600472189396 0.4086355765359233
 0.4077203340761004 0.6657759560993219 0.4092448642281842
 0.4074504173305892 0.6663977417318498 0.4098603128571063
 0.4071324671619272 0.6671288371735596 0.4105844117174908
 0.4068469000473111 0.6677842396975846 0.4112340025985418
 0.4065793194050595 0.6683973085669945 0.4118420803214120
 0.4063036693707462 0.6690278043648754 0.4124679301935840
 0.4059108162438353 0.6699245259766761 0.4133589090876091
 0.4056256869756975 0.6705740000934616 0.4140048252548093
 0.4053550545260401 0.6711894007518759 0.4146172851178318
 0.4050607167825733 0.6718575469075825 0.4152826965363177
 0.4047578909824194 0.6725437058449852 0.4159665602792336
 0.4044844819055611 0.6731621216876598 0.4165833895170019
 0.4042125164381627 0.6737762508420543 0.4171964284044229
 0.4039087296520311 0.6744610362122441 0.4178805834598030
 0.4036113819122761 0.6751300853371418 0.4185495957457949
 0.4033380958421104 0.6757439327476862 0.4191638810065669
 0.4030629109510864 0.6763610216862047 0.4197818413130427
 0.4027447222196515 0.6770732692941404 0.4204956344433977
 0.4024511944305293 0.6777291066699620 0.4211534450277042
 0.4021775283982698 0.6783395260415002 0.4217662246135627
 0.4018977917353648 0.6789624523303452 0.4223921195608407
 0.4015445669137054 0.6797475370066723 0.4231817693800410
 0.4012536907940046 0.6803928026900478 0.4238314510442165
 0.4009791969989944 0.6810007022587464 0.4244440243517031
 0.4006915583358551 0.6816366493866616 0.4250853708870657
 0.4003408248301416 0.6824106277637138 0.4258666293463965
 0.4000542188256717 0.6830419014798096 0.4265044494524390
 0.3997777010190300 0.6836499430383330 0.4271193449184664
 0.3994796768485242 0.6843041665384013 0.4277815567602950
 0.3991618340958870 0.6850006328151198 0.4284872059791046
 0.3988792617581879 0.6856187229497258 0.4291139924919812
 0.3986003016308576 0.6862279086876961 0.4297322184591894
 0.3982929905045650 0.6868978570853237 0.4304126344314168
 0.3979834915269874 0.6875713617338599 0.4310972430804021
 0.3977017606496540 0.6881833851804173 0.4317199080403314
 0.3974201558254508 0.6887941339054489 0.4323418419145483
 0.3971019435139004 0.6894830775189721 0.4330441070981582
 0.3967974332643928 0.6901411677243537 0.4337156108353300
 0.3965161778660254 0.6907479726076511 0.4343353525593281
 0.3962321445654763 0.6913597722074152 0.4349607237097609
 0.3959023979172981 0.6920687829244124 0.4356861210360483
 0.3955998322432513 0.6927181688966872 0.4363511617303668
 0.3953177964217642 0.6933224782240177 0.4369706291138741
 0.3950301698193189 0.6939377623737492 0.4376019551047262
 0.3946800429584590 0.6946853817828382 0.4383698893989407
 0.3943784877099446 0.6953280912552918 0.4390307466263778
 0.3940948981816668 0.6959315040709638 0.4396517291175756
 0.3938010003250056 0.6965558253266003 0.4402947418200482
 0.3933708512932229 0.6974677084298203 0.4412348713295425
 0.3936577125666533 0.6968598312868484 0.4406080370865511
 0.3933784672577548 0.6974515824709708 0.4412182356500081
 0.3930937395987318 0.6980539896691133 0.4418399496067496
 0.3928088987946308 0.6986556678733903 0.4424614811088470
 0.3924994293664751 0.6993082757967107 0.4431362949413029
 0.3921746663511088 0.6999919137791663 0.4438439433828852
 0.3918841885534499 0.7006023244882854 0.4444764156662976
 0.3915972223560638 0.7012043805210822 0.4451007823779117
 0.3912827096914850 0.7018631194857191 0.4457845509329383
 0.3909608788032974 0.7025359893043593 0.4464836760785350
 0.3906697331726506 0.7031436643439710 0.4471156974471162
 0.3903803159150705 0.7037467566698475 0.4477435781248377
 0.3900595818128059 0.7044139754419474 0.4484389547977229
 0.3897395914598268 0.7050784650356641 0.4491322242968321
 0.3894473826009989 0.7056842361185187 0.4497648269609598
 0.3891550112759257 0.7062893655714935 0.4503972857282699
 0.3888251848543677 0.7069708463008612 0.4511101530752858
 0.3885083385471405 0.7076243432465769 0.4517943704053028
 0.3882161254472585 0.7082260262008045 0.4524249130152145
 0.3879216610372168 0.7088313697180573 0.4530598811102570
 0.3875830369407325 0.7095262884797242 0.4537895532498336
 0.3872680466755393 0.7101715523594815 0.4544677841522451
 0.3869755846843561 0.7107696744070179 0.4550970336191960
 0.3866791431931591 0.7113749633656761 0.4557343559663897
 0.3863325205982080 0.7120814783500136 0.4564789361532396
 0.3860173840678224 0.7127226633722642 0.4571553229966104
 0.3857233205587222 0.7133199862072674 0.4577860372821193
 0.3854233099053647 0.7139284111286452 0.4584290909724128
 0.3850598507588162 0.7146641913969365 0.4592075751402005
 0.3847448065025319 0.7153007964662239 0.4598818176473332
 0.3844489492875967 0.7158976491321202 0.4605144905629588
 0.3841435104244318 0.7165128376526937 0.4611671045835199
 0.3837127206912219 0.7173787875086313 0.4620865947366229
 0.3833974194124731 0.7180113258489503 0.4627589138106705
 0.3830993325286665 0.7186083518634763 0.4633940483235112
 0.3827803456472962 0.7192461884971543 0.4640732250926218
 0.3824337481693734 0.7199380091753459 0.4648106119980722
 0.3821291558094986 0.7205449363820585 0.4654581088888632
 0.3818308900955211 0.7211383088195418 0.4660916533989073
 0.3815092847354067 0.7217770655173378 0.4667742020313075
 0.3811632378618015 0.7224631566992478 0.4675079770846975
 0.3808571482058875 0.7230689848146931 0.4681565004526117
 0.3805564451162488 0.7236632025811263 0.4687931606834271
 0.3802305051831656 0.7243062319770556 0.4694827572864835
 0.3798857854352826 0.7249851167830107 0.4702114963482366
 0.3795782678514008 0.7255897038562217 0.4708610288986722
 0.3792748798285063 0.7261852214157095 0.4715012762943130
 0.3789431649160084 0.7268352647401789 0.4722006373734148
 0.3786022398041928 0.7275021889270946 0.4729187030897576
 0.3782948268609483 0.7281025446416568 0.4735656001681763
 0.3779902661659983 0.7286963876399117 0.4742059854572563
 0.3776558965063844 0.7293472765427725 0.4749084876746705
 0.3773154464444996 0.7300088478739872 0.4756231547276175
 0.3770074973030662 0.7306062633355900 0.4762690391739962
 0.3767022038189884 0.7311975931901464 0.4769088047682193
 0.3763680671205372 0.7318437282652709 0.4776083754750098
 0.3760235180487946 0.7325088402050606 0.4783290649579287
 0.3757129494497814 0.7331073528162726 0.4789781171850639
 0.3754054563153699 0.7336990039270928 0.4796202441744553
 0.3750692606424674 0.7343448212561509 0.4803217470668608
 0.3747216050492029 0.7350114913956807 0.4810465119981361
 0.3744084392337607 0.7356110161864334 0.4816987598237646
 0.3740981751591950 0.7362040478275987 0.4823443449982615
 0.3737571985201975 0.7368547096939336 0.4830531011253935
 0.3734108422723337 0.7375144909253712 0.4837722653800103
 0.3730971573603452 0.7381110426560158 0.4844229564890924
 0.3727857102061631 0.7387024080140232 0.4850684467252068
 0.3724427181386269 0.7393526004210798 0.4857786957417107
 0.3720960479308451 0.7400086302707388 0.4864958950595655
 0.3717817680758421 0.7406023827976098 0.4871454779413162
 0.3714699942265633 0.7411904807154548 0.4877892827982823
 0.3711290033530420 0.7418326449414258 0.4884927220650936
 0.3707764836044587 0.7424953763442340 0.4892191888008589
 0.3704592304561247 0.7430908160748450 0.4898723480479667
 0.3701457007779441 0.7436783481694644 0.4905172753622730
 0.3698049135804716 0.7443159260153467 0.4912176330591122
 0.3694458177619801 0.7449865973792847 0.4919548622821714
 0.3691249563910848 0.7455848561854355 0.4926128883478376
 0.3688085207673943 0.7461739389417029 0.4932611394981483
 0.3684639770353983 0.7468143085381703 0.4939661603611161
 0.3681048790988904 0.7474805793102091 0.4947000756906723
 0.3677828698277886 0.7480770418606593 0.4953574612706436
 0.3674648516150947 0.7486651926545538 0.4960060654230907
 0.3671177904484793 0.7493060175601426 0.4967132147999906
 0.3667590155714222 0.7499673355871986 0.4974434760955027
 0.3664366227152407 0.7505606107031610 0.4980990052938306
 0.3661184738683512 0.7511451686392889 0.4987452479647263
 0.3657736881308865 0.7517776544449947 0.4994448449438083
 0.3654077385219375 0.7524478142716350 0.5001865406028009
 0.3650824209562698 0.7530425746600933 0.5008451832674398
 0.3647631211097760 0.7536254298885245 0.5014910266643372
 0.3644202274507011 0.7542503605431544 0.5021839227570257
 0.3640426628356702 0.7549372942235105 0.5029460531264954
 0.3637127129025085 0.7555365850143916 0.5036113201429990
 0.3633904146279983 0.7561210685354973 0.5042604466261891
 0.3630444446226282 0.7567474837002562 0.5049564492275455
 0.3626655180549326 0.7574323904396437 0.5057178223068657
 0.3623335475573630 0.7580314146149804 0.5063840934789542
 0.3620087468823733 0.7586165916449865 0.5070353371068475
 0.3616584728005443 0.7592466580258090 0.5077369761005928
 0.3612833381767988 0.7599202907960095 0.5084876222528917
 0.3609514906747337 0.7605152025998050 0.5091509313575563
 0.3606262736780679 0.7610973293187996 0.5098002901684988
 0.3602767266800986 0.7617220177250853 0.5104974268675878
 0.3598959597883059 0.7624013396733251 0.5112558749967222
 0.3595621666362149 0.7629958644574157 0.5119199549068474
 0.3592366618453707 0.7635747375034927 0.5125668442814354
 0.3588901727126102 0.7641899673927678 0.5132546847717497
 0.3584923096477588 0.7648951990642191 0.5140435356812961
 0.3581534563618416 0.7654948098945331 0.5147145282937882
 0.3578254071926733 0.7660744092298666 0.5153633440970687
 0.3574771770461495 0.7666887063182730 0.5160512210114150
 0.3570724441954146 0.7674014421463170 0.5168496347954145
 0.3567299878517896 0.7680034757249284 0.5175243432838373
 0.3563982660079249 0.7685857385549282 0.5181772029424753
 0.3560439037727192 0.7692067668194010 0.5188738858505271
 0.3556495205171599 0.7698967533100947 0.5196483460140986
 0.3553073359983716 0.7704944132733372 0.5203194873962533
 0.3549739677968301 0.7710757815965720 0.5209725623285194
 0.3546169369041274 0.7716974418652635 0.5216711101204404
 0.3542243812788637 0.7723797993363819 0.5224381021511677
 0.3538822064342978 0.7729735968643204 0.5231057729051735
 0.3535492205699169 0.7735505698147204 0.5237547509149622
 0.3531952224014830 0.7741630044833201 0.5244438766125022
 0.3527881436460658 0.7748660694587898 0.5252353070434281
 0.3524423556625810 0.7754622732070292 0.5259066917155962
 0.3521083889641561 0.7760372207874390 0.5265543279812074
 0.3517558678169494 0.7766431827431867 0.5272370875108864
 0.3513252713919414 0.7773820625057056 0.5280698895470101
 0.3509734893024313 0.7779846533760130 0.5287493433703400
 0.3506356208558657 0.7785625268375561 0.5294011820476068
 0.3502778091197288 0.7791735694013157 0.5300907165729750
 0.3498568894768028 0.7798911481941450 0.5309008092048026
 0.3495036158797233 0.7804923786649638 0.5315797754782481
 0.3491621456064417 0.7810726345538505 0.5322351929438067
 0.3487979270710345 0.7816905891080805 0.5329333049520253
 0.3483909708777277 0.7823798906899954 0.5337121538356999
 0.3480391022965693 0.7829748983350350 0.5343846055649427
 0.3476970097889069 0.7835525007233175 0.5350375560514320
 0.3473319867679031 0.7841678729953100 0.5357334176365033
 0.3469240392935605 0.7848544566893521 0.5365100714822445
 0.3465718636949750 0.7854462003838282 0.5371796465836025
 0.3462304347272884 0.7860190278125789 0.5378279665353174
 0.3458694043809309 0.7866238242745490 0.5385126053180299
 0.3454363850924543 0.7873479779389984 0.5393325390059900
 0.3450787127874052 0.7879451115118402 0.5400088184580720
 0.3447355329179718 0.7885171903058764 0.5406568811282577
 0.3443749840073276 0.7891173194593889 0.5413368897267868
 0.3439081709489463 0.7898929536051814 0.5422159841601804
 0.3435436559533537 0.7904975432900510 0.5429013364579135
 0.3431958363407154 0.7910735696735857 0.5435543615865985
 0.3428274047262646 0.7916828063024559 0.5442450707564187
 0.3423969625663543 0.7923933820718576 0.5450507339635470
 0.3420340479848943 0.7929914812167245 0.5457289679846580
 0.3416828682702643 0.7935693715181258 0.5463844167937217
 0.3413079964082140 0.7941853087457883 0.5470831890109035
 0.3408902947772329 0.7948704785679306 0.5478607044782909
 0.3405285139369215 0.7954629527959107 0.5485331623475838
 0.3401767068600715 0.7960382358478612 0.5491861798129446
 0.3398016765507214 0.7966505663254404 0.5498812919825823
 0.3393800322528947 0.7973378668909777 0.5506615471652013
 0.3390174928558882 0.7979278634729744 0.5513313874532300
 0.3386667516890844 0.7984978178724865 0.5519785425190976
 0.3382970837272570 0.7990976354409502 0.5526596991320853
 0.3378405511493807 0.7998371384053415 0.5534996160350062
 0.3374717980650331 0.8004334414219335 0.5541769734899052
 0.3371196261461381 0.8010020899113598 0.5548229658391104
 0.3367505892144055 0.8015970912064930 0.5554989372260949
 0.3362483618233175 0.8024053972674496 0.5564173357616530
 0.3358720772238652 0.8030099226682328 0.5571043144660406
 0.3355146588424545 0.8035832824994732 0.5577560021618718
 0.3351359068877716 0.8041899582543662 0.5584456988651455
 0.3346926099929685 0.8048988398135486 0.5592517393614472
 0.3343190429764964 0.8054952304727485 0.5599299402534426
 0.3339577132590937 0.8060712307170957 0.5605849603614507
 0.3335726318587220 0.8066841729618859 0.5612819626200325
 0.3331395525122308 0.8073723837807911 0.5620645197209976
 0.3327664045151307 0.8079644007306898 0.5627376958661539
 0.3324039051853039 0.8085386785232672 0.5633907378956698
 0.3320170614739731 0.8091506083264981 0.5640866615638404
 0.3315861090029938 0.8098312036212698 0.5648607514783132
 0.3312136583495700 0.8104184708019233 0.5655287231714116
 0.3308527034523052 0.8109867857550122 0.5661751236738803
 0.3304715704852699 0.8115859911584221 0.5668566078774475
 0.3300102370659349 0.8123100814751161 0.5676800338019802
 0.3296323654871777 0.8129021952083907 0.5683533116474738
 0.3292711532590111 0.8134673838668582 0.5689959348181034
 0.3288939197935449 0.8140567880063663 0.5696660599508416
 0.3283248152935436 0.8149443367130981 0.5706750803772745
 0.3287043178076405 0.8143527013767680 0.5700024860665793
 0.3283431758053086 0.8149157332601410 0.5706425643988264
 0.3279770546370525 0.8154857197647444 0.5712904789226070
 0.3276135625687965 0.8160508112216687 0.5719327391026342
 0.3272293676585626 0.8166472221687183 0.5726104944884521
 0.3267429302307814 0.8174010799009153 0.5734670592994693
 0.3263556189836692 0.8180003050148711 0.5741478910255258
 0.3259847710777394 0.8185732218403498 0.5747988497144813
 0.3255913915224501 0.8191800554271926 0.5754883857810480
 0.3251347784888364 0.8198832866533116 0.5762874901457294
 0.3247481285924372 0.8204778072272402 0.5769630413183321
 0.3243736863464634 0.8210527209936580 0.5776162436929968
 0.3239738795423517 0.8216656743655888 0.5783125545954795
 0.3235303065506110 0.8223446374804892 0.5790837142980010
 0.3231458088310319 0.8229322525052767 0.5797510346225493
 0.3227723174697494 0.8235022288498027 0.5803982856427692
 0.3223754204534753 0.8241070436065692 0.5810850896450451
 0.3219223466587087 0.8247963590537103 0.5818678491061554
 0.3215368482876003 0.8253819399888002 0.5825327913584695
 0.3211654595146625 0.8259452876689900 0.5831724386810138
 0.3207763241903828 0.8265347147601839 0.5838416191013789
 0.3202429327355937 0.8273412573448748 0.5847571411901339
 0.3198472901242567 0.8279384749608029 0.5854349495490340
 0.3194738124237507 0.8285014296212773 0.5860738004531445
 0.3190831728519801 0.8290894190427331 0.5867409863337600
 0.3185193067813457 0.8299366509908744 0.5877021518493591
 0.3188953079841996 0.8293718899091802 0.5870614707093842
 0.3185250463309477 0.8299280359682185 0.5876923796866643
 0.3181466905444567 0.8304955553252148 0.5883360507474312
 0.3177706737809555 0.8310587834915951 0.5889746841056124
 0.3173733809578359 0.8316530359456465 0.5896482970032302
 0.3168648735052734 0.8324123768769538 0.5905087735830721
 0.3164631995157475 0.8330111891300028 0.5911871732909446
 0.3160787657235997 0.8335834789142085 0.5918354266502249
 0.3156701793316102 0.8341908465984137 0.5925233236061586
 0.3152023881838032 0.8348851172761903 0.5933095049200940
 0.3148027790462123 0.8354772648054548 0.5939798690359296
 0.3144148780616440 0.8360512456572363 0.5946294570001922
 0.3139998231885464 0.8366645180513910 0.5953232418139548
 0.3135441880831756 0.8373366973339942 0.5960833348949582
 0.3131471002035792 0.8379216090087374 0.5967444880612256
 0.3127608576792044 0.8384897484960342 0.5973864873898597
 0.3123501599925499 0.8390930010711538 0.5980679829190667
 0.3118830711214098 0.8397780118201071 0.5988416206696381
 0.3114850006249929 0.8403609065303698 0.5994997221752624
 0.3111016292357269 0.8409215001080581 0.6001324290342046
 0.3107005987776049 0.8415071029446227 0.6007931022506209
 0.3101166294802256 0.8423583608771351 0.6017529742719543
 0.3105060331437564 0.8417909178701943 0.6011131980226040
 0.3101260150449892 0.8423446932823724 0.6017375676283676
 0.3097394248349587 0.8429072867083504 0.6023716165707796
 0.3093567992466220 0.8434633593700125 0.6029980625145037
 0.3089564381422189 0.8440444100360024 0.6036523770982607
 0.3084115628153566 0.8448338922609684 0.6045409311195348
 0.3079977697483600 0.8454324460882566 0.6052141930054700
 0.3076087179890635 0.8459944271885390 0.6058459702142031
 0.3072047015511734 0.8465772231470278 0.6065007835112279
 0.3066695943520863 0.8473478665341511 0.6073661186694562
 0.3062501201929986 0.8479509859391091 0.6080429697661552
 0.3058538879103456 0.8485198898500029 0.6086811619751421
 0.3054401794925737 0.8491130610925457 0.6093463252538064
 0.3048739295521782 0.8499235849625861 0.6102547734262052
 0.3044504875070309 0.8505286724715254 0.6109325650751319
 0.3040467327052885 0.8511048158692839 0.6115775607066708
 0.3036140676461554 0.8517213372584377 0.6122673225792524
 0.3031495260043002 0.8523822761954212 0.6130062806042414
 0.3027385271626236 0.8529661718407402 0.6136587078833098
 0.3023357801371244 0.8535375606475137 0.6142968459475546
 0.3019036205040463 0.8541498183960177 0.6149803147570910
 0.3014393888793585 0.8548065262690135 0.6157130477247268
 0.3010301510943496 0.8553845941670565 0.6163577024539055
 0.3006315299608176 0.8559469072030749 0.6169844445680142
 0.3002110757462523 0.8565392110472031 0.6176442053275430
 0.2997084405105651 0.8572462012140495 0.6184311277584938
 0.2992931284101236 0.8578294785274916 0.6190798637821461
 0.2988968015259363 0.8583853470271245 0.6196977129734128
 0.2984865526304699 0.8589599779859424 0.6203360100091140
 0.2979624375120173 0.8596929741968650 0.6211496078814918
 0.2975369114811399 0.8602871644385134 0.6218086072802950
 0.2971386363859711 0.8608425543849598 0.6224241191379912
 0.2967323940295852 0.8614083123428813 0.6230506525720360
 0.2962646961285667 0.8620587324871213 0.6237703577921971
 0.2958268479882310 0.8626667478400455 0.6244425939401984
 0.2954208687234680 0.8632297400369503 0.6250646008876121
 0.2950142571127236 0.8637928706474352 0.6256863358804854
 0.2945697900306298 0.8644075863776082 0.6263645242266623
 0.2941039823328877 0.8650508767730177 0.6270736312110751
 0.2936847791804115 0.8656289860084065 0.6277103046032372
 0.2932718931559349 0.8661976279386390 0.6283359719041879
 0.2928276789340397 0.8668085823190883 0.6290075376962702
 0.2923435678106191 0.8674734291848830 0.6297375904802532
 0.2919157162615051 0.8680601654853898 0.6303812641601166
 0.2914962485960567 0.8686346358570770 0.6310109680434844
 0.2910422249801877 0.8692555771060568 0.6316910556210220
 0.2905657519487628 0.8699062699922046 0.6324030839424070
 0.2901389363668620 0.8704883248322057 0.6330393892582857
 0.2897190582570197 0.8710601626336957 0.6336638984619118
 0.2892642349562176 0.8716787499566380 0.6343387099918643
 0.2887899024097503 0.8723229414322329 0.6350405951526938
 0.2883660921236874 0.8728977192277831 0.6356661218722518
 0.2879516939699892 0.8734590057773266 0.6362763304155084
 0.2875115326771224 0.8740544041164685 0.6369229650755924
 0.2870108824880462 0.8747306478665211 0.6376565941204697
 0.2865834947395245 0.8753071147005944 0.6382812885977540
 0.2861735236898650 0.8758593836952711 0.6388791399847453
 0.2857482641244638 0.8764315202472938 0.6394978322948200
 0.2851913773906757 0.8771796303451359 0.6403057672504381
 0.2847510403375824 0.8777702786785480 0.6409428034653446
 0.2843402109273219 0.8783206401540815 0.6415357214835105
 0.2839211397622361 0.8788813426014087 0.6421391171531768
 0.2834393401820321 0.8795251035212056 0.6428310535025651
 0.2829866928424397 0.8801290683049900 0.6434793642705470
 0.2825692894331175 0.8806852857276902 0.6440756597020172
 0.2821532218997573 0.8812390368535915 0.6446685624190425
 0.2817045669677163 0.8818353946569929 0.6453062410921871
 0.2812076890036727 0.8824949295144894 0.6460104700324708
 0.2807732338894066 0.8830708167176380 0.6466245415604355
 0.2803511826815248 0.8836295591501842 0.6472195922830248
 0.2799071651825868 0.8842166375241132 0.6478440237205194
 0.2793260062116655 0.8849838955316668 0.6486588000275862
 0.2788719946930216 0.8855823893980139 0.6492932611676456
 0.2784386680875101 0.8861528817837697 0.6498970843897106
 0.2779785028131781 0.8867579272005233 0.6505364353094636
 0.2774542057608458 0.8874463199110623 0.6512625656092648
 0.2770025486059604 0.8880385082459130 0.6518861586185417
 0.2765626186877852 0.8886145857996025 0.6524918887156190
 0.2760871348681950 0.8892364086745510 0.6531447480335190
 0.2755871063408016 0.8898894249181478 0.6538292557476083
 0.2751404486481847 0.8904719598357927 0.6544388814407031
 0.2747008464845551 0.8910445763382713 0.6550371490660462
 0.2742228539953925 0.8916663963302074 0.6556856715634025
 0.2737293922959683 0.8923074668516445 0.6563529849877097
 0.2732877725563753 0.8928804392657257 0.6569483114049678
 0.2728549882843208 0.8934412653193372 0.6575300300920855
 0.2723934118222750 0.8940386602647898 0.6581486242098571
 0.2718786745985840 0.8947039598905970 0.6588362523619080
 0.2714351464834483 0.8952764651439669 0.6594268680193484
 0.2710084524726538 0.8958265832642520 0.6599933907008645
 0.2705651896827866 0.8963973828295255 0.6605801400567954
 0.2699674699052755 0.8971659885805707 0.6613684490013375
 0.2695100779253154 0.8977533050766952 0.6619694319789637
 0.2690839224694894 0.8982998584239883 0.6625276216706304
 0.2686484256918943 0.8988577436912976 0.6630963106822071
 0.2681432427630835 0.8995040817404379 0.6637538019838233
 0.2676765381689102 0.9001004136940155 0.6643591077371072
 0.2672457646327128 0.9006501762241862 0.6649160031706904
 0.2668165565218586 0.9011973151560162 0.6654691398571116
 0.2663556757841051 0.9017841369658870 0.6660611679003560
 0.2658322170986311 0.9024497717139112 0.6667311800983149
 0.2653825890933541 0.9030207917391025 0.6673046739557051
 0.2649492964847018 0.9035704300641626 0.6678555793952738
 0.2644989745504391 0.9041410118755262 0.6684263065423424
 0.2639280819051765 0.9048634033208658 0.6691471172152373
 0.2634553979621916 0.9054607164125210 0.6697415693069452
 0.2630115474846603 0.9060209310970391 0.6702977733478591
 0.2625558306034743 0.9065954587980903 0.6708668277722426
 0.2620112140190942 0.9072811851386386 0.6715442194289231
 0.2615255463324315 0.9078918866724198 0.6721458736559653
 0.2610698586449486 0.9084642058297669 0.6727083500582804
 0.2606025938646688 0.9090503808854818 0.6732830816033702
 0.2600299467989594 0.9097678162300427 0.6739845978487202
 0.2595375488977793 0.9103838891184367 0.6745852528784579
 0.2590729333961890 0.9109645076360700 0.6751497973765210
 0.2585884305515879 0.9115692651390658 0.6757361747306008
 0.2579917186138008 0.9123130867702338 0.6764550842195193
 0.2575066938342326 0.9129168817982257 0.6770368186906590
 0.2570405548471993 0.9134964902202865 0.6775937441073363
 0.2565383967226292 0.9141201481261964 0.6781913809068248
 0.2560111582532279 0.9147741358988205 0.6788162865948496
 0.2555426538143984 0.9153545699041661 0.6793693363031065
 0.2550834463022383 0.9159228501328552 0.6799093231444591
 0.2545897773268052 0.9165330790156967 0.6804874836325678
 0.2540599455360117 0.9171872087354878 0.6811052573542601
 0.2535951943439791 0.9177603117049336 0.6816448159293403
 0.2531444783883762 0.9183155051185864 0.6821660188273785
 0.2526715250467035 0.9188974564593363 0.6827107812135536
 0.2520724409769575 0.9196336799755888 0.6833976839852224
 0.2515994841980562 0.9202141762091550 0.6839374909129170
 0.2511530987253029 0.9207614739651878 0.6844449473284338
 0.2506931744773301 0.9213247796065384 0.6849657179600711
 0.2501298321583891 0.9220139361390293 0.6856006904062799
 0.2496492009396896 0.9226012053802519 0.6861399012802418
 0.2492026724129705 0.9231462281486126 0.6866387624765072
 0.2487533846508160 0.9236940604810365 0.6871386761880697
 0.2482609201956910 0.9242938998384976 0.6876842905973775
 0.2477476873590481 0.9249183278108932 0.6882502983527982
 0.2472896844372778 0.9254749533156359 0.6887531279109771
 0.2468435610908324 0.9260165942232004 0.6892408473609524
 0.2463784405113503 0.9265807281774919 0.6897471603203624
 0.2457733784743845 0.9273137259036647 0.6904025003299761
 0.2452886665395750 0.9279002227687166 0.6909248131826314
 0.2448356739791825 0.9284477771162976 0.6914108091212428
 0.2443739705492458 0.9290053047065460 0.6919040290908014
 0.2438492080707096 0.9296383013015072 0.6924619992778938
 0.2433429049563039 0.9302483519811634 0.6929976816610055
 0.2428773651167220 0.9308087014010602 0.6934879100992205
 0.2424140698586853 0.9313657958742232 0.6939735585144323
 0.2419152377529147 0.9319650085963583 0.6944940021373539
 0.2413524501446892 0.9326402877698569 0.6950781582745370
 0.2408651216020830 0.9332243789427049 0.6955814510916822
 0.2403909747650919 0.9337920991509396 0.6960688917907342
 0.2398885289597666 0.9343930911558177 0.6965830128393119
 0.2392778929486760 0.9351226507165866 0.6972044533213031
 0.2387719377249601 0.9357264470458914 0.6977164952951702
 0.2382822177383931 0.9363102723215438 0.6982095990954542
 0.2377551595554843 0.9369379596187947 0.6987375376797847
 0.2371814474940581 0.9376204460321186 0.6993089879433374
 0.2366732270197977 0.9382243646228022 0.6998124505432439
 0.2361687640575932 0.9388232097156556 0.7003096703544820
 0.2355954973123519 0.9395030003206012 0.7008716685405368
 0.2350535333804907 0.9401449610316138 0.7013999749293851
 0.2345495055107326 0.9407413706924357 0.7018886271679146
 0.2340331023392784 0.9413518128183596 0.7023865530238640
 0.2333187712046694 0.9421952145231515 0.7030707343311814
 0.2327918583239839 0.9428165869373684 0.7035720090240517
 0.2322931248997179 0.9434041484017389 0.7040438574732357
 0.2317546200306820 0.9440379360804366 0.7045505161684188
 0.2311987420614051 0.9446914906584800 0.7050704743703546
 0.2307021029386148 0.9452748167156332 0.7055323952938887
 0.2302144892727966 0.9458470125512427 0.7059834838929659
 0.2296897461866483 0.9464621962387255 0.7064661901531081
 0.2291287275351279 0.9471192448750499 0.7069791128807696
 0.2286357591278897 0.9476960336972953 0.7074271338974724
 0.2281573056085768 0.9482553409256478 0.7078595824426088
 0.2276546041632692 0.9488424679638930 0.7083114491965083
 0.2270251047461969 0.9495769335803026 0.7088737161023371
 0.2265243800452075 0.9501605572247903 0.7093181302338850
 0.2260506910486811 0.9507121876491876 0.7097362294220200
 0.2255614455629392 0.9512814459757601 0.7101656742834025
 0.2249429575601238 0.9520003785770075 0.7107050713305758
 0.2244354759360112 0.9525896933270273 0.7111447356410197
 0.2239631150085077 0.9531377547587517 0.7115516105828231
 0.2234847447850876 0.9536923304827177 0.7119613507741052
 0.2229485464013477 0.9543134023709809 0.7124178705500647
 0.2224223270034705 0.9549223604686338 0.7128630729173147
 0.2219435007671428 0.9554759991013341 0.7132657506164740
 0.2214721143654796 0.9560205968085849 0.7136599095600377
 0.2209746531596317 0.9565948501683336 0.7140734367994053
 0.2203247755800750 0.9573443282823130 0.7146099035629497
 0.2198217360717020 0.9579239082726823 0.7150222411109086
 0.2193472324582320 0.9584701695066234 0.7154088614755233
 0.2188582143503228 0.9590326953861164 0.7158049442202782
 0.2182702831768063 0.9597084092887700 0.7162779547142381
 0.2177532414862955 0.9603021180344772 0.7166910407193076
 0.2172723207150406 0.9608539069190165 0.7170728281007374
 0.2167883594883626 0.9614087564542693 0.7174546522543048
 0.2162576758050937 0.9620166823839569 0.7178706048314851
 0.2157014342581980 0.9626533405083252 0.7183035372541380
 0.2152039764970879 0.9632222469701581 0.7186880839918997
 0.2147172243091109 0.9637784844468551 0.7190619509622209
 0.2142049002184337 0.9643634927118238 0.7194528797676516
 0.2134958392583116 0.9651723916466035 0.7199895219666700
 0.2129689051414045 0.9657729550522461 0.7203849773422795
 0.2124704088176410 0.9663406677632180 0.7207564517388785
 0.2119475418626489 0.9669356797482959 0.7211433387160180
 0.2112389070960092 0.9677413544651352 0.7216632355719838
 0.2107011606066372 0.9683521784926523 0.7220543823785729
 0.2101889431685004 0.9689335580065466 0.7224242663564985
 0.2096459359564148 0.9695494132220824 0.7228135054938513
 0.2089942867871069 0.9702878505913088 0.7232766691850498
 0.2084503001748897 0.9709037611475059 0.7236599704676606
 0.2079216153804637 0.9715018927949278 0.7240295604592788
 0.2073501074997248 0.9721479738627338 0.7244258516806896
 0.2067322916281792 0.9728458279286363 0.7248505190746751
 0.2061806267919606 0.9734684587769350 0.7252264860454105
 0.2056293683276361 0.9740901619784637 0.7255991614239682
 0.2049921605105692 0.9748082191981249 0.7260261860834922
 0.2043992383822294 0.9754758197526846 0.7264198809205669
 0.2038396754104715 0.9761053763589405 0.7267881590362414
 0.2032489737396685 0.9767694625511059 0.7271734700163637
 0.2025948375494328 0.9775042659047178 0.7275960304112602
 0.2020219848343141 0.9781472511353696 0.7279625675222577
 0.2014492210484762 0.9787896644459008 0.7283258163004009
 0.2006989168860873 0.9796305008294881 0.7287968182075025
 0.2001120327327001 0.9802876461824185 0.7291613971370572
 0.1995531311661495 0.9809130128079466 0.7295054315904231
 0.1989364225537398 0.9816025610637974 0.7298814384032480
 0.1983372880895595 0.9822719624696581 0.7302430953165073
 0.1977886927858642 0.9828844723325092 0.7305711255368900
 0.1972365107600786 0.9835005805249156 0.7308983269475503
 0.1965783710115150 0.9842343862666275 0.7312844685307911
 0.1960051173904148 0.9848730845136524 0.7316174220990879
 0.1954703109992498 0.9854685624145043 0.7319252020107498
 0.1949225275654443 0.9860781092216023 0.7322375887632668
 0.1942054163090428 0.9868755004095706 0.7326421361533770
 0.1936429337941092 0.9875005008525565 0.7329559565221213
 0.1931160468847233 0.9880855933507141 0.7332471471597566
 0.1925692164507463 0.9886924720459066 0.7335465536331998
 0.1918199885893985 0.9895233842060572 0.7339521859459690
 0.1912661216825733 0.9901372030823200 0.7342486557956917
 0.1907439746551790 0.9907155352599504 0.7345255048492373
 0.1901948813479608 0.9913233677816226 0.7348138668385492
 0.1895335463040657 0.9920549841186725 0.7351573894760883
 0.1889915769691876 0.9926541749832609 0.7354358308431540
 0.1884739852037055 0.9932261029997637 0.7356991750700890
 0.1879334978045056 0.9938230087693601 0.7359715075605227
 0.1871901297857865 0.9946434425083358 0.7363416649834946
 0.1866410119310064 0.9952490983727531 0.7366118462407911
 0.1861237299587356 0.9958193412413238 0.7368638452294187
 0.1855826617072525 0.9964154983395610 0.7371248204514221
 0.1848645175995569 0.9972062805972924 0.7374670877152169
 0.1843174713526943 0.9978082962511373 0.7377246703615138
 0.1838003559005723 0.9983770886111349 0.7379656791206995
 0.1832608781014117 0.9989701861008609 0.7382145582014327
 0.1824814234022420 0.9998265921970368 0.7385695790169808
 0.1830010936790515 0.9992556855710336 0.7383334810373262
 0.1824891656595471 0.9998180885835147 0.7385660790428830
 0.1819678780832224  1.000390505377244 0.7388005542825596
 0.1814519219807545  1.000956803692973 0.7390302825626904
 0.1809109311946578  1.001550300239480 0.7392686608660477
 0.1801171992230457  1.002420557171482 0.7396138134753215
 0.1806463872744008  1.001840416348608 0.7393843018210573
 0.1801301286378353  1.002406386031978 0.7396082346403130
 0.1796059405773485  1.002980789635888 0.7398332660636890
 0.1790867841966180  1.003549425052879 0.7400538297864168
 0.1785415921963907  1.004146307828171 0.7402829991252150
 0.1777726942203940  1.004987643101121 0.7406019522582572
 0.1772141871417514  1.005598431080298 0.7408305281428995
 0.1766872384432165  1.006174450993110 0.7410438057895736
 0.1761330340958359  1.006780000093842 0.7412656321757881
 0.1754351879625398  1.007542117850367 0.7415413572008525
 0.1748783937060015  1.008149892217662 0.7417584974091493
 0.1743469641870583  1.008729733769161 0.7419633977737546
 0.1737894105411967  1.009337824432034 0.7421759162559769
 0.1730473090252178  1.010146791054628 0.7424548947588070
 0.1724804020920906  1.010764474518376 0.7426650404506751
 0.1719411029967052  1.011351837013875 0.7428625810072700
 0.1713714902842724  1.011971963409121 0.7430687362901262
 0.1706808029966012  1.012723559648694 0.7433153120238098
 0.1701121189905296  1.013342116321638 0.7435155519966667
 0.1695644448798115  1.013937587062089 0.7437060214551315
 0.1689837284038938  1.014568736832847 0.7439054300486970
 0.1682960230351256  1.015315842952051 0.7441381657636396
 0.1677192721336877  1.015942143803642 0.7443305043900579
 0.1671603302530811  1.016548876519945 0.7445144531713077
 0.1665619212736071  1.017198204344313 0.7447087720220669
 0.1658926654279146  1.017924109755969 0.7449229807971526
 0.1653095570420522  1.018556323140555 0.7451070138719742
 0.1647373186155082  1.019176525699399 0.7452853153693526
 0.1641142998059688  1.019851514420548 0.7454768827719979
 0.1634588950564313  1.020561312637959 0.7456755483472010
 0.1628687451453875  1.021200200017549 0.7458519306597805
 0.1622801367557882  1.021837194917354 0.7460254979824670
 0.1616165668114984  1.022555049592083 0.7462183709517144
 0.1609714522433841  1.023252674871760 0.7464030630690092
 0.1603715991925000  1.023901124239258 0.7465723249264793
 0.1597571891037725  1.024565083372122 0.7467432313597863
 0.1589602762972359  1.025425927079650 0.7469611829361602
 0.1583142489526794  1.026123506977458 0.7471347776082545
 0.1576925608055752  1.026794577894185 0.7472992274595965
 0.1570035697331901  1.027538041413032 0.7474785280449031
 0.1563157027123624  1.028280027612678 0.7476544895520857
 0.1556743990670142  1.028971553061861 0.7478158412440034
 0.1550029202878979  1.029695378906193 0.7479820232827419
 0.1542234685478893  1.030535295389030 0.7481714006065782
 0.1535493847433666  1.031261415327890 0.7483321330653655
 0.1528601283722162  1.032003639239719 0.7484935901040636
 0.1520605534274256  1.032864361340231 0.7486772902337789
 0.1513689650901421  1.033608585305261 0.7488331366266694
 0.1506521354223993  1.034379728469871 0.7489917560822947
 0.1498898098593213  1.035199548213414 0.7491572319055353
 0.1492002150717808  1.035940919739594 0.7493040900505680
 0.1484679134457240  1.036727967934506 0.7494571221345168
 0.1477312556226569  1.037519456738607 0.7496080720482857
 0.1470537255605516  1.038247207270818 0.7497443136224141
 0.1463354056652219  1.039018556023972 0.7498861101864932
 0.1456038305454427  1.039803915324881 0.7500277783309698
 0.1449388344945579  1.040517609008814 0.7501541793519180
 0.1442525549862355  1.041253956834762 0.7502822714618916
 0.1434818917586525  1.042080621570590 0.7504232856278897
 0.1428194784519163  1.042790985249848 0.7505421337125289
 0.1421607762164388  1.043497202911096 0.7506581932520445
 0.1412762950652910  1.044445230451813 0.7508107689789948
 0.1406037569267597  1.045165895652917 0.7509243138708843
 0.1399592254698424  1.045856397478099 0.7510311417595382
 0.1392153134798538  1.046653186047156 0.7511520311671951
 0.1385424840017876  1.047373674993221 0.7512591609972824
 0.1379108362289798  1.048049925658838 0.7513578508708413
 0.1372484675767304  1.048758924171759 0.7514594181109823
 0.1365036718107942  1.049555981934520 0.7515713224854690
 0.1358623066419526  1.050242209550841 0.7516657695972951
 0.1352301028812500  1.050918508963630 0.7517571565383918
 0.1344998067240115  1.051699589995566 0.7518606348830809
 0.1338338923342469  1.052411672360005 0.7519530673159752
 0.1332099615727061  1.053078741775856 0.7520380367002512
 0.1325610785569258  1.053772369271611 0.7521247584779506
 0.1317783815152693  1.054608879412514 0.7522271765681426
 0.1311349061930108  1.055296468557261 0.7523096154687963
 0.1305080361117754  1.055966205855124 0.7523884172684235
 0.1298011389212388  1.056721317150319 0.7524755098283811
 0.1291301631907893  1.057437936280992 0.7525564638175833
 0.1285066046097035  1.058103809466080 0.7526302279860313
 0.1278663967311646  1.058787360331794 0.7527045235669068
 0.1269023210224073  1.059816515762658 0.7528137439431273
 0.1275450506706161  1.059130423859953 0.7527412786948555
 0.1269360384094006  1.059780526075493 0.7528099766767921
 0.1263150376630349  1.060443334308221 0.7528787661890458
 0.1256876256025584  1.061112893528490 0.7529470147291365
 0.1249696016062074  1.061879040378312 0.7530236327580688
 0.1242994566700038  1.062593994135732 0.7530937674111201
 0.1236735732151835  1.063261636934067 0.7531581229382842
 0.1230269068153425  1.063951359653493 0.7532235008987133
 0.1221693063309597  1.064865922893800 0.7533085317773957
 0.1215136970275445  1.065564974336094 0.7533722961438440
 0.1208792835293661  1.066241341133387 0.7534330056421336
 0.1201544835861624  1.067013971730424 0.7535011924087498
 0.1194800028027230  1.067732868513069 0.7535635401634506
 0.1188489596794510  1.068405386501051 0.7536209208036458
 0.1181949584583155  1.069102290553737 0.7536794285917574
 0.1173648078580758  1.069986782948348 0.7537522996453729
 0.1167061625379133  1.070688452253606 0.7538090124619745
 0.1160656088013602  1.071370772355331 0.7538632351564802
 0.1153334369210676  1.072150594466269 0.7539240913633487
 0.1146515382396820  1.072876786838481 0.7539796969194171
 0.1140126199366191  1.073557134206313 0.7540308634005178
 0.1133481127429867  1.074264656379280 0.7540831239821678
 0.1125364403816148  1.075128770587449 0.7541456417189254
 0.1118717302648352  1.075836347569419 0.7541957648852923
 0.1112207778346365  1.076529211415772 0.7542439159385909
 0.1104674341208389  1.077330976415872 0.7542984916675486
 0.1097773363310010  1.078065354220784 0.7543474091445169
 0.1091267785693282  1.078757589667333 0.7543925857496245
 0.1084420076102627  1.079486163174967 0.7544391578971732
 0.1076666796422533  1.080311005217319 0.7544906781659613
 0.1069956642588336  1.081024805095955 0.7545342318251824
 0.1063280050811967  1.081734973624713 0.7545766186951427
 0.1055198189327538  1.082594536697687 0.7546266687391183
 0.1048199879483050  1.083338787625235 0.7546689026490029
 0.1041514865281622  1.084049662300962 0.7547082923484233
 0.1034234561184428  1.084823776212754 0.7547501327559523
 0.1026827185409002  1.085611335921036 0.7547915746160051
 0.1020026436614411  1.086334341597520 0.7548286231094908
 0.1013026901500657  1.087078425463469 0.7548657608504821
 0.1004116713992705  1.088025541939447 0.7549115891564316
 0.9970073573007095E-01  1.088781176037757 0.7549470011577849
 0.9899676200491100E-01  1.089529358402354 0.7549810615673676
 0.9803081291736639E-01  1.090555886267004 0.7550261728157518
 0.9729765998398045E-01  1.091334957484671 0.7550591605259368
 0.9657983716831728E-01  1.092097689353245 0.7550904176200138
 0.9558782699924273E-01  1.093151685514606 0.7551319337211532
 0.9483919903627280E-01  1.093947034759449 0.7551619844943884
 0.9410121503306229E-01  1.094731029737674 0.7551905371803179
 0.9305060294607786E-01  1.095847068640999 0.7552293591987354
 0.9228403147507841E-01  1.096661324769707 0.7552563412195743
 0.9151075984505599E-01  1.097482654175221 0.7552824265197734
 0.9063781329950502E-01  1.098409802774342 0.7553105361227270
 0.8986824676435656E-01  1.099227110081087 0.7553341711512080
 0.8906811627210812E-01  1.100076837300421 0.7553576426388288
 0.8817993672632188E-01  1.101020025730712 0.7553824321637308
 0.8738297134628092E-01  1.101866311779593 0.7554035990950417
 0.8653481668937038E-01  1.102766916499492 0.7554250762757018
 0.8565222743190318E-01  1.103704045120212 0.7554463562937254
 0.8482442141080895E-01  1.104582969717052 0.7554653930398819
 0.8388140611120358E-01  1.105584178125911 0.7554860597105395
 0.8299767530314421E-01  1.106522406895969 0.7555044934833668
 0.8211767545387026E-01  1.107456641001514 0.7555219941911357
 0.8106393055191037E-01  1.108575286087859 0.7555418775250747
 0.8015141689424998E-01  1.109543966420832 0.7555581875140105
 0.7905383445760349E-01  1.110709066075400 0.7555767221775507
 0.7809601855661598E-01  1.111725767188277 0.7555919523958339
 0.7701608718909608E-01  1.112872055191084 0.7556080974421976
 0.7602919996533604E-01  1.113919550509915 0.7556219295321769
 0.7491318631947509E-01  1.115104068544274 0.7556365454120769
 0.7391987653852584E-01  1.116158322577398 0.7556486634001480
 0.7278694783595813E-01  1.117360731723218 0.7556614894793205
 0.7180395813928765E-01  1.118403982261987 0.7556717865111815
 0.7072977790809243E-01  1.119543989988200 0.7556821853029807
 0.6975632544877797E-01  1.120577077476804 0.7556908543186921
 0.6876015348182128E-01  1.121634258508731 0.7556989765148464
 0.6776016465942047E-01  1.122695473691174 0.7557063290049845
 0.6680080697109594E-01  1.123713556163106 0.7557125543758326
 0.6565447083213004E-01  1.124930047236097 0.7557187835767984
 0.6467090441572278E-01  1.125973796369586 0.7557229574149326
 0.6345891169723797E-01  1.127259938671998 0.7557265661324527
 0.6241183822912678E-01  1.128371065978145 0.7557284585550450
 0.6118461408055097E-01  1.129673360581655 0.7557296074964693
 0.6005209631499057E-01  1.130875153713403 0.7557300479216392
 0.5872665447030888E-01  1.132281671148764 0.7557302169171930
 0.5743301405869407E-01  1.133654441650321 0.7557302551881608
 0.5588577436449840E-01  1.135296323668249 0.7557302624900111
 0.5428048672917083E-01  1.136999804322773 0.7557302631479880
 0.5234007367275179E-01  1.139058909513165 0.7557302631837940
 0.5004459188974085E-01  1.141494802447475 0.7557302631840640
 0.4719415335464442E-01  1.144519597999641 0.7557302631840314
 0.4250048461789114E-01  1.149500371359061 0.7557302631840307
 0.2956741726105193E-01  1.163224534899221 0.7557302631840307
-0.2216485216630490E-01  1.218121189059857 0.7557302631840307
-0.1571875749097584  1.361403047681645 0.7557302631840307
