!target position (X Y Z in cm)
0. 0. 1.5
!MoNA
0 0.0 805.12000000000000000000 16 0 0.0 -1.0 00.0 MoNABar A
0 0.0 815.63200000000000000000 16 0 0.0 -1.0 00.0 MoNABar B
0 0.0 826.14400000000000000000 16 0 0.0 -1.0 00.0 MoNABar C
0 0.0 836.65600000000000000000 16 0 0.0 -1.0 00.0 MoNABar D
0 0.0 847.16800000000000000000 16 0 0.0 -1.0 00.0 MoNABar E
0 0.0 857.68000000000000000000 16 0 0.0 -1.0 00.0 MoNABar F
0 0.0 868.19200000000000000000 16 0 0.0 -1.0 00.0 MoNABar G
0 0.0 600.00000000000000000000 16 0 0.0 -1.0 00.0 MoNABar I
0 0.0 610.51200000000000000000 16 0 0.0 -1.0 00.0 MoNABar J
0 0.0 621.02400000000000000000 16 0 0.0 -1.0 00.0 MoNABar K
0 0.0 631.53600000000000000000 16 0 0.0 -1.0 00.0 MoNABar L
0 0.0 642.04800000000000000000 16 0 0.0 -1.0 00.0 MoNABar M
0 0.0 702.56000000000000000000 16 0 0.0 -1.0 00.0 MoNABar N
0 0.0 713.07200000000000000000 16 0 0.0 -1.0 00.0 MoNABar O
0 0.0 723.58400000000000000000 16 0 0.0 -1.0 00.0 MoNABar P
0 0.0 734.09600000000000000000 16 0 0.0 -1.0 00.0 MoNABar Q
0 0.0 744.60800000000000000000 16 0 0.0 -1.0 00.0 MoNABar R
