!target position (X Y Z in cm)
0. 0. 1.5
!MoNA
0 0.0 727.96000000000000000000 16 0 0.0 -1.0 00.0 MoNABar A
0 0.0 738.47200000000000000000 16 0 0.0 -1.0 00.0 MoNABar B
0 0.0 774.38400000000000000000 16 0 0.0 -1.0 00.0 MoNABar C
0 0.0 784.89600000000000000000 16 0 0.0 -1.0 00.0 MoNABar D
0 0.0 820.80800000000000000000 16 0 0.0 -1.0 00.0 MoNABar F
0 0.0 831.32000000000000000000 16 0 0.0 -1.0 00.0 MoNABar G
0 0.0 841.83200000000000000000 16 0 0.0 -1.0 00.0 MoNABar H
0 0.0 600.00000000000000000000 16 0 0.0 -1.0 00.0 MoNABar I
0 0.0 610.51200000000000000000 16 0 0.0 -1.0 00.0 MoNABar J
0 0.0 646.42400000000000000000 16 0 0.0 -1.0 00.0 MoNABar K
0 0.0 656.93600000000000000000 16 0 0.0 -1.0 00.0 MoNABar L
0 0.0 667.44800000000000000000 16 0 0.0 -1.0 00.0 MoNABar M
243.99867180400442371800 0.0 548.14655718875197239000 16 .4188 0.0 -1.0 00.0 MoNABar N
248.27352853401058122153 0.0 557.75008487069890694627 16 .4188 0.0 -1.0 00.0 MoNABar O
252.54838526401673872506 0.0 592.75361255264584150254 16 .4188 0.0 -1.0 00.0 MoNABar P
256.82324199402289622859 0.0 602.35714023459277605881 16 .4188 0.0 -1.0 00.0 MoNABar Q
261.09809872402905373212 0.0 611.96066791653971061508 16 .4188 0.0 -1.0 00.0 MoNABar R
