!target position (X Y Z in cm)
0. 0. 1.5
!MoNA
0 0.0 855.92000000000000000000 16 0 0.0 -1.0 00.0 MoNABar A
0 0.0 866.43200000000000000000 16 0 0.0 -1.0 00.0 MoNABar B
0 0.0 902.34400000000000000000 16 0 0.0 -1.0 00.0 MoNABar C
0 0.0 912.85600000000000000000 16 0 0.0 -1.0 00.0 MoNABar D
0 0.0 948.76800000000000000000 16 0 0.0 -1.0 00.0 MoNABar F
0 0.0 959.28000000000000000000 16 0 0.0 -1.0 00.0 MoNABar G
0 0.0 969.79200000000000000000 16 0 0.0 -1.0 00.0 MoNABar H
0 0.0 600.00000000000000000000 16 0 0.0 -1.0 00.0 MoNABar I
0 0.0 610.51200000000000000000 16 0 0.0 -1.0 00.0 MoNABar J
0 0.0 646.42400000000000000000 16 0 0.0 -1.0 00.0 MoNABar K
0 0.0 656.93600000000000000000 16 0 0.0 -1.0 00.0 MoNABar L
0 0.0 667.44800000000000000000 16 0 0.0 -1.0 00.0 MoNABar M
0 0.0 727.96000000000000000000 16 0 0.0 -1.0 00.0 MoNABar N
0 0.0 738.47200000000000000000 16 0 0.0 -1.0 00.0 MoNABar O
0 0.0 774.38400000000000000000 16 0 0.0 -1.0 00.0 MoNABar P
0 0.0 784.89600000000000000000 16 0 0.0 -1.0 00.0 MoNABar Q
0 0.0 795.40800000000000000000 16 0 0.0 -1.0 00.0 MoNABar R
