  2.51968615E-02
  3.49040031E-02
  4.18699794E-02
  4.73499708E-02
  5.18424027E-02
  5.56091629E-02
  5.88095188E-02
  6.15496933E-02
  6.39051795E-02
  6.59321472E-02
  6.76739514E-02
  6.91649467E-02
  7.04330578E-02
  7.15013370E-02
  7.23891482E-02
  7.31129646E-02
  7.36869648E-02
  7.41234794E-02
  7.44332969E-02
  7.46259540E-02
  7.47099295E-02
  7.46927932E-02
  7.45813772E-02
  7.43818134E-02
  7.40997046E-02
  7.37401247E-02
  7.33077377E-02
  7.28067830E-02
  7.22412020E-02
  7.16145933E-02
  7.09303170E-02
  7.01914728E-02
  6.94009289E-02
  6.85613751E-02
  6.76752999E-02
  6.67450503E-02
  6.57728091E-02
  6.47606254E-02
  6.37104213E-02
  6.26240075E-02
  6.15030825E-02
  6.03492483E-02
  5.91640286E-02
  5.79488389E-02
  5.67050464E-02
  5.54339252E-02
  5.41366823E-02
  5.28144613E-02
  5.14683761E-02
  5.00994436E-02
  4.87086624E-02
  4.72969636E-02
  4.58652303E-02
  4.44143340E-02
  4.29450721E-02
  4.14582342E-02
  3.99545357E-02
  3.84346992E-02
  3.68993804E-02
  3.53492498E-02
  3.37849036E-02
  3.22069377E-02
  3.06159295E-02
  2.90124118E-02
  2.73968987E-02
  2.57699043E-02
  2.41318848E-02
  2.24833172E-02
  2.08246410E-02
  1.91562567E-02
  1.74786262E-02
  1.57920625E-02
  1.40969865E-02
  1.23937922E-02
  1.06827253E-02
  8.96424055E-03
  7.23861670E-03
  5.50612481E-03
  3.76712927E-03
  2.02171807E-03
  2.69825105E-04
   3.1401062    
   3.1383438    
   3.1365762    
   3.1348038    
   3.1330264    
   3.1312447    
   3.1294587    
   3.1276684    
   3.1258745    
   3.1240768    
   3.1222756    
   3.1204710    
   3.1186635    
   3.1168530    
   3.1150396    
   3.1132236    
   3.1114051    
   3.1095843    
   3.1077614    
   3.1059365    
   3.1041095    
   3.1022809    
   3.1004505    
   3.0986185    
   3.0967853    
   3.0949507    
   3.0931149    
   3.0912781    
   3.0894403    
   3.0876017    
   3.0857623    
   3.0839221    
   3.0820813    
   3.0802402    
   3.0783987    
   3.0765567    
   3.0747147    
   3.0728724    
   3.0710299    
   3.0691876    
   3.0673454    
   3.0655031    
   3.0636611    
   3.0618196    
   3.0599782    
   3.0581372    
   3.0562968    
   3.0544567    
   3.0526175    
   3.0507786    
   3.0489407    
   3.0471034    
   3.0452669    
   3.0434310    
   3.0415962    
   3.0397625    
   3.0379295    
   3.0360975    
   3.0342667    
   3.0324371    
   3.0306084    
   3.0287812    
   3.0269549    
   3.0251300    
   3.0233064    
   3.0214841    
   3.0196631    
   3.0178435    
   3.0160255    
   3.0142088    
   3.0123937    
   3.0105798    
   3.0087678    
   3.0069573    
   3.0051482    
   3.0033410    
   3.0015352    
   2.9997311    
   2.9979289    
   2.9961281    
   2.9943292    
   2.9925320    
   2.9907367    
   2.9889431    
   2.9871514    
   2.9853613    
   2.9835732    
   2.9817870    
   2.9800026    
   2.9782202    
   2.9764397    
   2.9746614    
   2.9728847    
   2.9711099    
   2.9693372    
   2.9675665    
   2.9657979    
   2.9640312    
   2.9622667    
   2.9605041    
   2.9587433    
   2.9569850    
   2.9552286    
   2.9534743    
   2.9517219    
   2.9499719    
   2.9482238    
   2.9464779    
   2.9447341    
   2.9429924    
   2.9412529    
   2.9395156    
   2.9377806    
   2.9360476    
   2.9343166    
   2.9325881    
   2.9308617    
   2.9291372    
   2.9274154    
   2.9256954    
   2.9239779    
   2.9222624    
   2.9205492    
   2.9188380    
   2.9171293    
   2.9154229    
   2.9137185    
   2.9120164    
   2.9103167    
   2.9086192    
   2.9069238    
   2.9052308    
   2.9035399    
   2.9018514    
   2.9001651    
   2.8984809    
   2.8967993    
   2.8951197    
   2.8934424    
   2.8917675    
   2.8900948    
   2.8884244    
   2.8867562    
   2.8850904    
   2.8834269    
   2.8817654    
   2.8801064    
   2.8784497    
   2.8767951    
   2.8751431    
   2.8734930    
   2.8718455    
   2.8701999    
   2.8685570    
   2.8669162    
   2.8652775    
   2.8636413    
   2.8620074    
   2.8603756    
   2.8587461    
   2.8571191    
   2.8554940    
   2.8538716    
   2.8522511    
   2.8506331    
   2.8490171    
   2.8474038    
   2.8457925    
   2.8441834    
   2.8425767    
   2.8409722    
   2.8393700    
   2.8377700    
   2.8361723    
   2.8345768    
   2.8329837    
   2.8313928    
   2.8298039    
   2.8282175    
   2.8266332    
   2.8250513    
   2.8234715    
   2.8218942    
   2.8203189    
   2.8187459    
   2.8171751    
   2.8156064    
   2.8140402    
   2.8124759    
   2.8109140    
   2.8093543    
   2.8077970    
   2.8062418    
   2.8046887    
   2.8031378    
   2.8015893    
   2.8000426    
   2.7984984    
   2.7969563    
   2.7954166    
   2.7938788    
   2.7923434    
   2.7908101    
   2.7892790    
   2.7877500    
   2.7862232    
   2.7846987    
   2.7831762    
   2.7816560    
   2.7801378    
   2.7786219    
   2.7771080    
   2.7755964    
   2.7740870    
   2.7725794    
   2.7710743    
   2.7695713    
   2.7680702    
   2.7665715    
