  0.17755312    
  0.23959732    
  0.28066090    
  0.31059054    
  0.33339137    
  0.35118875    
  0.36527431    
  0.37650108    
  0.38546532    
  0.39260137    
  0.39823568    
  0.40261981    
  0.40595162    
  0.40838921    
  0.41006088    
  0.41107199    
  0.41150990    
  0.41144782    
  0.41094750    
  0.41006157    
  0.40883505    
  0.40730670    
  0.40551013    
  0.40347460    
  0.40122566    
  0.39878580    
  0.39617479    
  0.39341018    
  0.39050749    
  0.38748062    
  0.38434187    
  0.38110235    
  0.37777197    
  0.37435973    
  0.37087366    
  0.36732101    
  0.36370847    
  0.36004192    
  0.35632688    
  0.35256824    
  0.34877056    
  0.34493795    
  0.34107414    
  0.33718258    
  0.33326647    
  0.32932866    
  0.32537180    
  0.32139841    
  0.31741065    
  0.31341064    
  0.30940026    
  0.30538130    
  0.30135536    
  0.29732394    
  0.29328844    
  0.28925014    
  0.28521022    
  0.28116977    
  0.27712983    
  0.27309129    
  0.26905507    
  0.26502198    
  0.26099271    
  0.25696802    
  0.25294849    
  0.24893478    
  0.24492739    
  0.24092685    
  0.23693363    
  0.23294817    
  0.22897089    
  0.22500214    
  0.22104228    
  0.21709163    
  0.21315050    
  0.20921914    
  0.20529781    
  0.20138676    
  0.19748618    
  0.19359629    
  0.18971725    
  0.18584923    
  0.18199238    
  0.17814685    
  0.17431277    
  0.17049022    
  0.16667934    
  0.16288021    
  0.15909290    
  0.15531750    
  0.15155408    
  0.14780267    
  0.14406335    
  0.14033614    
  0.13662110    
  0.13291825    
  0.12922762    
  0.12554923    
  0.12188306    
  0.11822918    
  0.11458755    
  0.11095819    
  0.10734110    
  0.10373626    
  0.10014367    
  9.65633169E-02
  9.29951817E-02
  8.94392505E-02
  8.58954936E-02
  8.23638886E-02
  7.88444132E-02
  7.53370523E-02
  7.18417466E-02
  6.83584884E-02
  6.48872256E-02
  6.14279397E-02
  5.79805747E-02
  5.45451120E-02
  5.11215031E-02
  4.77096960E-02
  4.43096645E-02
  4.09213416E-02
  3.75447161E-02
  3.41797210E-02
  3.08263078E-02
  2.74844412E-02
  2.41540801E-02
  2.08351444E-02
  1.75276250E-02
  1.42314360E-02
  1.09465448E-02
  7.67287379E-03
  4.41046851E-03
  1.15905236E-03
   3.1395116    
   3.1362824    
   3.1330643    
   3.1298568    
   3.1266606    
   3.1234751    
   3.1203003    
   3.1171362    
   3.1139829    
   3.1108401    
   3.1077080    
   3.1045861    
   3.1014750    
   3.0983741    
   3.0952835    
   3.0922034    
   3.0891335    
   3.0860736    
   3.0830240    
   3.0799847    
   3.0769551    
   3.0739355    
   3.0709260    
   3.0679262    
   3.0649364    
   3.0619562    
   3.0589857    
   3.0560250    
   3.0530739    
   3.0501323    
   3.0472002    
   3.0442777    
   3.0413644    
   3.0384607    
   3.0355661    
   3.0326810    
   3.0298049    
   3.0269380    
   3.0240803    
   3.0212317    
   3.0183918    
   3.0155613    
   3.0127394    
   3.0099266    
   3.0071225    
   3.0043271    
   3.0015407    
   2.9987626    
   2.9959934    
   2.9932327    
   2.9904807    
   2.9877372    
   2.9850018    
   2.9822752    
   2.9795568    
   2.9768467    
   2.9741449    
   2.9714515    
   2.9687660    
   2.9660888    
   2.9634197    
   2.9607587    
   2.9581058    
   2.9554608    
   2.9528236    
   2.9501944    
   2.9475729    
   2.9449594    
   2.9423537    
   2.9397557    
   2.9371653    
   2.9345825    
   2.9320073    
   2.9294398    
   2.9268799    
   2.9243274    
   2.9217823    
   2.9192448    
   2.9167144    
   2.9141915    
   2.9116759    
   2.9091675    
   2.9066663    
   2.9041724    
   2.9016855    
   2.8992059    
   2.8967333    
   2.8942678    
   2.8918092    
   2.8893576    
   2.8869131    
   2.8844752    
   2.8820443    
   2.8796203    
   2.8772032    
   2.8747926    
   2.8723888    
   2.8699920    
   2.8676016    
   2.8652179    
   2.8628407    
   2.8604701    
   2.8581061    
   2.8557487    
   2.8533976    
   2.8510530    
   2.8487148    
   2.8463829    
   2.8440573    
   2.8417382    
   2.8394253    
   2.8371186    
   2.8348184    
   2.8325241    
   2.8302360    
   2.8279541    
   2.8256783    
   2.8234086    
   2.8211448    
   2.8188872    
   2.8166356    
   2.8143897    
   2.8121500    
   2.8099160    
   2.8076880    
   2.8054659    
   2.8032496    
   2.8010390    
   2.7988343    
   2.7966352    
   2.7944419    
   2.7922542    
   2.7900722    
   2.7878959    
   2.7857251    
   2.7835600    
   2.7814004    
   2.7792463    
   2.7770979    
   2.7749548    
   2.7728171    
   2.7706850    
   2.7685583    
   2.7664368    
   2.7643206    
   2.7622099    
   2.7601047    
   2.7580044    
   2.7559097    
   2.7538199    
   2.7517354    
   2.7496564    
   2.7475822    
   2.7455134    
   2.7434497    
   2.7413909    
   2.7393372    
   2.7372887    
   2.7352452    
   2.7332067    
   2.7311733    
   2.7291446    
   2.7271211    
   2.7251024    
   2.7230885    
   2.7210796    
