  0.25267479    
  0.33556569    
  0.38787878    
  0.42443797    
  0.45123121    
  0.47138381    
  0.48675537    
  0.49854627    
  0.50757617    
  0.51442850    
  0.51953220    
  0.52321088    
  0.52571392    
  0.52723682    
  0.52793533    
  0.52793515    
  0.52733892    
  0.52623105    
  0.52468210    
  0.52275091    
  0.52048737    
  0.51793396    
  0.51512676    
  0.51209706    
  0.50887179    
  0.50547439    
  0.50192511    
  0.49824190    
  0.49444047    
  0.49053457    
  0.48653647    
  0.48245698    
  0.47830573    
  0.47409129    
  0.46982136    
  0.46550277    
  0.46114168    
  0.45674363    
  0.45231360    
  0.44785607    
  0.44337505    
  0.43887430    
  0.43435705    
  0.42982635    
  0.42528492    
  0.42073524    
  0.41617957    
  0.41161993    
  0.40705824    
  0.40249616    
  0.39793521    
  0.39337689    
  0.38882241    
  0.38427299    
  0.37972969    
  0.37519351    
  0.37066531    
  0.36614591    
  0.36163610    
  0.35713652    
  0.35264778    
  0.34817049    
  0.34370512    
  0.33925217    
  0.33481205    
  0.33038512    
  0.32597175    
  0.32157227    
  0.31718698    
  0.31281608    
  0.30845982    
  0.30411845    
  0.29979208    
  0.29548094    
  0.29118514    
  0.28690481    
  0.28264004    
  0.27839097    
  0.27415764    
  0.26994017    
  0.26573855    
  0.26155284    
  0.25738311    
  0.25322935    
  0.24909160    
  0.24496984    
  0.24086410    
  0.23677434    
  0.23270057    
  0.22864276    
  0.22460090    
  0.22057493    
  0.21656485    
  0.21257059    
  0.20859212    
  0.20462941    
  0.20068237    
  0.19675097    
  0.19283515    
  0.18893485    
  0.18505001    
  0.18118055    
  0.17732643    
  0.17348757    
  0.16966389    
  0.16585533    
  0.16206181    
  0.15828325    
  0.15451960    
  0.15077075    
  0.14703664    
  0.14331721    
  0.13961233    
  0.13592197    
  0.13224603    
  0.12858441    
  0.12493707    
  0.12130390    
  0.11768483    
  0.11407977    
  0.11048863    
  0.10691135    
  0.10334782    
  9.97979864E-02
  9.62617546E-02
  9.27390382E-02
  8.92297626E-02
  8.57338384E-02
  8.22511837E-02
  7.87817240E-02
  7.53253698E-02
  7.18820468E-02
  6.84516728E-02
  6.50341660E-02
  6.16294406E-02
  5.82374223E-02
  5.48580363E-02
  5.14911972E-02
  4.81368266E-02
  4.47948538E-02
  4.14651893E-02
  3.81477550E-02
  3.48424837E-02
  3.15493010E-02
  2.82681156E-02
  2.49988642E-02
  2.17414722E-02
  1.84958521E-02
  1.52619258E-02
  1.20396661E-02
  8.82891845E-03
  5.62974392E-03
  2.44196155E-03
   3.1408582    
   3.1376929    
   3.1345389    
   3.1313961    
   3.1282642    
   3.1251433    
   3.1220334    
   3.1189344    
   3.1158462    
   3.1127687    
   3.1097016    
   3.1066453    
   3.1035998    
   3.1005642    
   3.0975394    
   3.0945249    
   3.0915205    
   3.0885265    
   3.0855424    
   3.0825684    
   3.0796046    
   3.0766506    
   3.0737066    
   3.0707724    
   3.0678480    
   3.0649331    
   3.0620282    
   3.0591326    
   3.0562468    
   3.0533702    
   3.0505033    
   3.0476456    
   3.0447972    
   3.0419581    
   3.0391283    
   3.0363076    
   3.0334959    
   3.0306933    
   3.0278997    
   3.0251150    
   3.0223391    
   3.0195723    
   3.0168140    
   3.0140646    
   3.0113239    
   3.0085917    
   3.0058682    
   3.0031531    
   3.0004466    
   2.9977484    
   2.9950585    
   2.9923773    
   2.9897041    
   2.9870393    
   2.9843826    
   2.9817340    
   2.9790936    
   2.9764612    
   2.9738369    
   2.9712205    
   2.9686120    
   2.9660113    
   2.9634185    
   2.9608335    
   2.9582565    
   2.9556868    
   2.9531250    
   2.9505708    
   2.9480240    
   2.9454849    
   2.9429533    
   2.9404292    
   2.9379125    
   2.9354031    
   2.9329009    
   2.9304063    
   2.9279187    
   2.9254384    
   2.9229653    
   2.9204993    
   2.9180405    
   2.9155889    
   2.9131441    
   2.9107063    
   2.9082754    
   2.9058516    
   2.9034345    
   2.9010243    
   2.8986211    
   2.8962245    
   2.8938346    
   2.8914516    
   2.8890750    
   2.8867054    
   2.8843422    
   2.8819854    
   2.8796353    
   2.8772917    
   2.8749547    
   2.8726239    
   2.8702996    
   2.8679817    
   2.8656702    
   2.8633649    
   2.8610659    
   2.8587730    
   2.8564866    
   2.8542061    
   2.8519320    
   2.8496640    
   2.8474019    
   2.8451459    
   2.8428960    
   2.8406522    
   2.8384142    
   2.8361824    
   2.8339562    
   2.8317361    
   2.8295217    
   2.8273132    
   2.8251107    
   2.8229136    
   2.8207226    
   2.8185370    
   2.8163574    
   2.8141832    
   2.8120148    
   2.8098519    
   2.8076947    
   2.8055429    
   2.8033969    
   2.8012562    
   2.7991211    
   2.7969913    
   2.7948670    
   2.7927482    
   2.7906346    
   2.7885265    
   2.7864237    
   2.7843261    
   2.7822340    
   2.7801471    
   2.7780652    
   2.7759886    
   2.7739174    
   2.7718511    
   2.7697902    
