  0.35832816    
  0.46343303    
  0.52484697    
  0.56504589    
  0.59278840    
  0.61245716    
  0.62655312    
  0.63662887    
  0.64370728    
  0.64849293    
  0.65148866    
  0.65306348    
  0.65349460    
  0.65299463    
  0.65172911    
  0.64982897    
  0.64739925    
  0.64452475    
  0.64127499    
  0.63770735    
  0.63386941    
  0.62980127    
  0.62553644    
  0.62110358    
  0.61652696    
  0.61182755    
  0.60702318    
  0.60212946    
  0.59715974    
  0.59212571    
  0.58703768    
  0.58190453    
  0.57673407    
  0.57153326    
  0.56630808    
  0.56106400    
  0.55580574    
  0.55053753    
  0.54526299    
  0.53998560    
  0.53470820    
  0.52943343    
  0.52416366    
  0.51890099    
  0.51364720    
  0.50840396    
  0.50317281    
  0.49795505    
  0.49275184    
  0.48756418    
  0.48239303    
  0.47723919    
  0.47210345    
  0.46698639    
  0.46188858    
  0.45681056    
  0.45175275    
  0.44671550    
  0.44169921    
  0.43670410    
  0.43173042    
  0.42677841    
  0.42184821    
  0.41694000    
  0.41205385    
  0.40718985    
  0.40234810    
  0.39752859    
  0.39273140    
  0.38795650    
  0.38320386    
  0.37847352    
  0.37376541    
  0.36907944    
  0.36441562    
  0.35977381    
  0.35515401    
  0.35055608    
  0.34597993    
  0.34142551    
  0.33689263    
  0.33238125    
  0.32789123    
  0.32342246    
  0.31897482    
  0.31454816    
  0.31014237    
  0.30575731    
  0.30139285    
  0.29704887    
  0.29272521    
  0.28842172    
  0.28413832    
  0.27987480    
  0.27563107    
  0.27140695    
  0.26720235    
  0.26301706    
  0.25885096    
  0.25470397    
  0.25057584    
  0.24646652    
  0.24237582    
  0.23830360    
  0.23424974    
  0.23021409    
  0.22619650    
  0.22219685    
  0.21821499    
  0.21425077    
  0.21030408    
  0.20637476    
  0.20246270    
  0.19856775    
  0.19468977    
  0.19082864    
  0.18698421    
  0.18315639    
  0.17934500    
  0.17554995    
  0.17177111    
  0.16800833    
  0.16426151    
  0.16053051    
  0.15681520    
  0.15311548    
  0.14943123    
  0.14576232    
  0.14210863    
  0.13847005    
  0.13484646    
  0.13123775    
  0.12764379    
  0.12406449    
  0.12049972    
  0.11694939    
  0.11341337    
  0.10989156    
  0.10638386    
  0.10289015    
  9.94103402E-02
  9.59443152E-02
  9.24919695E-02
  8.90532136E-02
  8.56279433E-02
  8.22160468E-02
  7.88174421E-02
  7.54320174E-02
  7.20596835E-02
  6.87003434E-02
  6.53539076E-02
  6.20202683E-02
  5.86993434E-02
  5.53910434E-02
  5.20952716E-02
  4.88119386E-02
  4.55409437E-02
  4.22822274E-02
  3.90356816E-02
  3.58012132E-02
  3.25787589E-02
  2.93682106E-02
  2.61695161E-02
  2.29825452E-02
  1.98072717E-02
  1.66435596E-02
  1.34913744E-02
  1.03505943E-02
  7.22117815E-03
  4.10296908E-03
  9.95913753E-04
   3.1394930    
   3.1364081    
   3.1333342    
   3.1302712    
   3.1272192    
   3.1241777    
   3.1211472    
   3.1181269    
   3.1151173    
   3.1121182    
   3.1091297    
   3.1061511    
   3.1031830    
   3.1002250    
   3.0972772    
   3.0943394    
   3.0914116    
   3.0884938    
   3.0855858    
   3.0826876    
   3.0797992    
   3.0769203    
   3.0740511    
   3.0711915    
   3.0683415    
   3.0655007    
   3.0626693    
   3.0598474    
   3.0570345    
   3.0542309    
   3.0514364    
   3.0486512    
   3.0458748    
   3.0431075    
   3.0403490    
   3.0375993    
   3.0348587    
   3.0321267    
   3.0294032    
   3.0266886    
   3.0239825    
   3.0212851    
   3.0185959    
   3.0159154    
   3.0132432    
   3.0105793    
   3.0079238    
   3.0052764    
   3.0026374    
   3.0000064    
   2.9973836    
   2.9947686    
   2.9921618    
   2.9895630    
   2.9869721    
   2.9843891    
   2.9818137    
   2.9792464    
   2.9766867    
   2.9741347    
   2.9715903    
   2.9690535    
   2.9665241    
   2.9640026    
   2.9614882    
   2.9589815    
   2.9564822    
   2.9539900    
   2.9515054    
   2.9490278    
   2.9465578    
   2.9440947    
   2.9416387    
   2.9391899    
   2.9367483    
   2.9343138    
   2.9318860    
   2.9294653    
   2.9270515    
   2.9246447    
   2.9222448    
   2.9198515    
   2.9174650    
   2.9150853    
   2.9127123    
   2.9103460    
   2.9079864    
   2.9056334    
   2.9032869    
   2.9009469    
   2.8986135    
   2.8962865    
   2.8939657    
   2.8916516    
   2.8893437    
   2.8870423    
   2.8847470    
   2.8824582    
   2.8801756    
   2.8778989    
   2.8756287    
   2.8733644    
   2.8711064    
   2.8688545    
   2.8666086    
   2.8643687    
   2.8621347    
   2.8599069    
   2.8576849    
   2.8554688    
   2.8532584    
   2.8510540    
   2.8488555    
   2.8466625    
   2.8444755    
   2.8422942    
   2.8401186    
   2.8379486    
   2.8357844    
   2.8336258    
   2.8314726    
   2.8293252    
   2.8271830    
   2.8250465    
   2.8229156    
   2.8207901    
   2.8186700    
   2.8165553    
   2.8144460    
