  0.20517477    
  0.27534589    
  0.32102662    
  0.35383326    
  0.37848690    
  0.39748171    
  0.41232350    
  0.42399931    
  0.43319359    
  0.44040081    
  0.44598973    
  0.45024228    
  0.45337844    
  0.45557290    
  0.45696634    
  0.45767346    
  0.45778891    
  0.45739138    
  0.45654702    
  0.45531178    
  0.45373327    
  0.45185232    
  0.44970411    
  0.44731921    
  0.44472408    
  0.44194198    
  0.43899328    
  0.43589589    
  0.43266571    
  0.42931676    
  0.42586163    
  0.42231146    
  0.41867623    
  0.41496485    
  0.41118544    
  0.40734521    
  0.40345067    
  0.39950776    
  0.39552179    
  0.39149764    
  0.38743973    
  0.38335201    
  0.37923819    
  0.37510154    
  0.37094516    
  0.36677179    
  0.36258397    
  0.35838404    
  0.35417417    
  0.34995624    
  0.34573212    
  0.34150341    
  0.33727166    
  0.33303827    
  0.32880449    
  0.32457155    
  0.32034048    
  0.31611237    
  0.31188804    
  0.30766845    
  0.30345431    
  0.29924637    
  0.29504529    
  0.29085171    
  0.28666615    
  0.28248918    
  0.27832127    
  0.27416283    
  0.27001432    
  0.26587605    
  0.26174843    
  0.25763175    
  0.25352627    
  0.24943230    
  0.24535005    
  0.24127975    
  0.23722161    
  0.23317580    
  0.22914249    
  0.22512183    
  0.22111395    
  0.21711898    
  0.21313703    
  0.20916818    
  0.20521255    
  0.20127016    
  0.19734113    
  0.19342548    
  0.18952326    
  0.18563454    
  0.18175933    
  0.17789763    
  0.17404950    
  0.17021494    
  0.16639394    
  0.16258653    
  0.15879267    
  0.15501238    
  0.15124564    
  0.14749244    
  0.14375275    
  0.14002655    
  0.13631381    
  0.13261452    
  0.12892862    
  0.12525608    
  0.12159687    
  0.11795095    
  0.11431828    
  0.11069881    
  0.10709250    
  0.10349929    
  9.99191552E-02
  9.63520184E-02
  9.27978382E-02
  8.92565623E-02
  8.57281461E-02
  8.22125152E-02
  7.87096247E-02
  7.52194226E-02
  7.17418417E-02
  6.82768226E-02
  6.48243129E-02
  6.13842532E-02
  5.79565689E-02
  5.45412228E-02
  5.11381403E-02
  4.77472581E-02
  4.43685204E-02
  4.10018489E-02
  3.76472101E-02
  3.43045183E-02
  3.09737287E-02
  2.76547521E-02
  2.43475623E-02
  2.10520476E-02
  1.77682135E-02
  1.44959176E-02
  1.12351589E-02
  7.98585825E-03
  4.74789739E-03
  1.52136607E-03
   3.1398988    
   3.1366944    
   3.1335015    
   3.1303196    
   3.1271486    
   3.1239889    
   3.1208398    
   3.1177015    
   3.1145740    
   3.1114573    
   3.1083512    
   3.1052558    
   3.1021707    
   3.0990963    
   3.0960321    
   3.0929785    
   3.0899351    
   3.0869017    
   3.0838788    
   3.0808659    
   3.0778630    
   3.0748701    
   3.0718870    
   3.0689142    
   3.0659509    
   3.0629973    
   3.0600538    
   3.0571196    
   3.0541952    
   3.0512805    
   3.0483751    
   3.0454791    
   3.0425925    
   3.0397153    
   3.0368476    
   3.0339890    
   3.0311394    
   3.0282991    
   3.0254676    
   3.0226455    
   3.0198324    
   3.0170279    
   3.0142324    
   3.0114460    
   3.0086679    
   3.0058990    
   3.0031385    
   3.0003867    
   2.9976435    
   2.9949088    
   2.9921827    
   2.9894650    
   2.9867556    
   2.9840548    
   2.9813621    
   2.9786775    
   2.9760015    
   2.9733334    
   2.9706736    
   2.9680216    
   2.9653780    
   2.9627421    
   2.9601142    
   2.9574945    
   2.9548824    
   2.9522781    
   2.9496818    
   2.9470930    
   2.9445119    
   2.9419386    
   2.9393728    
   2.9368148    
   2.9342639    
   2.9317210    
   2.9291852    
   2.9266570    
   2.9241362    
   2.9216225    
   2.9191163    
   2.9166174    
   2.9141254    
   2.9116409    
   2.9091635    
   2.9066932    
   2.9042301    
   2.9017737    
   2.8993247    
   2.8968823    
   2.8944471    
   2.8920186    
   2.8895972    
   2.8871825    
   2.8847744    
   2.8823733    
   2.8799789    
   2.8775911    
   2.8752100    
   2.8728354    
   2.8704674    
   2.8681061    
   2.8657513    
   2.8634031    
   2.8610611    
   2.8587255    
   2.8563967    
   2.8540738    
   2.8517575    
   2.8494475    
   2.8471437    
   2.8448460    
   2.8425546    
   2.8402693    
   2.8379903    
   2.8357174    
   2.8334506    
   2.8311896    
   2.8289349    
   2.8266861    
   2.8244433    
   2.8222065    
   2.8199756    
   2.8177505    
   2.8155313    
   2.8133180    
   2.8111103    
   2.8089085    
   2.8067124    
   2.8045220    
   2.8023374    
   2.8001585    
   2.7979851    
   2.7958174    
   2.7936552    
   2.7914987    
   2.7893476    
   2.7872019    
   2.7850618    
   2.7829273    
   2.7807982    
   2.7786744    
   2.7765560    
   2.7744429    
   2.7723353    
   2.7702329    
   2.7681358    
   2.7660439    
   2.7639573    
   2.7618759    
   2.7597997    
   2.7577286    
   2.7556629    
   2.7536020    
   2.7515464    
   2.7494957    
   2.7474504    
   2.7454097    
   2.7433741    
   2.7413437    
