!target position (X Y Z in cm)
0. 0. 0.
!MoNA
0 0.0 1049.10000000000000000000 16 0 0.0 -1.0 00.0 MoNABar A
0 0.0 1059.61200000000000000000 16 0 0.0 -1.0 00.0 MoNABar B
0 0.0 1070.12400000000000000000 16 0 0.0 -1.0 00.0 MoNABar C
0 0.0 1108.63600000000000000000 16 0 0.0 -1.0 00.0 MoNABar D
0 0.0 1119.14800000000000000000 16 0 0.0 -1.0 00.0 MoNABar E
0 0.0 1153.86000000000000000000 16 0 0.0 -1.0 00.0 MoNABar F
0 0.0 1164.37200000000000000000 16 0 0.0 -1.0 00.0 MoNABar G
0 0.0 1174.88400000000000000000 16 0 0.0 -1.0 00.0 MoNABar H
0 0.0 602.30000000000000000000 16 0 0.0 -1.0 00.0 MoNABar N
0 0.0 612.81200000000000000000 16 0 0.0 -1.0 00.0 MoNABar O
0 0.0 623.32400000000000000000 16 0 0.0 -1.0 00.0 MoNABar P
0 0.0 673.83600000000000000000 16 0 0.0 -1.0 00.0 MoNABar Q
0 0.0 684.34800000000000000000 16 0 0.0 -1.0 00.0 MoNABar R
0 0.0 819.70000000000000000000 16 0 0.0 -1.0 00.0 MoNABar J
0 0.0 830.21200000000000000000 16 0 0.0 -1.0 00.0 MoNABar K
0 0.0 891.42400000000000000000 16 0 0.0 -1.0 00.0 MoNABar L
0 0.0 901.93600000000000000000 16 0 0.0 -1.0 00.0 MoNABar M
