!target position (X Y Z in cm)
0. 0. 1.5
!MoNA
0 0.0 790.00000000000000000000 16 0 0.0 -1.0 00.0 MoNABar A
0 0.0 800.51200000000000000000 16 0 0.0 -1.0 00.0 MoNABar B
0 0.0 811.02400000000000000000 16 0 0.0 -1.0 00.0 MoNABar C
0 0.0 861.53600000000000000000 16 0 0.0 -1.0 00.0 MoNABar D
0 0.0 872.04800000000000000000 16 0 0.0 -1.0 00.0 MoNABar E
0 0.0 882.56000000000000000000 16 0 0.0 -1.0 00.0 MoNABar F
0 0.0 933.07200000000000000000 16 0 0.0 -1.0 00.0 MoNABar G
0 0.0 943.58400000000000000000 16 0 0.0 -1.0 00.0 MoNABar H
0 0.0 954.09600000000000000000 16 0 0.0 -1.0 00.0 MoNABar I
444.92386529138937417610 0.0 770.80656074930343171200 16 .5235 0.0 -1.0 00.0 MoNABar J
450.17896604638160462704 0.0 779.91073891401879988520 16 .5235 0.0 -1.0 00.0 MoNABar K
455.43406680137383507798 0.0 789.01491707873416805840 16 .5235 0.0 -1.0 00.0 MoNABar L
460.68916755636606552892 0.0 798.11909524344953623160 16 .5235 0.0 -1.0 00.0 MoNABar M
499.91445538358356649000 0.0 866.07478735876790080000 16 .5235 0.0 -1.0 00.0 MoNABar N
505.16955613857579694094 0.0 875.17896552348326897320 16 .5235 0.0 -1.0 00.0 MoNABar O
510.42465689356802739188 0.0 884.28314368819863714640 16 .5235 0.0 -1.0 00.0 MoNABar P
515.67975764856025784282 0.0 893.38732185291400531960 16 .5235 0.0 -1.0 00.0 MoNABar Q
520.93485840355248829376 0.0 902.49150001762937349280 16 .5235 0.0 -1.0 00.0 MoNABar R
