!target position (X Y Z in cm)
0. 0. 1.5
!MoNA
0 0.0 875.92000000000000000000 16 0 0.0 -1.0 00.0 MoNABar A
0 0.0 886.43200000000000000000 16 0 0.0 -1.0 00.0 MoNABar B
0 0.0 922.34400000000000000000 16 0 0.0 -1.0 00.0 MoNABar C
0 0.0 932.85600000000000000000 16 0 0.0 -1.0 00.0 MoNABar D
0 0.0 968.76800000000000000000 16 0 0.0 -1.0 00.0 MoNABar F
0 0.0 979.28000000000000000000 16 0 0.0 -1.0 00.0 MoNABar G
0 0.0 989.79200000000000000000 16 0 0.0 -1.0 00.0 MoNABar H
282.81494631031997011600 0.0 282.87047591343079705600 16 .7853 0.0 -1.0 00.0 MoNABar I
290.24732309935517893064 0.0 290.30431202043575840263 16 .7853 0.0 -1.0 00.0 MoNABar J
297.67969988839038774528 0.0 323.13814812744071974926 16 .7853 0.0 -1.0 00.0 MoNABar K
305.11207667742559655992 0.0 330.57198423444568109589 16 .7853 0.0 -1.0 00.0 MoNABar L
312.54445346646080537456 0.0 338.00582034145064244252 16 .7853 0.0 -1.0 00.0 MoNABar M
218.15569375073848584770 0.0 599.50067129581598254874 16 .3490 0.0 -1.0 00.0 MoNABar N
221.75035901612779389715 0.0 609.37895685707627725146 16 .3490 0.0 -1.0 00.0 MoNABar O
225.34502428151710194660 0.0 644.65724241833657195418 16 .3490 0.0 -1.0 00.0 MoNABar P
228.93968954690640999605 0.0 654.53552797959686665690 16 .3490 0.0 -1.0 00.0 MoNABar Q
232.53435481229571804550 0.0 664.41381354085716135962 16 .3490 0.0 -1.0 00.0 MoNABar R
