!target position (X Y Z in cm)
0. 0. 1.5
!MoNA
0 0.0 455.92000000000000000000 16 0 0.0 -1.0 00.0 MoNABar A
0 0.0 466.43200000000000000000 16 0 0.0 -1.0 00.0 MoNABar B
0 0.0 502.34400000000000000000 16 0 0.0 -1.0 00.0 MoNABar C
0 0.0 512.85600000000000000000 16 0 0.0 -1.0 00.0 MoNABar D
0 0.0 548.76800000000000000000 16 0 0.0 -1.0 00.0 MoNABar F
0 0.0 559.28000000000000000000 16 0 0.0 -1.0 00.0 MoNABar G
0 0.0 569.79200000000000000000 16 0 0.0 -1.0 00.0 MoNABar H
0 0.0 200.00000000000000000000 16 0 0.0 -1.0 00.0 MoNABar I
0 0.0 210.51200000000000000000 16 0 0.0 -1.0 00.0 MoNABar J
0 0.0 246.42400000000000000000 16 0 0.0 -1.0 00.0 MoNABar K
0 0.0 256.93600000000000000000 16 0 0.0 -1.0 00.0 MoNABar L
0 0.0 267.44800000000000000000 16 0 0.0 -1.0 00.0 MoNABar M
0 0.0 327.96000000000000000000 16 0 0.0 -1.0 00.0 MoNABar N
0 0.0 338.47200000000000000000 16 0 0.0 -1.0 00.0 MoNABar O
0 0.0 374.38400000000000000000 16 0 0.0 -1.0 00.0 MoNABar P
0 0.0 384.89600000000000000000 16 0 0.0 -1.0 00.0 MoNABar Q
0 0.0 395.40800000000000000000 16 0 0.0 -1.0 00.0 MoNABar R
