!target position (X Y Z in cm)
0. 0. 1.5
!MoNA
0 0.0 1195.92000000000000000000 16 0 0.0 -1.0 00.0 MoNABar A
0 0.0 1206.43200000000000000000 16 0 0.0 -1.0 00.0 MoNABar B
0 0.0 1242.34400000000000000000 16 0 0.0 -1.0 00.0 MoNABar C
0 0.0 1252.85600000000000000000 16 0 0.0 -1.0 00.0 MoNABar D
0 0.0 1288.76800000000000000000 16 0 0.0 -1.0 00.0 MoNABar F
0 0.0 1299.28000000000000000000 16 0 0.0 -1.0 00.0 MoNABar G
0 0.0 1309.79200000000000000000 16 0 0.0 -1.0 00.0 MoNABar H
282.81494631031997011600 0.0 282.87047591343079705600 16 .7853 0.0 -1.0 00.0 MoNABar I
290.24732309935517893064 0.0 290.30431202043575840263 16 .7853 0.0 -1.0 00.0 MoNABar J
297.67969988839038774528 0.0 323.13814812744071974926 16 .7853 0.0 -1.0 00.0 MoNABar K
305.11207667742559655992 0.0 330.57198423444568109589 16 .7853 0.0 -1.0 00.0 MoNABar L
312.54445346646080537456 0.0 338.00582034145064244252 16 .7853 0.0 -1.0 00.0 MoNABar M
206.45063905902280879045 0.0 770.79069482715026209749 16 .2617 0.0 -1.0 00.0 MoNABar N
209.17033568264861430201 0.0 780.94477746791296142473 16 .2617 0.0 -1.0 00.0 MoNABar O
211.89003230627441981357 0.0 816.49886010867566075197 16 .2617 0.0 -1.0 00.0 MoNABar P
214.60972892990022532513 0.0 826.65294274943836007921 16 .2617 0.0 -1.0 00.0 MoNABar Q
217.32942555352603083669 0.0 836.80702539020105940645 16 .2617 0.0 -1.0 00.0 MoNABar R
