!target position (X Y Z in cm)
0. 0. 0.
!MoNA
0 0.0 1052.50000000000000000000 16 0 0.0 -1.0 00.0 MoNABar A
0 0.0 1063.01200000000000000000 16 0 0.0 -1.0 00.0 MoNABar B
0 0.0 1073.52400000000000000000 16 0 0.0 -1.0 00.0 MoNABar C
0 0.0 1110.73600000000000000000 16 0 0.0 -1.0 00.0 MoNABar D
0 0.0 1121.24800000000000000000 16 0 0.0 -1.0 00.0 MoNABar E
0 0.0 1158.46000000000000000000 16 0 0.0 -1.0 00.0 MoNABar F
0 0.0 1168.97200000000000000000 16 0 0.0 -1.0 00.0 MoNABar G
0 0.0 1179.48400000000000000000 16 0 0.0 -1.0 00.0 MoNABar H
0 0.0 600.00000000000000000000 16 0 0.0 -1.0 00.0 MoNABar I
0 0.0 610.51200000000000000000 16 0 0.0 -1.0 00.0 MoNABar J
0 0.0 621.02400000000000000000 16 0 0.0 -1.0 00.0 MoNABar K
0 0.0 671.53600000000000000000 16 0 0.0 -1.0 00.0 MoNABar L
0 0.0 682.04800000000000000000 16 0 0.0 -1.0 00.0 MoNABar M
0 0.0 826.25000000000000000000 16 0 0.0 -1.0 00.0 MoNABar N
0 0.0 836.76200000000000000000 16 0 0.0 -1.0 00.0 MoNABar O
0 0.0 897.78600000000000000000 16 0 0.0 -1.0 00.0 MoNABar P
0 0.0 908.29800000000000000000 16 0 0.0 -1.0 00.0 MoNABar Q
