!target position (X Y Z in cm)
0. 0. 0.
!MoNA
0 0.0 1122.50000000000000000000 16 0 0.0 -1.0 00.0 MoNABar A
0 0.0 1133.01200000000000000000 16 0 0.0 -1.0 00.0 MoNABar B
0 0.0 1172.27400000000000000000 16 0 0.0 -1.0 00.0 MoNABar C
0 0.0 1182.78600000000000000000 16 0 0.0 -1.0 00.0 MoNABar D
0 0.0 1222.04800000000000000000 16 0 0.0 -1.0 00.0 MoNABar F
0 0.0 1232.56000000000000000000 16 0 0.0 -1.0 00.0 MoNABar G
0 0.0 1243.07200000000000000000 16 0 0.0 -1.0 00.0 MoNABar H
0 0.0 758.50000000000000000000 16 0 0.0 -1.0 00.0 MoNABar I
0 0.0 769.01200000000000000000 16 0 0.0 -1.0 00.0 MoNABar J
0 0.0 811.52400000000000000000 16 0 0.0 -1.0 00.0 MoNABar K
0 0.0 822.03600000000000000000 16 0 0.0 -1.0 00.0 MoNABar L
0 0.0 832.54800000000000000000 16 0 0.0 -1.0 00.0 MoNABar M
0 0.0 940.50000000000000000000 16 0 0.0 -1.0 00.0 MoNABar N
0 0.0 951.01200000000000000000 16 0 0.0 -1.0 00.0 MoNABar O
0 0.0 993.52400000000000000000 16 0 0.0 -1.0 00.0 MoNABar P
0 0.0 1004.03600000000000000000 16 0 0.0 -1.0 00.0 MoNABar Q
0 0.0 1014.54800000000000000000 16 0 0.0 -1.0 00.0 MoNABar R
