!target position (X Y Z in cm)
0. 0. 1.5
!MoNA
0 0.0 3.00000000000000000000 8 0 0.0 -1.0 00.0 MoNABar A
0 0.0 13.51200000000000000000 8 0 0.0 -1.0 00.0 MoNABar B
0 0.0 24.02400000000000000000 8 0 0.0 -1.0 00.0 MoNABar C
0 0.0 34.53600000000000000000 8 0 0.0 -1.0 00.0 MoNABar D
0 0.0 45.04800000000000000000 8 0 0.0 -1.0 00.0 MoNABar E
0 0.0 55.56000000000000000000 8 0 0.0 -1.0 00.0 MoNABar F
0 0.0 66.07200000000000000000 8 0 0.0 -1.0 00.0 MoNABar G
0 0.0 76.58400000000000000000 8 0 0.0 -1.0 00.0 MoNABar H
0 0.0 87.09600000000000000000 8 0 0.0 -1.0 00.0 MoNABar I
1.70979131725138320465 0.0 4.69857570455683728250 8 .3490 0.0 -1.0 00.0 MoNABar J
5.30445658264069125410 0.0 14.57686126581713198522 8 .3490 0.0 -1.0 00.0 MoNABar K
8.89912184802999930355 0.0 24.45514682707742668794 8 .3490 0.0 -1.0 00.0 MoNABar L
12.49378711341930735300 0.0 34.33343238833772139066 8 .3490 0.0 -1.0 00.0 MoNABar M
2.05174958070165984558 0.0 5.63829084546820473900 8 .3490 0.0 -1.0 00.0 MoNABar N
5.64641484609096789503 0.0 15.51657640672849944172 8 .3490 0.0 -1.0 00.0 MoNABar O
9.24108011148027594448 0.0 25.39486196798879414444 8 .3490 0.0 -1.0 00.0 MoNABar P
12.83574537686958399393 0.0 35.27314752924908884716 8 .3490 0.0 -1.0 00.0 MoNABar Q
16.43041064225889204338 0.0 45.15143309050938354988 8 .3490 0.0 -1.0 00.0 MoNABar R
