!target position (X Y Z in cm)
0. 0. 0.
!MoNA
0 0.0 786.00000000000000000000 16 0 0.0 -1.0 00.0 MoNABar A
0 0.0 796.00000000000000000000 16 0 0.0 -1.0 00.0 MoNABar B
0 0.0 806.00000000000000000000 16 0 0.0 -1.0 00.0 MoNABar C
0 0.0 816.00000000000000000000 16 0 0.0 -1.0 00.0 MoNABar D
0 0.0 826.00000000000000000000 16 0 0.0 -1.0 00.0 MoNABar E
0 0.0 836.00000000000000000000 16 0 0.0 -1.0 00.0 MoNABar F
0 0.0 846.00000000000000000000 16 0 0.0 -1.0 00.0 MoNABar G
0 0.0 856.00000000000000000000 16 0 0.0 -1.0 00.0 MoNABar H
0 0.0 866.00000000000000000000 16 0 0.0 -1.0 00.0 MoNABar I
200.22465569761298953090 0.0 490.72404388899911962860 16 .3874 0.0 -1.0 00.0 MoNABar J
204.00247939002078178620 0.0 499.98298811331985773480 16 .3874 0.0 -1.0 00.0 MoNABar K
207.78030308242857404150 0.0 509.24193233764059584100 16 .3874 0.0 -1.0 00.0 MoNABar L
211.55812677483636629680 0.0 518.50087656196133394720 16 .3874 0.0 -1.0 00.0 MoNABar M
240.26958683713558743708 0.0 588.86885266679894355432 16 .3874 0.0 -1.0 00.0 MoNABar N
244.04741052954337969238 0.0 598.12779689111968166052 16 .3874 0.0 -1.0 00.0 MoNABar O
247.82523422195117194768 0.0 607.38674111544041976672 16 .3874 0.0 -1.0 00.0 MoNABar P
251.60305791435896420298 0.0 616.64568533976115787292 16 .3874 0.0 -1.0 00.0 MoNABar Q
255.38088160676675645828 0.0 625.90462956408189597912 16 .3874 0.0 -1.0 00.0 MoNABar R
