!target position (X Y Z in cm)
0. 0. 0.
!MoNA
0 0.0 450.00000000000000000000 16 0 0.0 -1.0 00.0 MoNABar A
0 0.0 460.00000000000000000000 16 0 0.0 -1.0 00.0 MoNABar B
0 0.0 470.00000000000000000000 16 0 0.0 -1.0 00.0 MoNABar C
0 0.0 480.00000000000000000000 16 0 0.0 -1.0 00.0 MoNABar D
0 0.0 490.00000000000000000000 16 0 0.0 -1.0 00.0 MoNABar E
0 0.0 500.00000000000000000000 16 0 0.0 -1.0 00.0 MoNABar F
0 0.0 510.00000000000000000000 16 0 0.0 -1.0 00.0 MoNABar G
0 0.0 520.00000000000000000000 16 0 0.0 -1.0 00.0 MoNABar H
0 0.0 530.00000000000000000000 16 0 0.0 -1.0 00.0 MoNABar I
0 0.0 540.00000000000000000000 16 0 0.0 -1.0 00.0 MoNABar J
0 0.0 550.00000000000000000000 16 0 0.0 -1.0 00.0 MoNABar K
0 0.0 560.00000000000000000000 16 0 0.0 -1.0 00.0 MoNABar L
0 0.0 570.00000000000000000000 16 0 0.0 -1.0 00.0 MoNABar M
0 0.0 580.00000000000000000000 16 0 0.0 -1.0 00.0 MoNABar N
0 0.0 590.00000000000000000000 16 0 0.0 -1.0 00.0 MoNABar O
0 0.0 600.00000000000000000000 16 0 0.0 -1.0 00.0 MoNABar P
0 0.0 610.00000000000000000000 16 0 0.0 -1.0 00.0 MoNABar Q
0 0.0 620.00000000000000000000 16 0 0.0 -1.0 00.0 MoNABar R
