  0.202448562
  0.277199358
  0.329230905
  0.369193673
  0.401373953
  0.428035408
  0.450552613
  0.469835192
  0.486521542
  0.501079202
  0.513861895
  0.5251441
  0.535143256
  0.544034779
  0.551961958
  0.559043586
  0.565378964
  0.571052134
  0.576134562
  0.580687642
  0.584764481
  0.588411152
  0.59166801
  0.594570458
  0.597149849
  0.59943378
  0.601446986
  0.603211522
  0.604747117
  0.606071472
  0.607200682
  0.60814923
  0.608930171
  0.609555483
  0.610036016
  0.610381722
  0.610601723
  0.610704243
  0.610697031
  0.61058706
  0.610380828
  0.610084355
  0.609703183
  0.60924238
  0.608706772
  0.608100772
  0.607428491
  0.606693685
  0.60589993
  0.605050623
  0.604148865
  0.603197455
  0.602199256
  0.601156712
  0.600072265
  0.598948121
  0.597786486
  0.596589208
  0.595358253
  0.594095349
  0.592802107
  0.591480196
  0.590131044
  0.588755965
  0.587356448
  0.585933566
  0.58448863
  0.583022654
  0.581536829
  0.580032051
  0.578509271
  0.576969445
  0.575413465
  0.573842049
  0.572256088
  0.57065624
  0.569043219
  0.567417681
  0.565780342
  0.564131737
  0.562472463
  0.560803056
  0.559124112
  0.557436049
  0.555739403
  0.554034591
  0.55232209
  0.550602317
  0.54887563
  0.547142506
  0.545403183
  0.543658137
  0.541907609
  0.540151954
  0.538391531
  0.536626518
  0.534857333
  0.533084095
  0.53130722
  0.529526889
  0.52774334
  0.52595675
  0.524167418
  0.522375524
  0.520581305
  0.518784881
  0.516986549
  0.515186369
  0.513384581
  0.511581302
  0.509776771
  0.507971108
  0.506164432
  0.504356861
  0.502548635
  0.500739753
  0.498930484
  0.497120827
  0.495310962
  0.493500978
  0.491690993
  0.489881098
  0.488071412
  0.486262023
  0.484453022
  0.482644469
  0.480836511
  0.479029179
  0.477222562
  0.47541678
  0.473611832
  0.471807837
  0.470004857
  0.468202978
  0.466402203
  0.464602649
  0.462804347
  0.461007386
  0.459211767
  0.457417578
  0.455624849
  0.453833669
  0.45204404
  0.45025602
  0.448469669
  0.446685016
  0.444902062
  0.443120927
  0.441341579
  0.439564109
  0.437788486
  0.436014801
  0.434243053
  0.432473272
  0.430705518
  0.42893979
  0.427176118
  0.425414532
  0.423655063
  0.421897709
  0.420142531
  0.418389529
  0.416638732
  0.41489014
  0.413143814
  0.411399722
  0.409657925
  0.407918394
  0.406181186
  0.404446304
  0.402713776
  0.400983572
  0.399255753
  0.397530317
  0.395807266
  0.394086629
  0.392368406
  0.390652597
  0.388939232
  0.38722828
  0.385519832
  0.383813798
  0.382110268
  0.380409211
  0.378710628
  0.377014548
  0.375320971
  0.373629868
  0.371941298
  0.370255232
  0.368571699
  0.366890699
  0.365212202
  0.363536239
  0.361862838
  0.360191941
  0.358523607
  0.356857806
  0.355194569
  0.353533864
  0.351875693
  0.350220114
  0.348567069
  0.346916556
  0.345268637
  0.343623251
  0.341980428
  0.340340167
  0.33870244
  0.337067276
  0.335434675
  0.333804637
  0.332177132
  0.330552191
  0.328929812
  0.327309966
  0.325692683
  0.324077934
  0.322465748
  0.320856094
  0.319248974
  0.317644387
  0.316042364
  0.314442873
  0.312845916
  0.311251462
  0.30965957
  0.308070183
  0.306483299
  0.304898977
  0.30331713
  0.301737815
  0.300161004
  0.298586696
  0.297014892
  0.295445591
  0.293878794
  0.29231447
  0.290752649
  0.289193273
  0.287636399
  0.286082029
  0.284530073
  0.282980621
  0.281433642
  0.279889077
  0.278347015
  0.276807368
  0.275270164
  0.273735404
  0.272203088
  0.270673215
  0.269145757
  0.267620713
  0.266098082
  0.264577895
  0.263060063
  0.261544675
  0.26003167
  0.25852105
  0.257012844
  0.255506992
  0.254003525
  0.252502441
  0.251003712
  0.249507368
  0.248013362
  0.246521711
  0.245032415
  0.243545443
  0.242060825
  0.240578532
  0.239098564
  0.23762092
  0.236145586
  0.234672576
  0.233201861
  0.231733441
  0.230267316
  0.228803486
  0.22734195
  0.225882679
  0.224425688
  0.222970948
  0.221518487
  0.220068291
  0.21862033
  0.217174619
  0.215731144
  0.214289919
  0.212850913
  0.211414143
  0.209979579
  0.208547235
  0.207117096
  0.205689162
  0.204263434
  0.202839881
  0.201418534
  0.199999347
