  0.294864982
  0.396146744
  0.462945163
  0.511913657
  0.549749494
  0.579946578
  0.604587495
  0.625020862
  0.642171443
  0.656700671
  0.669097483
  0.679732859
  0.688894272
  0.696808696
  0.703658164
  0.709590375
  0.714726925
  0.719168603
  0.72299999
  0.726292491
  0.729106963
  0.7314955
  0.733503044
  0.735168576
  0.736526012
  0.737605095
  0.73843205
  0.739030004
  0.739419401
  0.73961848
  0.739643514
  0.739509165
  0.739228427
  0.738813162
  0.738273978
  0.737620592
  0.736861646
  0.736005247
  0.735058486
  0.734028101
  0.732920051
  0.731739998
  0.730492949
  0.729183614
  0.727816343
  0.72639513
  0.724923551
  0.723405063
  0.721842825
  0.720239758
  0.718598545
  0.716921747
  0.71521163
  0.713470459
  0.711700201
  0.709902763
  0.708079994
  0.706233501
  0.704364777
  0.702475369
  0.70056659
  0.698639691
  0.696695924
  0.694736421
  0.692762196
  0.690774262
  0.688773513
  0.686760902
  0.684737206
  0.682703257
  0.680659771
  0.678607464
  0.676546931
  0.674478829
  0.672403753
  0.670322299
  0.668234944
  0.666142166
  0.664044499
  0.661942303
  0.659836113
  0.657726228
  0.655613124
  0.65349704
  0.651378453
  0.6492576
  0.647134781
  0.645010352
  0.642884552
  0.64075762
  0.638629854
  0.636501491
  0.634372771
  0.632243812
  0.630114913
  0.627986252
  0.625858009
  0.623730361
  0.621603429
  0.619477451
  0.617352545
  0.615228832
  0.613106489
  0.610985577
  0.608866334
  0.606748819
  0.604633093
  0.602519333
  0.6004076
  0.598298073
  0.596190691
  0.594085693
  0.59198308
  0.58988297
  0.587785423
  0.585690498
  0.583598256
  0.581508815
  0.579422176
  0.577338457
  0.575257659
  0.573179841
  0.571105063
  0.569033384
  0.566964865
  0.564899504
  0.562837362
  0.560778499
  0.558722913
  0.556670666
  0.554621756
  0.552576303
  0.550534189
  0.548495531
  0.54646039
  0.544428706
  0.542400539
  0.540375948
  0.538354874
  0.536337435
  0.534323514
  0.532313228
  0.530306578
  0.528303564
  0.526304245
  0.524308503
  0.522316515
  0.520328164
  0.518343508
  0.516362548
  0.514385283
  0.512411714
  0.510441899
  0.50847584
  0.506513476
  0.504554808
  0.502599895
  0.500648737
  0.498701304
  0.496757627
  0.494817674
  0.492881477
  0.490949005
  0.489020288
  0.487095296
  0.48517403
  0.483256519
  0.481342733
  0.479432672
  0.477526337
  0.475623727
  0.473724842
  0.471829683
  0.469938219
  0.46805045
  0.466166377
  0.464286029
  0.462409347
  0.460536331
  0.45866704
  0.456801385
  0.454939395
  0.453081071
  0.451226383
  0.449375361
  0.447527945
  0.445684195
  0.44384402
  0.442007482
  0.44017455
  0.438345224
  0.436519474
  0.4346973
  0.432878703
  0.431063652
  0.429252177
  0.42744422
  0.425639808
  0.423838943
  0.422041565
  0.420247734
  0.418457359
  0.416670501
  0.41488713
  0.413107216
  0.41133076
  0.40955776
  0.407788187
  0.406022072
  0.404259354
  0.402500063
  0.40074417
  0.398991674
  0.397242546
  0.395496786
  0.393754423
  0.392015368
  0.39027968
  0.388547331
  0.38681829
  0.385092556
  0.383370161
  0.381651014
  0.379935175
  0.378222585
  0.376513273
  0.374807179
  0.373104364
  0.371404767
  0.369708389
  0.36801523
  0.366325229
  0.364638448
  0.362954855
  0.361274421
  0.359597147
  0.357923031
  0.356252044
  0.354584157
  0.35291943
  0.351257801
  0.349599242
  0.347943813
  0.346291423
  0.344642133
  0.342995882
  0.341352671
  0.339712501
  0.33807537
  0.336441249
  0.334810138
  0.333182037
  0.331556886
  0.329934746
  0.328315556
  0.326699346
  0.325086057
  0.323475718
  0.32186833
  0.320263833
  0.318662256
  0.31706357
  0.315467775
  0.313874871
  0.312284827
  0.310697645
  0.309113324
  0.307531834
  0.305953175
  0.304377347
  0.302804321
  0.301234126
  0.299666703
  0.298102081
  0.296540231
  0.294981122
  0.293424815
  0.29187122
  0.290320396
  0.288772285
  0.287226886
  0.285684228
  0.284144253
  0.282606989
  0.281072408
  0.279540479
  0.278011233
  0.276484668
  0.274960726
  0.273439437
  0.27192077
  0.270404756
  0.268891335
  0.267380506
  0.2658723
  0.264366686
  0.262863636
  0.261363178
  0.259865284
  0.258369923
