  1.07325292
  1.16001666
  1.19216967
  1.20662749
  1.21307397
  1.21524036
  1.21488237
  1.21293545
  1.20994318
  1.20624137
  1.20204818
  1.19751036
  1.19272983
  1.18777883
  1.18270993
  1.17756188
  1.1723634
  1.16713643
  1.16189754
  1.15665948
  1.15143192
  1.14622247
  1.14103711
  1.13588011
  1.13075507
  1.12566459
  1.12061048
  1.11559439
  1.11061728
  1.10567975
  1.10078239
  1.09592521
  1.09110856
  1.08633196
  1.08159554
  1.07689881
  1.07224131
  1.0676229
  1.06304288
  1.05850089
  1.05399632
  1.0495286
  1.04509723
  1.04070163
  1.03634119
  1.03201544
  1.02772367
  1.02346528
  1.0192399
  1.01504683
  1.0108856
  1.00675559
  1.00265634
  0.998587191
  0.994547725
  0.990537465
  0.986555874
  0.982602417
  0.978676677
  0.974778175
  0.970906496
  0.967061162
  0.963241696
  0.959447682
  0.955678821
  0.951934516
  0.948214531
  0.944518447
  0.940845788
  0.937196314
  0.933569551
  0.929965258
  0.926383018
  0.922822475
  0.91928339
  0.915765345
  0.912268102
  0.908791304
  0.905334711
  0.901897967
  0.898480773
  0.895082891
  0.891704082
  0.888344049
  0.885002494
  0.881679177
  0.878373861
  0.875086308
  0.871816218
  0.868563473
  0.865327775
  0.862108886
  0.858906567
  0.855720699
  0.852550983
  0.849397242
  0.846259296
  0.843136907
  0.840029955
  0.836938143
  0.833861291
  0.830799341
  0.827751994
  0.824719131
  0.821700573
  0.818696141
  0.815705657
  0.812729001
  0.809765935
  0.806816399
  0.803880155
  0.800957143
  0.798047125
  0.795150042
  0.792265654
  0.789393902
  0.786534607
  0.783687651
  0.780852914
  0.778030217
  0.7752195
  0.772420585
  0.769633412
  0.766857743
  0.764093578
  0.761340737
  0.758599102
  0.755868614
  0.753149092
  0.750440478
  0.747742653
  0.745055497
  0.74237895
  0.739712834
  0.73705709
  0.734411597
  0.731776297
  0.72915107
  0.726535857
  0.723930478
  0.721334934
  0.718749046
  0.716172814
  0.713606119
  0.711048841
  0.708500922
  0.7059623
  0.703432858
  0.700912535
  0.698401272
  0.69589889
  0.693405449
  0.69092077
  0.688444853
  0.685977519
  0.683518827
  0.681068599
  0.678626776
  0.676193357
  0.673768222
  0.671351254
  0.668942511
  0.666541815
  0.664149165
  0.661764503
  0.659387708
  0.657018721
  0.654657543
  0.652304053
  0.649958193
  0.647619903
  0.645289183
  0.642965913
  0.640650094
  0.638341606
  0.63604039
  0.633746445
  0.631459713
  0.629180074
  0.626907527
  0.624642015
  0.622383535
  0.62013191
  0.617887199
  0.615649283
  0.613418162
  0.611193776
  0.608976066
  0.606764972
  0.604560494
  0.602362514
  0.600171089
  0.597986042
  0.595807433
  0.593635201
  0.591469228
  0.589309573
  0.587156117
  0.58500886
  0.582867742
  0.580732703
  0.578603745
  0.576480806
  0.574363887
  0.57225287
  0.570147753
  0.568048477
  0.565955043
  0.56386739
  0.561785519
  0.55970937
  0.557638824
  0.55557394
  0.553514719
  0.551460981
  0.549412847
  0.547370195
  0.545332968
  0.543301165
  0.541274786
  0.539253771
  0.537238121
  0.535227716
  0.533222556
  0.531222701
  0.529227972
  0.527238429
  0.525254071
  0.523274779
  0.521300554
  0.519331396
  0.517367244
  0.515408099
  0.513453841
  0.511504591
  0.509560227
  0.507620692
  0.505686045
  0.503756225
  0.501831174
  0.499910861
  0.497995287
  0.496084422
  0.494178236
  0.492276728
  0.49037981
  0.488487542
  0.486599803
  0.484716654
  0.482838005
  0.480963856
  0.479094177
  0.477228969
  0.475368202
  0.473511815
  0.471659809
  0.469812155
  0.467968851
  0.466129839
  0.464295119
  0.46246466
  0.460638463
  0.458816469
  0.456998676
  0.455185056
  0.453375578
  0.451570243
  0.44976902
  0.44797188
  0.446178824
  0.44438979
  0.44260481
  0.440823823
  0.4390468
  0.437273771
  0.435504675
  0.433739513
  0.431978256
  0.430220902
  0.428467393
  0.426717728
  0.424971908
  0.423229873
  0.421491653
  0.419757217
  0.418026507
  0.416299552
  0.414576322
  0.412856787
  0.411140919
  0.409428716
  0.407720178
  0.406015277
  0.404313982
  0.402616262
  0.400922149
  0.399231583
  0.397544563
  0.395861059
  0.394181103
