  0.773051679
  0.909508526
  0.974237502
  1.01140749
  1.03474188
  1.05007124
  1.0603354
  1.06718969
  1.0716424
  1.07434392
  1.07573366
  1.0761193
  1.07572258
  1.07470739
  1.0731976
  1.07128799
  1.06905282
  1.06655061
  1.06382823
  1.06092358
  1.05786741
  1.05468524
  1.05139816
  1.04802358
  1.04457629
  1.04106867
  1.03751135
  1.03391325
  1.0302819
  1.0266242
  1.0229454
  1.01925075
  1.01554418
  1.0118295
  1.00810993
  1.00438809
  1.00066662
  0.996947408
  0.993232369
  0.989523113
  0.985821068
  0.982127428
  0.978443325
  0.974769592
  0.971107125
  0.967456639
  0.963818729
  0.960193872
  0.956582606
  0.952985346
  0.949402332
  0.945833921
  0.942280352
  0.938741803
  0.935218513
  0.931710482
  0.928217947
  0.924740851
  0.92127943
  0.917833567
  0.914403319
  0.910988688
  0.907589734
  0.904206336
  0.900838435
  0.897486091
  0.894149184
  0.890827715
  0.887521446
  0.884230494
  0.880954623
  0.877693892
  0.874448061
  0.871217072
  0.868000925
  0.86479938
  0.86161238
  0.858439863
  0.855281711
  0.852137744
  0.849007845
  0.845892012
  0.842790008
  0.839701831
  0.836627305
  0.833566308
  0.830518723
  0.827484429
  0.824463367
  0.821455359
  0.818460345
  0.815478206
  0.812508762
  0.809551954
  0.806607664
  0.803675771
  0.800756216
  0.797848821
  0.794953465
  0.79207015
  0.789198637
  0.786338925
  0.783490837
  0.780654311
  0.77782923
  0.775015473
  0.772212982
  0.769421637
  0.766641319
  0.763871968
  0.761113524
  0.75836575
  0.755628705
  0.75290221
  0.750186205
  0.747480571
  0.744785249
  0.74210012
  0.739425182
  0.736760199
  0.734105229
  0.731460094
  0.728824735
  0.72619909
  0.723583043
  0.720976591
  0.718379557
  0.715791881
  0.713213563
  0.710644424
  0.708084464
  0.705533564
  0.702991664
  0.700458705
  0.697934628
  0.695419252
  0.692912638
  0.690414727
  0.687925339
  0.685444415
  0.682972014
  0.680507898
  0.678052187
  0.675604641
  0.673165321
  0.670734107
  0.66831094
  0.66589576
  0.663488507
  0.661089122
  0.658697546
  0.656313777
  0.653937638
  0.651569188
  0.649208248
  0.646854877
  0.644509017
  0.642170489
  0.639839351
  0.637515545
  0.635198951
  0.632889569
  0.630587339
  0.628292203
  0.626004159
  0.62372303
  0.621448934
  0.619181693
  0.616921246
  0.614667654
  0.612420857
  0.610180676
  0.60794723
  0.605720401
  0.603500068
  0.601286352
  0.599079072
  0.596878231
  0.594683766
  0.59249568
  0.590313852
  0.588138342
  0.585969031
  0.583805919
  0.581648946
  0.579498112
  0.577353299
  0.575214505
  0.573081732
  0.570954859
  0.568833947
  0.566718876
  0.564609587
  0.562506199
  0.560408473
  0.558316529
  0.556230247
  0.554149628
  0.552074671
  0.550005257
  0.547941387
  0.545883
  0.543830156
  0.541782677
  0.539740682
  0.537704051
  0.535672784
  0.533646822
  0.531626105
  0.529610693
  0.527600467
  0.525595427
  0.523595572
  0.521600842
  0.519611239
  0.517626703
  0.515647173
  0.51367265
  0.511703134
  0.509738564
  0.507778943
  0.505824208
  0.503874302
  0.501929283
  0.499989063
  0.49805364
  0.496122986
  0.494197071
  0.492275834
  0.490359306
  0.488447428
  0.486540169
  0.484637529
  0.482739449
  0.480845958
  0.478956968
  0.477072507
  0.475192517
  0.473316997
  0.471445888
  0.46957922
  0.467716932
  0.465858996
  0.464005411
  0.462156117
  0.460311145
  0.458470464
  0.456633985
  0.454801768
  0.452973753
  0.45114994
  0.44933027
  0.447514743
  0.445703328
  0.443896025
  0.442092806
  0.44029364
  0.438498527
  0.436707437
  0.434920311
  0.433137178
  0.43135801
  0.429582775
  0.427811474
  0.426044077
  0.424280554
  0.422520876
  0.420765042
  0.419013053
  0.417264849
  0.415520459
  0.413779825
  0.412042946
  0.410309792
  0.408580363
  0.40685463
  0.405132562
  0.40341416
  0.401699424
  0.399988294
  0.398280799
  0.396576881
  0.39487654
  0.393179774
  0.391486555
  0.389796853
  0.388110667
  0.386427969
  0.384748757
  0.383073032
  0.381400734
  0.379731864
  0.378066421
  0.376404375
  0.374745727
  0.373090416
  0.371438503
  0.369789898
  0.368144661
  0.366502702
