  0.240075678
  0.326341808
  0.385146618
  0.429486036
  0.46460247
  0.493258178
  0.517121553
  0.537289083
  0.554524004
  0.569380403
  0.582273901
  0.593524098
  0.603382111
  0.612048507
  0.619686127
  0.626428664
  0.632387042
  0.637654483
  0.642309785
  0.646420002
  0.650042892
  0.653228223
  0.65601933
  0.658453941
  0.660565257
  0.662382603
  0.663931847
  0.665235996
  0.666315615
  0.667189062
  0.667872846
  0.66838181
  0.668729365
  0.66892767
  0.668987751
  0.668919623
  0.668732405
  0.668434441
  0.668033361
  0.667536199
  0.666949391
  0.666278839
  0.665529966
  0.664707899
  0.663817227
  0.662862241
  0.661846995
  0.660775185
  0.659650266
  0.658475399
  0.657253623
  0.65598774
  0.654680252
  0.653333724
  0.651950359
  0.650532246
  0.649081469
  0.647599876
  0.646089196
  0.644551158
  0.642987192
  0.641398847
  0.639787495
  0.638154447
  0.636500895
  0.634827971
  0.633136809
  0.631428421
  0.62970382
  0.627963901
  0.626209497
  0.624441504
  0.622660637
  0.62086767
  0.619063377
  0.617248297
  0.615423143
  0.613588512
  0.61174494
  0.609893024
  0.608033299
  0.606166124
  0.604292154
  0.602411687
  0.6005252
  0.598633111
  0.596735835
  0.594833672
  0.592926979
  0.591016114
  0.589101434
  0.587183177
  0.585261703
  0.583337188
  0.581409991
  0.57948035
  0.577548504
  0.575614631
  0.57367903
  0.571741879
  0.569803357
  0.567863703
  0.565923095
  0.563981652
  0.562039614
  0.560097158
  0.558154345
  0.556211412
  0.55426842
  0.552325606
  0.550383031
  0.548440874
  0.546499193
  0.544558108
  0.542617798
  0.540678263
  0.538739741
  0.536802232
  0.534865797
  0.532930613
  0.53099674
  0.529064238
  0.527133226
  0.525203764
  0.523275852
  0.521349669
  0.519425213
  0.517502546
  0.515581787
  0.513662875
  0.511746049
  0.50983119
  0.507918417
  0.506007791
  0.504099369
  0.502193153
  0.500289261
  0.498387605
  0.496488333
  0.494591445
  0.492697001
  0.49080497
  0.488915473
  0.48702848
  0.485144019
  0.483262151
  0.481382906
  0.479506284
  0.477632314
  0.475761026
  0.47389245
  0.472026587
  0.470163465
  0.468303114
  0.466445565
  0.464590788
  0.462738842
  0.460889727
  0.459043443
  0.457200021
  0.455359489
  0.453521818
  0.451687068
  0.449855208
  0.44802627
  0.446200252
  0.444377184
  0.442557067
  0.4407399
  0.438925683
  0.437114418
  0.435306132
  0.433500856
  0.431698531
  0.429899216
  0.428102881
  0.426309526
  0.424519181
  0.422731847
  0.420947522
  0.419166178
  0.417387873
  0.415612549
  0.413840264
  0.41207096
  0.410304695
  0.408541441
  0.406781167
  0.405023932
  0.403269708
  0.401518494
  0.39977029
  0.398025095
  0.396282881
  0.394543707
  0.392807513
  0.39107433
  0.389344126
  0.387616932
  0.385892719
  0.384171516
  0.382453263
  0.38073802
  0.379025728
  0.377316415
  0.375610083
  0.373906732
  0.3722063
  0.37050885
  0.368814349
  0.367122799
  0.3654342
  0.363748521
  0.362065762
  0.360385954
  0.358709067
  0.3570351
  0.355364025
  0.353695869
  0.352030635
  0.350368261
  0.348708779
  0.347052217
  0.345398486
  0.343747646
  0.342099667
  0.340454578
  0.338812292
  0.337172896
  0.335536301
  0.333902568
  0.332271665
  0.330643564
  0.329018295
  0.327395827
  0.32577616
  0.324159265
  0.322545201
  0.320933878
  0.319325358
  0.317719609
  0.316116601
  0.314516366
  0.312918842
  0.31132409
  0.30973208
  0.308142781
  0.306556195
  0.304972351
  0.303391188
  0.301812708
  0.30023694
  0.298663884
  0.297093481
  0.29552573
  0.293960661
  0.292398244
  0.29083848
  0.289281368
  0.287726879
  0.286175013
  0.284625798
  0.283079147
  0.281535149
  0.279993713
  0.2784549
  0.27691865
  0.275384992
  0.273853928
  0.272325397
  0.270799428
  0.269275993
  0.267755121
  0.266236782
  0.264720976
  0.263207704
  0.261696935
  0.260188669
  0.258682877
  0.257179618
  0.255678833
  0.254180521
  0.252684683
  0.251191318
  0.249700412
  0.24821195
  0.246725932
  0.245242357
  0.243761212
  0.242282495
  0.240806177
  0.239332289
  0.237860784
  0.236391693
  0.234924987
  0.23346065
  0.231998697
  0.230539113
  0.229081899
  0.227627039
