  0.384189844
  0.505149841
  0.580399215
  0.633019745
  0.672082365
  0.702179015
  0.725963116
  0.745102465
  0.760709643
  0.773560286
  0.784214497
  0.793088257
  0.800497711
  0.806688011
  0.811852396
  0.81614548
  0.819692433
  0.822595954
  0.824940979
  0.82679832
  0.828227818
  0.829280078
  0.829998314
  0.830419719
  0.830576301
  0.830495954
  0.830202997
  0.829718649
  0.829061806
  0.828248858
  0.827294588
  0.826211989
  0.825012743
  0.823707283
  0.822304845
  0.820814013
  0.819242239
  0.817596376
  0.815882742
  0.814106882
  0.812273979
  0.810388684
  0.808455229
  0.806477547
  0.804459214
  0.80240351
  0.800313473
  0.798191786
  0.796041071
  0.793863654
  0.79166168
  0.789437234
  0.787192106
  0.784928024
  0.782646596
  0.780349314
  0.778037548
  0.77571255
  0.773375511
  0.771027625
  0.768669784
  0.766303062
  0.763928294
  0.761546314
  0.759158015
  0.756763995
  0.754364967
  0.751961648
  0.749554574
  0.747144341
  0.744731426
  0.742316365
  0.739899635
  0.737481654
  0.735062778
  0.732643485
  0.730224073
  0.727804899
  0.725386262
  0.722968459
  0.720551789
  0.718136549
  0.715722919
  0.713311195
  0.710901558
  0.708494186
  0.706089318
  0.703687131
  0.701287806
  0.698891461
  0.696498334
  0.694108427
  0.691721976
  0.689339101
  0.686959922
  0.684584498
  0.682212949
  0.679845393
  0.677481949
  0.675122619
  0.67276758
  0.670416832
  0.668070495
  0.665728569
  0.663391173
  0.661058366
  0.658730149
  0.656406581
  0.654087782
  0.651773691
  0.649464428
  0.647159994
  0.644860446
  0.642565787
  0.640276015
  0.63799119
  0.635711372
  0.633436561
  0.631166697
  0.628901899
  0.626642168
  0.624387443
  0.622137845
  0.619893253
  0.617653787
  0.615419388
  0.613190114
  0.610965967
  0.608746886
  0.606532931
  0.604324102
  0.60212034
  0.599921703
  0.597728193
  0.595539749
  0.593356431
  0.591178179
  0.589004993
  0.586836934
  0.584673941
  0.582516015
  0.580363154
  0.578215301
  0.576072514
  0.573934793
  0.57180202
  0.569674313
  0.567551613
  0.56543386
  0.563321054
  0.561213255
  0.559110403
  0.557012498
  0.554919481
  0.552831352
  0.550748169
  0.548669815
  0.546596348
  0.544527769
  0.542463958
  0.540404975
  0.538350821
  0.536301494
  0.534256876
  0.532217026
  0.530181885
  0.528151512
  0.526125848
  0.524104893
  0.522088528
  0.520076871
  0.518069863
  0.516067505
  0.514069676
  0.512076497
  0.510087907
  0.508103788
  0.506124258
  0.504149258
  0.502178788
  0.500212729
  0.4982512
  0.496294111
  0.494341433
  0.492393196
  0.490449339
  0.488509893
  0.486574799
  0.484644055
  0.482717633
  0.480795532
  0.478877723
  0.476964206
  0.47505492
  0.473149925
  0.471249133
  0.469352543
  0.467460155
  0.46557194
  0.463687897
  0.461807996
  0.459932208
  0.458060563
  0.45619297
  0.454329491
  0.452470034
  0.450614631
  0.448763281
  0.446915925
  0.445072532
  0.443233162
  0.441397727
  0.439566255
  0.437738687
  0.435915053
  0.434095293
  0.432279438
  0.430467427
  0.42865926
  0.426854938
  0.425054431
  0.423257738
  0.421464831
  0.419675678
  0.41789028
  0.416108638
  0.414330691
  0.412556469
  0.410785943
  0.409019083
  0.407255918
  0.405496389
  0.403740466
  0.401988178
  0.400239497
  0.398494422
  0.396752894
  0.395014942
  0.393280536
  0.391549647
  0.389822304
  0.388098449
  0.38637808
  0.384661168
  0.382947743
  0.381237745
  0.379531205
  0.377828062
  0.376128346
  0.374431998
  0.372739047
  0.371049464
  0.369363219
  0.367680311
  0.366000742
  0.36432445
  0.362651497
  0.360981822
  0.359315395
  0.357652247
  0.355992347
  0.354335666
  0.352682233
  0.351031989
  0.349384934
  0.347741067
  0.34610036
  0.344462842
  0.342828453
  0.341197193
  0.339569062
  0.337944031
  0.336322129
  0.334703267
  0.333087504
  0.331474811
  0.329865158
  0.328258544
  0.326654941
  0.325054377
  0.323456794
  0.321862221
  0.320270628
  0.318681985
  0.317096323
  0.315513581
  0.31393379
  0.312356949
  0.310782999
  0.30921194
  0.307643771
  0.306078494
  0.304516107
  0.302956551
  0.301399857
  0.299845994
  0.298294961
  0.296746731
  0.295201331
  0.293658704
