  0.162495166
  0.2240358
  0.267747223
  0.301940769
  0.329943508
  0.353510261
  0.373708457
  0.391247302
  0.406627268
  0.420217335
  0.43229875
  0.443091422
  0.452771068
  0.461480498
  0.469337463
  0.476440221
  0.482871741
  0.488702625
  0.493993521
  0.49879691
  0.50315845
  0.507118046
  0.510710955
  0.513968289
  0.516917706
  0.519583881
  0.521988869
  0.524152577
  0.526092887
  0.527825952
  0.529366434
  0.530727744
  0.531921983
  0.532960236
  0.533852756
  0.534608781
  0.535236955
  0.535745144
  0.536140621
  0.53643018
  0.536619961
  0.536715865
  0.536723137
  0.536646843
  0.536491573
  0.536261737
  0.53596133
  0.535594046
  0.535163581
  0.534673095
  0.534125805
  0.533524513
  0.532872021
  0.532170892
  0.531423569
  0.530632257
  0.529799163
  0.528926253
  0.528015494
  0.527068675
  0.526087523
  0.525073647
  0.52402854
  0.522953689
  0.521850467
  0.520720184
  0.519564033
  0.518383265
  0.517178893
  0.51595211
  0.51470381
  0.513435066
  0.512146652
  0.510839581
  0.50951463
  0.508172572
  0.506814241
  0.505440235
  0.504051328
  0.502648175
  0.501231432
  0.499801636
  0.498359412
  0.496905297
  0.495439827
  0.49396348
  0.492476761
  0.490980148
  0.489474088
  0.487958997
  0.486435264
  0.484903306
  0.483363509
  0.481816202
  0.480261773
  0.478700519
  0.477132767
  0.475558847
  0.473979056
  0.472393662
  0.470802963
  0.469207168
  0.467606604
  0.466001451
  0.464391977
  0.462778419
  0.461160988
  0.45953986
  0.457915276
  0.456287444
  0.454656512
  0.453022659
  0.451386094
  0.449746966
  0.448105425
  0.446461678
  0.444815814
  0.443168014
  0.441518426
  0.439867139
  0.438214362
  0.436560154
  0.434904635
  0.433247983
  0.431590259
  0.429931611
  0.428272098
  0.426611871
  0.424951017
  0.423289627
  0.42162776
  0.419965565
  0.418303102
  0.416640431
  0.41497767
  0.413314879
  0.411652148
  0.409989536
  0.408327103
  0.406664938
  0.40500313
  0.403341681
  0.401680708
  0.400020242
  0.398360342
  0.396701068
  0.395042479
  0.393384635
  0.391727567
  0.390071332
  0.388415992
  0.386761576
  0.385108143
  0.383455694
  0.381804347
  0.380154073
  0.378504932
  0.376856953
  0.375210226
  0.37356469
  0.371920466
  0.370277554
  0.368635982
  0.366995782
  0.365357012
  0.363719642
  0.362083763
  0.360449344
  0.358816445
  0.357185096
  0.355555296
  0.353927106
  0.352300495
  0.350675523
  0.349052221
  0.347430587
  0.345810622
  0.344192386
  0.342575878
  0.340961128
  0.339348137
  0.337736905
  0.33612749
  0.334519893
  0.332914114
  0.331310153
  0.32970807
  0.328107864
  0.326509535
  0.324913085
  0.323318541
  0.321725905
  0.320135206
  0.318546444
  0.31695962
  0.315374762
  0.313791871
  0.312210947
  0.31063199
  0.30905506
  0.307480097
  0.30590716
  0.30433622
  0.302767307
  0.30120042
  0.299635559
  0.298072726
  0.296511948
  0.294953227
  0.293396562
  0.291841924
  0.290289372
  0.288738906
  0.287190467
  0.285644144
  0.284099877
  0.282557696
  0.281017601
  0.279479563
  0.277943641
  0.276409835
  0.274878085
  0.273348451
  0.271820903
  0.270295471
  0.268772125
  0.267250896
  0.265731782
  0.264214754
  0.262699813
  0.261187017
  0.259676307
  0.258167714
  0.256661236
  0.255156845
  0.253654569
  0.25215441
  0.250656366
  0.249160424
  0.247666582
  0.246174857
  0.244685233
  0.243197709
  0.241712302
  0.240228981
  0.238747776
  0.237268671
  0.235791668
  0.234316766
  0.23284395
  0.23137325
  0.229904622
  0.228438109
  0.226973668
  0.225511327
  0.224051073
  0.22259289
  0.221136808
  0.219682798
  0.218230858
  0.21678102
  0.215333238
  0.213887528
  0.212443888
  0.21100232
  0.209562823
  0.208125368
  0.206689984
  0.205256656
  0.203825384
  0.202396169
  0.200968981
  0.199543849
  0.198120773
  0.196699724
  0.195280701
  0.19386372
  0.19244878
  0.191035852
  0.18962495
  0.188216075
  0.186809212
  0.185404375
  0.184001535
  0.182600707
  0.181201875
  0.179805055
  0.178410232
  0.177017406
  0.175626561
  0.174237713
  0.172850832
  0.171465948
  0.170083031
  0.168702081
  0.167323112
  0.165946096
  0.164571062
  0.163197964
  0.161826834
