  0.271977216
  0.367248297
  0.430975795
  0.478252172
  0.515160859
  0.544891655
  0.569357812
  0.589806616
  0.607098937
  0.621854603
  0.634534597
  0.645490527
  0.654996693
  0.663270533
  0.670487285
  0.67678988
  0.682296395
  0.687105179
  0.691298962
  0.694948018
  0.69811219
  0.700843096
  0.70318526
  0.705177486
  0.706853628
  0.70824343
  0.709373176
  0.710266054
  0.710942745
  0.711421669
  0.711719275
  0.711850405
  0.711828291
  0.711664975
  0.711371362
  0.710957229
  0.710431635
  0.709802687
  0.709077835
  0.708263934
  0.707367182
  0.706393301
  0.705347657
  0.704234958
  0.703059793
  0.701826274
  0.700538218
  0.69919914
  0.697812378
  0.696380973
  0.694907725
  0.693395257
  0.691846073
  0.690262496
  0.688646615
  0.687000453
  0.685325801
  0.683624566
  0.681898296
  0.680148482
  0.678376675
  0.676584184
  0.674772263
  0.672942162
  0.671094954
  0.669231772
  0.667353511
  0.665461242
  0.663555801
  0.661637962
  0.659708679
  0.657768548
  0.655818343
  0.653858721
  0.651890397
  0.649913847
  0.647929728
  0.645938575
  0.643940866
  0.641937137
  0.639927804
  0.637913346
  0.63589412
  0.633870602
  0.63184315
  0.629812062
  0.627777696
  0.625740409
  0.6237005
  0.621658266
  0.619614005
  0.617567897
  0.615520298
  0.613471389
  0.611421466
  0.609370649
  0.607319176
  0.605267286
  0.603215158
  0.60116297
  0.599110901
  0.597059071
  0.595007658
  0.592956841
  0.590906799
  0.588857532
  0.586809278
  0.584762156
  0.582716227
  0.580671668
  0.5786286
  0.576587021
  0.574547112
  0.572508931
  0.570472658
  0.568438232
  0.566405833
  0.56437552
  0.562347353
  0.56032145
  0.558297813
  0.5562765
  0.554257631
  0.552241266
  0.550227404
  0.548216164
  0.546207488
  0.544201553
  0.54219836
  0.540197909
  0.538200319
  0.53620553
  0.534213722
  0.532224774
  0.530238807
  0.52825582
  0.526275873
  0.524298966
  0.522325158
  0.52035445
  0.5183869
  0.516422451
  0.514461219
  0.512503207
  0.510548413
  0.508596838
  0.506648481
  0.504703462
  0.502761662
  0.5008232
  0.498888046
  0.496956229
  0.495027721
  0.49310258
  0.491180807
  0.489262372
  0.487347335
  0.485435665
  0.483527392
  0.481622487
  0.47972101
  0.47782293
  0.475928277
  0.474037021
  0.472149193
  0.470264763
  0.468383789
  0.466506213
  0.464632064
  0.462761343
  0.460894048
  0.459030181
  0.457169771
  0.455312759
  0.453459173
  0.451608986
  0.449762255
  0.447918922
  0.446079016
  0.444242537
  0.442409456
  0.440579802
  0.438753515
  0.436930656
  0.435111195
  0.433295101
  0.431482434
  0.429673105
  0.427867174
  0.42606464
  0.424265444
  0.422469616
  0.420677155
  0.418888032
  0.417102247
  0.41531983
  0.413540721
  0.41176495
  0.409992486
  0.408223331
  0.406457514
  0.404694945
  0.402935714
  0.401179731
  0.399427056
  0.39767763
  0.395931482
  0.394188583
  0.392448932
  0.3907125
  0.388979316
  0.387249351
  0.385522604
  0.383799076
  0.382078737
  0.380361587
  0.378647625
  0.376936823
  0.37522921
  0.373524755
  0.37182343
  0.370125264
  0.368430197
  0.36673829
  0.365049481
  0.363363802
  0.361681193
  0.360001683
  0.358325273
  0.356651902
  0.354981631
  0.3533144
  0.351650208
  0.349989057
  0.348330915
  0.346675813
  0.345023721
  0.34337464
  0.341728538
  0.340085447
  0.338445306
  0.336808145
  0.335173935
  0.333542675
  0.331914365
  0.330288976
  0.328666508
  0.327046961
  0.325430304
  0.323816568
  0.322205693
  0.320597738
  0.318992615
  0.317390352
  0.315790981
  0.314194411
  0.312600702
  0.311009794
  0.309421748
  0.307836473
  0.306253999
  0.304674327
  0.303097457
  0.301523328
  0.299951971
  0.298383385
  0.296817541
  0.295254439
  0.293694079
  0.292136431
  0.290581495
  0.28902927
  0.287479728
  0.285932899
  0.284388751
  0.282847255
  0.281308413
  0.279772252
  0.278238744
  0.276707858
  0.275179595
  0.273653984
  0.272130966
  0.270610541
  0.269092739
  0.267577529
  0.266064882
  0.264554828
  0.263047308
  0.26154238
  0.260039985
  0.258540124
  0.257042825
  0.25554803
  0.254055738
  0.25256598
  0.251078725
  0.249593958
  0.248111665
  0.246631861
