  0.0411979184
  0.0575919189
  0.0697268397
  0.0795944557
  0.0879774168
  0.0952828005
  0.101755783
  0.107558362
  0.112804584
  0.117578633
  0.121944889
  0.125954047
  0.129646897
  0.133056968
  0.1362122
  0.139136225
  0.141849235
  0.144368738
  0.146709949
  0.148886234
  0.150909469
  0.152790174
  0.154537827
  0.156160906
  0.157667115
  0.159063429
  0.160356194
  0.161551252
  0.162653953
  0.163669184
  0.16460149
  0.165455073
  0.166233838
  0.166941375
  0.167581081
  0.168156102
  0.168669358
  0.16912362
  0.169521481
  0.16986534
  0.170157522
  0.170400143
  0.170595258
  0.170744792
  0.17085053
  0.170914203
  0.170937449
  0.170921817
  0.170868739
  0.170779645
  0.170655847
  0.17049861
  0.170309141
  0.170088559
  0.169837996
  0.16955848
  0.169251025
  0.168916553
  0.16855602
  0.168170258
  0.167760134
  0.167326465
  0.166869983
  0.166391447
  0.165891573
  0.165371045
  0.164830506
  0.16427058
  0.163691893
  0.163095027
  0.162480533
  0.161848962
  0.161200836
  0.160536632
  0.159856871
  0.159162
  0.158452481
  0.157728732
  0.156991199
  0.156240255
  0.155476332
  0.154699773
  0.153910965
  0.153110266
  0.152298003
  0.151474535
  0.150640145
  0.149795175
  0.148939922
  0.148074672
  0.147199705
  0.146315292
  0.145421714
  0.144519225
  0.143608063
  0.142688498
  0.141760737
  0.140825003
  0.139881551
  0.138930574
  0.13797228
  0.137006894
  0.136034593
  0.135055572
  0.134070009
  0.133078098
  0.132080019
  0.131075934
  0.130066022
  0.129050419
  0.128029317
  0.127002835
  0.125971153
  0.124934398
  0.123892717
  0.122846246
  0.121795125
  0.120739482
  0.119679436
  0.118615121
  0.117546655
  0.116474152
  0.115397729
  0.114317507
  0.113233574
  0.112146065
  0.111055054
  0.10996066
  0.108862989
  0.107762113
  0.106658146
  0.105551168
  0.104441278
  0.103328556
  0.102213085
  0.101094954
  0.0999742448
  0.0988510326
  0.0977253988
  0.0965974182
  0.0954671577
  0.0943346918
  0.0932001024
  0.0920634419
  0.090924792
  0.0897841975
  0.0886417478
  0.0874974877
  0.0863514841
  0.0852038041
  0.0840544924
  0.0829036087
  0.0817512199
  0.0805973709
  0.0794421136
  0.0782855079
  0.0771275982
  0.0759684369
  0.0748080686
  0.0736465529
  0.072483927
  0.0713202432
  0.0701555386
  0.0689898506
  0.0678232387
  0.0666557401
  0.0654873848
  0.0643182173
  0.0631482899
  0.0619776286
  0.0608062744
  0.0596342571
  0.0584616251
  0.0572884008
  0.0561146252
  0.0549403317
  0.0537655577
  0.0525903292
  0.0514146835
  0.0502386354
  0.0490622371
  0.0478855036
  0.0467084758
  0.045531176
  0.0443536229
  0.0431758501
  0.0419978984
  0.0408197716
  0.0396415032
  0.0384631306
  0.0372846611
  0.0361061357
  0.0349275619
  0.0337489694
  0.032570377
  0.0313918144
  0.0302133039
  0.029034853
  0.027856499
  0.026678253
  0.0255001467
  0.0243221875
  0.0231443886
  0.0219667684
  0.0207893811
  0.0196121968
  0.0184352659
  0.0172585994
  0.0160821881
  0.0149060925
  0.0137302922
  0.0125548067
  0.0113796722
  0.0102049019
  0.00903052371
  0.00785646774
  0.00668285135
  0.00550963776
  0.00433688005
  0.00316457986
  0.00199278211
  0.000821272435
  3.1412437
  3.14007258
  3.13890266
  3.13773322
  3.13656425
  3.135396
  3.13422823
  3.13306093
  3.13189435
  3.13072824
  3.12956285
  3.12839794
  3.12723374
  3.12607002
  3.12490726
  3.12374473
  3.12258315
  3.12142205
  3.12026167
  3.119102
  3.11794305
  3.11678481
  3.11562729
  3.11447024
  3.11331415
  3.11215878
  3.11100411
  3.10985017
  3.10869694
  3.10754442
  3.10639286
  3.10524201
  3.10409188
  3.10294247
  3.101794
  3.10064626
  3.09949923
  3.09835315
  3.09720778
  3.09606338
  3.09491968
  3.0937767
  3.09263468
  3.09149361
  3.09035325
  3.08921385
  3.08807516
  3.08693743
  3.08580041
  3.08466458
  3.08352923
  3.08239508
  3.08126163
  3.08012915
  3.07899761
  3.07786679
  3.07673717
  3.07560825
  3.07448006
  3.07335305
  3.072227
  3.07110167
  3.06997728
  3.06885386
  3.06773138
  3.06660986
  3.06548929
  3.06436944
  3.06325078
  3.06213307
  3.06101608
  3.05990028
  3.0587852
  3.05767131
  3.05655813
  3.05544591
  3.05433488
  3.0532248
