  0.36289516    
  0.46876502    
  0.53040898    
  0.57064050    
  0.59833050    
  0.61790824    
  0.63189644    
  0.64185846    
  0.64882267    
  0.65349674    
  0.65638477    
  0.65785646    
  0.65818948    
  0.65759611    
  0.65624201    
  0.65425783    
  0.65174824    
  0.64879793    
  0.64547610    
  0.64183986    
  0.63793659    
  0.63380611    
  0.62948185    
  0.62499219    
  0.62036133    
  0.61560988    
  0.61075568    
  0.60581410    
  0.60079849    
  0.59572035    
  0.59058988    
  0.58541584    
  0.58020598    
  0.57496721    
  0.56970543    
  0.56442595    
  0.55913347    
  0.55383217    
  0.54852563    
  0.54321724    
  0.53790981    
  0.53260589    
  0.52730787    
  0.52201778    
  0.51673734    
  0.51146829    
  0.50621200    
  0.50096977    
  0.49574271    
  0.49053189    
  0.48533818    
  0.48016235    
  0.47500515    
  0.46986720    
  0.46474904    
  0.45965111    
  0.45457387    
  0.44951767    
  0.44448283    
  0.43946961    
  0.43447825    
  0.42950895    
  0.42456183    
  0.41963702    
  0.41473469    
  0.40985483    
  0.40499753    
  0.40016282    
  0.39535069    
  0.39056119    
  0.38579422    
  0.38104984    
  0.37632793    
  0.37162846    
  0.36695138    
  0.36229658    
  0.35766399    
  0.35305351    
  0.34846509    
  0.34389853    
  0.33935380    
  0.33483073    
  0.33032924    
  0.32584918    
  0.32139045    
  0.31695288    
  0.31253636    
  0.30814075    
  0.30376592    
  0.29941171    
  0.29507801    
  0.29076466    
  0.28647149    
  0.28219840    
  0.27794522    
  0.27371180    
  0.26949802    
  0.26530373    
  0.26112875    
  0.25697297    
  0.25283623    
  0.24871838    
  0.24461930    
  0.24053881    
  0.23647678    
  0.23243308    
  0.22840758    
  0.22440009    
  0.22041051    
  0.21643868    
  0.21248446    
  0.20854774    
  0.20462835    
  0.20072617    
  0.19684105    
  0.19297288    
  0.18912150    
  0.18528681    
  0.18146865    
  0.17766690    
  0.17388144    
  0.17011212    
  0.16635884    
  0.16262147    
  0.15889986    
  0.15519392    
  0.15150352    
  0.14782852    
  0.14416882    
  0.14052428    
  0.13689482    
  0.13328029    
  0.12968060    
  0.12609562    
  0.12252524    
  0.11896934    
  0.11542784    
  0.11190059    
  0.10838751    
  0.10488848    
  0.10140341    
  9.79321748E-02
  9.44746807E-02
  9.10308287E-02
  8.76005068E-02
  8.41836184E-02
  8.07800740E-02
  7.73897544E-02
  7.40125775E-02
  7.06484467E-02
  6.72972649E-02
  6.39589280E-02
  6.06333502E-02
  5.73204383E-02
  5.40200993E-02
  5.07322513E-02
  4.74567935E-02
  4.41936404E-02
  4.09426950E-02
  3.77038829E-02
  3.44771221E-02
  3.12623158E-02
  2.80593745E-02
  2.48682331E-02
  2.16887929E-02
  1.85209811E-02
  1.53646944E-02
  1.22198937E-02
  9.08649340E-03
  5.96440770E-03
  2.85354070E-03
   3.1413469    
   3.1382577    
   3.1351800    
   3.1321132    
   3.1290574    
   3.1260123    
   3.1229780    
   3.1199541    
   3.1169410    
   3.1139383    
   3.1109459    
   3.1079640    
   3.1049924    
   3.1020310    
   3.0990796    
   3.0961385    
   3.0932071    
   3.0902860    
   3.0873747    
   3.0844731    
   3.0815814    
   3.0786994    
   3.0758269    
   3.0729640    
   3.0701106    
   3.0672667    
   3.0644324    
   3.0616071    
   3.0587912    
   3.0559845    
   3.0531871    
   3.0503988    
   3.0476193    
   3.0448492    
   3.0420876    
   3.0393353    
   3.0365915    
   3.0338566    
   3.0311303    
   3.0284128    
   3.0257039    
   3.0230036    
   3.0203118    
   3.0176284    
   3.0149534    
   3.0122869    
   3.0096285    
   3.0069785    
   3.0043368    
   3.0017030    
   2.9990776    
   2.9964602    
   2.9938507    
   2.9912493    
   2.9886558    
   2.9860702    
   2.9834924    
   2.9809225    
   2.9783602    
   2.9758058    
   2.9732590    
   2.9707198    
   2.9681880    
   2.9656639    
   2.9631474    
   2.9606380    
   2.9581363    
   2.9556420    
   2.9531550    
   2.9506752    
   2.9482026    
   2.9457374    
   2.9432793    
   2.9408281    
   2.9383843    
   2.9359474    
   2.9335175    
   2.9310946    
   2.9286785    
   2.9262695    
   2.9238675    
   2.9214721    
   2.9190834    
   2.9167016    
   2.9143264    
   2.9119582    
   2.9095964    
   2.9072411    
   2.9048927    
   2.9025505    
   2.9002151    
   2.8978860    
   2.8955634    
   2.8932471    
   2.8909373    
   2.8886340    
   2.8863368    
   2.8840458    
   2.8817613    
   2.8794827    
   2.8772106    
   2.8749444    
   2.8726845    
   2.8704307    
   2.8681829    
   2.8659410    
   2.8637054    
   2.8614755    
   2.8592517    
   2.8570337    
   2.8548217    
   2.8526154    
   2.8504150    
   2.8482203    
   2.8460314    
   2.8438485    
   2.8416710    
   2.8394992    
   2.8373332    
   2.8351729    
   2.8330181    
   2.8308687    
   2.8287251    
   2.8265870    
   2.8244543    
   2.8223271    
   2.8202052    
   2.8180890    
   2.8159781    
