  .03
  .747975079  .663726812
  .747975079  .663726812
  .99999569 -.00293592987
  .999999382 -.00111208763
  1.  2.53287917E-06
  1.  5.6967731E-06
  .06
  .591780882  .80609887
  .591780882  .80609887
  .999966997 -.00812438683
  .999995167 -.00310913804
  1.  1.42749443E-05
  .999999999  3.22375569E-05
  .09
  .488158325  .872755092
  .488158325  .872755092
  .999893274 -.014609576
  .999984057 -.00564668019
  .999999999  3.91926059E-05
  .999999996  8.88772145E-05
  .12
  .41643019  .909167694
  .41643019  .909167694
  .999757379 -.0220268687
  .999963057 -.00859559214
  .999999997  8.0162074E-05
  .999999983  .000182548959
  .15
  .365467773  .930823994
  .365467773  .930823994
  .999545129 -.0301584975
  .999929445 -.011878772
  .99999999  .00013953338
  .999999949  .000319108499
  .18
  .328750164  .944416926
  .328750164  .944416926
  .999244858 -.038855046
  .999880752 -.0154428869
  .999999976  .00021932156
  .999999873  .000503752646
  .21
  .302203615  .953243398
  .302203615  .953243398
  .998847037 -.0480062128
  .999814739 -.0192480312
  .999999948  .00032130253
  .999999725  .000741228385
  .24
  .283152421  .959074922
  .283152421  .959074922
  .998343963 -.0575267823
  .999729384 -.0232628404
  .9999999  .000447069867
  .999999463  .00103595648
  .27
  .269766893  .962925658
  .269766893  .962925658
  .997729489 -.0673488428
  .999622853 -.0274618185
  .999999821  .000598071941
  .999999031  .00139211243
  .3
  .260753749  .965405346
  .260753749  .965405346
  .996998797 -.0774170399
  .999493497 -.031823726
  .999999699  .000775637882
  .999998355  .00181368325
  .33
  .255173194  .966895362
  .255173194  .966895362
  .99614821 -.0876854769
  .999339828 -.0363305374
  .999999519  .000980996636
  .999997345  .00230450948
  .36
  .252326068  .967642266
  .252326068  .967642266
  .995175026 -.0981155869
  .999160511 -.0409667314
  .999999262  .00121529148
  .999995886  .0028683175
  .39
  .251681633  .967810083
  .251681633  .967810083
  .994077376 -.108674613
  .99895435 -.0457187854
  .999998905  .00147959139
  .999993844  .0035087452
  .42
  .252829885  .967510749
  .252829885  .967510749
  .992854108 -.119334486
  .998720276 -.0505748047
  .999998425  .00177490018
  .999991056  .00422936296
  .45
  .255449205  .966822478
  .255449205  .966822478
  .991504685 -.130070983
  .998457339 -.0555242428
  .99999779  .00210216395
  .999987331  .00503369111
  .48
  .259283874  .965801156
  .259283874  .965801156
  .990029089 -.140863068
  .998164699 -.0605576849
  .999996969  .0024622773
  .999982446  .00592521495
  .51
  .264128121  .964487603
  .264128121  .964487603
  .988427752 -.151692381
  .997841614 -.0656666773
  .999995921  .00285608853
  .999976144  .00690739762
  .54
  .269814589  .962912295
  .269814589  .962912295
  .986701489 -.162542831
  .997487436 -.0708435918
  .999994606  .00328440411
  .99996813  .00798369152
  .57
  .27620585  .961098501
  .27620585  .961098501
  .984851436 -.173400257
  .997101601 -.0760815141
  .999992976  .0037479925
  .999958069  .00915754855
  .6
  .283188082  .959064393
  .283188082  .959064393
  .982879005 -.184252166
  .996683624 -.0813741529
  .999990979  .00424758744
  .999945581  .0104324292
  .63
  .290666272  .956824497
  .290666272  .956824497
  .980785842 -.195087501
  .996233093 -.0867157647
  .999988557  .00478389092
  .999930238  .0118118112
  .66
  .298560549  .954390695
  .298560549  .954390695
  .978573783 -.20589646
  .995749662 -.0921010892
  .999985648  .00535757564
  .999911562  .013299197
  .69
  .30680334  .95177293
  .30680334  .95177293
  .976244829 -.216670336
  .995233046 -.0975252961
  .999982184  .00596928735
  .999889017  .0148981214
  .72
  .315337141  .948979709
  .315337141  .948979709
  .973801114 -.227401386
  .994683019 -.102983939
  .99997809  .00661964684
  .999862009  .016612158
  .75
  .324112759  .946018456
  .324112759  .946018456
  .971244882 -.238082716
  .994099405 -.108472915
  .999973287  .00730925171
  .999829878  .0184449259
  .78
  .333087903  .942895778
  .333087903  .942895778
  .968578463 -.248708185
  .993482077 -.113988432
  .999967689  .008038678
  .999791896  .020400096
  .81
  .342226059  .939617648
  .342226059  .939617648
  .965804257 -.259272321
  .992830953 -.119526977
  .999961205  .00880848165
  .999747261  .0224813964
  .84
  .351495572  .936189544
  .351495572  .936189544
  .962924718 -.269770248
  .992145992 -.125085292
  .999953734  .0096191998
  .999695091  .0246926188
  .87
  .360868896  .932616556
  .360868896  .932616556
  .959942338 -.280197624
  .99142719 -.130660349
  .999945174  .010471352
  .999634417  .0270376233
  .9
  .370321986  .928903454
  .370321986  .928903454
  .956859634 -.290550584
  .990674578 -.136249331
  .999935411  .0113654411
  .99956418  .0295203443
  .93
  .379833785  .925054753
  .379833785  .925054753
  .95367914 -.300825693
  .989888219 -.141849614
  .999924328  .0123019547
  .999483223  .0321447953
  .96
  .389385805  .92107475
  .389385805  .92107475
  .950403398 -.311019904
  .989068206 -.14745875
  .999911799  .0132813655
  .999390283  .0349150743
  .99
  .39896177  .91696756
  .39896177  .91696756
  .947034947 -.321130517
  .988214659 -.153074455
  .999897691  .0143041324
  .999283986  .0378353685
  1.02
  .408547324  .912737138
  .408547324  .912737138
  .943576317 -.33115515
  .98732772 -.158694592
  .999881864  .0153707013
  .999162837  .0409099591
  1.05
  .418129778  .908387301
  .418129778  .908387301
  .940030026 -.341091705
  .986407558 -.164317164
  .999864171  .0164815053
  .999025213  .0441432263
  1.08
  .427697895  .903921739
  .427697895  .903921739
  .936398569 -.350938343
  .985454359 -.1699403
  .999844457  .0176369663
  .998869351  .0475396536
  1.11
  .437241714  .89934403
  .437241714  .89934403
  .932684419 -.360693463
  .984468332 -.175562249
  .999822559  .0188374943
  .998693345  .0511038322
  1.14
  .446752389  .894657646
  .446752389  .894657646
  .928890022 -.370355676
  .9834497 -.181181369
  .999798306  .0200834891
  .998495129  .0548404656
  1.17
  .45622206  .889865963
  .45622206  .889865963
  .925017792 -.379923788
  .982398702 -.186796118
  .999771521  .0213753399
  .99827247  .0587543735
  1.2
  .465643736  .884972266
  .465643736  .884972266
  .921070109 -.389396783
  .981315595 -.192405051
  .999742017  .0227134262
  .998022953  .062850496
  1.23
  .475011196  .879979752
  .475011196  .879979752
  .917049317 -.398773809
  .980200644 -.19800681
  .999709598  .0240981182
  .997743975  .0671338972
  1.26
  .484318903  .874891537
  .484318903  .874891537
  .912957723 -.408054158
  .979054131 -.20360012
  .999674062  .0255297767
  .997432725  .0716097687
  1.29
  .493561927  .869710655
  .493561927  .869710655
  .908797594 -.417237262
  .977876345 -.209183782
  .999635197  .0270087542
  .997086174  .0762834331
  1.32
  .502735883  .864440068
  .502735883  .864440068
  .904571157 -.426322674
  .976667586 -.214756669
  .999592783  .0285353943
  .996701058  .0811603468
  1.35
  .51183687  .859082661
  .51183687  .859082661
  .900280597 -.435310059
  .975428163 -.220317724
  .99954659  .0301100326
  .996273863  .0862461027
  1.38
  .52086142  .853641248
  .52086142  .853641248
  .895928056 -.444199188
  .974158392 -.225865949
  .999496382  .0317329969
  .995800809  .0915464324
  1.41
  .529806458  .848118575
  .529806458  .848118575
  .891515635 -.452989926
  .972858598 -.231400408
  .99944191  .0334046071
  .995277829  .0970672078
  1.44
  .538669256  .842517319
  .538669256  .842517319
  .88704539 -.461682225
  .971529109 -.23692022
  .999382921  .0351251756
  .994700553  .102814443
  1.47
  .547447404  .836840092
  .547447404  .836840092
  .882519334 -.470276115
  .970170261 -.242424555
  .999319147  .0368950073
  .994064285  .108794293
  1.5
  .556138777  .831089442
  .556138777  .831089442
  .877939439 -.478771701
  .968782393 -.247912635
  .999250317  .0387144001
  .99336398  .115013056
  1.53
  .564741504  .825267856
  .564741504  .825267856
  .87330763 -.487169153
  .96736585 -.253383724
  .999176145  .0405836446
  .992594226  .121477171
  1.56
  .57325395  .819377757
  .57325395  .819377757
  .868625791 -.495468702
  .965920979 -.258837134
  .999096338  .0425030245
  .991749212  .128193216
  1.59
  .581674689  .813421512
  .581674689  .813421512
  .863895763 -.503670636
  .96444813 -.264272216
  .999010595  .0444728165
  .990822707  .135167906
  1.62
  .590002487  .807401428
  .590002487  .807401428
  .859119345 -.511775294
  .962947656 -.26968836
  .998918602  .0464932906
  .98980803  .142408087
  1.65
  .598236282  .801319756
  .598236282  .801319756
  .854298291 -.51978306
  .961419912 -.275084992
  .998820038  .0485647098
  .98869802  .149920732
  1.68
  .606375171  .795178692
  .606375171  .795178692
  .849434317 -.527694363
  .959865254 -.280461574
  .998714571  .0506873305
  .987485003  .157712932
  1.71
  .614418394  .788980378
  .614418394  .788980378
  .844529096 -.535509669
  .958284039 -.285817601
  .998601859  .0528614023
  .986160762  .165791891
  1.74
  .622365321  .782726904
  .622365321  .782726904
  .839584261 -.543229481
  .956676626 -.291152596
  .998481549  .0550871681
  .984716499  .174164911
  1.77
  .630215444  .776420308
  .630215444  .776420308
  .834601404 -.550854333
  .955043372 -.296466114
  .99835328  .057364864
  .983142798  .182839379
  1.8
  .637968358  .770062578
  .637968358  .770062578
  .82958208 -.558384789
  .953384638 -.301757739
  .99821668  .0596947195
  .981429585  .191822756
  1.83
  .645623763  .763655653
  .645623763  .763655653
  .824527802 -.565821441
  .95170078 -.307027077
  .998071366  .062076957
  .979566087  .201122552
  1.86
  .653181446  .757201426
  .653181446  .757201426
  .819440049 -.573164903
  .949992156 -.312273763
  .997916945  .0645117924
  .977540788  .21074631
  1.89
  .660641277  .75070174
  .660641277  .75070174
  .814320258 -.580415814
  .948259125 -.317497453
  .997753013  .0669994344
  .975341384  .220701575
  1.92
  .668003204  .744158397
  .668003204  .744158397
  .809169835 -.587574828
  .94650204 -.322697827
  .997579158  .0695400848
  .972954731  .23099587
  1.95
  .67526724  .737573152
  .67526724  .737573152
  .803990144 -.594642622
  .944721258 -.327874586
  .997394954  .0721339385
  .970366799  .241636661
  1.98
  .682433466  .730947717
  .682433466  .730947717
  .798782519 -.601619886
  .942917131 -.333027451
  .997199967  .0747811829
  .967562618  .252631313
  2.01
  .689502017  .724283762
  .689502017  .724283762
  .793548257 -.608507324
  .941090012 -.338156162
  .996993751  .0774819985
  .964526223  .263987055
  2.04
  .696473083  .717582918
  .696473083  .717582918
  .788288622 -.615305654
  .939240248 -.343260478
  .99677585  .080236558
  .961240598  .275710922
  2.07
  .703346903  .710846773
  .703346903  .710846773
  .783004844 -.622015606
  .937368189 -.348340175
  .996545796  .0830450268
  .957687619  .287809701
  2.1
  .710123758  .704076877
  .710123758  .704076877
  .777698122 -.628637917
  .93547418 -.353395045
  .996303112  .0859075627
  .953847994  .300289866
  2.13
  .716803972  .697274742
  .716803972  .697274742
  .772369623 -.635173335
  .933558565 -.358424896
  .996047309  .0888243154
  .949701203  .313157507
  2.16
  .723387904  .690441844
  .723387904  .690441844
  .767020483 -.641622614
  .931621683 -.363429551
  .995777887  .0917954269
  .945225438  .326418245
  2.19
  .729875949  .683579622
  .729875949  .683579622
  .761651807 -.647986516
  .929663875 -.368408849
  .995494336  .0948210308
  .940397542  .340077142
  2.22
  .736268531  .676689478
  .736268531  .676689478
  .756264673 -.654265806
  .927685475 -.373362638
  .995196134  .0979012524
  .935192949  .3541386
  2.25
  .742566105  .669772782
  .742566105  .669772782
  .750860127 -.660461256
  .925686817 -.378290784
  .994882749  .101036209
  .929585625  .368606247
  2.28
  .748769149  .66283087
  .748769149  .66283087
  .745439189 -.666573639
  .92366823 -.383193163
  .994553638  .104226007
  .923548015  .383482808
  2.31
  .754878166  .655865043
  .754878166  .655865043
  .740002851 -.672603733
  .921630044 -.388069662
  .994208247  .107470748
  .917050987  .398769968
  2.34
  .76089368  .648876573
  .76089368  .648876573
  .734552078 -.678552316
  .919572581 -.39292018
  .99384601  .11077052
  .910063789  .414468214
  2.37
  .766816236  .6418667
  .766816236  .6418667
  .729087809 -.684420168
  .917496165 -.397744626
  .993466352  .114125405
  .902554005  .430576669
  2.4
  .772646395  .634836632
  .772646395  .634836632
  .723610958 -.690208071
  .915401112 -.402542921
  .993068685  .117535472
  .894487526  .447092904
  2.43
  .778384733  .627787549
  .778384733  .627787549
  .718122413 -.695916805
  .91328774 -.407314994
  .992652412  .121000784
  .88582853  .464012733
  2.46
  .784031845  .620720602
  .784031845  .620720602
  .712623039 -.701547151
  .911156359 -.412060783
  .992216923  .124521391
  .876539468  .481329992
  2.49
  .789588334  .613636914
  .789588334  .613636914
  .707113676 -.707099887
  .90900728 -.416780235
  .991761601  .128097333
  .86658108  .499036302
  2.52
  .795054818  .60653758
  .795054818  .60653758
  .701595141 -.712575791
  .906840808 -.421473307
  .991285814  .131728641
  .85591242  .517120807
  2.55
  .800431925  .599423667
  .800431925  .599423667
  .69606823 -.71797564
  .904657246 -.426139962
  .990788922  .135415334
  .844490903  .535569897
  2.58
  .805720292  .592296219
  .805720292  .592296219
  .690533715 -.723300207
  .902456893 -.430780171
  .990270273  .139157419
  .832272385  .554366916
  2.61
  .810920564  .585156251
  .810920564  .585156251
  .684992347 -.728550262
  .900240046 -.435393912
  .989729205  .142954892
  .819211269  .573491845
  2.64
  .816033395  .578004756
  .816033395  .578004756
  .679444859 -.733726573
  .898006998 -.439981172
  .989165046  .146807738
  .805260651  .592920976
  2.67
  .821059445  .5708427
  .821059445  .5708427
  .673891958 -.738829905
  .895758037 -.444541942
  .988577113  .150715929
  .7903725  .612626567
  2.7
  .825999378  .563671028
  .825999378  .563671028
  .668334337 -.743861018
  .893493451 -.449076221
  .987964714  .154679426
  .774497889  .632576493
  2.73
  .830853865  .556490661
  .830853865  .556490661
  .662772666 -.748820668
  .891213523 -.453584013
  .987327144  .158698175
  .757587277  .65273388
  2.76
  .83562358  .549302496
  .83562358  .549302496
  .657207597 -.753709609
  .888918531 -.458065328
  .986663691  .162772111
  .739590843  .673056747
  2.79
  .840309203  .54210741
  .840309203  .54210741
  .651639763 -.758528588
  .886608754 -.462520181
  .985973633  .166901155
  .720458887  .693497651
  2.82
  .844911413  .534906257
  .844911413  .534906257
  .646069781 -.763278349
  .884284462 -.466948594
  .985256235  .171085214
  .700142298  .714003336
  2.85
  .849430895  .527699871
  .849430895  .527699871
  .640498249 -.76795963
  .881945927 -.471350593
  .984510757  .175324181
  .678593086  .734514413
  2.88
  .853868334  .520489066
  .853868334  .520489066
  .634925749 -.772573164
  .879593415 -.475726207
  .983736447  .179617936
  .655765005  .754965071
  2.91
  .858224417  .513274634
  .858224417  .513274634
  .629352844 -.77711968
  .877227189 -.480075471
  .982932543  .183966342
  .631614233  .775282827
  2.94
  .862499831  .50605735
  .862499831  .50605735
  .623780084 -.781599902
  .87484751 -.484398426
  .982098277  .188369249
  .60610015  .795388338
  2.97
  .866695264  .498837969
  .866695264  .498837969
  .618208002 -.786014546
  .872454632 -.488695114
  .98123287  .192826491
  .579186186  .815195291
  3.
  .870811405  .491617226
  .870811405  .491617226
  .612637114 -.790364325
  .870048811 -.492965583
  .980335534  .197337886
  .550840738  .834610377
  3.03
  .874848941  .48439584
  .874848941  .48439584
  .607067925 -.794649945
  .867630297 -.497209884
  .979405474  .201903237
  .521038163  .853533381
  3.06
  .87880856  .477174511
  .87880856  .477174511
  .60150092 -.798872107
  .865199335 -.501428071
  .978441888  .206522328
  .489759828  .871857391
  3.09
  .882690948  .469953923
  .882690948  .469953923
  .595936575 -.803031505
  .862756172 -.505620202
  .977443964  .211194929
  .456995196  .889469162
  3.12
  .88649679  .462734742
  .88649679  .462734742
  .590375349 -.807128829
  .860301046 -.509786339
  .976410882  .215920793
  .422742943  .906249637
  3.15
  .890226769  .455517618
  .890226769  .455517618
  .58481769 -.811164761
  .857834195 -.513926545
  .975341819  .220699653
  .387012075  .922074646
  3.18
  .893881567  .448303184
  .893881567  .448303184
  .579264029 -.815139979
  .855355854 -.518040889
  .97423594  .225531226
  .34982302  .936815806
  3.21
  .897461863  .441092059
  .897461863  .441092059
  .573714788 -.819055152
  .852866255 -.522129439
  .973092406  .230415211
  .311208658  .950341608
  3.24
  .900968335  .433884846
  .900968335  .433884846
  .568170375 -.822910946
  .850365625 -.526192268
  .971910372  .235351289
  .27121526  .962518718
  3.27
  .904401658  .426682132
  .904401658  .426682132
  .562631186 -.826708019
  .84785419 -.530229452
  .970688986  .240339119
  .229903291  .97321348
  3.3
  .907762504  .41948449
  .907762504  .41948449
  .557097606 -.830447023
  .845332172 -.534241068
  .969427392  .245378345
  .187348036  .982293598
  3.33
  .911051542  .412292479
  .911051542  .412292479
  .551570006 -.834128604
  .84279979 -.538227195
  .968124727  .250468589
  .143640012  .989630005
  3.36
  .914269439  .405106645
  .914269439  .405106645
  .546048748 -.837753403
  .84025726 -.542187916
  .966780124  .255609453
  .0988851168  .995098856
  3.39
  .917416858  .397927517
  .917416858  .397927517
  .540534184 -.841322053
  .837704796 -.546123314
  .965392712  .26080052
  .0532044832  .998583638
  3.42
  .920494459  .390755616
  .920494459  .390755616
  .535026652 -.84483518
  .835142609 -.550033475
  .963961617  .266041352
  .00673401111  .999977326
  3.45
  .923502899  .383591444
  .923502899  .383591444
  .529526483 -.848293407
  .832570904 -.553918486
  .962485959  .271331491
 -.0403764526  .999184539
  3.48
  .926442831  .376435495
  .926442831  .376435495
  .524033995 -.851697348
  .829989888 -.557778437
  .960964858  .276670456
 -.0879642929  .996123628
  3.51
  .929314904  .369288247
  .929314904  .369288247
  .518549498 -.855047611
  .827399762 -.56161342
  .95939743  .282057746
 -.135855662  .99072864
  3.54
  .932119764  .36215017
  .932119764  .36215017
  .513073293 -.8583448
  .824800726 -.565423525
  .957782788  .287492837
 -.18386736  .982951064
  3.57
  .934858053  .355021717
  .934858053  .355021717
  .50760567 -.86158951
  .822192975 -.569208848
  .956120045  .292975185
 -.231809018  .972761317
  3.6
  .93753041  .347903335
  .93753041  .347903335
  .502146911 -.864782331
  .819576703 -.572969483
  .954408314  .298504221
 -.279485559  .960149896
  3.63
  .940137468  .340795454
  .940137468  .340795454
  .496697287 -.867923847
  .8169521 -.576705528
  .952646705  .304079357
 -.326699851  .945128143
  3.66
  .942679857  .333698498
  .942679857  .333698498
  .491257064 -.871014636
  .814319356 -.580417079
  .95083433  .309699978
 -.3732555  .927728587
  3.69
  .945158203  .326612876
  .945158203  .326612876
  .485826497 -.87405527
  .811678656 -.584104237
  .948970302  .315365448
 -.418959692  .908004833
  3.72
  .947573129  .319538989
  .947573129  .319538989
  .480405833 -.877046313
  .809030182 -.587767101
  .947053734  .321075109
 -.463626012  .886030993
  3.75
  .949925251  .312477227
  .949925251  .312477227
  .474995312 -.879988326
  .806374115 -.591405771
  .945083741  .326828277
 -.507077133  .861900679
  3.78
  .952215183  .305427969
  .952215183  .305427969
  .469595166 -.882881861
  .803710633 -.595020351
  .943059442  .332624245
 -.549147319  .835725566
  3.81
  .954443535  .298391587
  .954443535  .298391587
  .464205618 -.885727466
  .801039911 -.598610943
  .940979959  .338462283
 -.589684646  .807633591
  3.84
  .95661091  .291368439
  .95661091  .291368439
  .458826885 -.888525683
  .798362121 -.602177651
  .938844416  .344341635
 -.628552899  .777766837
  3.87
  .958717909  .284358876
  .958717909  .284358876
  .453459178 -.891277047
  .795677435 -.605720579
  .936651945  .350261523
 -.665633077  .746279174
  3.9
  .960765129  .27736324
  .960765129  .27736324
  .448102697 -.893982087
  .79298602 -.609239832
  .934401679  .356221143
 -.700824498  .713333739
  3.93
  .96275316  .270381864
  .96275316  .270381864
  .44275764 -.896641328
  .790288041 -.612735516
  .93209276  .362219667
 -.734045467  .679100325
  3.96
  .964682591  .26341507
  .964682591  .26341507
  .437424196 -.899255288
  .787583661 -.616207738
  .929724336  .368256241
 -.765233537  .643752773
  3.99
  .966554003  .256463174
  .966554003  .256463174
  .432102546 -.901824479
  .784873042 -.619656605
  .927295562  .374329988
 -.794345354  .607466426
  4.02
  .968367975  .249526483
  .968367975  .249526483
  .426792867 -.904349406
  .782156342 -.623082223
  .924805602  .380440007
 -.821356138  .570415721
  4.05
  .97012508  .242605294
  .97012508  .242605294
  .421495329 -.906830573
  .779433717 -.626484702
  .922253627  .386585368
 -.846258842  .53277197
  4.08
  .971825889  .235699897
  .971825889  .235699897
  .416210097 -.909268473
  .77670532 -.629864148
  .91963882  .39276512
 -.86906303  .494701375
  4.11
  .973470965  .228810576
  .973470965  .228810576
  .410937328 -.911663596
  .773971304 -.633220673
  .916960374  .398978287
 -.889793535  .456363304
  4.14
  .97506087  .221937603
  .97506087  .221937603
  .405677176 -.914016427
  .771231818 -.636554383
  .91421749  .405223865
 -.908488959  .417908856
  4.17
  .976596159  .215081247
  .976596159  .215081247
  .400429787 -.916327444
  .76848701 -.639865389
  .911409386  .411500828
 -.925200061  .379479705
  4.2
  .978077383  .208241766
  .978077383  .208241766
  .395195304 -.918597122
  .765737024 -.6431538
  .908535289  .417808124
 -.939988096  .341207237
  4.23
  .979505089  .201419413
  .979505089  .201419413
  .389973862 -.920825926
  .762982003 -.646419727
  .905594442  .424144677
 -.95292314  .303211953
  4.26
  .980879821  .194614432
  .980879821  .194614432
  .384765593 -.923014322
  .760222089 -.649663278
  .9025861  .430509387
 -.964082454  .265603128
  4.29
  .982202115  .187827063
  .982202115  .187827063
  .379570624 -.925162765
  .75745742 -.652884566
  .899509536  .436901127
 -.973548913  .228478694
  4.32
  .983472505  .181057536
  .983472505  .181057536
  .374389076 -.927271708
  .754688134 -.656083699
  .896364037  .443318748
 -.981409532  .191925324
  4.35
  .984691521  .174306076
  .984691521  .174306076
  .369221065 -.929341598
  .751914365 -.659260789
  .893148909  .449761078
 -.987754104  .156018686
  4.38
  .985859687  .167572902
  .985859687  .167572902
  .364066704 -.931372876
  .749136246 -.662415946
  .889863472  .456226918
 -.992673965  .120823839
  4.41
  .986977523  .160858224
  .986977523  .160858224
  .358926101 -.933365981
  .746353908 -.66554928
  .88650707  .462715048
 -.996260898  .0863957306
  4.44
  .988045546  .15416225
  .988045546  .15416225
  .353799359 -.935321342
  .743567479 -.668660903
  .883079061  .469224224
 -.998606175  .0527797938
  4.47
  .989064266  .147485179
  .989064266  .147485179
  .348686577 -.937239388
  .740777088 -.671750925
  .879578827  .475753179
 -.999799728  .0200125883
  4.5
  .990034191  .140827203
  .990034191  .140827203
  .34358785 -.93912054
  .73798286 -.674819456
  .876005769  .482300624
 -.99992946 -.0118775129
  4.53
  .990955823  .134188512
  .990955823  .134188512
  .338503269 -.940965216
  .735184917 -.677866608
  .872359312  .488865248
 -.999080675 -.0428696207
  4.56
  .991829661  .127569286
  .991829661  .127569286
  .333432921 -.942773826
  .732383381 -.68089249
  .868638902  .495445717
 -.997335627 -.0729496268
  4.59
  .9926562  .120969704
  .9926562  .120969704
  .328376888 -.94454678
  .729578373 -.683897213
  .864844008  .502040677
 -.994773164 -.10210951
  4.62
  .993435928  .114389935
  .993435928  .114389935
  .323335251 -.946284479
  .726770009 -.686880888
  .860974127  .508648753
 -.99146848 -.130346664
  4.65
  .994169332  .107830145
  .994169332  .107830145
  .318308085 -.947987322
  .723958407 -.689843624
  .857028776  .515268548
 -.987492935 -.157663259
  4.68
  .994856892  .101290496
  .994856892  .101290496
  .313295463 -.949655702
  .721143681 -.692785531
  .853007503  .521898649
 -.982913955 -.184065633
  4.71
  .995499086  .0947711417
  .995499086  .0947711417
  .308297452 -.951290009
  .718325943 -.695706719
  .848909879  .528537621
 -.977794991 -.209563727
  4.74
  .996096387  .0882722334
  .996096387  .0882722334
  .30331412 -.952890626
  .715505305 -.698607299
  .844735506  .535184011
 -.97219553 -.234170562
  4.77
  .996649264  .0817939163
  .996649264  .0817939163
  .298345527 -.954457933
  .712681877 -.701487378
  .840484011  .541836348
 -.966171146 -.257901757
  4.8
  .997158181  .0753363311
  .997158181  .0753363311
  .293391732 -.955992307
  .709855766 -.704347068
  .836155052  .548493144
 -.959773593 -.28077509
  4.83
  .997623598  .0688996138
  .997623598  .0688996138
  .288452793 -.957494118
  .707027078 -.707186475
  .831748317  .555152895
 -.953050912 -.302810106
  4.86
  .998045972  .0624838958
  .998045972  .0624838958
  .283528761 -.958963733
  .704195918 -.71000571
  .827263524  .561814081
 -.946047574 -.324027758
  4.89
  .998425756  .056089304
  .998425756  .056089304
  .278619686 -.960401515
  .70136239 -.712804881
  .822700423  .568475166
 -.93880463 -.344450093
  4.92
  .998763397  .0497159608
  .998763397  .0497159608
  .273725616 -.961807822
  .698526594 -.715584095
  .818058794  .575134601
 -.931359872 -.364099972
  4.95
  .99905934  .0433639846
  .99905934  .0433639846
  .268846594 -.963183009
  .695688631 -.718343461
  .813338451  .581790824
 -.923748001 -.383000823
  4.98
  .999314025  .0370334891
  .999314025  .0370334891
  .263982663 -.964527425
  .6928486 -.721083087
  .808539243  .58844226
 -.916000805 -.401176426
  5.01
  .999527889  .0307245844
  .999527889  .0307245844
  .259133861 -.965841417
  .690006596 -.723803079
  .803661049  .59508732
 -.908147327 -.418650728
  5.04
  .999701363  .0244373761
  .999701363  .0244373761
  .254300225 -.967125326
  .687162717 -.726503545
  .798703785  .601724409
 -.90021404 -.435447681
  5.07
  .999834876  .0181719662
  .999834876  .0181719662
  .249481788 -.96837949
  .684317056 -.72918459
  .793667401  .608351918
 -.892225012 -.451591108
  5.1
  .999928853  .0119284526
  .999928853  .0119284526
  .244678582 -.969604245
  .681469706 -.731846323
  .788551884  .614968232
 -.884202074 -.467104584
  5.13
  .999983715  .00570692945
  .999983715  .00570692945
  .239890636 -.970799919
  .678620758 -.734488847
  .783357255  .621571726
 -.876164975 -.482011344
  5.16
  .999999879 -.000492512697
  .999999879 -.000492512697
  .235117976 -.97196684
  .675770303 -.73711227
  .778083573  .628160771
 -.868131536 -.496334198
  5.19
  .999977757 -.00666978701
  .999977757 -.00666978701
  .230360628 -.973105329
  .672918428 -.739716695
  .772730932  .634733729
 -.860117789 -.510095471
  5.22
  .999917759 -.0128248102
  .999917759 -.0128248102
  .225618613 -.974215706
  .670065222 -.742302229
  .767299466  .641288959
 -.85213812 -.523316945
  5.25
  .99982029 -.0189575024
  .99982029 -.0189575024
  .220891951 -.975298286
  .667210769 -.744868975
  .761789344  .647824818
 -.844205394 -.536019825
  5.28
  .999685754 -.0250677872
  .999685754 -.0250677872
  .216180662 -.976353379
  .664355156 -.747417037
  .756200775  .654339658
 -.836331079 -.548224705
  5.31
  .999514547 -.0311555916
  .999514547 -.0311555916
  .21148476 -.977381295
  .661498464 -.749946519
  .750534005  .66083183
 -.828525357 -.559951544
  5.34
  .999307064 -.0372208457
  .999307064 -.0372208457
  .20680426 -.978382337
  .658640777 -.752457525
  .744789319  .667299686
 -.820797237 -.571219657
  5.37
  .999063697 -.0432634829
  .999063697 -.0432634829
  .202139174 -.979356806
  .655782176 -.754950156
  .73896704  .673741577
 -.813154644 -.5820477
  5.4
  .998784833 -.0492834396
  .998784833 -.0492834396
  .197489513 -.980305
  .652922739 -.757424516
  .733067532  .68015586
 -.805604522 -.592453673
  5.43
  .998470855 -.0552806555
  .998470855 -.0552806555
  .192855285 -.981227211
  .650062545 -.759880706
  .727091195  .68654089
 -.798152913 -.602454917
  5.46
  .998122145 -.061255073
  .998122145 -.061255073
  .188236496 -.98212373
  .647201672 -.762318828
  .721038471  .692895031
 -.790805041 -.612068123
  5.49
  .997739078 -.0672066377
  .997739078 -.0672066377
  .183633153 -.982994845
  .644340196 -.764738983
  .714909838  .69921665
 -.783565381 -.621309338
  5.52
  .997322028 -.0731352978
  .997322028 -.0731352978
  .179045258 -.983840839
  .641478191 -.767141272
  .708705817  .705504122
 -.776437731 -.630193978
  5.55
  .996871366 -.0790410046
  .996871366 -.0790410046
  .174472813 -.984661992
  .638615731 -.769525794
  .702426964  .711755829
 -.769425271 -.638736841
  5.58
  .996387456 -.0849237118
  .996387456 -.0849237118
  .169915818 -.985458581
  .63575289 -.77189265
  .696073878  .717970164
 -.762530626 -.646952119
  5.61
  .995870664 -.0907833762
  .995870664 -.0907833762
  .165374273 -.986230881
  .632889737 -.774241939
  .689647193  .72414553
 -.755755912 -.65485342
  5.64
  .995321347 -.0966199569
  .995321347 -.0966199569
  .160848174 -.986979161
  .630026345 -.77657376
  .683147585  .730280341
 -.74910279 -.66245378
  5.67
  .994739863 -.102433416
  .994739863 -.102433416
  .156337517 -.987703691
  .627162783 -.77888821
  .676575767  .736373024
 -.742572509 -.669765683
  5.7
  .994126565 -.108223717
  .994126565 -.108223717
  .151842297 -.988404733
  .624299117 -.781185389
  .66993249  .742422022
 -.736165945 -.676801079
  5.73
  .993481802 -.113990827
  .993481802 -.113990827
  .147362506 -.989082551
  .621435417 -.783465393
  .663218544  .74842579
 -.729883644 -.683571405
  5.76
  .992805922 -.119734716
  .992805922 -.119734716
  .142898136 -.989737401
  .618571748 -.78572832
  .656434755  .754382803
 -.723725849 -.690087599
  5.79
  .992099266 -.125455355
  .992099266 -.125455355
  .138449178 -.99036954
  .615708175 -.787974265
  .649581987  .760291551
 -.717692537 -.696360124
  5.82
  .991362176 -.131152717
  .991362176 -.131152717
  .134015621 -.990979219
  .612844763 -.790203326
  .642661141  .766150546
 -.711783444 -.702398981
  5.85
  .990594989 -.13682678
  .990594989 -.13682678
  .129597452 -.99156669
  .609981575 -.792415597
  .635673153  .771958317
 -.705998094 -.708213733
  5.88
  .989798038 -.14247752
  .989798038 -.14247752
  .125194659 -.992132198
  .607118672 -.794611174
  .628618997  .777713416
 -.70033582 -.713813519
  5.91
  .988971654 -.14810492
  .988971654 -.14810492
  .120807226 -.992675986
  .604256117 -.796790151
  .62149968  .783414417
 -.694795787 -.719207073
  5.94
  .988116165 -.153708961
  .988116165 -.153708961
  .116435139 -.993198298
  .60139397 -.798952623
  .614316243  .789059917
 -.689377014 -.724402742
  5.97
  .987231895 -.159289628
  .987231895 -.159289628
  .112078381 -.993699369
  .598532289 -.801098682
  .607069764  .79464854
 -.684078387 -.729408501
  6.
  .986319166 -.164846908
  .986319166 -.164846908
  .107736934 -.994179437
  .595671135 -.803228423
  .599761351  .800178931
 -.678898679 -.734231969
  6.03
  .985378296 -.17038079
  .985378296 -.17038079
  .103410779 -.994638734
  .592810563 -.805341938
  .592392145  .805649766
 -.673836563 -.738880428
  6.06
  .984409601 -.175891264
  .984409601 -.175891264
  .0990998973 -.99507749
  .589950631 -.807439318
  .58496332  .811059748
 -.668890628 -.743360833
  6.09
  .983413394 -.181378322
  .983413394 -.181378322
  .0948042675 -.995495932
  .587091395 -.809520657
  .577476079  .816407605
 -.664059387 -.747679831
  6.12
  .982389985 -.18684196
  .982389985 -.18684196
  .0905238684 -.995894286
  .584232909 -.811586044
  .569931657  .8216921
 -.659341292 -.751843774
  6.15
  .981339679 -.192282174
  .981339679 -.192282174
  .0862586772 -.996272774
  .581375229 -.813635572
  .562331315  .826912022
 -.654734741 -.755858729
  6.18
  .980262782 -.197698961
  .980262782 -.197698961
  .0820086708 -.996631616
  .578518406 -.815669329
  .554676345  .832066194
 -.650238089 -.759730497
  6.21
  .979159593 -.203092321
  .979159593 -.203092321
  .0777738248 -.996971029
  .575662493 -.817687406
  .546968065  .837153472
 -.645849654 -.763464619
  6.24
  .978030412 -.208462256
  .978030412 -.208462256
  .0735541143 -.997291227
  .572807542 -.819689892
  .539207819  .842172742
 -.641567727 -.767066393
  6.27
  .976875535 -.213808769
  .976875535 -.213808769
  .0693495134 -.997592424
  .569953604 -.821676876
  .531396976  .847122927
 -.637390577 -.770540883
  6.3
  .975695252 -.219131865
  .975695252 -.219131865
  .0651599954 -.997874829
  .567100729 -.823648446
  .52353693  .852002983
 -.633316456 -.77389293
  6.33
  .974489856 -.22443155
  .974489856 -.22443155
  .060985533 -.99813865
  .564248966 -.82560469
  .515629097  .856811901
 -.629343607 -.777127161
  6.36
  .973259632 -.229707832
  .973259632 -.229707832
  .0568260981 -.998384092
  .561398363 -.827545695
  .507674916  .86154871
 -.625470266 -.780248003
  6.39
  .972004866 -.23496072
  .972004866 -.23496072
  .0526816618 -.998611357
  .558548968 -.829471549
  .499675845  .866212474
 -.621694667 -.783259689
  6.42
  .970725839 -.240190226
  .970725839 -.240190226
  .0485521947 -.998820647
  .555700829 -.831382336
  .491633364  .870802294
 -.618015049 -.786166267
  6.45
  .969422831 -.245396362
  .969422831 -.245396362
  .0444376665 -.999012159
  .55285399 -.833278144
  .483548971  .87531731
 -.614429652 -.788971611
  6.48
  .968096118 -.250579141
  .968096118 -.250579141
  .0403380466 -.99918609
  .550008498 -.835159058
  .475424179  .8797567
 -.610936728 -.791679427
  6.51
  .966745975 -.255738579
  .966745975 -.255738579
  .0362533034 -.999342633
  .547164398 -.837025162
  .467260519  .884119679
 -.607534539 -.794293261
  6.54
  .965372672 -.260874692
  .965372672 -.260874692
  .0321834049 -.99948198
  .544321733 -.838876541
  .459059539  .888405504
 -.604221361 -.796816508
  6.57
  .963976478 -.265987499
  .963976478 -.265987499
  .0281283185 -.999604321
  .541480547 -.840713279
  .450822796  .89261347
 -.600995485 -.799252418
  6.6
  .962557661 -.271077018
  .962557661 -.271077018
  .0240880111 -.999709842
  .538640882 -.842535459
  .442551864  .896742911
 -.59785522 -.801604102
  6.63
  .961116483 -.27614327
  .961116483 -.27614327
  .0200624488 -.999798729
  .535802781 -.844343165
  .434248325  .900793202
 -.594798894 -.80387454
  6.66
  .959653207 -.281186277
  .959653207 -.281186277
  .0160515976 -.999871165
  .532966284 -.846136478
  .425913773  .904763758
 -.591824855 -.806066586
  6.69
  .958168091 -.286206062
  .958168091 -.286206062
  .0120554225 -.999927331
  .530131433 -.847915481
  .41754981  .908654035
 -.588931471 -.808182976
  6.72
  .956661391 -.291202648
  .956661391 -.291202648
  .00807388838 -.999967406
  .527298267 -.849680256
  .409158046  .91246353
 -.586117136 -.810226328
  6.75
  .955133363 -.296176062
  .955133363 -.296176062
  .00410695953 -.999991566
  .524466826 -.851430883
  .400740097  .916191778
 -.583380264 -.812199155
  6.78
  .953584256 -.301126329
  .953584256 -.301126329
  .000154599742 -.999999988
  .521637148 -.853167443
  .392297585  .919838358
 -.580719294 -.814103864
  6.81
  .952014322 -.306053477
  .952014322 -.306053477
 -.00378322759 -.999992844
  .518809272 -.854890016
  .383832133  .923402888
 -.578132691 -.815942763
  6.84
  .950423806 -.310957535
  .950423806 -.310957535
 -.0077065595 -.999970304
  .515983235 -.856598681
  .37534537  .926885027
 -.575618943 -.817718064
  6.87
  .948812954 -.315838532
  .948812954 -.315838532
 -.0116154334 -.999932539
  .513159074 -.858293519
  .366838925  .930284474
 -.573176564 -.819431893
  6.9
  .947182007 -.3206965
  .947182007 -.3206965
 -.0155098873 -.999879714
  .510336825 -.859974607
  .358314427  .93360097
 -.570804094 -.821086284
  6.93
  .945531207 -.325531469
  .945531207 -.325531469
 -.0193899592 -.999811997
  .507516525 -.861642024
  .349773505  .936834294
 -.568500098 -.822683194
  6.96
  .94386079 -.330343473
  .94386079 -.330343473
 -.0232556878 -.99972955
  .504698207 -.863295847
  .341217783  .939984268
 -.566263169 -.824224498
  6.99
  .942170992 -.335132545
  .942170992 -.335132545
 -.0271071121 -.999632535
  .501881907 -.864936155
  .332648886  .943050751
 -.564091923 -.825711997
  7.02
  .940462046 -.339898719
  .940462046 -.339898719
 -.0309442713 -.999521111
  .499067658 -.866563023
  .32406843  .946033642
 -.561985003 -.827147421
  7.05
  .938734185 -.344642032
  .938734185 -.344642032
 -.034767205 -.999395438
  .496255495 -.868176528
  .315478029  .948932881
 -.559941079 -.82853243
  7.08
  .936987636 -.34936252
  .936987636 -.34936252
 -.0385759532 -.999255671
  .493445449 -.869776747
  .306879288  .951748445
 -.557958845 -.82986862
  7.11
  .935222626 -.35406022
  .935222626 -.35406022
 -.0423705561 -.999101965
  .490637554 -.871363753
  .298273805  .954480349
 -.556037022 -.831157524
  7.14
  .933439381 -.35873517
  .933439381 -.35873517
 -.0461510541 -.998934472
  .487831841 -.872937624
  .289663169  .957128648
 -.554174354 -.832400616
  7.17
  .931638122 -.363387409
  .931638122 -.363387409
 -.0499174881 -.998753345
  .485028342 -.874498432
  .281048959  .959693432
 -.552369613 -.833599311
  7.2
  .929819071 -.368016977
  .929819071 -.368016977
 -.0536698991 -.998558732
  .482227086 -.876046253
  .272432742  .962174829
 -.550621594 -.83475497
  7.23
  .927982445 -.372623915
  .927982445 -.372623915
 -.0574083285 -.998350782
  .479428106 -.877581159
  .263816075  .964573003
 -.548929116 -.835868905
  7.26
  .926128461 -.377208263
  .926128461 -.377208263
 -.0611328176 -.99812964
  .476631429 -.879103225
  .2552005  .966888155
 -.547291024 -.836942373
  7.29
  .924257333 -.381770064
  .924257333 -.381770064
 -.0648434084 -.997895452
  .473837087 -.880612523
  .246587546  .96912052
 -.545706185 -.837976586
  7.32
  .922369274 -.386309362
  .922369274 -.386309362
 -.0685401428 -.997648359
  .471045107 -.882109125
  .237978728  .971270367
 -.544173492 -.838972711
  7.35
  .920464493 -.390826198
  .920464493 -.390826198
 -.0722230631 -.997388505
  .468255517 -.883593102
  .229375544  .973337999
 -.542691859 -.83993187
  7.38
  .918543199 -.395320619
  .918543199 -.395320619
 -.0758922115 -.997116027
  .465468346 -.885064528
  .220779476  .975323753
 -.541260222 -.840855143
  7.41
  .916605598 -.399792667
  .916605598 -.399792667
 -.0795476308 -.996831066
  .462683621 -.886523472
  .212191987  .977227998
 -.539877543 -.841743571
  7.44
  .914651895 -.40424239
  .914651895 -.40424239
 -.0831893636 -.996533757
  .45990137 -.887970005
  .203614525  .979051135
 -.538542802 -.842598155
  7.47
  .912682292 -.408669834
  .912682292 -.408669834
 -.0868174529 -.996224237
  .457121617 -.889404198
  .195048517  .980793595
 -.537255004 -.843419861
  7.5
  .91069699 -.413075044
  .91069699 -.413075044
 -.0904319419 -.995902638
  .45434439 -.89082612
  .18649537  .98245584
 -.536013172 -.844209618
  7.53
  .908696187 -.41745807
  .908696187 -.41745807
 -.0940328737 -.995569093
  .451569714 -.89223584
  .177956471  .98403836
 -.534816354 -.844968323
  7.56
  .906680079 -.421818958
  .906680079 -.421818958
 -.0976202918 -.995223733
  .448797614 -.893633427
  .169433187  .985541676
 -.533663615 -.845696841
  7.59
  .904648863 -.426157758
  .904648863 -.426157758
 -.10119424 -.994866687
  .446028115 -.89501895
  .160926863  .986966334
 -.53255404 -.846396003
  7.62
  .90260273 -.430474519
  .90260273 -.430474519
 -.104754761 -.994498084
  .443261241 -.896392476
  .15243882  .988312909
 -.531486737 -.847066614
  7.65
  .900541873 -.43476929
  .900541873 -.43476929
 -.1083019 -.994118051
  .440497017 -.897754074
  .143970358  .989582001
 -.530460829 -.847709448
  7.68
  .89846648 -.439042122
  .89846648 -.439042122
 -.1118357 -.993726711
  .437735465 -.899103811
  .135522753  .990774234
 -.529475462 -.848325253
  7.71
  .896376739 -.443293066
  .896376739 -.443293066
 -.115356205 -.99332419
  .434976608 -.900441753
  .127097259  .991890259
 -.528529797 -.84891475
  7.74
  .894272836 -.447522173
  .894272836 -.447522173
 -.118863459 -.992910609
  .43222047 -.901767966
  .118695102  .992930749
 -.527623016 -.849478636
  7.77
  .892154955 -.451729494
  .892154955 -.451729494
 -.122357507 -.992486091
  .429467073 -.903082517
  .110317487  .993896399
 -.526754316 -.850017583
  7.8
  .890023279 -.455915083
  .890023279 -.455915083
 -.125838392 -.992050754
  .426716438 -.904385472
  .101965591  .994787926
 -.525922913 -.850532239
  7.83
  .887877988 -.460078992
  .887877988 -.460078992
 -.12930616 -.991604718
  .423968587 -.905676894
  .0936405688  .995606069
 -.52512804 -.851023232
  7.86
  .88571926 -.464221275
  .88571926 -.464221275
 -.132760854 -.9911481
  .421223541 -.90695685
  .0853435465  .996351584
 -.524368947 -.851491167
  7.89
  .883547274 -.468341984
  .883547274 -.468341984
 -.136202518 -.990681015
  .418481322 -.908225403
  .0770756256  .997025249
 -.523644898 -.85193663
  7.92
  .881362205 -.472441174
  .881362205 -.472441174
 -.139631199 -.990203579
  .415741948 -.909482618
  .068837881  .99762786
 -.522955175 -.852360185
  7.95
  .879164227 -.4765189
  .879164227 -.4765189
 -.143046939 -.989715905
  .413005442 -.910728557
  .0606313612  .998160227
 -.522299075 -.85276238
  7.98
  .876953512 -.480575216
  .876953512 -.480575216
 -.146449785 -.989218106
  .410271821 -.911963285
  .0524570881  .998623179
 -.52167591 -.853143742
  8.01
  .87473023 -.484610178
  .87473023 -.484610178
 -.149839779 -.988710292
  .407541106 -.913186863
  .0443160564  .999017561
 -.521085007 -.853504784
  8.04
  .872494551 -.488623841
  .872494551 -.488623841
 -.153216968 -.988192573
  .404813315 -.914399355
  .0362092341  .999344231
 -.520525707 -.853845998
  8.07
  .870246642 -.492616262
  .870246642 -.492616262
 -.156581395 -.987665058
  .402088467 -.915600822
  .0281375621  .99960406
 -.519997367 -.854167863
  8.1
  .867986669 -.496587497
  .867986669 -.496587497
 -.159933107 -.987127855
  .399366581 -.916791325
  .020101954  .999797935
 -.519499355 -.854470842
  8.13
  .865714796 -.500537603
  .865714796 -.500537603
 -.163272146 -.986581069
  .396647674 -.917970927
  .0121032964  .999926752
 -.519031055 -.854755383
  8.16
  .863431186 -.504466636
  .863431186 -.504466636
 -.166598558 -.986024807
  .393931764 -.919139688
  .00414244833  .99999142
 -.518591862 -.855021918
  8.19
  .861136 -.508374655
  .861136 -.508374655
 -.169912389 -.985459172
  .391218869 -.920297667
 -.00377975801  .999992857
 -.518181187 -.855270868
  8.22
  .858829397 -.512261716
  .858829397 -.512261716
 -.173213682 -.984884268
  .388509005 -.921444927
 -.0116625178  .999931991
 -.51779845 -.855502639
  8.25
  .856511537 -.516127879
  .856511537 -.516127879
 -.176502482 -.984300195
  .385802189 -.922581525
 -.0195050534  .999809758
 -.517443086 -.855717624
  8.28
  .854182575 -.519973201
  .854182575 -.519973201
 -.179778835 -.983707055
  .383098438 -.923707522
 -.027306614  .999627105
 -.517114542 -.855916206
  8.31
  .851842666 -.52379774
  .851842666 -.52379774
 -.183042785 -.983104948
  .380397768 -.924822977
 -.0350664759  .999384982
 -.516812274 -.856098752
  8.34
  .849491964 -.527601557
  .849491964 -.527601557
 -.186294376 -.982493972
  .377700194 -.925927947
 -.0427839421  .999084348
 -.516535753 -.856265622
  8.37
  .847130622 -.531384709
  .847130622 -.531384709
 -.189533654 -.981874225
  .375005732 -.927022492
 -.0504583424  .998726167
 -.51628446 -.856417163
  8.4
  .84475879 -.535147256
  .84475879 -.535147256
 -.192760663 -.981245803
  .372314398 -.928106669
 -.0580890328  .998311406
 -.516057886 -.85655371
  8.43
  .842376618 -.538889259
  .842376618 -.538889259
 -.195975448 -.980608803
  .369626205 -.929180536
 -.0656753959  .997841041
 -.515855533 -.856675592
  8.46
  .839984253 -.542610776
  .839984253 -.542610776
 -.199178053 -.979963317
  .36694117 -.93024415
 -.0732168401  .997316045
 -.515676915 -.856783123
  8.49
  .837581843 -.546311868
  .837581843 -.546311868
 -.202368524 -.979309441
  .364259305 -.931297567
 -.0807127998  .9967374
 -.515521554 -.856876612
  8.52
  .835169531 -.549992595
  .835169531 -.549992595
 -.205546904 -.978647266
  .361580626 -.932340845
 -.0881627351  .996106085
 -.515388984 -.856956355
  8.55
  .832747462 -.553653018
  .832747462 -.553653018
 -.208713238 -.977976883
  .358905147 -.933374038
 -.0955661311  .995423083
 -.515278748 -.857022644
  8.58
  .830315779 -.557293197
  .830315779 -.557293197
 -.211867571 -.977298385
  .356232879 -.934397204
 -.102922498  .994689378
 -.515190398 -.857075758
  8.61
  .827874622 -.560913193
  .827874622 -.560913193
 -.215009947 -.976611859
  .353563838 -.935410398
 -.110231372  .993905954
 -.515123495 -.857115969
  8.64
  .825424131 -.564513068
  .825424131 -.564513068
 -.21814041 -.975917395
  .350898036 -.936413674
 -.117492311  .993073792
 -.515077612 -.857143543
  8.67
  .822964444 -.568092883
  .822964444 -.568092883
 -.221259005 -.97521508
  .348235486 -.937407087
 -.1247049  .992193876
 -.515052327 -.857158737
  8.7
  .820495699 -.571652699
  .820495699 -.571652699
 -.224365776 -.974505002
  .3455762 -.938390692
 -.131868746  .991267186
 -.515047229 -.8571618
  8.73
  .818018031 -.575192577
  .818018031 -.575192577
 -.227460767 -.973787246
  .34292019 -.939364542
 -.138983481  .9902947
 -.515061916 -.857152975
  8.76
  .815531575 -.57871258
  .815531575 -.57871258
 -.230544022 -.973061896
  .34026747 -.940328692
 -.146048757  .989277393
 -.515095991 -.857132499
  8.79
  .813036464 -.582212769
  .813036464 -.582212769
 -.233615585 -.972329038
  .33761805 -.941283195
 -.153064253  .988216239
 -.515149069 -.857100599
  8.82
  .810532829 -.585693207
  .810532829 -.585693207
 -.236675501 -.971588754
  .334971941 -.942228103
 -.160029667  .987112205
 -.515220771 -.857057499
  8.85
  .808020802 -.589153955
  .808020802 -.589153955
 -.239723813 -.970841127
  .332329156 -.94316347
 -.16694472  .985966257
 -.515310725 -.857003417
  8.88
  .805500512 -.592595077
  .805500512 -.592595077
 -.242760565 -.970086237
  .329689706 -.944089348
 -.173809156  .984779355
 -.51541857 -.856938562
  8.91
  .802972087 -.596016633
  .802972087 -.596016633
 -.245785801 -.969324167
  .327053601 -.945005789
 -.180622738  .983552452
 -.515543947 -.856863139
  8.94
  .800435654 -.599418688
  .800435654 -.599418688
 -.248799564 -.968554994
  .324420852 -.945912845
 -.187385252  .9822865
 -.515686509 -.856777348
  8.97
  .79789134 -.602801303
  .79789134 -.602801303
 -.251801898 -.967778799
  .321791469 -.946810567
 -.194096502  .98098244
 -.515845913 -.856681384
  9.
  .795339267 -.606164541
  .795339267 -.606164541
 -.254792846 -.96699566
  .319165462 -.947699007
 -.200756314  .979641211
 -.516021825 -.856575435
