RUNGE KUTTA: X Z PHI
 0.4997972931242281 0.3871380774249047E-01 0.5235987755982988E-02
 0.4987023760890893 0.1935660394982547 0.1212736963793579E-01
 0.4995270172898655 0.9033221806581108E-01 0.5235987756005524E-02
 0.4997072011794406 0.5591994451693066E-01 0.5235987755982988E-02
 0.4993468240713348 0.1247444915658412 0.5257539822806992E-02
 0.4995870785863906 0.7886146021618427E-01 0.5235987755982988E-02
 0.4991726098962850 0.1553701418254652 0.6474953214794642E-02
 0.4994535443620778 0.1043643804883070 0.5236014710814233E-02
 0.4995425671868590 0.8736243364027005E-01 0.5235987755988774E-02
 0.4994983530085927 0.9580664248159136E-01 0.5235987857426461E-02
 0.4995278291274736 0.9017716992071068E-01 0.5235987756273574E-02
 0.4994934938699988 0.9673466108345506E-01 0.5235987981835091E-02
 0.4994688040940738 0.1014500161541127 0.5235993698501761E-02
 0.4994852639469454 0.9830644610701941E-01 0.5235988515661307E-02
 0.4994644953353398 0.1022729197326499 0.5235997370759899E-02
 0.4994480135803948 0.1054206591815769 0.5236037985999224E-02
 0.4994326903849871 0.1083470885966152 0.5236171883074885E-02
 0.4994175206042280 0.1112440881093552 0.5236544825427069E-02
 0.4994016061826793 0.1142829236985283 0.5237529115991572E-02
 0.4993867013848830 0.1171281757884949 0.5239586762391217E-02
 0.4993740542453376 0.1195412307545710 0.5242886226599815E-02
 0.4993612365316087 0.1219847776027112 0.5248568890576362E-02
 0.4993502858488180 0.1240697680584268 0.5256123488205747E-02
 0.4993412175779075 0.1257936639262881 0.5264878172587439E-02
 0.4993330232610458 0.1273485991943549 0.5275197331048307E-02
 0.4993237244726029 0.1291089234914513 0.5290196451146568E-02
 0.4993158110214861 0.1306026065753721 0.5306118088249363E-02
 0.4993082331303826 0.1320283487693663 0.5324414629384407E-02
 0.4993002795770768 0.1335190325216903 0.5347139178410117E-02
 0.4992931004051085 0.1348587226481874 0.5370979445807049E-02
 0.4992844780218694 0.1364592731320088 0.5404053350818182E-02
 0.4992774584978343 0.1377545896651854 0.5434768592940726E-02
 0.4992693893292843 0.1392340107939591 0.5474537170564515E-02
 0.4992625279056437 0.1404830981446245 0.5512321721223314E-02
 0.4992550521441098 0.1418337937530955 0.5557926180992428E-02
 0.4992483027434890 0.1430432908521179 0.5603406357530372E-02
 0.4992408571938046 0.1443656165992151 0.5658830070564208E-02
 0.4992341756962547 0.1455407134609677 0.5713852734575405E-02
 0.4992266207373205 0.1468551259943942 0.5783065255873753E-02
 0.4992200958577167 0.1479770334616518 0.5849877003902876E-02
 0.4992120359643160 0.1493441859581133 0.5943143761794457E-02
 0.4992054687853247 0.1504413913153621 0.6029271847315186E-02
 0.4991987929153617 0.1515398946741794 0.6127091204997140E-02
 0.4991914452222599 0.1527277149291196 0.6246959816294573E-02
 0.4991847550449180 0.1537886632342399 0.6366479746042090E-02
 0.4991775959650087 0.1549013305401598 0.6503542088922821E-02
 0.4991696563729629 0.1561074387798984 0.6663720232298029E-02
 0.4991621895620449 0.1572151012409279 0.6819382396775630E-02
 0.4991538144747218 0.1584275153360340 0.6997080199142705E-02
 0.4991448418978931 0.1596925711344261 0.7188930670471900E-02
 0.4991354724584592 0.1609780145610259 0.7389434124368589E-02
 0.4991249853265091 0.1623761177528031 0.7613183462449454E-02
 0.4991146678327867 0.1637121525588129 0.7832320980428794E-02
 0.4991042055798900 0.1650293801911859 0.8053444368357350E-02
 0.4990930551914931 0.1663941148279139 0.8287829736319212E-02
 0.4990822122730945 0.1676847938278103 0.8514470621787517E-02
 0.4990707101235813 0.1690170169729507 0.8753590659154912E-02
 0.4990593395816372 0.1702987863260626 0.8988724374529265E-02
 0.4990475248559126 0.1715956746563833 0.9231747193916080E-02
 0.4990356721790377 0.1728629522896679 0.9474282678230641E-02
 0.4990234773292000 0.1741334744150362 0.9722592639596569E-02
 0.4990111049375076 0.1753898318978263 0.9973279145351083E-02
 0.4989984977800079 0.1766380324258129 0.1022740954334425E-01
 0.4989855772124698 0.1778855653847083 0.1048649447400563E-01
 0.4989725112832064 0.1791162498387768 0.1074715018033603E-01
 0.4989590134542880 0.1803567356790693 0.1101501341348207E-01
 0.4989454240287584 0.1815756100527105 0.1128320740015198E-01
 0.4989313456492336 0.1828082400139500 0.1155948438162061E-01
 0.4989171624364725 0.1840206884496750 0.1183627061328732E-01
 0.4989026877864468 0.1852292381494644 0.1211716663097014E-01
 0.4988878255650829 0.1864414189667170 0.1240389474165257E-01
 0.4988728800298440 0.1876325395179527 0.1269051400945585E-01
 0.4988574580070986 0.1888338363144503 0.1298453180396001E-01
 0.4988422634002869 0.1899911783948542 0.1327247931624364E-01
 0.4988262504482894 0.1911840725276270 0.1357389467144516E-01
 0.4988112603518494 0.1922770868511694 0.1385386774234919E-01
 0.4987940297490308 0.1935066290361871 0.1417256990133205E-01
 0.4987783884086293 0.1945991848720924 0.1445838541598015E-01
 0.4987623471074846 0.1956976160564766 0.1474741445275814E-01
 0.4987425303872979 0.1970254746999885 0.1509822908634129E-01
 0.4987239377061191 0.1982437947715111 0.1542153276406316E-01
 0.4987058796324677 0.1994030329055387 0.1573154602324359E-01
 0.4986889510084138 0.2004692749813253 0.1602031858594992E-01
 0.4986713931010593 0.2015550469050951 0.1631969189792755E-01
 0.4986529826274986 0.2026723122282968 0.1663497511783651E-01
 0.4986363927891856 0.2036610389625769 0.1692099802391645E-01
 0.4986190786908586 0.2046752018602773 0.1722148538367139E-01
 0.4985994771513935 0.2058021442460960 0.1756349265042368E-01
 0.4985818081627107 0.2067992976632290 0.1787262023062058E-01
 0.4985626211975918 0.2078627613736764 0.1820837030058362E-01
 0.4985425881578947 0.2089524059925405 0.1855830284115609E-01
 0.4985227211282171 0.2100129413787746 0.1890419492740942E-01
 0.4984997653649450 0.2112145047831443 0.1930200295634879E-01
 0.4984787059963135 0.2122952728314033 0.1966499206432756E-01
 0.4984548207822868 0.2134972373626250 0.2007441128657165E-01
 0.4984334439345438 0.2145524150444489 0.2043883195978894E-01
 0.4984093020153310 0.2157217455148482 0.2084811783823101E-01
 0.4983874299786628 0.2167615281359610 0.2121682849466321E-01
 0.4983629494435722 0.2179041520410684 0.2162721287018811E-01
 0.4983400874240737 0.2189518657862894 0.2200836997585480E-01
 0.4983166310268918 0.2200081685870241 0.2239737963468559E-01
 0.4982920611248390 0.2210951676460383 0.2280259709738032E-01
 0.4982686415400662 0.2221134842551396 0.2318668337655428E-01
 0.4982415037544715 0.2232726371136447 0.2362919137801343E-01
 0.4982173404827305 0.2242866553986052 0.2402097340263225E-01
 0.4981899644781163 0.2254157509173384 0.2446234049664576E-01
 0.4981647624321678 0.2264373608167794 0.2486628189383797E-01
 0.4981389158465678 0.2274680442537414 0.2527821393525903E-01
 0.4981117309047173 0.2285341730962871 0.2570902010594015E-01
 0.4980860049308046 0.2295267948878442 0.2611446953149165E-01
 0.4980559934991647 0.2306655219713351 0.2658472841071332E-01
 0.4980293921673439 0.2316581838889782 0.2699908571999347E-01
 0.4980004506914770 0.2327210546997421 0.2744731841885126E-01
 0.4979725229068012 0.2337304052526377 0.2787741837078698E-01
 0.4979448245255497 0.2347162318869163 0.2830170272246116E-01
 0.4979126947871748 0.2358414717985537 0.2879102946411256E-01
 0.4978844409057961 0.2368153162289398 0.2921881152477988E-01
 0.4978515436652062 0.2379314415588841 0.2971401721503514E-01
 0.4978221468466130 0.2389132132799847 0.3015403047829976E-01
 0.4977920296039565 0.2399043281497659 0.3060245197993581E-01
 0.4977601169626641 0.2409388366185505 0.3107498459617629E-01
 0.4977302668693516 0.2418923716634749 0.3151454143528763E-01
 0.4976949565560572 0.2430033421985684 0.3203155427828556E-01
 0.4976638578981012 0.2439670793122207 0.3248436701376020E-01
 0.4976315397524108 0.2449545033553714 0.3295247985953765E-01
 0.4975981195881019 0.2459609822258618 0.3343390780204589E-01
 0.4975664699457237 0.2469008928139735 0.3388734305639540E-01
 0.4975287441970824 0.2480049888128176 0.3442474676773214E-01
 0.4974958015699629 0.2489551210344739 0.3489137885855232E-01
 0.4974615769654264 0.2499288874590692 0.3537362065834102E-01
 0.4974261208813454 0.2509238171991441 0.3587045836186478E-01
 0.4973926707288620 0.2518499285059371 0.3633660698619230E-01
 0.4973525626926523 0.2529448665995763 0.3689231155054512E-01
 0.4973176198054050 0.2538854615987977 0.3737369418248123E-01
 0.4972818220208529 0.2548366091605307 0.3786425269059981E-01
 0.4972436313298075 0.2558378696426300 0.3838469093383506E-01
 0.4972082981302041 0.2567522181198031 0.3886350276828532E-01
 0.4971673734566217 0.2577973121731184 0.3941492760063046E-01
 0.4971302863316959 0.2587318759133301 0.3991182853702926E-01
 0.4970931978816942 0.2596549265694367 0.4040614392768442E-01
 0.4970502030297974 0.2607109703044663 0.4097592717389928E-01
 0.4970126691643926 0.2616209639462947 0.4147047292304416E-01
 0.4969715455272559 0.2626056352119679 0.4200930419724912E-01
 0.4969319724060983 0.2635413464444899 0.4252495623207542E-01
 0.4968934551547825 0.2644412731422731 0.4302424008009054E-01
 0.4968464260246443 0.2655260418636806 0.4363039575449894E-01
 0.4968065290257288 0.2664345688276193 0.4414162734106655E-01
 0.4967650484079596 0.2673680836968302 0.4467027072094693E-01
 0.4967219723402965 0.2683258991958470 0.4521625078987423E-01
 0.4966816732475414 0.2692115660369404 0.4572437236915683E-01
 0.4966352651361159 0.2702193962305428 0.4630638515208910E-01
 0.4965928488819392 0.2711295319061914 0.4683539254779740E-01
 0.4965509212372681 0.2720191474322631 0.4735556166514797E-01
 0.4964992618973308 0.2731019262450576 0.4799283381327110E-01
 0.4964562393790853 0.2739927729838283 0.4852062881543561E-01
 0.4964107912529388 0.2749233914027475 0.4907535628167581E-01
 0.4963649075063694 0.2758523298840481 0.4963245721438395E-01
 0.4963214697589055 0.2767221982327183 0.5015713710569999E-01
 0.4962708291879007 0.2777249044486349 0.5076555659726578E-01
 0.4962251283592364 0.2786195475726114 0.5131173846252055E-01
 0.4961799493526999 0.2794946696084989 0.5184908282563902E-01
 0.4961238793804975 0.2805682357122748 0.5251239789406661E-01
 0.4960775055872416 0.2814459613411833 0.5305801945188003E-01
 0.4960289444099950 0.2823554717606235 0.5362652218311190E-01
 0.4959791294696321 0.2832785060736567 0.5420677685013244E-01
 0.4959324719039080 0.2841341225401460 0.5474766403886642E-01
 0.4958798610911438 0.2850888337896836 0.5535460249525458E-01
 0.4958304121340271 0.2859766765282022 0.5592218072467981E-01
 0.4957823817000595 0.2868304675531392 0.5647079392531738E-01
 0.4957223088661737 0.2878867321223593 0.5715331721252136E-01
 0.4956722176242659 0.2887578934775300 0.5771945303213275E-01
 0.4956217061077913 0.2896277550444930 0.5828766340398851E-01
 0.4955646734549302 0.2905997854802085 0.5892600038409090E-01
 0.4955143365622218 0.2914489903451380 0.5948652828991288E-01
 0.4954608687711995 0.2923422961670547 0.6007900843074458E-01
 0.4954062146906317 0.2932463634664454 0.6068163623974232E-01
 0.4953550775014912 0.2940841609384943 0.6124284085088244E-01
 0.4952981821256544 0.2950073202621349 0.6186428442222446E-01
 0.4952436295410381 0.2958837979426817 0.6245720710908559E-01
 0.4951912172586813 0.2967180838000597 0.6302416072730811E-01
 0.4951291059579174 0.2976970926869240 0.6369266788586754E-01
 0.4950740405884452 0.2985564849273603 0.6428240229555843E-01
 0.4950198919047020 0.2993939125807743 0.6485970852099029E-01
 0.4949513770789411 0.3004428966273049 0.6558648622321446E-01
 0.4948954509543469 0.3012905596325440 0.6617664185866194E-01
 0.4948385591845946 0.3021451333107479 0.6677415259623577E-01
 0.4947758310287914 0.3030785521468306 0.6742973801582705E-01
 0.4947197477401338 0.3039054351346268 0.6801311493911721E-01
 0.4946603966863838 0.3047728022481848 0.6862769871738954E-01
 0.4945987748209498 0.3056651685666103 0.6926275709374867E-01
 0.4945417653280344 0.3064834788830420 0.6984750376104627E-01
 0.4944799537477404 0.3073630065225273 0.7047852049062904E-01
 0.4944181580646956 0.3082344640489680 0.7110636572994533E-01
 0.4943599984151629 0.3090476369009374 0.7169461019655519E-01
 0.4942955948036135 0.3099403538649224 0.7234304139519458E-01
 0.4942332136939521 0.3107974315656012 0.7296811778511714E-01
 0.4941738010588995 0.3116069165490215 0.7356069519943235E-01
 0.4941065038015047 0.3125159793325165 0.7422871394090046E-01
 0.4940433424966687 0.3133617514689357 0.7485268863740947E-01
 0.4939825803413614 0.3141687595283346 0.7545031988169981E-01
 0.4939116979375016 0.3151021284023038 0.7614425677658720E-01
 0.4938476305285344 0.3159384574910499 0.7676846475191129E-01
 0.4937853797005947 0.3167445737683325 0.7737223393548888E-01
 0.4937087906218688 0.3177277634465880 0.7811144538649786E-01
 0.4936436726101621 0.3185563932503888 0.7873691674123115E-01
 0.4935795746608406 0.3193656261081637 0.7934996122838923E-01
 0.4934970059460701 0.3203988706430154 0.8013584677526156E-01
 0.4934308473068038 0.3212194636241576 0.8076241704576469E-01
 0.4933642256728721 0.3220393774125694 0.8139057000239981E-01
 0.4932876258351627 0.3229742929247260 0.8210941456274547E-01
 0.4932212610473176 0.3237776789191031 0.8272937437323818E-01
 0.4931527591188438 0.3246006310925492 0.8336659024331446E-01
 0.4930770788374665 0.3255025220121834 0.8406736296664573E-01
 0.4930097554678735 0.3262985108679449 0.8468787465469370E-01
 0.4929396680861323 0.3271209914314689 0.8533098207373190E-01
 0.4928632181226742 0.3280110811796421 0.8602919731742031E-01
 0.4927946931433216 0.3288027672806453 0.8665222305073625E-01
 0.4927231747793975 0.3296229717562016 0.8729968750335118E-01
 0.4926453892364337 0.3305081543157546 0.8800066668770619E-01
 0.4925755698286525 0.3312966822025910 0.8862697576154806E-01
 0.4925027243532731 0.3321134503175895 0.8927754210322389E-01
 0.4924232906131688 0.3329973121426578 0.8998367920576833E-01
 0.4923521254446342 0.3337832795626776 0.9061352151029289E-01
 0.4922780315068166 0.3345957896916746 0.9126654902952400E-01
 0.4921966842049890 0.3354811495815599 0.9198029438668995E-01
 0.4921241327548198 0.3362649811882780 0.9261400916091921E-01
 0.4920488525809322 0.3370726237838826 0.9326872675434451E-01
 0.4919653535746784 0.3379618138057792 0.9399163900661996E-01
 0.4918913756583810 0.3387438961636614 0.9462933408937281E-01
 0.4918149363081433 0.3395464618045207 0.9528555912430535E-01
 0.4917290285080148 0.3404418449314893 0.9601980759145760E-01
 0.4916535813011025 0.3412225499953212 0.9666177197258649E-01
 0.4915759850077396 0.3420200810211035 0.9731921740245453E-01
 0.4914874732220208 0.3429232230373541 0.9806575172799979E-01
 0.4914105208855282 0.3437028233075081 0.9871194696022721E-01
 0.4913317347633172 0.3444957084211613 0.9937086101122776E-01
 0.4912404657011761 0.3454076438388426 0.1001307802682095
 0.4911619799023095 0.3461863097994870 0.1007813169039484
 0.4910819566952595 0.3469750466942782 0.1014417885770661
 0.4909879361255315 0.3478951818772948 0.1022142437918512
 0.4909079132072416 0.3486728410449944 0.1028687806901643
 0.4908266048485889 0.3494579149938288 0.1035311500537685
 0.4907298639357129 0.3503854493045340 0.1043157215232240
 0.4906483071341062 0.3511619701703729 0.1049741494738308
 0.4905656812214247 0.3519436932824763 0.1056384099344991
 0.4904663109997881 0.3528773163122948 0.1064336367927897
 0.4903832317593585 0.3536525118251380 0.1070955401656582
 0.4902992703793215 0.3544310584224996 0.1077618090456299
 0.4901972410037615 0.3553706551292731 0.1085678598013317
 0.4901126363996077 0.3561444802087096 0.1092332291734656
 0.4900273262124831 0.3569199726679473 0.1099013699633780
 0.4899226552619873 0.3578650074471760 0.1107174120532033
 0.4898365262358162 0.3586373935516743 0.1113859149065920
 0.4897498533119251 0.3594099622244904 0.1120559861988775
 0.4896424592956782 0.3603608083041106 0.1128825607057576
 0.4895547939241060 0.3611318009899607 0.1135542222109920
 0.4894667367960829 0.3619016317193061 0.1142260983119149
 0.4893567872937090 0.3628564822518985 0.1150611666982302
 0.4892675980031942 0.3636259310247802 0.1157355222577021
 0.4891781503129077 0.3643930879829108 0.1164091626815656
 0.4890661461236211 0.3653474250963154 0.1172489129263154
 0.4889754624131680 0.3661150711925471 0.1179257092568566
 0.4888846780682967 0.3668791369524396 0.1186004663827114
 0.4887703561070728 0.3678350982762694 0.1194462738625987
 0.4886781266642351 0.3686013650412921 0.1201255706637280
 0.4885860233031522 0.3693622390057878 0.1208012812863135
 0.4884691388986984 0.3703216812541024 0.1216549833912976
 0.4883753173620745 0.3710869165852626 0.1223371200756732
 0.4882818910673580 0.3718446662591516 0.1230136164503973
 0.4881623387782144 0.3728082130749579 0.1238753438594002
 0.4880669049780644 0.3735725363321891 0.1245601540311045
 0.4879721414561706 0.3743273096586018 0.1252375295395746
 0.4878498161230889 0.3752955446367615 0.1261080689031894
 0.4877527545395747 0.3760590267468231 0.1267956993589324
 0.4876566430279659 0.3768109309852374 0.1274738735443033
 0.4875314934256695 0.3777839831488055 0.1283529583423199
 0.4874327959576702 0.3785466365661139 0.1290431636897361
 0.4873353170246824 0.3792958437571457 0.1297222619820348
 0.4872072585023008 0.3802740885709652 0.1306105084582200
 0.4871069088928600 0.3810359827283300 0.1313034395186451
 0.4870080408371805 0.3817826687523571 0.1319834471768918
 0.4868771086015170 0.3827655605243789 0.1328799501469198
 0.4867751084888227 0.3835266337925633 0.1335752679126609
 0.4866748244980377 0.3842710108842097 0.1342563264966339
 0.4865410162576553 0.3852583114892813 0.1351611222827293
 0.4864373634371502 0.3860185331380335 0.1358588831848180
 0.4863356516552560 0.3867606931633035 0.1365409096595245
 0.4861989957049675 0.3877519559758826 0.1374531670034214
 0.4860936940103188 0.3885112593573551 0.1381530273226005
 0.4859905408433317 0.3892513091024107 0.1388360762650444
 0.4858509856143801 0.3902466817393149 0.1397562031897313
 0.4857440302141421 0.3910050628777801 0.1404582706498317
 0.4856394300585327 0.3917430449172069 0.1411422457470602
 0.4854974140513947 0.3927392392865900 0.1420667878598174
 0.4853888360808813 0.3934964639150981 0.1427705699130675
 0.4852828133852359 0.3942322320013896 0.1434552921718261
 0.4851411749393583 0.3952096392825218 0.1443661996250195
 0.4850311085193632 0.3959648773791076 0.1450709986216122
 0.4849239005394942 0.3966969395362198 0.1457548994563692
 0.4847881860833892 0.3976186860608795 0.1466170274501703
 0.4846766921913470 0.3983718346901046 0.1473223582561722
 0.4845687740838256 0.3990973585130266 0.1480026178440543
 0.4844425348528162 0.3999417797323748 0.1487953303455295
 0.4843287715375599 0.4006988543310154 0.1495068696755448
 0.4842202362582490 0.4014177421389480 0.1501831787296038
 0.4841015423761355 0.4022001703840906 0.1509199721018500
 0.4839825526416514 0.4029806731380399 0.1516557202184534
 0.4838724615110523 0.4036993953733460 0.1523339574223549
 0.4837578108076303 0.4044444440447202 0.1530377954564680
 0.4836257655326028 0.4052982376468156 0.1538452727281928
 0.4835123438014796 0.4060279928895875 0.1545361450232375
 0.4833986382774201 0.4067562602188463 0.1552262138762857
 0.4832471184254993 0.4077216371162938 0.1561419063597265
 0.4831295889949941 0.4084665044160118 0.1568492419589352
 0.4830148377730929 0.4091904825200466 0.1575374542551708
 0.4828692232193867 0.4101045745351303 0.1584073744807807
 0.4827499374506572 0.4108495998211165 0.1591171456441700
 0.4826346839282263 0.4115662428401626 0.1598004577977236
 0.4825014127109505 0.4123910507405842 0.1605876004055908
 0.4823794343910985 0.4131423770314323 0.1613053083811442
 0.4822636186086394 0.4138526089324102 0.1619844111810809
 0.4821387329237956 0.4146150796198719 0.1627141744496856
 0.4820094486645825 0.4154007537624892 0.1634668664169953
 0.4818915650131292 0.4161139474376107 0.1641506872573254
 0.4817705344003571 0.4168430453249977 0.1648502729228871
 0.4816204300366589 0.4177429299274947 0.1657144657643668
 0.4814980554855604 0.4184730494758077 0.1664162757885355
 0.4813771855684169 0.4191911245993373 0.1671071111542995
 0.4812219899384061 0.4201087116009128 0.1679907376946977
 0.4810963390357236 0.4208480277086879 0.1687033164365212
 0.4809749803932594 0.4215590785021990 0.1693891263273352
 0.4808347490260042 0.4223770674524924 0.1701786484995917
 0.4807062580041255 0.4231231898087305 0.1708993842646027
 0.4805844199668960 0.4238277265940626 0.1715805071287835
 0.4804536423837844 0.4245807951864639 0.1723091652969062
 0.4803165257932402 0.4253668919500939 0.1730704228075643
 0.4801923336141270 0.4260758589847596 0.1737574930286426
 0.4800655905944939 0.4267964495670807 0.1744562843748075
 0.4799043556169453 0.4277089051939733 0.1753418203842453
 0.4797750837615389 0.4284370911571069 0.1760491330343887
 0.4796483634431410 0.4291480156719165 0.1767402443709111
 0.4794927313980782 0.4300172733453789 0.1775860252077208
 0.4793605306661988 0.4307523502140218 0.1783018340665132
 0.4792337058766305 0.4314547122169801 0.1789862342167187
 0.4790927958090300 0.4322318740615255 0.1797440189603874
 0.4789554690086131 0.4329860639419412 0.1804799423322200
 0.4788275073627023 0.4336860020188937 0.1811634501361339
 0.4786940001414686 0.4344134067715634 0.1818743329764780
 0.4785402827860206 0.4352473397384578 0.1826899791644907
 0.4784082754026287 0.4359604658882755 0.1833879550381787
 0.4782768260233002 0.4366678290417826 0.1840806853378791
 0.4781111488259887 0.4375555193727630 0.1849505675735923
 0.4779742757371342 0.4382856680394297 0.1856665790356618
 0.4778426769291229 0.4389849733129896 0.1863528164799122
 0.4776947795433941 0.4397677543209609 0.1871215159805295
 0.4775534158611224 0.4405128884255805 0.1878537293849416
 0.4774209972377785 0.4412081845236836 0.1885373348322045
 0.4772821005144182 0.4419347311929533 0.1892520116147169
 0.4771253636133009 0.4427512357460971 0.1900556223681153
 0.4769890341586748 0.4434585636204073 0.1907522150876024
 0.4768529054031308 0.4441622182559031 0.1914456279164533
 0.4766813345171767 0.4450453698686085 0.1923165302953475
 0.4765395629670903 0.4457720485249038 0.1930335772224598
 0.4764033711455177 0.4464675296931956 0.1937201689907465
 0.4762509699176221 0.4472428007589049 0.1944859008629084
 0.4761042014489850 0.4479864690942983 0.1952208274580104
 0.4759670946007507 0.4486785964160493 0.1959052304073435
 0.4758239389938949 0.4493986198534202 0.1966176649583583
 0.4756594109044712 0.4502228455385106 0.1974337335203946
 0.4755178903710144 0.4509290235153777 0.1981333134213105
 0.4753773402401452 0.4516278341387840 0.1988259060230245
 0.4752056883335068 0.4524779050767174 0.1996688311274057
 0.4750587711242353 0.4532025651161494 0.2003878091736450
 0.4749183233800938 0.4538928258562037 0.2010730516030232
 0.4747646103213883 0.4546455213582799 0.2018207190499598
 0.4746101758209666 0.4553988739075966 0.2025694562827000
 0.4744680334190536 0.4560897426325135 0.2032563976723682
 0.4743219739817246 0.4567971574933182 0.2039600540785934
 0.4741393617823345 0.4576780941034055 0.2048366930592646
 0.4739912222107278 0.4583898925924678 0.2055453786450762
 0.4738462995505809 0.4590837988961224 0.2062365955654856
 0.4736749680472178 0.4599010786086111 0.2070511343945787
 0.4735225642158420 0.4606252987367632 0.2077732549267835
 0.4733777861751924 0.4613108892225716 0.2084570874447020
 0.4732224184195626 0.4620440599522961 0.2091886027581999
 0.4730591703363242 0.4628115831907262 0.2099546721188879
 0.4729116403565751 0.4635027331915259 0.2106448102913599
 0.4727622890324338 0.4642000471828980 0.2113414252935533
 0.4725595071569292 0.4651430511327450 0.2122839837757651
 0.4724044933878809 0.4658610165105567 0.2130019372000362
 0.4722549610018631 0.4665512376819616 0.2136923701883991
 0.4720811148262139 0.4673508079183284 0.2144924614854534
 0.4719232056161943 0.4680744221298063 0.2152168515852767
 0.4717738319444137 0.4687566171379172 0.2159000947905874
 0.4716151788428077 0.4694787601089006 0.2166237042797085
 0.4714437966549444 0.4702560548267812 0.2174029570802018
 0.4712908977105982 0.4709470999384722 0.2180960175474478
 0.4711374989572021 0.4716381327695003 0.2187892830486960
 0.4709464563288497 0.4724955949191255 0.2196498191814374
 0.4707864866934041 0.4732109305794958 0.2203680231128365
 0.4706334687041641 0.4738929334904388 0.2210530598268124
 0.4704656026033056 0.4746386106574707 0.2218023934410268
 0.4702980934640880 0.4753801151737043 0.2225478397157299
 0.4701434754964690 0.4760622829991490 0.2232338426277195
 0.4699849434226499 0.4767594760932451 0.2239351218299057
 0.4697835259741839 0.4776420264949048 0.2248230933003450
 0.4696217926231087 0.4783480910225292 0.2255337425310834
 0.4694645500224449 0.4790323502098235 0.2262226912069653
 0.4692830595676751 0.4798194546412697 0.2270154834979656
 0.4691164977469287 0.4805393190479799 0.2277407720551576
 0.4689593074694982 0.4812165098548518 0.2284232025428572
 0.4687935891812890 0.4819281784435481 0.2291404915240471
 0.4686102641176336 0.4827127792235169 0.2299314449720997
 0.4684487281708561 0.4834018155020919 0.2306262446663399
 0.4682879365654898 0.4840855466030855 0.2313159021350996
 0.4680960764637853 0.4848986343293836 0.2321363021134230
 0.4679273720243347 0.4856111360578472 0.2328553990636528
 0.4677669716954186 0.4862864564749902 0.2335370829969933
 0.4675953420793477 0.4870067972663748 0.2342643130011585
 0.4674142166483096 0.4877644846685382 0.2350293903646909
 0.4672506046632665 0.4884467155364642 0.2357184537374422
 0.4670859849042083 0.4891310653422700 0.2364098641580658
 0.4668811270957076 0.4899797992628481 0.2372676352145793
 0.4667097782712673 0.4906872641572512 0.2379828176751190
 0.4665458516943056 0.4913620229857742 0.2386650437420401
 0.4663671741683706 0.4920952245751120 0.2394064590106479
 0.4661870415345628 0.4928320160100673 0.2401516376430458
 0.4660211307727837 0.4935085396175770 0.2408360255540427
 0.4658521911420607 0.4941953657631322 0.2415310225591529
 0.4656262362546041 0.4951107874562765 0.2424575983443429
 0.4654518276304763 0.4958148960886993 0.2431704222521464
 0.4652835889117812 0.4964920668944639 0.2438560310500771
 0.4650923798485828 0.4972592967490694 0.2446328713823823
 0.4649137530391485 0.4979737555414368 0.2453563591479975
 0.4647454861064661 0.4986447767040008 0.2460359724898007
 0.4645700917323962 0.4993421719844547 0.2467424330617777
 0.4643656616656710 0.5001524012742337 0.2475633380565470
 0.4641916876823203 0.5008397235344558 0.2482597795572029
 0.4640202746700045 0.5015149681920672 0.2489439941357583
 0.4638231378273497 0.5022891619728557 0.2497284778963532
 0.4636419155450090 0.5029986256328336 0.2504474151726415
 0.4634707137441895 0.5036669143273610 0.2511247128878064
 0.4632913302112293 0.5043651288530768 0.2518324515090209
 0.4630867302934536 0.5051590014741434 0.2526372664897485
 0.4629102638042454 0.5058415986144916 0.2533293151426322
 0.4627356855039330 0.5065149815330633 0.2540120186244835
 0.4625346118536156 0.5072882276055496 0.2547959576078125
 0.4623502625329809 0.5079949814494654 0.2555125148678051
 0.4621761078597703 0.5086607541138402 0.2561875951288334
 0.4619934906360359 0.5093569142532330 0.2568935857432321
 0.4617847317654627 0.5101502875280809 0.2576982577822245
 0.4616051002479962 0.5108308965948746 0.2583885848347770
 0.4614274896760885 0.5115019837264035 0.2590692309353333
 0.4612237413702132 0.5122695656029310 0.2598477062430086
 0.4610358463742344 0.5129752965368579 0.2605634475007455
 0.4608586726337358 0.5136389047760286 0.2612365046234994
 0.4606733100629874 0.5143312736704096 0.2619387871008582
 0.4604572868753015 0.5151357214542568 0.2627547910886351
 0.4602739525655873 0.5158163919789369 0.2634452097923763
 0.4600934038877333 0.5164848984686525 0.2641232132773065
 0.4598875817032930 0.5172447966335666 0.2648937980255083
 0.4596958985826394 0.5179504150884742 0.2656092659936695
 0.4595156766506109 0.5186120298607402 0.2662800928054750
 0.4593277660097560 0.5193000141235564 0.2669776539657056
 0.4591020746810159 0.5201238375506706 0.2678129154662064
 0.4589148133593156 0.5208053417823084 0.2685038008066221
 0.4587313292504251 0.5214713189185656 0.2691788291983219
 0.4585230864468676 0.5222250426702428 0.2699426477904251
 0.4583277516866995 0.5229300162977744 0.2706569543268719
 0.4581445250496334 0.5235895191309354 0.2713251373415632
 0.4579540787912542 0.5242732041540679 0.2720177938478882
 0.4577194870563012 0.5251128604968865 0.2728684070845749
 0.4575284839759131 0.5257944763490155 0.2735588116960789
 0.4573420830149575 0.5264579293888799 0.2742306826631347
 0.4571312052267524 0.5272064470170763 0.2749885245680549
 0.4569322226993656 0.5279107572456547 0.2757014745834300
 0.4567459424465669 0.5285683742282289 0.2763670867698934
 0.4565528924955064 0.5292481351951701 0.2770550661473634
 0.4563111553504736 0.5300968335424350 0.2779139395627160
 0.4561164282567473 0.5307784837764449 0.2786036382158962
 0.4559270679451745 0.5314396466460340 0.2792724559409814
 0.4557138477357905 0.5321821261823829 0.2800233393987351
 0.4555109076095116 0.5328868640602540 0.2807358938464388
 0.4553214838319243 0.5335429668839010 0.2813991731733908
 0.4551259845103727 0.5342184073341925 0.2820819211696349
 0.4548747798914083 0.5350837830735992 0.2829565090248076
 0.4546760174041413 0.5357665056045615 0.2836463148906881
 0.4544836617737283 0.5364255568264338 0.2843119952777272
 0.4542679682654542 0.5371626362116884 0.2850562244667221
 0.4540611102184213 0.5378676184291417 0.2857678075304446
 0.4538685797972269 0.5385221091590336 0.2864282572755478
 0.4536705634583330 0.5391935893632527 0.2871057060903028
 0.4534094061297801 0.5400766302315307 0.2879963512944996
 0.4532067455675415 0.5407598936856837 0.2886852527423394
 0.4530114193655209 0.5414168016021323 0.2893473350383531
 0.4527927868425181 0.5421502108103788 0.2900862273882334
 0.4525822873874090 0.5428544743778569 0.2907955006311965
 0.4523866780477981 0.5435072943908613 0.2914527907316273
 0.4521858603130585 0.5441758789789580 0.2921258146336320
 0.4519165203717017 0.5450700421563905 0.2930256895376844
 0.4517102003845211 0.5457530268554490 0.2937128160108262
 0.4515118250422646 0.5464081193404963 0.2943716605376103
 0.4512899299464909 0.5471390441856073 0.2951065071396312
 0.4510758223149320 0.5478424922146246 0.2958134971156621
 0.4508771099108775 0.5484937676491187 0.2964678913423462
 0.4506734584238060 0.5491596520315003 0.2971368304513708
 0.4503998116066579 0.5500519047380152 0.2980329401489239
 0.4501899113294110 0.5507343801712535 0.2987181204094301
 0.4499886094531281 0.5513873406595274 0.2993734157703514
 0.4497646576505283 0.5521119911598356 0.3001003447845489
 0.4495461559742733 0.5528172135718556 0.3008074886953238
 0.4493442085929510 0.5534674432287806 0.3014592682061051
 0.4491381454356006 0.5541293878898845 0.3021225962396730
 0.4488747238963968 0.5549733431604522 0.3029680152544896
 0.4486617376365505 0.5556538857720863 0.3036494418877297
 0.4484582758945418 0.5563024811349405 0.3042985877361271
 0.4482372911714381 0.5570052721370722 0.3050016366695341
 0.4480100149545264 0.5577262773849935 0.3057225677197424
 0.4478039009453957 0.5583785861802170 0.3063745608565927
 0.4475965728747295 0.5590332487600721 0.3070287058628188
 0.4473508369811088 0.5598072689180500 0.3078018600708018
 0.4471331668060188 0.5604911608574837 0.3084847225920085
 0.4469274845517430 0.5611359084503164 0.3091282308635704
 0.4467114797806779 0.5618114765063280 0.3098021981535846
 0.4464597064794317 0.5625969394819359 0.3105854300430746
 0.4462466310280948 0.5632600283164709 0.3112463713027303
 0.4460378126384895 0.5639084141115243 0.3118924603617050
 0.4458030654779663 0.5646356012245500 0.3126168466078739
 0.4455774214254365 0.5653328968833322 0.3133111971052067
 0.4453680688251754 0.5659783747398441 0.3139536728534624
 0.4451538336820665 0.5666374484462017 0.3146093721789531
 0.4448737939033455 0.5674967561496611 0.3154638103829408
 0.4446527259517137 0.5681733539003460 0.3161362393666686
 0.4444414579144199 0.5688185227288111 0.3167771958011310
 0.4442109219728415 0.5695209418318444 0.3174747759428607
 0.4439763319242698 0.5702340217184161 0.3181826442803619
 0.4437627764826745 0.5708816894626155 0.3188252717178655
 0.4435476727769905 0.5715326426371563 0.3194708315880954
 0.4432919973186936 0.5723045472717021 0.3202359156126590
 0.4430661383055744 0.5729847935822306 0.3209098099023246
 0.4428528588355617 0.5736257499501284 0.3215445359030799
 0.4426291789542525 0.5742965078222569 0.3222085477988160
 0.4423659606765526 0.5750839371642945 0.3229877538774917
 0.4421447851856402 0.5757440212941010 0.3236406536611366
 0.4419285961468131 0.5763878455080911 0.3242771824882189
 0.4416871455438729 0.5771053003245594 0.3249861678555983
 0.4414522487535879 0.5778016716971994 0.3256740108495703
 0.4412351421551868 0.5784439005656804 0.3263081526002116
 0.4410139905992475 0.5790967190349233 0.3269525652248252
 0.4407369883631199 0.5799124575939755 0.3277575353770548
 0.4405076105965763 0.5805863209889891 0.3284222393496246
 0.4402893902096875 0.5812260476707937 0.3290530063203477
 0.4400559781872053 0.5819088526164159 0.3297259431152557
 0.4398044846160949 0.5826428775252172 0.3304490262471131
 0.4395815239423871 0.5832921816693120 0.3310884040980118
 0.4393602500057007 0.5839352415106634 0.3317214375147129
 0.4391084886844359 0.5846652990531460 0.3324398829052546
 0.4388709677544426 0.5853525072722510 0.3331159067937691
 0.4386497697457963 0.5859911402078777 0.3337438846433350
 0.4384227727498529 0.5866451716475073 0.3343867183930083
 0.4381186091420488 0.5875194184023002 0.3352455643385642
 0.4378846304834690 0.5881902943473091 0.3359043422205438
 0.4376610124179995 0.5888301394977020 0.3365324724513075
 0.4374157485741902 0.5895304411132132 0.3372197787015478
 0.4371691179588914 0.5902330944416084 0.3379091964060537
 0.4369437865922122 0.5908737149640118 0.3385375456588726
 0.4367166063199616 0.5915182939495744 0.3391695576130155
 0.4364464371296081 0.5922831595628855 0.3399192320121618
 0.4362074064207056 0.5929583527704058 0.3405808056788600
 0.4359821289367759 0.5935934011314482 0.3412029104945506
 0.4357468814927642 0.5942552200126543 0.3418511275856122
 0.4354591961966477 0.5950627202160607 0.3426418602529211
 0.4352241566327166 0.5957209553928507 0.3432862408152934
 0.4349958762538773 0.5963589829187187 0.3439106378256604
 0.4347428598875007 0.5970646828198352 0.3446010149473199
 0.4344932420776387 0.5977594055887430 0.3452804231814822
 0.4342637800352146 0.5983967273162494 0.3459035340642466
 0.4340315223318512 0.5990405486304552 0.3465328720162049
 0.4337513419246358 0.5998155284879361 0.3472902494872261
 0.4335081056530878 0.6004868367904280 0.3479461282220983
 0.4332783841875671 0.6011195869126297 0.3485641445888104
 0.4330374578995962 0.6017818939343855 0.3492108165927184
 0.4327520775488464 0.6025646861036762 0.3499748773848954
 0.4325134927781700 0.6032176968784961 0.3506121087645936
 0.4322809092486176 0.6038530429088345 0.3512320167605342
 0.4320232554693700 0.6045554527681205 0.3519172855973176
 0.4317685558520060 0.6052483501124060 0.3525931854264010
 0.4315346111783189 0.6058835140090378 0.3532126600379392
 0.4312980592598832 0.6065245264585282 0.3538377119431760
 0.4310140596761428 0.6072924889234483 0.3545863931020577
 0.4307657283406341 0.6079625569409761 0.3552395371456646
 0.4305315744515372 0.6085931432427081 0.3558541555522306
 0.4302869191362912 0.6092507449800454 0.3564950880898778
 0.4299875915270504 0.6100535500203631 0.3572775058896539
 0.4297431878042482 0.6107076288030986 0.3579149010140491
 0.4295060632207132 0.6113410149850892 0.3585320313699554
 0.4292443530011095 0.6120386941176853 0.3592116791976419
 0.4289838025340387 0.6127318533137718 0.3598868207966845
 0.4287451472802851 0.6133655198090504 0.3605039697551400
 0.4285044724558053 0.6140033509673656 0.3611251649617833
 0.4282191941465368 0.6147578401876329 0.3618599735578464
 0.4279655254636364 0.6154273262668249 0.3625119701709836
 0.4277270574844481 0.6160554962197369 0.3631236768900729
 0.4274793841973566 0.6167066919494968 0.3637577380045245
 0.4271656757796761 0.6175297325196275 0.3645590539045779
 0.4269153171977627 0.6181851516848602 0.3651971759773610
 0.4266739654979887 0.6188158067534228 0.3658112394581568
 0.4264093071558561 0.6195060322842256 0.3664833886077333
 0.4261421340990071 0.6202014123033881 0.3671606303199977
 0.4258986166185713 0.6208340009706822 0.3677767487042448
 0.4256539887655008 0.6214683065558163 0.3683945413104475
 0.4253690539522290 0.6222056582667737 0.3691126982568069
 0.4251094416024728 0.6228761132536912 0.3697657332920886
 0.4248664076332420 0.6235025787635132 0.3703759903981902
 0.4246159430022061 0.6241470147938463 0.3710038472895941
 0.4242771705321471 0.6250167628172265 0.3718513600286571
 0.4240196206032859 0.6256765297655645 0.3724943237414045
 0.4237737087806893 0.6263053175513652 0.3731071121927838
 0.4235051549799310 0.6269907058310725 0.3737750690011143
 0.4232319585830582 0.6276865634752190 0.3744532686496998
 0.4229837464527724 0.6283175839474117 0.3750683598046267
 0.4227350036756750 0.6289488131003806 0.3756837747277593
 0.4224477859830885 0.6296762661275862 0.3763931714944844
 0.4221828013112209 0.6303460718323618 0.3770464950701155
 0.4219353972343414 0.6309702868246969 0.3776554454039515
 0.4216814842152136 0.6316097731359813 0.3782793733217353
 0.4213487831612685 0.6324459334404428 0.3790953337771628
 0.4210864183306101 0.6331039243562941 0.3797375948085244
 0.4208369251239743 0.6337284974155205 0.3803474171055128
 0.4205691452431695 0.6343976214787724 0.3810009536348115
 0.4202826483817370 0.6351121150474781 0.3816990317247119
 0.4200280567576796 0.6357458315248573 0.3823183477396217
 0.4197759409783851 0.6363722697535430 0.3829306649977522
 0.4194936056836451 0.6370724838980992 0.3836152199036453
 0.4192195207911067 0.6377509176363341 0.3842786341916939
 0.4189667715961070 0.6383753939398592 0.3848894598867175
 0.4187109620462617 0.6390063172302755 0.3855067939355406
 0.4184055229659837 0.6397581843238076 0.3862427419261244
 0.4181364231003181 0.6404192873364037 0.3868900710521549
 0.4178834543034449 0.6410396458166666 0.3874976655892097
 0.4176210354089221 0.6416820422912893 0.3881269966759123
 0.4172837868105685 0.6425059293762624 0.3889343851229515
 0.4170173880353554 0.6431553947268100 0.3895711073720161
 0.4167616112143236 0.6437778584788932 0.3901816251285713
 0.4164833647384101 0.6444537799868483 0.3908448964830750
 0.4161967698267544 0.6451486532800670 0.3915271028878881
 0.4159378115158586 0.6457753653058810 0.3921426521572484
 0.4156795112262414 0.6463993983434045 0.3927557892837129
 0.4153868197992893 0.6471052121474751 0.3934495377488601
 0.4151082676369142 0.6477756475160705 0.3941087953994001
 0.4148501392972537 0.6483958144609306 0.3947189077736167
 0.4145879130587575 0.6490247370368444 0.3953379423516195
 0.4142701992889994 0.6497852757215427 0.3960869416092907
 0.4139952548939195 0.6504421440047233 0.3967341815484761
 0.4137363155183897 0.6510596856414034 0.3973429239636850
 0.4134666921633322 0.6517015895063771 0.3979759265379803
 0.4131292745220420 0.6525032949807231 0.3987668946052484
 0.4128578103617769 0.6531470103080900 0.3994023510946385
 0.4125964161043669 0.6537657696709723 0.4000135277353211
 0.4123125442893835 0.6544365443714715 0.4006765066380766
 0.4120184990187902 0.6551300548800629 0.4013624176863750
 0.4117535968966826 0.6557536998479726 0.4019796036951767
 0.4114900561784532 0.6563730804628983 0.4025928996161993
 0.4111942994625785 0.6570669231310470 0.4032803169501055
 0.4109076280981994 0.6577381924661243 0.4039457947641062
 0.4106432479264538 0.6583561707042688 0.4045588512306003
 0.4103760157315244 0.6589797528561924 0.4051778932314777
 0.4100614086782505 0.6597125199864511 0.4059058714420565
 0.4097786566251551 0.6603698391979346 0.4065593599670042
 0.4095137213208284 0.6609846677754079 0.4071709596130551
 0.4092407473947318 0.6616170713390426 0.4078003697940898
 0.4088682413673700 0.6624783021969385 0.4086580634028968
 0.4085870795593157 0.6631270065112892 0.4093045569190338
 0.4083199036737168 0.6637423791766393 0.4099182342049464
 0.4080316931795713 0.6644050430808071 0.4105795316095119
 0.4077280058551639 0.6651019982398524 0.4112755541276896
 0.4074565581298121 0.6657238453866436 0.4118969788246805
 0.4071877787371227 0.6663385433533570 0.4125116182621040
 0.4068896876948225 0.6670190757611824 0.4131925056807746
 0.4065936672283889 0.6676936360445098 0.4138678916198292
 0.4063226523041221 0.6683101311141924 0.4144856035937528
 0.4060504006906565 0.6689284005334125 0.4151055754949761
 0.4057374307482424 0.6696378577499080 0.4158175953704846
 0.4054461574776233 0.6702969052954943 0.4164795835994154
 0.4051750388612309 0.6709092917525006 0.4170951500249115
 0.4048984848525345 0.6715329081674588 0.4177224216639623
 0.4045553371574594 0.6723052260896170 0.4184998507840930
 0.4042670655034287 0.6729527872002606 0.4191522314569734
 0.4039954091447873 0.6735619857264209 0.4197664486280816
 0.4037120629146110 0.6741963293344824 0.4204065422337426
 0.4033598836126280 0.6749832569290914 0.4212013416557454
 0.4030750061689859 0.6756185770536284 0.4218435830518199
 0.4028011545204841 0.6762282796004195 0.4224603769488253
 0.4025064634074270 0.6768832573126297 0.4231234594480347
 0.4021913002379037 0.6775824542221723 0.4238318991299459
 0.4019114212864737 0.6782022659217538 0.4244604655109742
 0.4016350639278202 0.6788132614192418 0.4250806503815911
 0.4013299361669858 0.6794866950348298 0.4257648760593795
 0.4010243713547331 0.6801598672229141 0.4264495147522468
 0.4007456644843621 0.6807728043627622 0.4270734461456366
 0.4004667464748805 0.6813851915729761 0.4276973129961159
 0.4001508161445609 0.6820776214061348 0.4284033066888560
 0.3998496009839938 0.6827365966890556 0.4290757855590934
 0.3995710893350472 0.6833448620036845 0.4296970624466702
 0.3992895375998876 0.6839587538251625 0.4303246419865852
 0.3989612099048429 0.6846733537159715 0.4310558777114781
 0.3986619024251870 0.6853235937470802 0.4317218811540035
 0.3983824837360345 0.6859295985779562 0.4323430778167254
 0.3980967145142477 0.6865483543131412 0.4329778229481471
 0.3977384815927252 0.6873225562191386 0.4337727262667272
 0.3974407184328755 0.6879648462663736 0.4344328265524288
 0.3971598234743832 0.6885697340753819 0.4350550656097668
 0.3968659969728526 0.6892014165017590 0.4357054994567752
 0.3965098142648266 0.6899657175536444 0.4364933533763811
 0.3962165717436152 0.6905937826131378 0.4371414512225250
 0.3959340925041940 0.6911977925701913 0.4377652715951009
 0.3956311317609098 0.6918445077199112 0.4384337742110440
 0.3953026219965421 0.6925444917933422 0.4391580265824856
 0.3950132802604040 0.6931599273657723 0.4397954212357327
 0.3947291953079177 0.6937631921183205 0.4404208031402246
 0.3944202980996569 0.6944180377744974 0.4411003274975586
 0.3940976716684986 0.6951007596876492 0.4418094948631342
 0.3938081675232936 0.6957123252559113 0.4424453289478599
 0.3935214030123214 0.6963171139004608 0.4430746234170897
 0.3932046994219982 0.6969839039845647 0.4437690076259458
 0.3928870684662372 0.6976514488496233 0.4444648137031062
 0.3925975918361567 0.6982587826716463 0.4450984600961714
 0.3923082410554715 0.6988648639225599 0.4457314111769172
 0.3919822017791215 0.6995466136228413 0.4464441373217373
 0.3916684596466017 0.7002014734037104 0.4471294886073180
 0.3913792273333505 0.7008041563393683 0.4477608420453251
 0.3910879279000804 0.7014101622993205 0.4483962402785301
 0.3907542107078749 0.7021032024713297 0.4491235822908464
 0.3904414825618965 0.7027514857834973 0.4498046417518843
 0.3901513708821617 0.7033518782005359 0.4504360162886585
 0.3898575204061429 0.7039590232918989 0.4510751261021748
 0.3895146137893201 0.7046662778632069 0.4518204129459717
 0.3892019394845345 0.7053100091816162 0.4524994665802507
 0.3889101930525257 0.7059096529855521 0.4531325735966201
 0.3886123258580456 0.7065208832885742 0.4537784392522862
 0.3882465300510950 0.7072701359475672 0.4545708713710844
 0.3879351671964544 0.7079067103410748 0.4552447942213914
 0.3876423639033615 0.7085043501212082 0.4558780957592558
 0.3873388550030217 0.7091228316125154 0.4565341219379977
 0.3869406574501879 0.7099327140370696 0.4573941530488176
 0.3866311616252220 0.7105609759092868 0.4580620538007892
 0.3863368594657433 0.7111574151663270 0.4586966851569740
 0.3860239916665137 0.7117904357241089 0.4593708205022319
 0.3856718345234366 0.7125016670781568 0.4601289713736417
 0.3853681303656779 0.7131139536851343 0.4607822961087089
 0.3850723527302768 0.7137092956119416 0.4614181399600057
 0.3847546882213399 0.7143476352195376 0.4621005689341236
 0.3844085880856704 0.7150418746822791 0.4628435062816521
 0.3841043089372582 0.7156511606274234 0.4634961253834087
 0.3838058262274493 0.7162478749290989 0.4641357779526704
 0.3834818251549226 0.7168945266179443 0.4648295023688785
 0.3831421394179092 0.7175712817939380 0.4655561453540708
 0.3828381345055785 0.7181759118897924 0.4662059285660674
 0.3825377711878891 0.7187723394468954 0.4668474740502661
 0.3822085082208010 0.7194250601707574 0.4675502495707755
 0.3818725020045318 0.7200899745806084 0.4682668709123239
 0.3815687296510862 0.7206900851107966 0.4689142379639891
 0.3812674549796076 0.7212843107120810 0.4695557770655840
 0.3809367715920077 0.7219354550736592 0.4702593468313430
 0.3805989664088591 0.7225994533592528 0.4709774433745752
 0.3802934909151819 0.7231988894939139 0.4716262983118778
 0.3799905483601020 0.7237924072551651 0.4722693098903380
 0.3796585047779121 0.7244418582608481 0.4729735584282339
 0.3793174366244381 0.7251077879010187 0.4736963329867295
 0.3790093850816867 0.7257082353840143 0.4743485569853731
 0.3787037316676520 0.7263030570773779 0.4749951189190857
 0.3783669651393119 0.7269573335346111 0.4757068086266980
 0.3780266903600539 0.7276172658053001 0.4764252063380363
 0.3777176734995085 0.7282155694663235 0.4770770414347458
 0.3774100671520824 0.7288101937412270 0.4777254023112639
 0.3770687514529366 0.7294688767800628 0.4784442534416804
 0.3767298034883047 0.7301218454472130 0.4791575211736248
 0.3764205615826127 0.7307165947313005 0.4798077259390928
 0.3761123084169981 0.7313085037085660 0.4804552989750073
 0.3757712418300540 0.7319623327696988 0.4811711482163764
 0.3754291906711777 0.7326169050430348 0.4818883832253991
 0.3751179921384237 0.7332114436794503 0.4825403584237747
 0.3748085173376876 0.7338017550729684 0.4831882063370179
 0.3744685056333080 0.7344492441704578 0.4838993831852865
 0.3741208793979630 0.7351100792835804 0.4846258052074843
 0.3738064171560210 0.7357068679778498 0.4852822852422107
 0.3734943549805606 0.7362981643123401 0.4859331181212140
 0.3731512412476846 0.7369472231566223 0.4866479692383521
 0.3728022550419000 0.7376062410166371 0.4873742857784749
 0.3724860551389826 0.7382023483293195 0.4880317437369180
 0.3721718142158568 0.7387938261220039 0.4886845828319067
 0.3718246219228321 0.7394462446200694 0.4894052681295724
 0.3714764608895280 0.7400993470491859 0.4901273066810723
 0.3711598852728423 0.7406922151894282 0.4907832344361800
 0.3708451412159510 0.7412807270122453 0.4914347596359435
 0.3704990280228465 0.7419268306819663 0.4921504986991814
 0.3701469546814675 0.7425829226994769 0.4928777937950716
 0.3698284713784338 0.7431754345011636 0.4935350529993185
 0.3695131458149515 0.7437611531288055 0.4941852058742015
 0.3691701726590235 0.7443971932375903 0.4948916942674261
 0.3688093148666394 0.7450652411733270 0.4956342346401407
 0.3684868599592947 0.7456611928917756 0.4962970229660302
 0.3681691729011654 0.7462474115239280 0.4969493025501401
 0.3678249000546975 0.7468816594418852 0.4976553639211959
 0.3674595056345926 0.7475536531638464 0.4984038565008683
 0.3671341525528320 0.7481510003172623 0.4990696071188092
 0.3668137165383883 0.7487383959112954 0.4997246778953275
 0.3664652151374978 0.7493762013400772 0.5004364510709552
 0.3661011804485398 0.7500412848586198 0.5011791907539019
 0.3657752500205469 0.7506357593166550 0.5018434940238707
 0.3654539321412364 0.7512209053575942 0.5024977207154658
 0.3651053477386739 0.7518546816973214 0.5032066845123241
 0.3647379743666418 0.7525214696390466 0.5039529914308434
 0.3644106722850463 0.7531145376441287 0.5046171695188004
 0.3640893131348353 0.7536959327100482 0.5052686487778285
 0.3637442797878667 0.7543191643781576 0.5059674276580648
 0.3633653061251979 0.7550025201185547 0.5067340982028710
 0.3630338556956967 0.7555991723902772 0.5074038693580804
 0.3627106262089115 0.7561801208660777 0.5080563196777250
 0.3623656750789033 0.7567991278606587 0.5087518382187819
 0.3619787798447903 0.7574922003017833 0.5095310024311662
 0.3616431592549602 0.7580923950222251 0.5102061598321196
 0.3613165231892305 0.7586756107063496 0.5108626172231934
 0.3609671018905242 0.7592985174352725 0.5115641987929838
 0.3605821047710446 0.7599836607810757 0.5123363853349119
 0.3602452820888221 0.7605820584300341 0.5130111873636825
 0.3599167015080628 0.7611649044848068 0.5136687416155227
 0.3595645289301952 0.7617886058590553 0.5143726663340052
 0.3591802192590479 0.7624680546046597 0.5151398273297672
 0.3588432218677872 0.7630628574452855 0.5158117074396721
 0.3585148226180294 0.7636415896164360 0.5164657210989266
 0.3581650783605886 0.7642569697870624 0.5171614743855550
 0.3577714369193614 0.7649483978454638 0.5179435962950591
 0.3574315034761032 0.7655444780537849 0.5186181650133320
 0.3571023133611835 0.7661208305990085 0.5192706483268927
 0.3567545203840407 0.7667288064794326 0.5199591788117828
 0.3563447821474215 0.7674438250794727 0.5207692818918483
 0.3559992726502351 0.7680457189919295 0.5214515481028703
 0.3556666545122256 0.7686242585260284 0.5221076593855871
 0.3553154436930878 0.7692341853860732 0.5227997137156085
 0.3549044994813252 0.7699466108471997 0.5236084875233111
 0.3545560690189941 0.7705496196212794 0.5242933436202437
 0.3542199617253909 0.7711303996270230 0.5249531587899353
 0.3538632240994892 0.7717458628160604 0.5256525641475145
 0.3534612059492688 0.7724382597994058 0.5264396280831309
 0.3531136111714757 0.7730359135145214 0.5271192257840723
 0.3527767632721417 0.7736141989244543 0.5277770411408046
 0.3524189746805342 0.7742274781620155 0.5284749490607273
 0.3520157894464521 0.7749173948540679 0.5292604226371087
 0.3516677803920560 0.7755118975234082 0.5299375412418725
 0.3513312960283065 0.7760858361579585 0.5305914500695139
 0.3509766051362352 0.7766898999171717 0.5312798878758703
 0.3505547421964815 0.7774071248980321 0.5320975715754426
 0.3502017127189825 0.7780062940558936 0.5327809189839406
 0.3498633957661546 0.7785796158556764 0.5334350251402320
 0.3495090311666826 0.7791792153214310 0.5341193621386232
 0.3490654183732268 0.7799285087049629 0.5349748700044323
 0.3487062682023304 0.7805340696983448 0.5356664759325780
 0.3483637735294536 0.7811106603780004 0.5363251200821115
 0.3480034447397196 0.7817163429045176 0.5370171065527051
 0.3475770286706840 0.7824318828672886 0.5378347685583383
 0.3472178466626646 0.7830335715836302 0.5385225159705463
 0.3468721873242103 0.7836117213544468 0.5391835636440119
 0.3465059216240867 0.7842233921031493 0.5398831864288001
 0.3460916840955799 0.7849140089954850 0.5406734068153797
 0.3457339284942558 0.7855094653887114 0.5413549594808558
 0.3453878758423939 0.7860845699653203 0.5420133646523746
 0.3450217815319090 0.7866920504265812 0.5427089573490241
 0.3446017827060671 0.7873878027214793 0.5435057653596123
 0.3442427260903603 0.7879816091338380 0.5441859517988353
 0.3438972739543079 0.7885520570082312 0.5448395149485032
 0.3435353405091445 0.7891488195947509 0.5455233756800748
 0.3430842904168322 0.7898912338117153 0.5463743406698889
 0.3427189298985966 0.7904915640612743 0.5470625692303250
 0.3423714607599054 0.7910616351027497 0.5477161790565662
 0.3420088645673828 0.7916556318178194 0.5483972823859387
 0.3415365438317334 0.7924280154174193 0.5492830510131105
 0.3411653782442354 0.7930339040949017 0.5499780233321224
 0.3408131006293915 0.7936080872890775 0.5506367785359503
 0.3404428927070760 0.7942105825290805 0.5513281851818276
 0.3400021996681560 0.7949265737322356 0.5521500327409573
 0.3396318549663576 0.7955272530346815 0.5528396287391674
 0.3392759867229967 0.7961035802869405 0.5535013093733634
 0.3388997238763616 0.7967120104616273 0.5541998590273980
 0.3384715475447544 0.7974032331686352 0.5549934805939701
 0.3381027095257973 0.7979976830635965 0.5556760423156948
 0.3377465848134849 0.7985707852456411 0.5563341768722119
 0.3373703477967948 0.7991753412734667 0.5570285545861744
 0.3369382002953796 0.7998685845537420 0.5578249606582154
 0.3365688683893321 0.8004600873120389 0.5585046056771781
 0.3362138488993264 0.8010278259988670 0.5591570226287096
 0.3358424182192697 0.8016209286595629 0.5598386485112089
 0.3353732049390184 0.8023688890914343 0.5606983359177742
 0.3349970034569449 0.8029675521699189 0.5613865191323508
 0.3346403535067614 0.8035342591835285 0.5620380654437149
 0.3342695894673350 0.8041225262512143 0.5627145045334018
 0.3337566288404387 0.8049349560105412 0.5636488437003190
 0.3333727249606928 0.8055418871051534 0.5643468986609665
 0.3330112271010613 0.8061125397591848 0.5650032262705026
 0.3326322107323093 0.8067099586860668 0.5656903194757821
 0.3321732641812473 0.8074321542659079 0.5665209115686397
 0.3317916221896987 0.8080316967024598 0.5672104781187164
 0.3314257855046946 0.8086055544765384 0.5678705717267721
 0.3310396391052121 0.8092103654621261 0.5685663566077611
 0.3305960514289618 0.8099040024015577 0.5693644102524227
 0.3302149308652078 0.8104989874520978 0.5700489739624124
 0.3298472115624977 0.8110722026846211 0.5707084428803313
 0.3294583815759621 0.8116774230126991 0.5714046378975020
 0.3290172143109564 0.8123629875303123 0.5721931184741046
 0.3286369615218839 0.8129529409649959 0.5728715378383541
 0.3282708422228852 0.8135201375738869 0.5735237336257685
 0.3278871024922758 0.8141137621255585 0.5742062868535218
 0.3274184880602091 0.8148374804505500 0.5750383912962095
 0.3270337759100850 0.8154306371424525 0.5757203413818229
 0.3266680610050141 0.8159936834904141 0.5763676223816556
 0.3262885665896211 0.8165771024939000 0.5770382620581812
 0.3257761141886763 0.8173635701980781 0.5779422235291389
 0.3253825276807853 0.8179665595960022 0.5786352667231095
 0.3250133099558552 0.8185313865765526 0.5792844523904352
 0.3246309301045503 0.8191155064024542 0.5799558244100402
 0.3241260185054576 0.8198854962879450 0.5808408180749205
 0.3237278465509635 0.8204916623825612 0.5815374576964689
 0.3233531390179863 0.8210612679033009 0.5821919887216415
 0.3229633373455684 0.8216529583870975 0.5828717870460911
 0.3224578703972076 0.8224189194056434 0.5837516659487695
 0.3220580965183300 0.8230236819131620 0.5844463163825789
 0.3216782370781824 0.8235974739921701 0.5851053980505728
 0.3212770590126456 0.8242025781561056 0.5858004785527169
 0.3208240414122857 0.8248847770721572 0.5865841463279179
 0.3204308615656522 0.8254759277322593 0.5872632027958794
 0.3200509685987665 0.8260462759567108 0.5879182923860130
 0.3196497660566136 0.8266477394777921 0.5886090000808171
 0.3191925799865861 0.8273320360278447 0.5893946559786103
 0.3187995205098931 0.8279194219844516 0.5900689057554248
 0.3184220719258464 0.8284826740375986 0.5907153505267949
 0.3180283381233894 0.8290693903504687 0.5913886347535904
 0.3175181633912799 0.8298283522422210 0.5922594391213951
 0.3171178274073778 0.8304229148692970 0.5929414818923912
 0.3167403931359457 0.8309826646107669 0.5935834526868038
 0.3163498141561711 0.8315610937444369 0.5942466900452578
 0.3158457269559988 0.8323064031532323 0.5951010421907534
 0.3154392000362218 0.8329064690245471 0.5957887316489423
 0.3150583341726760 0.8334678522672906 0.5964319719847851
 0.3146675060662759 0.8340431129258946 0.5970909973073324
 0.3142007489143913 0.8347290671945380 0.5978766518888832
 0.3137859424334040 0.8353377033615598 0.5985735326747494
 0.3133984043518539 0.8359055072448336 0.5992234298151342
 0.3130042246989549 0.8364822305651426 0.5998832812933387
 0.3125475868780815 0.8371493170941352 0.6006462052017073
 0.3121251752198259 0.8377654335836306 0.6013505749602669
 0.3117312539832758 0.8383391578828157 0.6020063004354194
 0.3113316258099993 0.8389203716532508 0.6026704400320148
 0.3108655809463796 0.8395971386684828 0.6034435808739014
 0.3104423913914999 0.8402107048938691 0.6041443048655282
 0.3100470728211511 0.8407830325873796 0.6047976860612574
 0.3096459255835528 0.8413629828903855 0.6054594699407659
 0.3091768492763863 0.8420401019711837 0.6062317050187594
 0.3087545504637058 0.8426487434881627 0.6069254423139749
 0.3083614159816988 0.8432145429483359 0.6075700259327544
 0.3079650913210987 0.8437841473792085 0.6082186554841905
 0.3075191012645129 0.8444241912309806 0.6089471692872168
 0.3070905591959509 0.8450382607134304 0.6096457890533877
 0.3066965970840572 0.8456019747088559 0.6102868178028383
 0.3063059359625314 0.8461602068018326 0.6109213086901453
 0.3058866827661956 0.8467584581282788 0.6116009391967907
 0.3054263192927472 0.8474143771123143 0.6123456773585161
 0.3050218766029184 0.8479897654491672 0.6129986515352225
 0.3046310269630225 0.8485450579357705 0.6136285454392382
 0.3042242467861845 0.8491221956958555 0.6142829365156789
 0.3036853839413201 0.8498854995388497 0.6151479408108185
 0.3032619234205569 0.8504843537446506 0.6158261651630960
 0.3028644552850559 0.8510456673424787 0.6164615072989559
 0.3024539057444317 0.8516246623993166 0.6171164828602270
 0.3019355399885567 0.8523545644048575 0.6179416473366138
 0.3015052163226141 0.8529595286842843 0.6186251773702299
 0.3010999933311850 0.8535284066560169 0.6192676519087661
 0.3006807509643060 0.8541161533628699 0.6199311627265527
 0.3001176648218169 0.8549042633479697 0.6208203879237209
 0.2996827504958082 0.8555119688137354 0.6215056135298731
 0.2992711205264755 0.8560863301634078 0.6221528116008894
 0.2988362999097948 0.8566921992479353 0.6228350113061748
 0.2983549750560550 0.8573618509896536 0.6235884134939605
 0.2979323183196010 0.8579490036676802 0.6242484884223952
 0.2975224800770540 0.8585175698663920 0.6248872482569304
 0.2970889674665653 0.8591181477487124 0.6255615509267938
 0.2966046657541123 0.8597880805742710 0.6263132165435593
 0.2961837488461530 0.8603694736746719 0.6269650816975474
 0.2957780807061554 0.8609290507523629 0.6275920450915434
 0.2953552831041794 0.8615114719728771 0.6282441060495131
 0.2948000578573025 0.8622751073260060 0.6290982421383224
 0.2943703783972931 0.8628651326813246 0.6297575628836228
 0.2939661550962015 0.8634194574248950 0.6303764991739459
 0.2935496897574964 0.8639898177681216 0.6310128505149616
 0.2930372702915451 0.8646905464682514 0.6317939664535306
 0.2926026718269094 0.8652839573119402 0.6324548373375500
 0.2921966211497526 0.8658376463868654 0.6330709380885295
 0.2917855543169226 0.8663974482350445 0.6336933038517683
 0.2913261750168220 0.8670221810084183 0.6343872207667755
 0.2908729289027097 0.8676376846271913 0.6350702475702518
 0.2904566447005835 0.8682022201682581 0.6356961757883740
 0.2900446142071982 0.8687602600422454 0.6363143997667625
 0.2896045355385657 0.8693554916068253 0.6369732570656167
 0.2891080417868942 0.8700260451112026 0.6377147256748650
 0.2886741690650734 0.8706111746584456 0.6383610122326427
 0.2882541401144104 0.8711768827861662 0.6389851590428254
 0.2878117570091621 0.8717719022345319 0.6396408956948851
 0.2872911391924673 0.8724711085742185 0.6404104918058051
 0.2868474444835910 0.8730661200493701 0.6410646373883067
 0.2864187187209559 0.8736402875881399 0.6416952443045680
 0.2859635469058893 0.8742490479018209 0.6423631974828422
 0.2854662175303508 0.8749132238488446 0.6430911753359615
 0.2850253662828479 0.8755011333137129 0.6437348295064560
 0.2845941031098941 0.8760754950493796 0.6443629298319584
 0.2841330239745375 0.8766887368223441 0.6450327112393683
 0.2836448655788512 0.8773370646504253 0.6457398517631411
 0.2832087799681624 0.8779154290368539 0.6463698603614071
 0.2827819677609890 0.8784807619670979 0.6469849517235589
 0.2823301470805599 0.8790784335386137 0.6476344760196701
 0.2818251577580223 0.8797454841288714 0.6483584907025930
 0.2813883246962227 0.8803216979567325 0.6489831171491036
 0.2809668876247788 0.8808768962653580 0.6495842293634072
 0.2805296813368232 0.8814521379858192 0.6502062453671922
 0.2799508787433463 0.8822125414780763 0.6510271867412107
 0.2795022561863880 0.8828010316895807 0.6516615022136246
 0.2790816620776510 0.8833520532723869 0.6522546183523035
 0.2786518130151934 0.8839145010952176 0.6528592208053621
 0.2781525418295567 0.8845669034701714 0.6535594766298388
 0.2776961879887790 0.8851623992284168 0.6541976469662302
 0.2772718135365404 0.8857154603057837 0.6547894561605279
 0.2768479070557078 0.8862672363466264 0.6553790228582266
 0.2763909763940484 0.8868612457568292 0.6560127427296378
 0.2758927624990897 0.8875080377837360 0.6567016409947894
 0.2754524315007392 0.8880789194435378 0.6573087251879298
 0.2750250349223832 0.8886323479116872 0.6578963974186983
 0.2745797779649691 0.8892081899683989 0.6585069692245914
 0.2740018880888002 0.8899544829624360 0.6592968491632266
 0.2735385479899323 0.8905519678084391 0.6599280071718411
 0.2731006468242051 0.8911159345791353 0.6605227135372933
 0.2726477615239010 0.8916984725619012 0.6611359176016376
 0.2720716684905510 0.8924384279796325 0.6619132489554725
 0.2715998040988201 0.8930436264872598 0.6625477425978350
 0.2711508389406630 0.8936187216395286 0.6631496424703557
 0.2706820183408112 0.8942184903950691 0.6637762952828355
 0.2701247357910737 0.8949304247641142 0.6645186730319371
 0.2696543707120524 0.8955304758894931 0.6651430686733398
 0.2691979383576865 0.8961120169022878 0.6657469835641232
 0.2687112133839817 0.8967313590935894 0.6663887819031972
 0.2681985388004219 0.8973828389429455 0.6670623414470820
 0.2677381682451530 0.8979670860703556 0.6676650695051547
 0.2672839583676784 0.8985428065843520 0.6682578182362525
 0.2667941850345905 0.8991628200873558 0.6688948902333366
 0.2662895950439887 0.8998007431687286 0.6695489855678226
 0.2658354128081456 0.9003742071480674 0.6701357679760800
 0.2653891433456875 0.9009370083741116 0.6707104752520020
 0.2649141645300390 0.9015352875795166 0.6713200989424157
 0.2643855354689722 0.9022002659205409 0.6719960580378737
 0.2639290752429198 0.9027737204191946 0.6725775922475870
 0.2634894024234376 0.9033254391890566 0.6731358733755510
 0.2630321811762002 0.9038985097101669 0.6737145093262915
 0.2624493982008763 0.9046279731902473 0.6744492090488606
 0.2619809900775307 0.9052134803450136 0.6750373985698229
 0.2615427071132034 0.9057606934291094 0.6755858639375627
 0.2610959268491954 0.9063178841292985 0.6761430544117528
 0.2605905751700315 0.9069473560330271 0.6767709490126048
 0.2601080097078347 0.9075476914964988 0.6773682046989895
 0.2596640434096222 0.9080993607760032 0.6779156811380459
 0.2592238587559047 0.9086457220093261 0.6784565977405858
 0.2587569435977042 0.9092246019103177 0.6790282930733036
 0.2581903018107081 0.9099262155867537 0.6797192133047502
 0.2577246042940269 0.9105021000604706 0.6802846628723771
 0.2572803648879907 0.9110508301857804 0.6808220398305872
 0.2568219740673757 0.9116164098514508 0.6813744732540794
 0.2562791885459065 0.9122852952544374 0.6820259348152223
 0.2557943290147842 0.9128820463093039 0.6826054508501708
 0.2553400537533264 0.9134405156006301 0.6831463637172153
 0.2548809977704486 0.9140042368363847 0.6836909614429332
 0.2543748941192620 0.9146250079419309 0.6842890135026138
 0.2538612399771228 0.9152542673688959 0.6848934102597063
 0.2533907653671697 0.9158299497465905 0.6854446772827991
 0.2529235733428286 0.9164009762943320 0.6859898775460435
 0.2524211509691016 0.9170143563337839 0.6865737269064934
 0.2518801910520414 0.9176739704663673 0.6871995473141904
 0.2513942061719635 0.9182658354712414 0.6877593330624568
 0.2509134527545891 0.9188506663578826 0.6883108593308213
 0.2503936370153460 0.9194822783527643 0.6889047020507316
 0.2498579931778624 0.9201323252621491 0.6895138733017314
 0.2493669646207521 0.9207275211421990 0.6900697892511438
 0.2488738484114170 0.9213245711608370 0.6906255922442175
 0.2483214303450940 0.9219926219248332 0.6912452545063915
 0.2478031901777481 0.9226185767341877 0.6918237233802174
 0.2473171601536271 0.9232049587404834 0.6923637622937752
 0.2468187893061997 0.9238055622619338 0.6929150632941988
 0.2462149214583695 0.9245324039270012 0.6935797700319897
 0.2457091294052426 0.9251404432386103 0.6941337275703092
 0.2452313532025429 0.9257141757945540 0.6946546269385733
 0.2447353239848500 0.9263091861595593 0.6951929449787184
 0.2440901435364656 0.9270821395457729 0.6958893046577448
 0.2435914722909032 0.9276788215794768 0.6964245724153005
 0.2431213681987990 0.9282407291195682 0.6969268403369185
 0.2426323100860743 0.9288246852398335 0.6974469887067980
 0.2419736070160969 0.9296102328662325 0.6981437963773051
 0.2414785047035973 0.9301999461294961 0.6986647037072583
 0.2410140462240399 0.9307525942529634 0.6991511487156619
 0.2405338295365737 0.9313234204337829 0.6996518201298931
 0.2399340146509233 0.9320355990463821 0.7002739107587862
 0.2394389532780450 0.9326227254563169 0.7007846146688858
 0.2389768517540512 0.9331702151372226 0.7012590864370738
 0.2385083330157249 0.9337247712985232 0.7017379590339435
 0.2379824009443059 0.9343466442408411 0.7022728989885479
 0.2374682828763005 0.9349538979957283 0.7027931511443123
 0.2369997792860688 0.9355067176905912 0.7032649391109436
 0.2365381778242413 0.9360508774094164 0.7037276195725495
 0.2360507547480268 0.9366249246288751 0.7042138538305509
 0.2354056250373943 0.9373838391805895 0.7048537355702243
 0.2349122282174984 0.9379635970647061 0.7053403004114077
 0.2344469326004506 0.9385098130038538 0.7057969172740562
 0.2339667350692972 0.9390729942701356 0.7062658755151102
 0.2333941597218856 0.9397438205049896 0.7068219957389731
 0.2328877208370001 0.9403365340994440 0.7073110840099267
 0.2324155127376392 0.9408886583566358 0.7077647302242677
 0.2319396904690187 0.9414444971146873 0.7082195155206256
 0.2314178881164576 0.9420534618671093 0.7087155656351103
 0.2308727425845672 0.9426890183291108 0.7092308353250683
 0.2303834328351946 0.9432589162892474 0.7096907661569706
 0.2299034453097900 0.9438174430101265 0.7101395881283900
 0.2293968028089144 0.9444064378203157 0.7106108054738544
 0.2287269794347080 0.9451842795091333 0.7112297660506284
 0.2282096783984896 0.9457843386731969 0.7117046113346083
 0.2277165568742070 0.9463558154877193 0.7121546723526213
 0.2271991574673199 0.9469548707360974 0.7126241870289669
 0.2265326640210109 0.9477257155066204 0.7132249733644221
 0.2260036770515383 0.9483368609780028 0.7136986387111531
 0.2254945388982664 0.9489245242413341 0.7141519091893184
 0.2249557985083857 0.9495457712996875 0.7146287293421127
 0.2243470086956190 0.9502470782270063 0.7151640350467370
 0.2238131135241054 0.9508614870786100 0.7156303690975323
 0.2232864060402568 0.9514670593123473 0.7160875399683150
 0.2227159227782055 0.9521223336438205 0.7165794771968008
 0.2221377173814016 0.9527858163115424 0.7170746878715307
 0.2216006792956038 0.9534014681065212 0.7175316421126401
 0.2210530340199674 0.9540286971249413 0.7179946906486885
 0.2204033547308256 0.9547720306576291 0.7185401856502218
 0.2198454105276186 0.9554097545373088 0.7190053109104091
 0.2193067959992337 0.9560248191750466 0.7194513435163646
 0.2187262017586614 0.9566872046398228 0.7199288246465285
 0.2181426928318325 0.9573522752068818 0.7204052310517919
 0.2176095431670020 0.9579593908343623 0.7208375050311473
 0.2170741000365107 0.9585685873928764 0.7212687788737197
 0.2164598158232890 0.9592668349197104 0.7217600647905162
 0.2159044141440939 0.9598975585470694 0.7222010535594281
 0.2153857437617975 0.9604860650243378 0.7226101061596683
 0.2148567492577326 0.9610857877258375 0.7230245056948077
 0.2142225347378703 0.9618041412613659 0.7235175622612529
 0.2136779556129570 0.9624204005679657 0.7239376341425171
 0.2131686458068322 0.9629962779622914 0.7243277492232713
 0.2126486912286558 0.9635837262244095 0.7247232971581979
 0.2120269452449288 0.9642855671684489 0.7251927045790714
 0.2114861777963138 0.9648954603044938 0.7255978205748030
 0.2109827756778552 0.9654627661488151 0.7259723008158288
 0.2104732356470949 0.9660365549762133 0.7263487334270949
 0.2098927875474688 0.9666896650175334 0.7267743218991952
 0.2093450472580120 0.9673054616856646 0.7271727596710167
 0.2088420594771244 0.9678705119679352 0.7275359336400808
 0.2083420230723779 0.9684318387533236 0.7278944161461530
 0.2078020597430671 0.9690375333070927 0.7282786733107717
 0.2072183897371388 0.9696917304522518 0.7286907233749645
 0.2067068503309955 0.9702646368762669 0.7290490304338607
 0.2062113065137630 0.9708192363551752 0.7293936184057388
 0.2056940178231932 0.9713977634696948 0.7297506816467515
 0.2049680307970978 0.9722089979213521 0.7302472369728920
 0.2044360396804624 0.9728029447808170 0.7306077237873210
 0.2039386666822481 0.9733578538341827 0.7309421744357139
 0.2034245867897255 0.9739310116419939 0.7312852494469289
 0.2027742933144688 0.9746554727635600 0.7317154372763338
 0.2022400546924933 0.9752501758046638 0.7320656884041321
 0.2017411928572844 0.9758051214836183 0.7323901725189866
 0.2012337453771550 0.9763692480171237 0.7327176947221613
 0.2006556404459845 0.9770114733419872 0.7330877009979166
 0.2001044367184646 0.9776233707799387 0.7334374074745379
 0.1995979024420692 0.9781853024244698 0.7337561321670575
 0.1990945712101016 0.9787433255276933 0.7340703419682901
 0.1985542068709235 0.9793420151193044 0.7344048982936316
 0.1979443712054769 0.9800171933206215 0.7347790148995156
 0.1974199896752526 0.9805973570606145 0.7350977774261729
 0.1969139562532710 0.9811568699796192 0.7354028192902824
 0.1963861718645938 0.9817400687530796 0.7357182965634625
 0.1956762828764416 0.9825239122024289 0.7361383460399836
 0.1951294161889327 0.9831273012456525 0.7364586125267868
 0.1946157253196926 0.9836937334330158 0.7367568314574462
 0.1940844842214098 0.9842791623740659 0.7370625731453734
 0.1934197313524069 0.9850112178074301 0.7374413260972831
 0.1928644056461121 0.9856223423773658 0.7377544586508771
 0.1923429830671768 0.9861958089736627 0.7380457613862700
 0.1918083887654068 0.9867834152462488 0.7383417065007022
 0.1911756964590279 0.9874783983200024 0.7386884344731993
 0.1906063366431869 0.9881034020435662 0.7389972228710050
 0.1900741927555160 0.9886872039795420 0.7392830796912649
 0.1895335528327892 0.9892799851500230 0.7395707869038678
 0.1889161192663804 0.9899565495649645 0.7398960061514988
 0.1883281972759847 0.9906003677243281 0.7402023415739727
 0.1877827298297789 0.9911973427108048 0.7404836385172902
 0.1872319507696487 0.9917997905318570 0.7407648374606377
 0.1866120302323650 0.9924774614505196 0.7410779612088236
 0.1860071971086852 0.9931382312174587 0.7413800648837708
 0.1854468756134648 0.9937500171343853 0.7416569725865426
 0.1848800603176356 0.9943685491247685 0.7419342024700997
 0.1842397175618600 0.9950669056333468 0.7422438937657020
 0.1836248711751844 0.9957370497911909 0.7425377405248098
 0.1830488453690764 0.9963645254162546 0.7428099037058717
 0.1824584513509530 0.9970072989780693 0.7430857279317079
 0.1817566731694591 0.9977708788736954 0.7434095231795924
 0.1811369814826058 0.9984447334880371 0.7436918326630965
 0.1805399568078299 0.9990935810057019 0.7439606551111333
 0.1799086833822445 0.9997792717546296 0.7442415435497430
 0.1792246763525222  1.000521808537708 0.7445419994150466
 0.1786029852299722  1.001196311309756 0.7448115597830207
 0.1779754393938476  1.001876798544542 0.7450802691154501
 0.1772352450912282  1.002678969415928 0.7453928927221780
 0.1765874369211600  1.003380608673230 0.7456627317828666
 0.1759441207518699  1.004077009239823 0.7459272818850433
 0.1752231254397574  1.004857062683985 0.7462197602258019
 0.1745697175716325  1.005563599909298 0.7464811473119100
 0.1739253099490153  1.006260044715086 0.7467354910556930
 0.1732072925358360  1.007035628058325 0.7470148523806875
 0.1725551538176947  1.007739677129778 0.7472649206378305
 0.1719253121258862  1.008419321423444 0.7475031760834854
 0.1712276249621217  1.009171799483115 0.7477634073433486
 0.1705693308655449  1.009881433391331 0.7480054195326434
 0.1699543522366145  1.010544064677318 0.7482284122139121
 0.1693127357409022  1.011235084297756 0.7484578558084836
 0.1685921518301726  1.012010775619702 0.7487116081434108
 0.1679741945497428  1.012675679830123 0.7489259088310554
 0.1673674828700751  1.013328208116860 0.7491333598032187
 0.1666740526296655  1.014073673814867 0.7493669383985125
 0.1660354510281847  1.014759890043805 0.7495787889900493
 0.1654412373818759  1.015398148768005 0.7497731670086912
 0.1648311988569029  1.016053148392523 0.7499700251411023
 0.1639788062271108  1.016967934949395 0.7502406319383444
 0.1633577580099110  1.017634132937399 0.7504346129862490
 0.1627666548193280  1.018267969877912 0.7506168179333571
 0.1621161403468765  1.018965247491284 0.7508146593000381
 0.1614729598373366  1.019654393972775 0.7510075440097881
 0.1608858501202483  1.020283231399433 0.7511812503346758
 0.1602973672411973  1.020913321308760 0.7513530859014724
 0.1596204933494257  1.021637785296136 0.7515478884731858
 0.1589955850263093  1.022306380843054 0.7517250200409513
 0.1584150259975047  1.022927315448821 0.7518872455391514
 0.1578242689257377  1.023558951543950 0.7520500253892330
 0.1571001704566777  1.024332877167389 0.7522464174565698
 0.1564854815209406  1.024989627324743 0.7524104536965833
 0.1559080401739577  1.025606385897296 0.7525623200225006
 0.1553093033816326  1.026245693118059 0.7527175131436422
 0.1544631518898139  1.027148844055841 0.7529329047554212
 0.1538527112521785  1.027800165948074 0.7530854573367847
 0.1532718412209719  1.028419753394788 0.7532284380542850
 0.1526398390438875  1.029093681082935 0.7533816210145062
 0.1519906427690843  1.029785729862078 0.7535364221593348
 0.1514052609422789  1.030409569262825 0.7536738207305669
 0.1508243678429179  1.031028456523387 0.7538081388023556
 0.1501811706113902  1.031713530241493 0.7539545308132001
 0.1495408752262030  1.032395315245877 0.7540978536029892
 0.1489564686949790  1.033017420367702 0.7542265941714341
 0.1483721625588154  1.033639259406175 0.7543533621620251
 0.1477145413709667  1.034338935533412 0.7544937369020703
 0.1470803159609664  1.035013534873954 0.7546268439536833
 0.1464957289323782  1.035635177837049 0.7547475821647907
 0.1459064195901311  1.036261691423477 0.7548674239588464
 0.1452258757575786  1.036985013752705 0.7550035095072454
 0.1445967822567566  1.037653477711459 0.7551271339820713
 0.1440109685772112  1.038275805592126 0.7552404030478367
 0.1434138878273178  1.038909958651802 0.7553540398068963
 0.1426854634440404  1.039683416660072 0.7554902333334217
 0.1420602944601873  1.040347068878988 0.7556050104856364
 0.1414717449720302  1.040971709107046 0.7557113043202770
 0.1408602317960390  1.041620581444514 0.7558199565717555
 0.1400141105671708  1.042518164269812 0.7559673223236228
 0.1393895119979780  1.043180582926347 0.7560739191669127
 0.1387916133522996  1.043814553551327 0.7561742379554158
 0.1381354694357608  1.044510138134539 0.7562824093860948
 0.1374724990906940  1.045212807817897 0.7563896841033365
 0.1368684052039733  1.045852945145387 0.7564856799731313
 0.1362626545574149  1.046494715549019 0.7565802810512354
 0.1355678862986213  1.047230648511713 0.7566867687264730
 0.1349179392690297  1.047918963849969 0.7567844686171824
 0.1343118669318873  1.048560694154614 0.7568739305327912
 0.1336909743201159  1.049217998487267 0.7569639615020696
 0.1328766786965247  1.050079870066575 0.7570795930467779
 0.1322312265167268  1.050762892993092 0.7571693107234305
 0.1316171325933291  1.051412619443026 0.7572531064040869
 0.1309562219557666  1.052111758434495 0.7573416167744870
 0.1302539666730974  1.052854499072783 0.7574337965941763
 0.1296257024644521  1.053518867905991 0.7575146598552562
 0.1289990511692608  1.054181424936385 0.7575938262188191
 0.1282782715239893  1.054943375079439 0.7576830656567188
 0.1276075575176211  1.055652278794863 0.7577643807159496
 0.1269790294147192  1.056316490809696 0.7578390961660058
 0.1263277218210962  1.057004671740964 0.7579150369310005
 0.1254617891081651  1.057919468469639 0.7580137387456914
 0.1247975111601826  1.058621109927856 0.7580877683540291
 0.1241521728917827  1.059302647719441 0.7581583395919078
 0.1234081148640384  1.060088324483955 0.7582381210179714
 0.1227211324913597  1.060813622700781 0.7583103365914962
 0.1220742688063558  1.061496469605933 0.7583771222740424
 0.1213961438062148  1.062212219599205 0.7584459308218078
 0.1206050803754039  1.063047050830536 0.7585247148887679
 0.1199328038907743  1.063756420267651 0.7585904645265584
 0.1192672922361450  1.064458560368326 0.7586544955098463
 0.1184768180402801  1.065292424778370 0.7587292076908725
 0.1177753140397645  1.066032331735940 0.7587943044162726
 0.1171075278100687  1.066736586216615 0.7588552292716549
 0.1163882075840802  1.067495093703507 0.7589197312005836
 0.1156351606211685  1.068289061287433 0.7589860229041412
 0.1149517795302078  1.069009486929507 0.7590450975625443
 0.1142539635493611  1.069745042771375 0.7591043567477260
 0.1132461630227477  1.070807195747217 0.7591880367071804
 0.1125232785906698  1.071568958175846 0.7592466716836508
 0.1118085899689303  1.072321996934706 0.7593035084302407
 0.1108677203600161  1.073313224398153 0.7593766331955873
 0.1101365247141532  1.074083456468826 0.7594321410074498
 0.1094082095269094  1.074850570068917 0.7594862850393220
 0.1084231034350900  1.075888023594023 0.7595576958720011
 0.1076727493440644  1.076678152350048 0.7596106810633595
 0.1069196585133035  1.077471079584718 0.7596626423754157
 0.1060237272526613  1.078414297050499 0.7597228895114663
 0.1052645978687102  1.079213404459515 0.7597726161570344
 0.1044881091940578  1.080030704041435 0.7598222307878766
 0.1035929825342947  1.080972777672211 0.7598778557579768
 0.1028137004927873  1.081792846684040 0.7599249122912684
 0.1020043784741664  1.082644447269857 0.7599724419140715
 0.1011281774849385  1.083566330544847 0.7600223769178538
 0.1003263941325821  1.084409836713271 0.7600666982776203
 0.9947572593138114E-01  1.085304690983444 0.7601122930463565
 0.9861051542570974E-01  1.086214760485486 0.7601571563088982
 0.9777623672294336E-01  1.087092218305436 0.7601989740082851
 0.9684732828481163E-01  1.088069118652183 0.7602438829107946
 0.9597917109448829E-01  1.088982051084613 0.7602843000018239
 0.9509972281321691E-01  1.089906783013073 0.7603237248668121
 0.9417690290596932E-01  1.090877042888990 0.7603634550604238
 0.9328337482889064E-01  1.091816433078065 0.7604003249083536
 0.9229320686031303E-01  1.092857344228658 0.7604393542543910
 0.9140099746131855E-01  1.093795208633354 0.7604728954345833
 0.9043818969579506E-01  1.094807215001978 0.7605073827836929
 0.8954666361918968E-01  1.095744236445473 0.7605377502460112
 0.8862814143820812E-01  1.096709573532668 0.7605674762727861
 0.8769871714218204E-01  1.097686311451602 0.7605959715830959
 0.8682736651917301E-01  1.098601970080788 0.7606212866805541
 0.8576600353908587E-01  1.099717242299300 0.7606503830211210
 0.8489064441149646E-01  1.100637015525499 0.7606730281128767
 0.8398228822777432E-01  1.101591417073340 0.7606953216688395
 0.8308295584199886E-01  1.102536296508243 0.7607162685879131
 0.8223619359313286E-01  1.103425908019723 0.7607350415988656
 0.8121275127995850E-01  1.104501096786829 0.7607565910036678
 0.8034838399598328E-01  1.105409132255226 0.7607738768518665
 0.7948586618826002E-01  1.106315194209279 0.7607903295239342
 0.7852453678115442E-01  1.107325021972097 0.7608077618937221
 0.7767911796435946E-01  1.108213063125206 0.7608223281406600
 0.7677484590607088E-01  1.109162896691996 0.7608371413611263
 0.7588415570211228E-01  1.110098437256366 0.7608509789779759
 0.7504099444880927E-01  1.110984032293164 0.7608634063008226
 0.7404726814551786E-01  1.112027742393749 0.7608772324783741
 0.7317440988574869E-01  1.112944481718095 0.7608886617029539
 0.7231040340786353E-01  1.113851904181288 0.7608993340017058
 0.7127616045755376E-01  1.114938092773750 0.7609112957361918
 0.7040746298789473E-01  1.115850401783091 0.7609206782373109
 0.6948483535171918E-01  1.116819330283244 0.7609299969254516
 0.6856835856962852E-01  1.117781781982000 0.7609386087954342
 0.6769726770105031E-01  1.118696556153760 0.7609462065642780
 0.6665791034406321E-01  1.119788017578941 0.7609545168653750
 0.6574708593438879E-01  1.120744488334473 0.7609610923678498
 0.6483462093481512E-01  1.121702669954763 0.7609669537622891
 0.6378398353614756E-01  1.122805933854535 0.7609726870363887
 0.6285473298960241E-01  1.123781721083544 0.7609767498257193
 0.6185550333435494E-01  1.124830984237072 0.7609800145224992
 0.6088425879324098E-01  1.125850855516179 0.7609821555024129
 0.5991117023208522E-01  1.126872659653728 0.7609834573993991
 0.5876812950815291E-01  1.128072921763849 0.7609842334121313
 0.5774700017197977E-01  1.129145168441499 0.7609845247826877
 0.5660862005833557E-01  1.130340534961935 0.7609846412617786
 0.5547250661704568E-01  1.131533521182883 0.7609846735130286
 0.5423259712164191E-01  1.132835499346508 0.7609846810591117
 0.5282433068553039E-01  1.134314262225720 0.7609846822719283
 0.5134786560961378E-01  1.135864637700620 0.7609846823797858
 0.4939919182901457E-01  1.137910860186400 0.7609846823858732
 0.4733094629799965E-01  1.140082640067568 0.7609846823858578
 0.4455801639818766E-01  1.142994380128405 0.7609846823858546
 0.3976700127325888E-01  1.148025228788617 0.7609846823858544
 0.2554975093634390E-01  1.162954180784030 0.7609846823858544
-0.3131925041131602E-01  1.222669988765684 0.7609846823858544
-0.1053159514092558  1.300370892304596 0.7609846823858544
