RUNGE KUTTA: X Z PHI
 0.4997932291431514 0.3948996386188214E-01 0.5235987755982988E-02
 0.4986559158433514 0.1974464224285796 0.1317664509324475E-01
 0.4995175346673532 0.9214324901105833E-01 0.5235987756250080E-02
 0.4997013309845520 0.5704105891160754E-01 0.5235987755982988E-02
 0.4993337104446136 0.1272454389643631 0.5272163522934407E-02
 0.4995788001064195 0.8044251897790806E-01 0.5235987755982988E-02
 0.4992873374385937 0.1359169349784971 0.5378392958361572E-02
 0.4994819780906234 0.9893399273398082E-01 0.5235988828369504E-02
 0.4995465261014232 0.8660634356326705E-01 0.5235987755984919E-02
 0.4995048100974482 0.9457344063494139E-01 0.5235987789454334E-02
 0.4995326207667761 0.8926204258715856E-01 0.5235987756072717E-02
 0.4995042037804749 0.9468923758770854E-01 0.5235987794589218E-02
 0.4994813833051778 0.9904758717589993E-01 0.5235989033831163E-02
 0.4994620812959910 0.1027339621057801 0.5236000228130987E-02
 0.4994433506620133 0.1063111922286086 0.5236064030824019E-02
 0.4994236071561963 0.1100817538096352 0.5236351564158998E-02
 0.4994076921229121 0.1131208911508265 0.5237048046090285E-02
 0.4993944156505710 0.1156556983115619 0.5238335070680323E-02
 0.4993828653959204 0.1178602306461621 0.5240400106567796E-02
 0.4993724829700907 0.1198409090796707 0.5243436248883498E-02
 0.4993623494413109 0.1217727264825386 0.5247955593776534E-02
 0.4993515419012126 0.1238307775525352 0.5255103228188751E-02
 0.4993426491555252 0.1255217150916037 0.5263322632024199E-02
 0.4993343506044160 0.1270969375923535 0.5273353058692227E-02
 0.4993240260496650 0.1290519142937875 0.5289649650763631E-02
 0.4993160846515721 0.1305510353363190 0.5305515074829859E-02
 0.4993084571990913 0.1319862635898344 0.5323828033491208E-02
 0.4993005901147869 0.1334609523776075 0.5346180739938838E-02
 0.4992934014551878 0.1348026663764534 0.5369913733091707E-02
 0.4992851283527875 0.1363389031896176 0.5401383332950228E-02
 0.4992781379374405 0.1376295376373230 0.5431641198593301E-02
 0.4992688990389659 0.1393235471722208 0.5477113352428248E-02
 0.4992619281303340 0.1405918690184880 0.5515805536250415E-02
 0.4992546617529289 0.1419040175940454 0.5560441682204269E-02
 0.4992479011902795 0.1431149342829563 0.5606249671241969E-02
 0.4992406297082353 0.1444058099334213 0.5660617232016369E-02
 0.4992339502356400 0.1455801648925449 0.5715805172396201E-02
 0.4992265316250238 0.1468705338510098 0.5783931064302256E-02
 0.4992200192442878 0.1479901289738498 0.5850704869100716E-02
 0.4992118382353948 0.1493774487918487 0.5945597653886840E-02
 0.4992052658042512 0.1504750489800468 0.6032090481543561E-02
 0.4991985599840467 0.1515778996483860 0.6130696273213883E-02
 0.4991912827240719 0.1527537211459906 0.6249750809400166E-02
 0.4991845992576614 0.1538131272745902 0.6369369234132840E-02
 0.4991774114354049 0.1549296959180208 0.6507179467672292E-02
 0.4991695181884233 0.1561281708936259 0.6666564933223874E-02
 0.4991620514451113 0.1572353501907613 0.6822292421465847E-02
 0.4991536364783172 0.1584529466899518 0.7000877003747505E-02
 0.4991446787233643 0.1597152632553516 0.7192424122178158E-02
 0.4991352897080882 0.1610027388834114 0.7393340791675851E-02
 0.4991248596349211 0.1623926242615322 0.7615859247948887E-02
 0.4991145209942622 0.1637308962192249 0.7835432202939927E-02
 0.4991040427300468 0.1650495965874886 0.8056877213221531E-02
 0.4990928414884087 0.1664198924405207 0.8292308660324590E-02
 0.4990819666511719 0.1677136320463581 0.8519590538768725E-02
 0.4990705151893925 0.1690392803194917 0.8757632130229103E-02
 0.4990591598749362 0.1703187741255173 0.8992430685073848E-02
 0.4990473804940270 0.1716113092519241 0.9234708646438095E-02
 0.4990355350965742 0.1728774186221293 0.9477080697375810E-02
 0.4990233612616161 0.1741454105169063 0.9724950196693737E-02
 0.4990109922890548 0.1754011252608275 0.9975555778847522E-02
 0.4989983996958295 0.1766476214916457 0.1022938147211716E-01
 0.4989854813380672 0.1778947068689073 0.1048841195776482E-01
 0.4989724271172492 0.1791240803945761 0.1074882491473263E-01
 0.4989589314629422 0.1803641784290312 0.1101663606198389E-01
 0.4989453528095878 0.1815819213543038 0.1128460898937465E-01
 0.4989312587014875 0.1828157608921958 0.1156118584152004E-01
 0.4989170849959843 0.1840272303702117 0.1183777768415944E-01
 0.4989025959409421 0.1852368170065657 0.1211894383870673E-01
 0.4988877467795848 0.1864477699271559 0.1240541012394596E-01
 0.4988727885352147 0.1876397483206113 0.1269226348781811E-01
 0.4988573821941159 0.1888396743774812 0.1298597285024258E-01
 0.4988421785759253 0.1899975686297304 0.1327408172881642E-01
 0.4988261870724246 0.1911887409886214 0.1357508305383330E-01
 0.4988111961658603 0.1922817194287495 0.1385506149033747E-01
 0.4987939539518154 0.1935119765782515 0.1417396351263897E-01
 0.4987783141408180 0.1946043209347417 0.1445973355033973E-01
 0.4987622647447287 0.1957032002673864 0.1474888690446410E-01
 0.4987424327573574 0.1970319401593892 0.1509994059811642E-01
 0.4987238347754795 0.1982504683332310 0.1542330927280728E-01
 0.4987057843562113 0.1994090884747144 0.1573317460136238E-01
 0.4986888586039344 0.2004750421595987 0.1602189307908090E-01
 0.4986712875257401 0.2015615151715101 0.1632149470984526E-01
 0.4986529053371363 0.2026769578707792 0.1663630317834219E-01
 0.4986363195725702 0.2036653653555418 0.1692226463935430E-01
 0.4986189949901910 0.2046800614208948 0.1722294228511820E-01
 0.4985994267118609 0.2058050157181892 0.1756437438630920E-01
 0.4985817610488962 0.2068019334105416 0.1787344488054930E-01
 0.4985625627805068 0.2078659691835408 0.1820939193337385E-01
 0.4985425372736431 0.2089551474712901 0.1855919038862607E-01
 0.4985226652627310 0.2100158961407638 0.1890516559824061E-01
 0.4984997378103388 0.2112159321398941 0.1930247914275456E-01
 0.4984786788987343 0.2122966505977887 0.1966545790715195E-01
 0.4984547888611744 0.2134988272668088 0.2007495686174317E-01
 0.4984334105266130 0.2145540493264082 0.2043940000717916E-01
 0.4984092650913065 0.2157235163280340 0.2084874196315837E-01
 0.4983873931325417 0.2167632644960439 0.2121744797161476E-01
 0.4983628964762235 0.2179066007156166 0.2162809824940787E-01
 0.4983400363939772 0.2189541840349002 0.2200921853920403E-01
 0.4983165712002478 0.2200108392261340 0.2239836914437334E-01
 0.4982920131849459 0.2210972696326994 0.2280338546576188E-01
 0.4982685915571067 0.2221156395060466 0.2318750088663760E-01
 0.4982414475926188 0.2232750134249444 0.2363010438732190E-01
 0.4982172839430903 0.2242890086624755 0.2402188770808017E-01
 0.4981898789967713 0.2254192445279504 0.2446371446006627E-01
 0.4981646791514139 0.2264407091805963 0.2486761295660114E-01
 0.4981388185817373 0.2274718910895295 0.2527975973293444E-01
 0.4981116537964066 0.2285371716350723 0.2571023858130289E-01
 0.4980859256960234 0.2295298282589984 0.2611571496732160E-01
 0.4980559064566965 0.2306687952692145 0.2658608800850455E-01
 0.4980293059857522 0.2316613750530673 0.2700042439753855E-01
 0.4980003373823186 0.2327251817728691 0.2744906817914418E-01
 0.4979724183560062 0.2337341545488022 0.2787902413172140E-01
 0.4979447103031742 0.2347202665683572 0.2830344770457583E-01
 0.4979126467761442 0.2358431388857223 0.2879175837123902E-01
 0.4978843991525874 0.2368167447906420 0.2921944197651392E-01
 0.4978515006823431 0.2379328876691470 0.2971466227957834E-01
 0.4978221065643842 0.2389145487438115 0.3015463184760050E-01
 0.4977919827268812 0.2399058594619358 0.3060314807364122E-01
 0.4977600803505451 0.2409400144152572 0.3107552516210838E-01
 0.4977302300138433 0.2418935407424986 0.3151508271608123E-01
 0.4976949173387712 0.2430045661017640 0.3203212677522606E-01
 0.4976638203315879 0.2439682353446803 0.3248491259782797E-01
 0.4976314949454325 0.2449558625950584 0.3295312712672380E-01
 0.4975980829056448 0.2459620789716728 0.3343443473738674E-01
 0.4975664321080040 0.2469020089514234 0.3388788371435874E-01
 0.4975287036974220 0.2480061648075885 0.3442532193439297E-01
 0.4974957624869449 0.2489562407049583 0.3489193103789537E-01
 0.4974615310307515 0.2499301854628806 0.3537426615168458E-01
 0.4974260839865637 0.2509248453067406 0.3587097389006785E-01
 0.4973926334006597 0.2518509553355800 0.3633712579240306E-01
 0.4973525232711881 0.2529459346618571 0.3689285605866672E-01
 0.4973175822716061 0.2538864654081091 0.3737420990623602E-01
 0.4972817787165389 0.2548377522777160 0.3786484452181676E-01
 0.4972435988506254 0.2558387153715180 0.3838513225304303E-01
 0.4972082660899024 0.2567530421317405 0.3886393579557711E-01
 0.4971673233331379 0.2577985831914682 0.3941560094673949E-01
 0.4971302378267400 0.2587330905608480 0.3991247670421141E-01
 0.4970931446475998 0.2596562433160576 0.4040685156976753E-01
 0.4970501828669369 0.2607114620934273 0.4097619355595233E-01
 0.4970126523828184 0.2616213683764000 0.4147069344336672E-01
 0.4969715231971834 0.2626061664480264 0.4200959594660252E-01
 0.4969319519847310 0.2635418263742463 0.4252522162351360E-01
 0.4968934333355756 0.2644417799651780 0.4302452219082147E-01
 0.4968464023756980 0.2655265835469519 0.4363069960230181E-01
 0.4968065062075420 0.2664350854213700 0.4414191894412039E-01
 0.4967650217207083 0.2673686807246932 0.4467060990767617E-01
 0.4967219508121196 0.2683263749858076 0.4521652291321107E-01
 0.4966816516239951 0.2692120386166356 0.4572464433514441E-01
 0.4966352331810879 0.2702200858124670 0.4630678474822224E-01
 0.4965928180457232 0.2711301898175972 0.4683577610931770E-01
 0.4965508878829205 0.2720198512411489 0.4735597440236979E-01
 0.4964992252116597 0.2731026900534163 0.4799328498791257E-01
 0.4964562030427673 0.2739935212765123 0.4852107348259491E-01
 0.4964107474732005 0.2749242827737201 0.4907588924883520E-01
 0.4963648707029861 0.2758530707901857 0.4963290287560156E-01
 0.4963214326081953 0.2767229382945885 0.5015758472411937E-01
 0.4962707715510111 0.2777260388196376 0.5076624712850801E-01
 0.4962250726455121 0.2786206324015377 0.5131240268431789E-01
 0.4961798889739553 0.2794958330661260 0.5184979923757158E-01
 0.4961238134219710 0.2805694906044599 0.5251317586263939E-01
 0.4960774406731154 0.2814471836396011 0.5305878132963422E-01
 0.4960288670943949 0.2823569121079696 0.5362742503415785E-01
 0.4959790659045222 0.2832796775582576 0.5420751542893129E-01
 0.4959324084030376 0.2841352812560096 0.5474839850242126E-01
 0.4958797740381676 0.2850904048109013 0.5535560415947728E-01
 0.4958303312534081 0.2859781213148153 0.5592310677624784E-01
 0.4957822968441685 0.2868319685935469 0.5647176084776816E-01
 0.4957222192348648 0.2878882986612901 0.5715433262114503E-01
 0.4956721322572316 0.2887593708217278 0.5772041559485368E-01
 0.4956216112640840 0.2896293803525072 0.5828872779321925E-01
 0.4955646200365547 0.2906006909593160 0.5892659665163533E-01
 0.4955142881175135 0.2914498037617770 0.5948706645620213E-01
 0.4954608099189272 0.2923432745641413 0.6007965895633963E-01
 0.4954061653496318 0.2932471755770674 0.6068217895197956E-01
 0.4953550280833979 0.2940849668461570 0.6124338197178612E-01
 0.4952981161823708 0.2950083848303740 0.6186500288550271E-01
 0.4952435695117441 0.2958847578143531 0.6245785797064427E-01
 0.4951911557611494 0.2967190582797049 0.6302482441391892E-01
 0.4951290057116593 0.2976986644504879 0.6369374396661480E-01
 0.4950739431220887 0.2985579990474582 0.6428344374503114E-01
 0.4950197876417995 0.2993955178264159 0.6486081764107933E-01
 0.4949512655138986 0.3004445952092601 0.6558766627260063E-01
 0.4948953431729672 0.3012921859325103 0.6617777653029877E-01
 0.4948384366925637 0.3021469649886822 0.6677543604080818E-01
 0.4947757515299362 0.3030797293402084 0.6743056678545808E-01
 0.4947196736695345 0.3039065225121541 0.6801388372551903E-01
 0.4946603087151840 0.3047740820880498 0.6862860753997348E-01
 0.4945987042750286 0.3056661854580360 0.6926348233422269E-01
 0.4945416961617634 0.3064844675139751 0.6984821158283085E-01
 0.4944798702647191 0.3073641890706805 0.7047937068343980E-01
 0.4944180861201419 0.3082354741257544 0.7110709497744305E-01
 0.4943599264387744 0.3090486391053949 0.7169533661186325E-01
 0.4942954999852793 0.3099416622456267 0.7234399374462748E-01
 0.4942331284315408 0.3107985979727720 0.7296897011047003E-01
 0.4941737140440747 0.3116080973059903 0.7356156111842443E-01
 0.4941063826087668 0.3125176090130110 0.7422991394556321E-01
 0.4940432300989763 0.3133632502375613 0.7485379650635471E-01
 0.4939824643799455 0.3141702935232739 0.7545145798328508E-01
 0.4939115206849292 0.3151044517272814 0.7614598770019794E-01
 0.4938474612407696 0.3159406583069183 0.7677011032104240E-01
 0.4937852022268194 0.3167468629294927 0.7737395142528501E-01
 0.4937084491820939 0.3177321256482074 0.7811473212350424E-01
 0.4936433335446250 0.3185606905682175 0.7874016644254377E-01
 0.4935792099303176 0.3193702128361219 0.7935344218055128E-01
 0.4934966170287091 0.3204037133636194 0.8013953825004759E-01
 0.4934304724369220 0.3212240950636711 0.8076595939874930E-01
 0.4933638078918299 0.3220444989887508 0.8139450035984584E-01
 0.4932874277362422 0.3229767000943205 0.8211126901611451E-01
 0.4932210920912525 0.3237797165124505 0.8273094940814839E-01
 0.4931525698486451 0.3246028961428519 0.8336834705158228E-01
 0.4930769606994497 0.3255039239689658 0.8406845421428052E-01
 0.4930096472456892 0.3262997856985880 0.8468886993518060E-01
 0.4929395449501592 0.3271224309572114 0.8533210938891979E-01
 0.4928631378510916 0.3280120119463346 0.8602992868065666E-01
 0.4927946186907556 0.3288036243369719 0.8665289854947417E-01
 0.4927230909633950 0.3296239294068452 0.8730044463950971E-01
 0.4926453309703906 0.3305088147128461 0.8800119049652542E-01
 0.4925755156779670 0.3312972915958559 0.8862746045809904E-01
 0.4925026637550084 0.3321141272738987 0.8927808208344386E-01
 0.4924232530170820 0.3329977288236498 0.8998401263501443E-01
 0.4923520909715267 0.3337836589613120 0.9061382598573381E-01
 0.4922779928410976 0.3345962121709973 0.9126688908444996E-01
 0.4921966595068773 0.3354814173388089 0.9198051057599713E-01
 0.4921241095441923 0.3362652310878498 0.9261421146777615E-01
 0.4920488263659044 0.3370729040379001 0.9326895425314791E-01
 0.4919653345034591 0.3379620161110876 0.9399180373526557E-01
 0.4918913579132651 0.3387440831257882 0.9462948674554258E-01
 0.4918149183085719 0.3395466501336690 0.9528571332826070E-01
 0.4917290161621772 0.3404419731119633 0.9601991286043496E-01
 0.4916535701956476 0.3412226645270425 0.9666186626785095E-01
 0.4915759729544836 0.3420202044825609 0.9731931930687265E-01
 0.4914874672262325 0.3429232839817021 0.9806580217852749E-01
 0.4914105156654765 0.3437028760172764 0.9871199070674622E-01
 0.4913317290675945 0.3444957655501871 0.9937090854865828E-01
 0.4912404620614326 0.3454076800671593 0.1001308104999677
 0.4911619766622531 0.3461863418399300 0.1007813437029588
 0.4910819526410507 0.3469750865229449 0.1014418219673953
 0.4909879360650132 0.3478951824672964 0.1022142442878476
 0.4909079134644313 0.3486728385536391 0.1028687785907337
 0.4908266046238638 0.3494579171566625 0.1035311518807397
 0.4907298646769169 0.3503854422249265 0.1043157155267848
 0.4906483080317649 0.3511619616505619 0.1049741422419630
 0.4905656831108812 0.3519436754629743 0.1056383947763166
 0.4904663088360931 0.3528773365645162 0.1064336540657897
 0.4903832292105428 0.3536525355335253 0.1070955604320235
 0.4902992685906439 0.3544310749566266 0.1077618232111643
 0.4901972412859689 0.3553706525401217 0.1085678575773308
 0.4901126367191848 0.3561444772947073 0.1092332266653557
 0.4900273271617594 0.3569199640652133 0.1099013625441047
 0.4899226501373782 0.3578650535433623 0.1107174519076724
 0.4898365205483854 0.3586374444009073 0.1113859589632857
 0.4897498460842128 0.3594100264551740 0.1120560419660035
 0.4896424788935038 0.3603606354295142 0.1128824102442541
 0.4895548157862437 0.3611316092920575 0.1135540550567801
 0.4894667599628356 0.3619014297871102 0.1142259219138952
 0.4893567991760974 0.3628563794377987 0.1150610766770097
 0.4892676081520613 0.3636258437264565 0.1157354456744224
 0.4891781597923100 0.3643930069192873 0.1164090914321366
 0.4890661489524799 0.3653474010800168 0.1172488917702844
 0.4889754644740467 0.3661150537975484 0.1179256939077013
 0.4888846809801531 0.3668791125158416 0.1186004447846512
 0.4887703559412897 0.3678350996575862 0.1194462750860597
 0.4886781263062971 0.3686013680066378 0.1201255732948495
 0.4885860225396795 0.3693622452950795 0.1208012868765331
 0.4884691353289218 0.3703217104526367 0.1216550093986736
 0.4883753137241231 0.3710869461738541 0.1223371464715591
 0.4882818874929047 0.3718446951698050 0.1230136422805072
 0.4881623398241938 0.3728082046743799 0.1238753363389531
 0.4880669065987387 0.3735725233883651 0.1245601424241715
 0.4879721440837549 0.3743272887875942 0.1252375107934492
 0.4878498198261397 0.3752955154284724 0.1261080426161807
 0.4877527579878027 0.3760589996975618 0.1267956749792812
 0.4876566473172682 0.3768108975192023 0.1274738433385067
 0.4875314935891841 0.3777839818818592 0.1283529571966236
 0.4874327956906940 0.3785466386235025 0.1290431655531527
 0.4873353156411322 0.3792958543627272 0.1297222716025838
 0.4872072638962175 0.3802740475083315 0.1306104711382916
 0.4871069146634925 0.3810359390323471 0.1313033997507496
 0.4870080464284580 0.3817826266351427 0.1319834087955288
 0.4868771143357921 0.3827655176248544 0.1328799109824314
 0.4867751141896874 0.3835265913676426 0.1335752291246012
 0.4866748302702474 0.3842709681488780 0.1342562873683770
 0.4865410191487874 0.3852582902294253 0.1351611027821898
 0.4864373655874392 0.3860185174081550 0.1358588687381986
 0.4863356528839126 0.3867606842208377 0.1365409014366434
 0.4861989965806705 0.3877519496451322 0.1374531611722661
 0.4860936947030667 0.3885112543749402 0.1381530227270657
 0.4859905414109414 0.3892513050403636 0.1388360725133419
 0.4858509854029101 0.3902466832425807 0.1397562045805300
 0.4857440299225442 0.3910050649401517 0.1404582725601953
 0.4856394287277507 0.3917430542831667 0.1411422544325185
 0.4854974126050959 0.3927392493984169 0.1420667972519389
 0.4853888347748220 0.3934964730008115 0.1427705783630462
 0.4852828126472589 0.3942322371103472 0.1434552969293483
 0.4851411802244207 0.3952096029284712 0.1443661657180048
 0.4850311144674378 0.3959648366660046 0.1450709606066783
 0.4849239067684370 0.3966968971035369 0.1457548597947510
 0.4847882140596169 0.3976184966183988 0.1466168501394607
 0.4846767211658484 0.3983716394407418 0.1473221752944422
 0.4845688041268571 0.3990971570073443 0.1480024288007306
 0.4844425780360989 0.3999414916577556 0.1487950597407181
 0.4843288118644277 0.4006985866109574 0.1495066179290486
 0.4842202770659442 0.4014174724651881 0.1501829249119356
 0.4841015890555042 0.4021998634368287 0.1509196829097600
 0.4839825928234436 0.4029804102181886 0.1516554722388097
 0.4838725004863086 0.4036991415012662 0.1523337177238430
 0.4837578535404822 0.4044441669970923 0.1530375335918823
 0.4836257875185098 0.4052980958667934 0.1538451385634463
 0.4835123626449597 0.4060278719260073 0.1545360304540607
 0.4833986581917352 0.4067561329586415 0.1552260932384902
 0.4832471239176812 0.4077216022283066 0.1561418732466149
 0.4831295924122965 0.4084664828077882 0.1568492214287752
 0.4830148424414916 0.4091904531320155 0.1575374263046423
 0.4828692376550272 0.4101044841687647 0.1584072884296158
 0.4827499522396045 0.4108495076630347 0.1591170578082310
 0.4826347001741664 0.4115661420430586 0.1598003616495906
 0.4825014378332365 0.4123908956478382 0.1605874523226185
 0.4823794578495206 0.4131422328661763 0.1613051705997968
 0.4822636415098881 0.4138524687917258 0.1619842771190516
 0.4821387604703588 0.4146149118223153 0.1627140137716331
 0.4820094695004972 0.4154006274371738 0.1634667453402874
 0.4818915844430279 0.4161138301363897 0.1641505747456548
 0.4817705554262477 0.4168429189370396 0.1648501516059169
 0.4816204190199257 0.4177429957980308 0.1657145290537292
 0.4814980415880789 0.4184731322137844 0.1664163553532106
 0.4813771712630429 0.4191912094069974 0.1671071927801630
 0.4812219522962884 0.4201089335615242 0.1679909515483558
 0.4810963013382246 0.4208482490390139 0.1687035298392768
 0.4809749409640424 0.4215593090444879 0.1693893487593191
 0.4808346881800070 0.4223774215357795 0.1701789903990888
 0.4807062001633270 0.4231235249564089 0.1708997081424523
 0.4805843621890870 0.4238280600214908 0.1715808296079979
 0.4804535759670689 0.4245811768145918 0.1723095347122792
 0.4803164737111658 0.4253671898691512 0.1730707114284273
 0.4801922842373211 0.4260761402896941 0.1737577657345462
 0.4800655407575767 0.4267967323327756 0.1744565586767280
 0.4799043352654893 0.4277090200693241 0.1753419319221795
 0.4797750678356160 0.4284371806835057 0.1760492200301391
 0.4796483487038969 0.4291480981966916 0.1767403246284692
 0.4794927128999568 0.4300173764123190 0.1775861255371957
 0.4793605134945231 0.4307524454980233 0.1783019268848285
 0.4792336895838177 0.4314548022711090 0.1789863219949479
 0.4790927757861773 0.4322319842557230 0.1797441264455696
 0.4789554530990111 0.4329861511343454 0.1804800274457231
 0.4788274917221753 0.4336860874060877 0.1811635335508686
 0.4786939830544115 0.4344134996831446 0.1818744238130003
 0.4785402720908515 0.4352473976284152 0.1826900358073175
 0.4784082655074114 0.4359605192398514 0.1833880072716091
 0.4782768164325172 0.4366678805529193 0.1840807357973853
 0.4781111258153826 0.4375556423657621 0.1849506881446727
 0.4779742530625761 0.4382857887579947 0.1856666974578566
 0.4778426537998463 0.4389850959883913 0.1863529369040826
 0.4776947476511816 0.4397679227628202 0.1871216814510099
 0.4775533873144198 0.4405130385961566 0.1878538769942575
 0.4774209696207208 0.4412083292644589 0.1885374771732939
 0.4772820711030641 0.4419348847414647 0.1892521626924692
 0.4771253380525374 0.4427513686137728 0.1900557531795767
 0.4769890094382009 0.4434586916393936 0.1907523412030277
 0.4768528798769865 0.4441623499565527 0.1914457577413923
 0.4766812846016861 0.4450456262092791 0.1923167831714122
 0.4765395134959499 0.4457723016161645 0.1930338270221972
 0.4764033198003059 0.4464677914175065 0.1937204274278180
 0.4762509030405828 0.4472431402778267 0.1944862362948102
 0.4761041422793369 0.4479867683247187 0.1952211232599673
 0.4759670361627441 0.4486788908872446 0.1959055216815399
 0.4758238738097802 0.4493989470972273 0.1966179888551759
 0.4756593756402592 0.4502230218244930 0.1974339081169564
 0.4755178605324045 0.4509291721381176 0.1981334606895465
 0.4753773111799527 0.4516279783666431 0.1988260489986189
 0.4752056283418723 0.4524782015286971 0.1996691251736310
 0.4750587115629317 0.4532028583569577 0.2003881001989400
 0.4749182612594175 0.4538931306269078 0.2010733542454398
 0.4747645348049409 0.4546458904397128 0.2018210857737680
 0.4746101109994370 0.4553991895149294 0.2025697700336705
 0.4744679707943157 0.4560900464846789 0.2032566998543906
 0.4743219050234464 0.4567974908887165 0.2039603857643922
 0.4741393274175041 0.4576782595173164 0.2048368577101852
 0.4739911938697237 0.4583900285271212 0.2055455140189717
 0.4738462701630894 0.4590839393641273 0.2062367355239307
 0.4736749212341625 0.4599013014624886 0.2070513565585357
 0.4735225188283937 0.4606255140311479 0.2077734696362747
 0.4733777392489907 0.4613111110643093 0.2084573087503261
 0.4732223620626297 0.4620443254181466 0.2091888676686417
 0.4730591272555905 0.4628117853573657 0.2099548739457404
 0.4729116007028859 0.4635029186479544 0.2106449955181403
 0.4727622458219896 0.4642002485876368 0.2113416265436917
 0.4725595122033087 0.4651430277190726 0.2122839603667201
 0.4724045038387836 0.4658609681899978 0.2130018888720509
 0.4722549715957346 0.4665511888635319 0.2136923213475098
 0.4720811337337369 0.4673507211242533 0.2144923746169846
 0.4719232234758481 0.4680743404305358 0.2152167697797030
 0.4717738481554942 0.4687565432221729 0.2159000207434994
 0.4716151939164396 0.4694786916163355 0.2166236356311088
 0.4714438070481370 0.4702560077762036 0.2174029099005393
 0.4712909065881511 0.4709470598811160 0.2180959773667487
 0.4711375082966171 0.4716380907659950 0.2187892409031201
 0.4709464739868839 0.4724955158243928 0.2196497397859597
 0.4707865038743412 0.4732108538808798 0.2203679460899584
 0.4706334869776503 0.4738928521756862 0.2210529781322926
 0.4704656281697957 0.4746384972869308 0.2218022794894084
 0.4702981133317640 0.4753800273786773 0.2225477514387724
 0.4701434927709747 0.4760622069058357 0.2232337660972598
 0.4699849643573844 0.4767593841754330 0.2239350293626722
 0.4697835339422402 0.4776419916526063 0.2248230582377140
 0.4696217990054292 0.4783480632052304 0.2255337145281936
 0.4694645565557669 0.4790323218241223 0.2262226626215960
 0.4692830783538464 0.4798193733149245 0.2270154015694954
 0.4691165170161111 0.4805392359056801 0.2277406882767501
 0.4689593273955880 0.4812164241441171 0.2284231161621172
 0.4687936130698946 0.4819280760214603 0.2291403882844164
 0.4686102809088671 0.4827127074878756 0.2299313726463446
 0.4684487442755501 0.4834017469142716 0.2306261754947116
 0.4682879523275905 0.4840854796817550 0.2313158346233080
 0.4680960984272380 0.4848985414205351 0.2321362083545861
 0.4679273920211374 0.4856110517391066 0.2328553139564341
 0.4677669896186104 0.4862863811286549 0.2335370069356034
 0.4675953681652938 0.4870066879582142 0.2342642026388079
 0.4674142333620654 0.4877644148693087 0.2350293198759967
 0.4672506198611461 0.4884466522603264 0.2357183898183422
 0.4670860006237445 0.4891310000929234 0.2364097982253871
 0.4668811459088269 0.4899797214656504 0.2372675565766866
 0.4667097959108426 0.4906871914406398 0.2379827441587404
 0.4665458713622793 0.4913619421481453 0.2386649620046489
 0.4663671989284315 0.4920951231358900 0.2394063564270360
 0.4661870616615763 0.4928319338178530 0.2401515545057512
 0.4660211501565161 0.4935084606945250 0.2408359457030549
 0.4658522119404551 0.4941952813334939 0.2415309371136402
 0.4656262404275565 0.4951107705837960 0.2424575812641040
 0.4654518292830981 0.4958148894270368 0.2431704155076883
 0.4652835918592522 0.4964920550480713 0.2438560190557343
 0.4650923848047104 0.4972592768953808 0.2446328512790899
 0.4649137568371766 0.4979737403736706 0.2453563437873789
 0.4647454904210424 0.4986447595229170 0.2460359550870876
 0.4645700929115923 0.4993421673027768 0.2467424283188045
 0.4643656547488582 0.5001524286406684 0.2475633657853516
 0.4641916793867522 0.5008397562599974 0.2482598127174342
 0.4640202677669507 0.5015149953462024 0.2489440216505871
 0.4638231281467302 0.5022891999282171 0.2497285163569117
 0.4636419074225595 0.5029986573836502 0.2504474473492057
 0.4634707058323845 0.5036669451677531 0.2511247441463371
 0.4632913245298049 0.5043651509344569 0.2518324738933239
 0.4630867440364766 0.5051589482381812 0.2526372125174339
 0.4629102794683100 0.5058415381100831 0.2533292538002193
 0.4627357024820544 0.5065149161369874 0.2540119523239152
 0.4625346389643619 0.5072881235163301 0.2547958520782655
 0.4623502868879787 0.5079948882146466 0.2555124203353944
 0.4621761326395280 0.5086606595141759 0.2561874992001999
 0.4619935148315564 0.5093568221492849 0.2568934923324517
 0.4617847602238712 0.5101501795504417 0.2576981482630211
 0.4616051277128212 0.5108307926782609 0.2583884794354248
 0.4614275185176812 0.5115018749005067 0.2590691205622828
 0.4612237757867357 0.5122694361485962 0.2598475749534909
 0.4610358770912822 0.5129751813298784 0.2605633306573912
 0.4608587032984567 0.5136387900754898 0.2612363882852665
 0.4606733441716141 0.5143311464461895 0.2619386580506129
 0.4604572913744396 0.5151357047271828 0.2627547741213840
 0.4602739537575193 0.5158163875596903 0.2634452053100592
 0.4600934060340259 0.5164848905323938 0.2641232052288511
 0.4598875822853783 0.5172447944877746 0.2648937958496804
 0.4596958966875546 0.5179504220547528 0.2656092730569986
 0.4595156754049392 0.5186120344276967 0.2662800974360087
 0.4593277642383443 0.5193000206002136 0.2669776605324856
 0.4591020792451039 0.5201238209179945 0.2678128986034199
 0.4589148183547300 0.5208053236269333 0.2685037824028023
 0.4587313346134886 0.5214712994783174 0.2691788094957264
 0.4585230900153275 0.5222250297735782 0.2699426347222214
 0.4583277545877680 0.5229300058421725 0.2706569437333725
 0.4581445284420351 0.5235895069361776 0.2713251249865582
 0.4579540845044690 0.5242731836715786 0.2720177730970740
 0.4577194900132715 0.5251128499305671 0.2728683963811090
 0.4575284867993749 0.5257944662865440 0.2735588015048381
 0.4573420851200154 0.5264579219060431 0.2742306750861902
 0.4571311984842422 0.5272064709151396 0.2749885487611832
 0.4569322162849327 0.5279107799190169 0.2757014975334107
 0.4567459353496314 0.5285683992504662 0.2763671120954568
 0.4565528831420238 0.5292481680872773 0.2770550994359926
 0.4563111489302416 0.5300968560461010 0.2779139623342726
 0.4561164223172839 0.5307785045406669 0.2786036592230307
 0.4559270600437681 0.5314396741994533 0.2792724838099945
 0.4557138348097343 0.5321821711301289 0.2800233848495072
 0.4555108947218643 0.5328869087545157 0.2807359390324722
 0.4553214706984664 0.5335430123174125 0.2813992191011501
 0.4551259713479212 0.5342184527517462 0.2820819670756592
 0.4548747882117937 0.5350837544574117 0.2829564801077770
 0.4546760282915262 0.5357664682558462 0.2836462771601342
 0.4544836754244227 0.5364255101140598 0.2843119481034158
 0.4542679910296177 0.5371625585280029 0.2850561460436520
 0.4540611328990046 0.5378675412342695 0.2857677296238518
 0.4538686021295349 0.5385220333347331 0.2864281807691307
 0.4536705880067670 0.5391935062224610 0.2871056222196230
 0.4534094175646066 0.5400765916306122 0.2879963123683776
 0.4532067547662826 0.5407598627115607 0.2886852215183353
 0.4530114274718181 0.5414167743725731 0.2893473075995565
 0.4527927968774212 0.5421501771933629 0.2900861935265538
 0.4525822957397024 0.5428544464698343 0.2907954725288464
 0.4523866878088865 0.5435072618534228 0.2914527579748790
 0.4521858690526881 0.5441758499175117 0.2921257853821425
 0.4519165337082520 0.5450699979533077 0.2930256450596958
 0.4517102137279840 0.5457529827390957 0.2937127716342307
 0.4515118414302390 0.5464080652868748 0.2943716061837907
 0.4512899443152652 0.5471389969171856 0.2951064596260924
 0.4510758333860362 0.5478424558867427 0.2958134606098798
 0.4508771210099856 0.5484937313146303 0.2964678548375600
 0.4506734719972184 0.5491596077031824 0.2971367859242272
 0.4503998740082448 0.5500517015960509 0.2980327361663525
 0.4501899751014185 0.5507341730736578 0.2987179125300368
 0.4499886742005849 0.5513871308830335 0.2993732052865720
 0.4497647418993172 0.5521117189030416 0.3001000717320816
 0.4495462346003533 0.5528169601200960 0.3008072346003132
 0.4493442860226758 0.5534671942071486 0.3014590186277743
 0.4491382254555543 0.5541291311386319 0.3021223389897161
 0.4488748999400087 0.5549727799848158 0.3029674512288529
 0.4486619129433028 0.5556533262928036 0.3036488818058719
 0.4484584562808303 0.5563019067517063 0.3042980129985959
 0.4482375093818398 0.5570045790197887 0.3050009434662044
 0.4480101888489776 0.5577257264188135 0.3057220169273165
 0.4478040656344052 0.5583780655633849 0.3063740405743652
 0.4475967448793127 0.5590327062515065 0.3070281638624542
 0.4473510975452732 0.5598064492891943 0.3078010415166774
 0.4471334143984834 0.5604903838704220 0.3084839469339615
 0.4469277351150650 0.5611351238858107 0.3091274479772014
 0.4467117613386763 0.5618105969370113 0.3098013208677686
 0.4464598236306193 0.5625965744941798 0.3105850661756479
 0.4462467234315607 0.5632597410834999 0.3112460850458290
 0.4460379052569841 0.5639081268469103 0.3118921741555027
 0.4458031869464009 0.5646352254115371 0.3126164723087810
 0.4455775278901851 0.5653325682703455 0.3133108699490155
 0.4453681734404781 0.5659780525414924 0.3139533522266698
 0.4451539461277990 0.5666371029029068 0.3146090284887060
 0.4448740735989481 0.5674958991396181 0.3154629584775677
 0.4446530064487473 0.5681724963900620 0.3161353873067106
 0.4444417461760353 0.5688176433891217 0.3167763223523020
 0.4442112691622246 0.5695198852237858 0.3174737268214453
 0.4439766128664127 0.5702331687585114 0.3181817977557033
 0.4437630427453410 0.5708808828156120 0.3188244715465450
 0.4435479512768087 0.5715318007437655 0.3194699968864625
 0.4432924238979603 0.5723032610405240 0.3202346411073658
 0.4430665421290150 0.5729835787057560 0.3209086066220346
 0.4428532642294945 0.5736245329301793 0.3215433309168812
 0.4426296358650930 0.5742951391763973 0.3222071931506190
 0.4423661326485137 0.5750834233677451 0.3229872455637785
 0.4421449129566115 0.5757436403823312 0.3236402769793964
 0.4419287274341463 0.5763874549380349 0.3242767964326512
 0.4416873090754002 0.5771048149699894 0.3249856883454219
 0.4414523862967494 0.5778012644011361 0.3256736086195355
 0.4412352758279033 0.5784435055574069 0.3263077626234303
 0.4410141360156717 0.5790962902337552 0.3269521420042466
 0.4407372722784235 0.5799116225999682 0.3277567115727244
 0.4405078901490931 0.5805855006155056 0.3284214302933532
 0.4402896760079449 0.5812252106981146 0.3290521812498069
 0.4400563120007993 0.5819078771754712 0.3297249819935250
 0.4398047127565668 0.5826422124436129 0.3304483712216160
 0.4395817330208098 0.5832915734253979 0.3310878052489724
 0.4393604690306892 0.5839346056401760 0.3317208116500160
 0.4391087835836577 0.5846644448987265 0.3324390424893930
 0.4388712338978932 0.5853517380929768 0.3331151502883652
 0.4386500301420360 0.5859903891652001 0.3337431462912019
 0.4384230595504223 0.5866443461634485 0.3343859072246870
 0.4381193722804776 0.5875172279636635 0.3352434130409653
 0.4378853994723029 0.5881880917875928 0.3359021797110113
 0.4376618078054224 0.5888278659161704 0.3365302407676333
 0.4374167163093044 0.5895276809687461 0.3372170701394098
 0.4371699130112509 0.5902308318165844 0.3379069767572427
 0.4369445422360411 0.5908715688039897 0.3385354409664801
 0.4367174053738104 0.5915160290676504 0.3391673372792945
 0.4364476268251126 0.5922797954594509 0.3399159353227085
 0.4362085261875567 0.5929551930571085 0.3405777100743710
 0.4359832476945053 0.5935902504924108 0.3411998243403146
 0.4357481237833819 0.5942517286579291 0.3418477082875450
 0.4354595704758087 0.5950616709671896 0.3426408329398969
 0.4352244085918654 0.5957202504902621 0.3432855508569544
 0.4349961284850590 0.5963582786428371 0.3439099487128286
 0.4347431709837583 0.5970638160671901 0.3446001671673327
 0.4344935082944016 0.5977586654579392 0.3452796994717155
 0.4342640361416475 0.5983960166846792 0.3459028393514037
 0.4340317929200368 0.5990397992944079 0.3465321396077427
 0.4337517586692203 0.5998143771328073 0.3472891244369175
 0.4335085017698405 0.6004857446634055 0.3479450613576243
 0.4332787802393558 0.6011184970665033 0.3485630802913152
 0.4330379028278018 0.6017806720530814 0.3492096237503058
 0.4327522230966074 0.6025642873424707 0.3499744882232574
 0.4325135938767273 0.6032174204430835 0.3506118390304815
 0.4322810122926954 0.6038527616942948 0.3512317423934794
 0.4320233739461649 0.6045551301211760 0.3519169708423696
 0.4317686531373590 0.6052480857283746 0.3525929275492381
 0.4315347050645827 0.6058832593493003 0.3532124116929417
 0.4312981603393021 0.6065242528149848 0.3538374451407323
 0.4310142035943907 0.6072921002016188 0.3545860141764213
 0.4307658636450964 0.6079621922167098 0.3552391816491322
 0.4305317090652493 0.6085927810631953 0.3558538025494773
 0.4302870649348912 0.6092503534760357 0.3564947065149418
 0.4299876207222254 0.6100534718115486 0.3572774296707420
 0.4297432010252434 0.6107075934551269 0.3579148665702993
 0.4295060743645133 0.6113409852467008 0.3585320023973957
 0.4292443632158797 0.6120386669147907 0.3592116527001244
 0.4289838111726941 0.6127318303553297 0.3598867984361609
 0.4287451529032179 0.6133655048932494 0.3605039552283507
 0.4285044793241407 0.6140033327821520 0.3611251472508614
 0.4282192057639724 0.6147578094965289 0.3618599436676556
 0.4279655362456373 0.6154272978387799 0.3625119424866317
 0.4277270673848977 0.6160554701640878 0.3631236515186358
 0.4274793882633551 0.6167066812691469 0.3637577276057178
 0.4271656970027088 0.6175296769061572 0.3645589997598764
 0.4269153392288034 0.6181850940644702 0.3651971198757595
 0.4266739882195744 0.6188157474361866 0.3658111816981671
 0.4264093369358219 0.6195059546964597 0.3664833130472574
 0.4261421569338945 0.6202013529303340 0.3671605724935834
 0.4258986386749294 0.6208339437271762 0.3677766929508101
 0.4256540133584875 0.6214682428462678 0.3683944792596827
 0.4253690730196457 0.6222056089769264 0.3691126502493678
 0.4251094573048012 0.6228760727413427 0.3697656938304379
 0.4248664228769288 0.6235025395055832 0.3703759521532632
 0.4246159631606681 0.6241469629750623 0.3710037967999841
 0.4242771787661040 0.6250167417042195 0.3718513394539537
 0.4240196269636475 0.6256765134876413 0.3724943078777564
 0.4237737165082138 0.6263052978101897 0.3731070929538543
 0.4235051705083785 0.6269906662391469 0.3737750304154839
 0.4232319750554224 0.6276865215602966 0.3744532277960698
 0.4229837616572765 0.6283175453284318 0.3750683221571617
 0.4227350194167800 0.6289487731905224 0.3756837358134699
 0.4224478407215692 0.6296761276320436 0.3763930364200699
 0.4221828532423008 0.6303459406906174 0.3770463671441152
 0.4219354507796957 0.6309701518465924 0.3776553137181763
 0.4216815500543344 0.6316096074691606 0.3782792116747540
 0.4213489224410562 0.6324455838109114 0.3790949925502798
 0.4210865565796600 0.6331035779614581 0.3797372566464116
 0.4208370672204039 0.6337281420104397 0.3803470700392776
 0.4205693092783688 0.6343972119779857 0.3810005536065927
 0.4202827761535539 0.6351117967193167 0.3816987206641508
 0.4200281748731886 0.6357455377806231 0.3823180606417054
 0.4197760613285585 0.6363719709805270 0.3829303729350761
 0.4194937601542107 0.6370721011762656 0.3836148457012232
 0.4192196542614539 0.6377505875764869 0.3842783113945997
 0.4189669016875106 0.6383750728003810 0.3848891457177870
 0.4187111047655073 0.6390059655421494 0.3855064497628471
 0.4184057500210955 0.6397576259950979 0.3862421953132810
 0.4181366372785891 0.6404187616473070 0.3868895562419090
 0.4178836673095843 0.6410391239122487 0.3874971543626113
 0.4176212686087283 0.6416814719348530 0.3881264378482088
 0.4172838426647981 0.6425057930831762 0.3889342515307916
 0.4170174184676562 0.6431553206017704 0.3895710346858667
 0.4167616391062571 0.6437777906593973 0.3901815585952892
 0.4164833878031295 0.6444537240103430 0.3908448415403703
 0.4161967820998512 0.6451486235516889 0.3915270736946206
 0.4159378241943656 0.6457753346490159 0.3921426220408901
 0.4156795219871863 0.6463993723683480 0.3927557637578062
 0.4153868446224327 0.6471051523460722 0.3934494789574315
 0.4151082899722678 0.6477755938080236 0.3941087425745253
 0.4148501656261715 0.6483957512586647 0.3947188455809301
 0.4145879392290947 0.6490246743246393 0.3953378806095463
 0.4142702766089223 0.6497850908288815 0.3960867594688980
 0.4139953334165214 0.6504419565770432 0.3967339968272386
 0.4137363947408396 0.6510594968657587 0.3973427378425425
 0.4134667778790471 0.6517013856200075 0.3979757254383143
 0.4131292998692129 0.6525032348223063 0.3987668352348243
 0.4128578266639091 0.6531469716855777 0.3994023129567450
 0.4125964339481128 0.6537657274681308 0.4000134860370013
 0.4123125723548811 0.6544364781153206 0.4006764411299907
 0.4120185249676639 0.6551299937375772 0.4013623571940601
 0.4117536218746252 0.6557536410941194 0.4019795455339125
 0.4114900831128511 0.6563730172147744 0.4025928369728581
 0.4111943448412764 0.6570668167743621 0.4032802115453461
 0.4109076702405314 0.6577380938765156 0.4039456969920858
 0.4106432879312421 0.6583560772738479 0.4045587585128975
 0.4103760636367826 0.6589796411655057 0.4051777823151543
 0.4100614556955770 0.6597124105858799 0.4059057627142095
 0.4097786986433162 0.6603697416053450 0.4065592629130628
 0.4095137617335865 0.6609845740694013 0.4071708663748296
 0.4092407900933965 0.6616169725037685 0.4078002714010891
 0.4088683638866543 0.6624780192663394 0.4086577815257635
 0.4085872033209359 0.6631267212177296 0.4093042725046568
 0.4083200275579971 0.6637420940796600 0.4099179497988711
 0.4080318394355695 0.6644047071074154 0.4105791962084254
 0.4077281180733660 0.6651017409462298 0.4112752970867589
 0.4074566651050427 0.6657236005294469 0.4118967340611877
 0.4071878819202411 0.6663383075711174 0.4125113824344830
 0.4068898312162224 0.6670187484095282 0.4131921780473613
 0.4065937809698782 0.6676933770922928 0.4138676322527151
 0.4063227618998010 0.6683098820186435 0.4144853539113904
 0.4060505080027836 0.6689281570376995 0.4151053312311490
 0.4057375920856429 0.6696374923737051 0.4158172285099593
 0.4054463068153875 0.6702965676995165 0.4164792443660382
 0.4051751839928017 0.6709089642102667 0.4170948206720721
 0.4048986364316540 0.6715325666525299 0.4177220780336398
 0.4045555870067492 0.6723046643453606 0.4184992850776565
 0.4042673046520303 0.6729522504580192 0.4191516905051908
 0.4039956488775552 0.6735614485608361 0.4197659068217773
 0.4037123239381705 0.6741957454673957 0.4204059528266270
 0.4033599615265404 0.6749830830195933 0.4212011659191111
 0.4030750562762525 0.6756184654028224 0.4218434701422044
 0.4028012014795199 0.6762281751371494 0.4224602712334632
 0.4025065167616723 0.6768831388329636 0.4231233394553660
 0.4021913431362562 0.6775823591410757 0.4238318027477260
 0.4019114630071937 0.6782021736056311 0.4244603718491767
 0.4016351107599276 0.6788131579640821 0.4250805453220467
 0.4013299822604259 0.6794865933965986 0.4257647727402354
 0.4010244071244474 0.6801597884923377 0.4264494346425309
 0.4007456996779964 0.6807727270283226 0.4270733673922796
 0.4004667796526369 0.6813851187887011 0.4276972388187187
 0.4001508577872200 0.6820775302224558 0.4284032136776081
 0.3998496360458989 0.6827365200514844 0.4290757073159094
 0.3995711239937464 0.6833447863716715 0.4296969851629927
 0.3992895771849955 0.6839586675857160 0.4303245537847447
 0.3989612609642286 0.6846732426930571 0.4310557640467758
 0.3986619486949650 0.6853234933148891 0.4317217782432611
 0.3983825298325337 0.6859294986852061 0.4323429753814055
 0.3980967643699249 0.6865482464541258 0.4329777122598377
 0.3977385605757220 0.6873223857013665 0.4337725511000696
 0.3974407944416038 0.6879646824534267 0.4344326581184109
 0.3971598994252366 0.6885695706535812 0.4350548974211157
 0.3968660801509861 0.6892012378333258 0.4357053153923260
 0.3965098397805142 0.6899656628580669 0.4364932969622693
 0.3962165885065228 0.6905937467407710 0.4371414141892258
 0.3959341073721325 0.6911977608047102 0.4377652387740763
 0.3956311442765845 0.6918444810265539 0.4384337466060341
 0.3953026361714082 0.6925444616181491 0.4391579953451977
 0.3950132949051011 0.6931598962419770 0.4397953889861523
 0.3947292077796246 0.6937631656556659 0.4404207756943384
 0.3944203123163004 0.6944180076624872 0.4411002962349565
 0.3940976859209487 0.6951007295551666 0.4418094635480487
 0.3938081819434244 0.6957122948190032 0.4424452972901484
 0.3935214203727488 0.6963170773169174 0.4430745853362602
 0.3932047149438392 0.6969838713340198 0.4437689736090668
 0.3928870801405461 0.6976514243364507 0.4444647881397936
 0.3925976039921724 0.6982587571886161 0.4450984334964496
 0.3923082678958857 0.6988648077476997 0.4457313524825271
 0.3919822436239678 0.6995465262051146 0.4464440458812289
 0.3916684962451507 0.7002013970803410 0.4471294086894029
 0.3913792652051793 0.7008040774884033 0.4477607594063904
 0.3910879691095926 0.7014100766386455 0.4483961504237223
 0.3907542662434479 0.7021030872462056 0.4491234613004857
 0.3904415336160919 0.7027513800405220 0.4498045306062673
 0.3901514194031179 0.7033517778662245 0.4504359107249546
 0.3898575730339212 0.7039589146424976 0.4510750116754290
 0.3895147009392279 0.7046660982845365 0.4518202236049728
 0.3892020209378528 0.7053098416309367 0.4524992897529482
 0.3889102728847464 0.7059094890335537 0.4531324004246741
 0.3886124149199990 0.7065207006811399 0.4537782462191754
 0.3882466699422434 0.7072698496988170 0.4545705684687287
 0.3879353008261606 0.7079064373711290 0.4552445050982739
 0.3876424993823113 0.7085040738169931 0.4558778028287377
 0.3873390068257699 0.7091225224889147 0.4565337938849727
 0.3869407136402087 0.7099325998778231 0.4573940317439858
 0.3866312026735689 0.7105608926532282 0.4580619652510724
 0.3863368901638045 0.7111573530026712 0.4586966189850396
 0.3860240285538066 0.7117903611539067 0.4593707410534046
 0.3856718372166378 0.7125016616440331 0.4601289655780065
 0.3853681296091702 0.7131139552090473 0.4607822977355322
 0.3850723568047578 0.7137092874173534 0.4614181312038069
 0.3847546800445404 0.7143476516365787 0.4621005864937308
 0.3844085792631295 0.7150418923628856 0.4628435252119123
 0.3841042995347543 0.7156511794395516 0.4634961455415824
 0.3838058185974472 0.7162478901704943 0.4641357942969240
 0.3834818037357728 0.7168945693299611 0.4648295482089075
 0.3831421140756208 0.7175713322375943 0.4655561995412235
 0.3828381096521618 0.7181759612803225 0.4662059816686728
 0.3825377433130105 0.7187723947535007 0.4668475335680141
 0.3822084850586796 0.7194251060465255 0.4675502989894386
 0.3818724811732543 0.7200900157664336 0.4682669153226313
 0.3815687111858270 0.7206901215601260 0.4689142772998512
 0.3812674353472887 0.7212843494035251 0.4695558188541820
 0.3809367346367680 0.7219355277783641 0.4702594254237904
 0.3805989320471121 0.7225995208415810 0.4709775163887399
 0.3802934596732196 0.7231989507510316 0.4716263646481723
 0.3799905250242254 0.7237924529379663 0.4722693594043444
 0.3796584879035554 0.7244418912370957 0.4729735942033595
 0.3793174080419065 0.7251078436582318 0.4736963935297089
 0.3790093572656485 0.7257082895589245 0.4743486158527344
 0.3787037075015144 0.7263031040688912 0.4749951700152391
 0.3783669335013252 0.7269573949477707 0.4757068754540017
 0.3780266635096988 0.7276173178332457 0.4764252629985981
 0.3777176482915939 0.7282156182336837 0.4770770945869884
 0.3774100448172186 0.7288102368817754 0.4777254493703688
 0.3770687207683491 0.7294689359441798 0.4784443180403848
 0.3767297873004387 0.7301218766052542 0.4791575552239196
 0.3764205504203699 0.7307166161820311 0.4798077493986730
 0.3761122918305460 0.7313085355327764 0.4804553338043692
 0.3757712163350612 0.7319623816012906 0.4811712017009983
 0.3754291659152125 0.7326169523763574 0.4818884351113677
 0.3751179644223557 0.7332114965884542 0.4825404164668853
 0.3748084934219548 0.7338018006553990 0.4831882563819213
 0.3744684703377851 0.7344493113261832 0.4838994569769121
 0.3741208568201045 0.7351101221661196 0.4846258523640399
 0.3738063969322147 0.7357069063282003 0.4852823274415305
 0.3734943315924183 0.7362982085933405 0.4859331668750280
 0.3731512111880613 0.7369472799704213 0.4866480318317302
 0.3728022349976293 0.7376062788345763 0.4873743274737201
 0.3724860354863315 0.7382023853495397 0.4880317845821965
 0.3721718026199774 0.7387938479310785 0.4886846069127567
 0.3718246120889043 0.7394462630832217 0.4894052885332484
 0.3714764598642994 0.7400993489707005 0.4901273088062468
 0.3711598868531936 0.7406922122321519 0.4907832311632803
 0.3708451389651954 0.7412807312174353 0.4914347642928182
 0.3704990282075101 0.7419268303375409 0.4921504983175086
 0.3701469580813478 0.7425829163692915 0.4928777867754398
 0.3698284743095038 0.7431754290524432 0.4935350469531865
 0.3695131454983985 0.7437611537163441 0.4941852065265894
 0.3691701525923264 0.7443972304196170 0.4948917355817918
 0.3688092877999181 0.7450652912368745 0.4956342903038690
 0.3684868323868913 0.7456612438099542 0.4962970796089441
 0.3681691409229915 0.7462474704863951 0.4969493681722078
 0.3678248662714125 0.7468817216278681 0.4976554331660489
 0.3674594831153342 0.7475536945419070 0.4984039026035023
 0.3671341343093548 0.7481510337856924 0.4990696444312794
 0.3668136977305390 0.7487384303613690 0.4997247163269622
 0.3664651936044605 0.7493762407151776 0.5004364950280060
 0.3661011595788616 0.7500413229534681 0.5011792333113414
 0.3657752304028621 0.7506357950697683 0.5018435339876738
 0.3654539086940037 0.7512209480238241 0.5024977684306859
 0.3651053180177473 0.7518547356888799 0.5032067449252262
 0.3647379513204664 0.7525215114312754 0.5039530382209971
 0.3644106505985080 0.7531145769090785 0.5046172135042427
 0.3640892901339531 0.7536959742906760 0.5052686953843391
 0.3637442497972688 0.7543192185053489 0.5059674883650523
 0.3633652928100981 0.7550025441063178 0.5067341251235327
 0.3630338464298705 0.7555991890567714 0.5074038880715926
 0.3627106123344849 0.7561801457837933 0.5080563476685641
 0.3623656631366886 0.7567991492731740 0.5087518622839325
 0.3619787696573006 0.7574922185346483 0.5095310229352642
 0.3616431495820244 0.7580924123067604 0.5102061792813222
 0.3613165089616487 0.7586756360904506 0.5108626458039558
 0.3609670737357363 0.7592985675850344 0.5115642552951070
 0.3605820741010791 0.7599837153122256 0.5123364468134260
 0.3602452529402687 0.7605821101743637 0.5130112457285050
 0.3599166746591633 0.7611649520736005 0.5136687953147374
 0.3595644860751287 0.7617886816934696 0.5143727519394187
 0.3591801965969418 0.7624680946347849 0.5151398725376737
 0.3588432022957763 0.7630628919629805 0.5158117464387855
 0.3585147981008541 0.7636416327897164 0.5164657698991715
 0.3581650526984920 0.7642570149033505 0.5171615254065699
 0.3577714327520083 0.7649484051587301 0.5179436045696538
 0.3574315002092838 0.7655444837777292 0.5186181714922156
 0.3571023211688927 0.7661208169394635 0.5192706328603638
 0.3567545103993824 0.7667288239196483 0.5199591985664904
 0.3563447457188087 0.7674438885900028 0.5207693538663067
 0.3559992331989335 0.7680457876636887 0.5214516259633351
 0.3556666086736681 0.7686243381948387 0.5221077497587557
 0.3553153891375845 0.7692342800535771 0.5227998211571354
 0.3549044819708148 0.7699466411756094 0.5236085219619624
 0.3545560568956821 0.7705496405858271 0.5242933674343687
 0.3542199544277949 0.7711304122273850 0.5249531731069308
 0.3538632182212821 0.7717458729492919 0.5256525756643426
 0.3534611991271828 0.7724382715384600 0.5264396414294757
 0.3531136042124399 0.7730359254705200 0.5271192393817741
 0.3527767564611716 0.7736142106083826 0.5277770544341877
 0.3524189565019630 0.7742275092966199 0.5284749844993317
 0.3520157555164453 0.7749174528616112 0.5292604886939255
 0.3516677488753968 0.7755119513214176 0.5299376025265041
 0.3513312675711762 0.7760858846606947 0.5305915053386140
 0.3509765778454449 0.7766899463586999 0.5312799408122723
 0.3505547281116580 0.7774071488217773 0.5320975988554448
 0.3502017022101845 0.7780063118777214 0.5327809393132922
 0.3498633844438139 0.7785796350285136 0.5334350470186020
 0.3495090013686262 0.7791792657015968 0.5341194196489719
 0.3490653886123661 0.7799285589241425 0.5349749273526023
 0.3487062393477279 0.7805341183115939 0.5356665314592138
 0.3483637456973355 0.7811107071983163 0.5363251735695642
 0.3480034172044791 0.7817163891525234 0.5370171593950260
 0.3475770062525585 0.7824319204506770 0.5378348115113242
 0.3472178250547635 0.7830336077521362 0.5385225573183564
 0.3468721567650483 0.7836117724293556 0.5391836220521531
 0.3465058965353629 0.7842234339685612 0.5398832343228600
 0.3460916685719937 0.7849140348532411 0.5406734364078746
 0.3457339146851088 0.7855094883552282 0.5413549857713255
 0.3453878651284605 0.7860845877575324 0.5420133850235471
 0.3450217755659153 0.7866920603184973 0.5427089686766393
 0.3446017747604205 0.7873878158720546 0.5435057804217543
 0.3442427194450757 0.7879816201153446 0.5441859643790601
 0.3438972704936317 0.7885520627186586 0.5448395214916461
 0.3435353445100249 0.7891488130031065 0.5455233681255525
 0.3430842682135007 0.7898912703226789 0.5463743825237741
 0.3427189074606570 0.7904916009008909 0.5470626114664602
 0.3423714294032602 0.7910616865098362 0.5477162379995136
 0.3420088169058844 0.7916557098360228 0.5483973718495608
 0.3415365247522931 0.7924280465869006 0.5492830867618079
 0.3411653638391607 0.7930339275913308 0.5499780502862056
 0.3408130905113123 0.7936081037685221 0.5506367974449415
 0.3404428714088025 0.7942106171641237 0.5513282249327930
 0.3400021854355797 0.7949265968345383 0.5521500592615384
 0.3396318432416518 0.7955272720368555 0.5528396505551073
 0.3392759734604012 0.7961036017497733 0.5535013340151197
 0.3388997010781602 0.7967120472983459 0.5541999013204878
 0.3384715387542044 0.7974032473470100 0.5549934968731907
 0.3381027003569768 0.7979976978295737 0.5556760592712948
 0.3377465744278651 0.7985708019466832 0.5563341960527689
 0.3373703147485630 0.7991753943358999 0.5570286155383080
 0.3369382016260303 0.7998685824210257 0.5578249582078758
 0.3365688752265998 0.8004600763701024 0.5585045931039024
 0.3362138541460845 0.8010278176144594 0.5591570129933137
 0.3358424200826099 0.8016209256864206 0.5598386450941641
 0.3353732242597189 0.8023688583222010 0.5606983005499214
 0.3349970238249502 0.8029675197823103 0.5613864818989779
 0.3346403749048918 0.8035342252070384 0.5620380263777148
 0.3342695877463029 0.8041225289798147 0.5627145076712067
 0.3337566268326295 0.8049349591872295 0.5636488473538935
 0.3333727228954411 0.8055418903676803 0.5643469024133473
 0.3330112228738528 0.8061125464273204 0.5650032339396602
 0.3326322006244986 0.8067099746062579 0.5656903377854215
 0.3321732320388356 0.8074322047986429 0.5665209696869763
 0.3317915909631256 0.8080317457206841 0.5672105344998591
 0.3314257585149826 0.8086055967822555 0.5678706203929029
 0.3310396229423315 0.8092103907582131 0.5685663857105175
 0.3305960594671880 0.8099039898432431 0.5693643958032555
 0.3302149419755689 0.8104989701202558 0.5700489540216245
 0.3298472318985207 0.8110721710070149 0.5707084064382293
 0.3294584183011710 0.8116773658930232 0.5714045721971356
 0.3290172186864174 0.8123629807368229 0.5721931106614497
 0.3286369650565738 0.8129529354850858 0.5728715315370259
 0.3282708449263478 0.8135201333886417 0.5735237288134590
 0.3278870963825199 0.8141137715699461 0.5742062977125622
 0.3274184598786598 0.8148375239338792 0.5750384412904175
 0.3270337448501359 0.8154306849955366 0.5757203963963206
 0.3266680231847872 0.8159937416763392 0.5763676892694904
 0.3262885432569362 0.8165771383382996 0.5770383032594294
 0.3257759257460985 0.8173638591178174 0.5779425556005293
 0.3253823330567268 0.8179668575416990 0.5786356091652395
 0.3250131091753504 0.8185316935116309 0.5792848051707085
 0.3246307124806936 0.8191158385990644 0.5799562062295832
 0.3241254655038336 0.8198863388010471 0.5808417863894865
 0.3237272953967204 0.8204925008073146 0.5815384211986180
 0.3233525796727240 0.8210621175762395 0.5821929649993910
 0.3229627156666279 0.8216539013514806 0.5828728703396316
 0.3224581056054427 0.8224185633227260 0.5837512569322855
 0.3220584206559582 0.8230231919399482 0.5844457535864150
 0.3216785845596741 0.8235969494834392 0.5851047955657691
 0.3212774589812200 0.8242019753307593 0.5857997860727043
 0.3208242883646862 0.8248844055025064 0.5865837194924888
 0.3204310753154447 0.8254756065932171 0.5872628339182389
 0.3200511870100045 0.8260459482798629 0.5879179160522469
 0.3196499927765175 0.8266473998442013 0.5886086100930690
 0.3191927436277854 0.8273317913047672 0.5893943750396848
 0.3187996676314164 0.8279192022870447 0.5900686535903612
 0.3184222163070373 0.8284824587335231 0.5907151034389846
 0.3180285051358366 0.8290691416603434 0.5913883493890177
 0.3175181102648971 0.8298284312014557 0.5922595297069188
 0.3171177502000624 0.8304230294500728 0.5929416133182043
 0.3167402982602451 0.8309828052177266 0.5935836139290203
 0.3163497115530112 0.8315612455862852 0.5942468641285663
 0.3158454325096767 0.8323068381010789 0.5951015407023770
 0.3154389059310572 0.8329069028255225 0.5957892287462987
 0.3150580345984402 0.8334682935237158 0.5964324775393245
 0.3146671858733633 0.8340435838843046 0.5970915367907901
 0.3142002574883259 0.8347297887924744 0.5978774782427478
 0.3137854793924819 0.8353383822620946 0.5985743098718702
 0.3133979499815394 0.8359061725035275 0.5992241911136617
 0.3130037448416075 0.8364829321457792 0.5998840838405051
 0.3125468846479628 0.8371503421177849 0.6006473772445758
 0.3121245218540860 0.8377663858422658 0.6013516634550800
 0.3117306217443222 0.8383400780559225 0.6020073520073017
 0.3113309590608206 0.8389213406736941 0.6026715471923008
 0.3108646050993306 0.8395985545703478 0.6034451981677565
 0.3104414721225096 0.8402120367059098 0.6041458255902815
 0.3100461665923516 0.8407843436739900 0.6047991825063979
 0.3096449759875908 0.8413643547764218 0.6054610350144851
 0.3091754249763713 0.8420421562710556 0.6062340471677546
 0.3087532107862081 0.8426506728754590 0.6069276408690827
 0.3083601049479963 0.8432164284878301 0.6075721735321261
 0.3079637143496340 0.8437861250127089 0.6082209070053881
 0.3075173109126852 0.8444267585771282 0.6089500908092439
 0.3070889617765688 0.8450405479897971 0.6096483906346417
 0.3066950685199616 0.8456041604085364 0.6102893026863302
 0.3063043651916363 0.8461624498213810 0.6109238574955512
 0.3058848784923934 0.8467610308597572 0.6116038611210699
 0.3054250678851803 0.8474161586843064 0.6123476996212595
 0.3050207637357262 0.8479913475904682 0.6130004466091858
 0.3046299102672813 0.8485466433968463 0.6136303435215041
 0.3042230297627397 0.8491239212002408 0.6142848925453868
 0.3036820365550769 0.8498902367641296 0.6151533074029145
 0.3032585763869944 0.8504890836609452 0.6158315203903605
 0.3028610808902816 0.8510504295049806 0.6164668959598721
 0.3024502489355391 0.8516298159615647 0.6171223110155361
 0.3019280272685411 0.8523651335665607 0.6179535919692634
 0.3014977786782434 0.8529699770972740 0.6186369798922984
 0.3010925232254340 0.8535388864126090 0.6192794850103602
 0.3006726282415726 0.8541275326771008 0.6199440060830788
 0.3001110599828671 0.8549134988684289 0.6208308047090673
 0.2996767306465385 0.8555203741752486 0.6215150879601001
 0.2992650565649537 0.8560947855518513 0.6221623358651166
 0.2988294531851620 0.8567017323443000 0.6228457411874050
 0.2983503997789677 0.8573682113213177 0.6235955662456530
 0.2979282305149477 0.8579546784376404 0.6242548657715761
 0.2975183685978771 0.8585232698210205 0.6248936499208279
 0.2970843426363189 0.8591245502792304 0.6255687371224711
 0.2966017930316777 0.8597920512390023 0.6263176699936919
 0.2961812408479009 0.8603729354673093 0.6269689617435267
 0.2957755787487363 0.8609324996535854 0.6275959079014647
 0.2953525355137893 0.8615152542817156 0.6282483388852517
 0.2948017531120340 0.8622727778234462 0.6290956379645891
 0.2943724941266607 0.8628622294147488 0.6297543199719418
 0.2939683328415499 0.8634164729405511 0.6303731680790772
 0.2935520325187670 0.8639866114244218 0.6310092745853573
 0.2930414748737261 0.8646848014131376 0.6317875654815016
 0.2926067518600420 0.8652783901628039 0.6324486400158277
 0.2922006511128327 0.8658321546576880 0.6330648299137570
 0.2917897817445073 0.8663916949249036 0.6336869103039786
 0.2913314374253845 0.8670150295365617 0.6343792810693273
 0.2908774909714896 0.8676314937677089 0.6350633806280735
 0.2904609787000636 0.8681963465094946 0.6356896659965828
 0.2900490564871241 0.8687542474193177 0.6363077413867300
 0.2896095778530249 0.8693486762311303 0.6369657166549499
 0.2891111042974109 0.8700219121362173 0.6377101582502555
 0.2886768108876592 0.8706076142330091 0.6383570818305458
 0.2882567964102209 0.8711733075202286 0.6389812166241151
 0.2878147013676626 0.8717679446698783 0.6396365368130891
 0.2872924364131434 0.8724693677603503 0.6404085769792814
 0.2868484744927249 0.8730647397078602 0.6410631206386849
 0.2864197376216854 0.8736389239282588 0.6416937473033451
 0.2859647086915813 0.8742474951736435 0.6423614946269279
 0.2854670179026510 0.8749121557725873 0.6430900053418904
 0.2850260869147113 0.8755001729378805 0.6437337786632952
 0.2845948398459036 0.8760745144952867 0.6443618581710131
 0.2841338693452198 0.8766876132492588 0.6450314848831602
 0.2836455199413344 0.8773361962234565 0.6457389052150305
 0.2832093869208473 0.8779146245841123 0.6463689846017100
 0.2827825809217180 0.8784799503250657 0.6469840691434864
 0.2823308381138507 0.8790775200506569 0.6476334838634004
 0.2818255653015754 0.8797449462006709 0.6483579072287714
 0.2813886792517451 0.8803212305757639 0.6489826108080962
 0.2809672387049612 0.8808764340429452 0.6495837292256673
 0.2805300536457017 0.8814516484467604 0.6502057163766907
 0.2799519910490217 0.8822110814244677 0.6510256118785429
 0.2795033765630398 0.8827995629752609 0.6516599202484009
 0.2790827943751267 0.8833505707551806 0.6522530236352987
 0.2786530164848244 0.8839129273655395 0.6528575302797968
 0.2781542244048359 0.8845647064215191 0.6535571203401146
 0.2776977401236705 0.8851603751818771 0.6541954795318113
 0.2772733188232153 0.8857134997552375 0.6547873597821626
 0.2768494506123428 0.8862652284034118 0.6553768789727540
 0.2763927439109174 0.8868589494862293 0.6560102948807444
 0.2758939999857465 0.8875064323927314 0.6566999325343776
 0.2754535525117257 0.8880774669810915 0.6573071817501039
 0.2750261613404473 0.8886308902153364 0.6578948506319175
 0.2745810068942283 0.8892066016175721 0.6585052863674692
 0.2740037368452624 0.8899520973988808 0.6592943269282168
 0.2735403416121006 0.8905496564027522 0.6599255676704626
 0.2731024375482036 0.8911136297396423 0.6605202851703796
 0.2726497121021588 0.8916959651486631 0.6611332805558834
 0.2720756661989212 0.8924332972582844 0.6619078650394458
 0.2716037790265000 0.8930385316741237 0.6625424058456929
 0.2711548407966590 0.8936135986722276 0.6631442851409375
 0.2706864279589486 0.8942128527147700 0.6637704100658163
 0.2701262109959071 0.8949285416103795 0.6645167115378932
 0.2696554113620854 0.8955291491691473 0.6651416895134438
 0.2691989520998310 0.8961107260927943 0.6657456444624898
 0.2687123909829899 0.8967298616224765 0.6663872318631531
 0.2681994449504128 0.8973816882511144 0.6670611531374597
 0.2677390123168493 0.8979660155380392 0.6676639662272558
 0.2672848342534206 0.8985416970556840 0.6682566769982132
 0.2667952088301835 0.8991615248910355 0.6688935607748805
 0.2662904018825243 0.8997997238147503 0.6695479414998499
 0.2658361616030924 0.9003732622658711 0.6701348021222022
 0.2653898963599935 0.9009360592886740 0.6707095070845628
 0.2649150045881413 0.9015342301101906 0.6713190226378012
 0.2643860444635983 0.9021996260843449 0.6719954084675789
 0.2639295175757154 0.9027731650441149 0.6725770296695206
 0.2634898415179346 0.9033248885109951 0.6731353167372195
 0.2630326660915194 0.9038979022885536 0.6737138966798480
 0.2624503974585802 0.9046267233692201 0.6744479520415766
 0.2619819744619425 0.9052122506104706 0.6750361646442440
 0.2615436905518187 0.9057594662563012 0.6755846353349783
 0.2610969694440234 0.9063165846234333 0.6761417564234226
 0.2605919006039784 0.9069457061151366 0.6767693054344301
 0.2601091765495454 0.9075462407721192 0.6773667632779147
 0.2596651657584295 0.9080979669325684 0.6779142995369055
 0.2592250065781503 0.9086442981078263 0.6784551897081076
 0.2587582201710645 0.9092230201412781 0.6790267329392145
 0.2581905282637302 0.9099259353913727 0.6797189378201658
 0.2577246875219892 0.9105019971996979 0.6802845620104001
 0.2572804247984162 0.9110507562242813 0.6808219674924368
 0.2568220212599578 0.9116163516563307 0.6813744164867956
 0.2562792608632096 0.9122852061956431 0.6820258482103065
 0.2557944022103881 0.9128819562755545 0.6826053635357689
 0.2553401199485065 0.9134404342676247 0.6831462850413665
 0.2548810567884837 0.9140041644024374 0.6836908915575445
 0.2543749749982880 0.9146249087987167 0.6842889181295310
 0.2538612941300661 0.9152542010689287 0.6848933466788201
 0.2533908184592440 0.9158298848185445 0.6854446151998764
 0.2529236326502105 0.9164009038460204 0.6859898084764964
 0.2524212269744952 0.9170142635981431 0.6865736387745651
 0.2518802691698271 0.9176738752749297 0.6871994571495862
 0.2513942831519996 0.9182657417732304 0.6877592445726644
 0.2509135407220799 0.9188505594065520 0.6883107586158943
 0.2503937273983461 0.9194821685975610 0.6889045990233784
 0.2498580516992236 0.9201322542857910 0.6895138069023169
 0.2493670158154912 0.9207274591220510 0.6900697314187346
 0.2488739009075255 0.9213245076360888 0.6906255332079962
 0.2483214873826877 0.9219925529915354 0.6912451906884433
 0.2478032377948081 0.9226185192538910 0.6918236703550764
 0.2473172059042912 0.9232049035738518 0.6923637115707278
 0.2468188426225605 0.9238054980445883 0.6929150044469837
 0.2462150592991180 0.9245322381278900 0.6935796187164588
 0.2457092670545643 0.9251402778562023 0.6941335771626416
 0.2452314888554483 0.9257140129833501 0.6946544793731065
 0.2447354688525428 0.9263090124789247 0.6951927881327141
 0.2440902009219489 0.9270820708441311 0.6958892429127504
 0.2435915145521179 0.9276787710395493 0.6964245271612169
 0.2431214020892093 0.9282406886315758 0.6969268042086798
 0.2426323556173633 0.9288246309022350 0.6974469403924874
 0.2419735439521792 0.9296103080210288 0.6981438628831603
 0.2414784330573868 0.9302000314217496 0.6986647789112689
 0.2410139722956378 0.9307526821752067 0.6991512259716864
 0.2405337472312384 0.9313235182191876 0.6996519057416080
 0.2399338900715448 0.9320357468700140 0.7002740395863712
 0.2394388368015063 0.9326228635221152 0.7007847345344014
 0.2389767285287339 0.9331703610621666 0.7012592126747632
 0.2385081886759783 0.9337249420614745 0.7017381062249722
 0.2379822102307206 0.9343468696222786 0.7022730924674668
 0.2374681199868320 0.9349540902922234 0.7027933155581819
 0.2369996231764314 0.9355069018070726 0.7032650959477351
 0.2365380084401667 0.9360510769945508 0.7037277889589844
 0.2360505639885847 0.9366251491791804 0.7042140436565616
 0.2354058699470416 0.9373835512614374 0.7048534934458002
 0.2349125074507271 0.9379632691177235 0.7053400257346467
 0.2344472229282579 0.9385094723420374 0.7057966330390282
 0.2339670552786100 0.9390726189029742 0.7062655635761687
 0.2333946400282102 0.9397432580968736 0.7068215306375548
 0.2328881732893408 0.9403360048309811 0.7073106482375578
 0.2324159537657162 0.9408881429256157 0.7077643076087147
 0.2319401510829699 0.9414439592889201 0.7082190764021146
 0.2314184386016888 0.9420528197500458 0.7087150437887079
 0.2308731784475467 0.9426885104438180 0.7092304245538413
 0.2303838397057449 0.9432584426281091 0.7096903847189123
 0.2299038608815103 0.9438169596585272 0.7101392005456899
 0.2293972421056472 0.9444059273609101 0.7106103980244149
 0.2287265725335417 0.9451847517332702 0.7112301406480552
 0.2282091983632972 0.9457848952374395 0.7117050506808911
 0.2277160527734945 0.9463563994225080 0.7121551311430490
 0.2271986029590268 0.9469555124520915 0.7126246887436170
 0.2265327959633871 0.9477255629988283 0.7132248548726651
 0.2260038801972065 0.9483366263933435 0.7136984573441358
 0.2254947600324995 0.9489242691179510 0.7141517128777977
 0.2249560454309796 0.9495454866984706 0.7146285114643403
 0.2243471571315674 0.9502469073257102 0.7151639049871928
 0.2238132420322507 0.9508613392604273 0.7156302572049262
 0.2232865379882300 0.9514669076775197 0.7160874257996904
 0.2227160853664484 0.9521221469826496 0.7165793374696434
 0.2221378569915645 0.9527856561907750 0.7170745687071394
 0.2216008210385262 0.9534013056895542 0.7175315218833576
 0.2210531683026690 0.9540285434000573 0.7179945774702756
 0.2204036078490868 0.9547717412103250 0.7185399739350887
 0.2198456606269079 0.9554094688105794 0.7190051031173627
 0.2193070515162051 0.9560245275214554 0.7194511326199454
 0.2187265442542802 0.9566868140829498 0.7199285439950101
 0.2181429818616943 0.9573519459350253 0.7204049959306932
 0.2176098210500028 0.9579590745372469 0.7208372804690082
 0.2170743989725372 0.9585682474282021 0.7212685388879000
 0.2164602598651707 0.9592663304335171 0.7217597110021289
 0.2159048305116052 0.9598970859227824 0.7222007241087816
 0.2153861494651901 0.9604856048846450 0.7226097872546076
 0.2148571770085332 0.9610853029855506 0.7230241717574477
 0.2142231944034002 0.9618033944506152 0.7235170515656921
 0.2136785833120549 0.9624196905479376 0.7239371517080813
 0.2131692681057034 0.9629955746038639 0.7243272741764820
 0.2126493551563450 0.9635829764124807 0.7247227938269696
 0.2120279057255934 0.9642844834672181 0.7251919824251329
 0.2114870765481539 0.9648944470785956 0.7255971497107183
 0.2109836553427753 0.9654617751887359 0.7259716486666741
 0.2104741548226590 0.9660355202913550 0.7263480567481052
 0.2098940046942560 0.9666882960900672 0.7267734330915507
 0.2093461303146606 0.9673042445467368 0.7271719748713839
 0.2088430968169257 0.9678693470578150 0.7275351873093194
 0.2083430892575720 0.9684306423142910 0.7278936544895230
 0.2078032987966259 0.9690361439557350 0.7282777949301977
 0.2072192516248603 0.9696907648186893 0.7286901174432456
 0.2067076214898375 0.9702637735156179 0.7290484922606006
 0.2062120828736246 0.9708183677742711 0.7293930804840238
 0.2056948671352672 0.9713968139533679 0.7297500976186941
 0.2049712196787764 0.9722054363612923 0.7302450675162111
 0.2044392729672306 0.9727993362444973 0.7306055414726013
 0.2039419340796750 0.9733542096813802 0.7309399854377181
 0.2034281184985318 0.9739270754178776 0.7312829015684659
 0.2027809958183490 0.9746480090138510 0.7317110249451158
 0.2022465687274356 0.9752429270394564 0.7320614349227454
 0.2017476599903673 0.9757979296062228 0.7323859818698485
 0.2012405707232130 0.9763616627800237 0.7327133064464263
 0.2006646542958581 0.9770014633844742 0.7330819572744892
 0.2001123982479727 0.9776145356548891 0.7334323776999514
 0.1996055424111214 0.9781768295776989 0.7337513436501077
 0.1991024113409564 0.9787346361889184 0.7340654667733678
 0.1985631671136199 0.9793320910142103 0.7343993741448491
 0.1979492074967131 0.9800118408256706 0.7347760623878729
 0.1974240645290724 0.9805928501665246 0.7350953108384618
 0.1969180136589428 0.9811523851345672 0.7354003834545350
 0.1963905711690164 0.9817352090725621 0.7357156781780019
 0.1956882563759172 0.9825106968091746 0.7361313016494561
 0.1951414081263879 0.9831140740189599 0.7364516204368410
 0.1946278110500356 0.9836804107384384 0.7367498442912312
 0.1940975456929321 0.9842647729080118 0.7370550885041339
 0.1934429791337894 0.9849856256997747 0.7374281523024113
 0.1928868913868235 0.9855976047372629 0.7377418375029521
 0.1923653701368817 0.9861711943002446 0.7380333082931870
 0.1918322710789718 0.9867571721346475 0.7383285439403974
 0.1912095274079209 0.9874412488244976 0.7386699904344768
 0.1906376310059490 0.9880690593147888 0.7389803296485774
 0.1901049009285162 0.9886535239004665 0.7392666559138477
 0.1895659177467156 0.9892445084728885 0.7395536406225633
 0.1889574669335439 0.9899112558651612 0.7398743392826167
 0.1883646182079003 0.9905604955933389 0.7401834593603749
 0.1878179653827567 0.9911587900985188 0.7404655522812101
 0.1872688643475536 0.9917594246983679 0.7407460799585505
 0.1866577091750941 0.9924275416779441 0.7410550095923277
 0.1860464628327459 0.9930953462352793 0.7413605534076924
 0.1854847132465820 0.9937087148812638 0.7416383628062519
 0.1849198545795465 0.9943251352200233 0.7419148338763082
 0.1842898285087972 0.9950122703676056 0.7422197928395594
 0.1836692554301408 0.9956886869401170 0.7425166440233565
 0.1830922221425570 0.9963172862054358 0.7427895141193800
 0.1825044298733507 0.9969572540140592 0.7430643603185956
 0.1818240298422931 0.9976976119600180 0.7433786348838770
 0.1812014394053766 0.9983746595100965 0.7436626241973093
 0.1806055038899666 0.9990223613957171 0.7439312920585516
 0.1799818223123802 0.9996998478329342 0.7442091766081794
 0.1792745525248725  1.000467679616425 0.7445202281266947
 0.1786490856279809  1.001146307259000 0.7447916860590473
 0.1780236315673858  1.001824553736030 0.7450597536302102
 0.1773051535793876  1.002603228952884 0.7453635642330902
 0.1766561342146691  1.003306220796301 0.7456342810078807
 0.1760148890396035  1.004000419441270 0.7458983455224482
 0.1753126554558824  1.004760223931952 0.7461836723443239
 0.1746551740424236  1.005471215895565 0.7464471609700765
 0.1740146136658521  1.006163550721508 0.7467004480625701
 0.1733158345504338  1.006918411690045 0.7469728938116333
 0.1726558106630431  1.007631030991856 0.7472265485159802
 0.1720275391413056  1.008309033198048 0.7474647217441761
 0.1713462571575847  1.009043878509164 0.7477194303283147
 0.1706709463172227  1.009771915477962 0.7479682853151625
 0.1700531514718469  1.010437629765578 0.7481927896949740
 0.1694218905406865  1.011117547216785 0.7484190540760007
 0.1686092194397481  1.011992407298568 0.7487056459599573
 0.1679796158980447  1.012669847855141 0.7489240420047301
 0.1673721089426309  1.013323233725092 0.7491317889836472
 0.1666805789544178  1.014066659373698 0.7493647573349267
 0.1660414043983779  1.014753494128530 0.7495768282319326
 0.1654470847362769  1.015391869197553 0.7497712669546319
 0.1648375395796776  1.016046341671951 0.7499679928487820
 0.1639925243909002  1.016953216552793 0.7502363172220705
 0.1633714399321095  1.017619459133911 0.7504303678266395
 0.1627807967175383  1.018252808290296 0.7506124859570834
 0.1621336329416515  1.018946501027131 0.7508093756271799
 0.1614876030631669  1.019638707201945 0.7510031827026021
 0.1608997922173472  1.020268300927162 0.7511771515596886
 0.1603119585332042  1.020897700998836 0.7513488529924404
 0.1596406558697004  1.021616209253849 0.7515421299064831
 0.1590138819925496  1.022286808105036 0.7517198708065161
 0.1584328903182110  1.022908211739820 0.7518822871488359
 0.1578432820459401  1.023538625962311 0.7520448222915225
 0.1571331597951112  1.024297624350129 0.7522375444671878
 0.1565171322109477  1.024955816138984 0.7524020672358609
 0.1559396071992371  1.025572674355091 0.7525540736301741
 0.1553437368072735  1.026208931859387 0.7527086505919350
 0.1544712733079305  1.027140177399796 0.7529308592002300
 0.1550529386610922  1.026519368606166 0.7527832570292561
 0.1544838136514245  1.027126795080480 0.7529276998157360
 0.1539053951002578  1.027743961693333 0.7530723844130076
 0.1533291144613224  1.028358670527586 0.7532144340621495
 0.1527076876322505  1.029021341473691 0.7533652940177420
 0.1520417858043802  1.029731218721332 0.7535243199792839
 0.1514525771447654  1.030359150915999 0.7536627912912989
 0.1508730782475780  1.030976566528984 0.7537969527330954
 0.1502406041093130  1.031650235629238 0.7539411058434016
 0.1495893946196126  1.032343658751556 0.7540870765938292
 0.1490023212743997  1.032968615743584 0.7542165640559506
 0.1484197629186660  1.033588607334663 0.7543431073627249
 0.1477748762013944  1.034274750465197 0.7544809584490262
 0.1471321146041954  1.034958445530860 0.7546160557654760
 0.1465454252005206  1.035582337247159 0.7547373903232077
 0.1459585001506290  1.036206328963171 0.7548569080175824
 0.1452962913172219  1.036910181047354 0.7549895426767017
 0.1446600498955427  1.037586258076033 0.7551147946654341
 0.1440726066706064  1.038210332185357 0.7552285683688608
 0.1434793037807714  1.038840488097433 0.7553416782209400
 0.1427885363333907  1.039573984250041 0.7554711233292680
 0.1421575748522124  1.040243810249952 0.7555872774725299
 0.1415683482379986  1.040869191092296 0.7556939738010433
 0.1409651217296684  1.041509293489957 0.7558014486844398
 0.1401992165408386  1.042321822636706 0.7559353757383562
 0.1395712932653709  1.042987809192731 0.7560430858638069
 0.1389774967793599  1.043617469176918 0.7561432288216599
 0.1383522977301347  1.044280292997499 0.7562468844166470
 0.1376170108300614  1.045059655416509 0.7563664729950877
 0.1369991452392149  1.045714414888443 0.7564650449383449
 0.1363977454824281  1.046351602231397 0.7565593264359132
 0.1357405086633001  1.047047812982975 0.7566605099634173
 0.1350666788012388  1.047761455647055 0.7567622720393385
 0.1344554348460349  1.048408689871692 0.7568528805224150
 0.1338434231177233  1.049056620422350 0.7569420064765763
 0.1331413386754375  1.049799768957649 0.7570423121869160
 0.1324849255716830  1.050494441151194 0.7571342490150113
 0.1318720805506849  1.051142891477265 0.7572185010879032
 0.1312423206395150  1.051809126456409 0.7573035129502653
 0.1303487210066823  1.052754290089882 0.7574214699783584
 0.1296943713982862  1.053446257981925 0.7575058946292216
 0.1290686122066145  1.054107883376690 0.7575851112837466
 0.1283709591641235  1.054845400787836 0.7576716982480276
 0.1276904341151847  1.055564689532264 0.7577544222529237
 0.1270603220941873  1.056230588421786 0.7578295124835647
 0.1264161688326824  1.056911223489561 0.7579048113350579
 0.1255433600756141  1.057833302194731 0.7580045486292665
 0.1248734514137060  1.058540903531757 0.7580793774938026
 0.1242310263139114  1.059219376257798 0.7581497861376904
 0.1235141910456659  1.059976322606687 0.7582268482116453
 0.1228166441981008  1.060712790176260 0.7583003771439928
 0.1221685444903925  1.061396955303356 0.7583674598797655
 0.1215005468585251  1.062102030273720 0.7584354151842618
 0.1205815605645127  1.063071869931399 0.7585270335771314
 0.1198960604468080  1.063795188352380 0.7585940269447949
 0.1192272657455866  1.064500786975849 0.7586583135034378
 0.1184093288537211  1.065363612779673 0.7587355195399158
 0.1177103124847559  1.066100886852930 0.7588002792840811
 0.1170412316860899  1.066806498142594 0.7588612226670025
 0.1163081947424406  1.067579459465915 0.7589268345526373
 0.1155706164428130  1.068357107914143 0.7589916464499804
 0.1148898269539474  1.069074793616222 0.7590504021237112
 0.1141861181577490  1.069816552794129 0.7591100608167852
 0.1133167522674172  1.070732805275720 0.7591822489431018
 0.1126057106998539  1.071482097229990 0.7592400438319516
 0.1118987818391002  1.072226970090040 0.7592963975464115
 0.1109638766229971  1.073211928231519 0.7593692478620002
 0.1102286361379133  1.073986432183538 0.7594252118795722
 0.1095074062467776  1.074746093875546 0.7594789779160535
 0.1085913827588347  1.075710812569345 0.7595456459748900
 0.1078405357947061  1.076501479160992 0.7595989385253938
 0.1071022787940633  1.077278806763705 0.7596501533695945
 0.1061725471924234  1.078257630425060 0.7597129993389705
 0.1054032319964292  1.079067475367838 0.7597636250747233
 0.1046400929475053  1.079870738658920 0.7598126191029217
 0.1036204275242969  1.080943894818806 0.7598761752882411
 0.1028273099978594  1.081778525528986 0.7599241013928141
 0.1020187753912660  1.082629298970059 0.7599716082657746
 0.1011381146913014  1.083555875758851 0.7600218193960955
 0.1003359294474457  1.084399805642052 0.7600661788589825
 0.9948679404668107E-01  1.085293048481363 0.7601117092613829
 0.9862010514932823E-01  1.086204674004329 0.7601566674127858
 0.9778577797736880E-01  1.087082183644770 0.7601985037283594
 0.9685992044291981E-01  1.088055876505921 0.7602432856760056
 0.9599158476403702E-01  1.088968997697147 0.7602837325932750
 0.9511306949945922E-01  1.089892749635135 0.7603231379369411
 0.9418786562510051E-01  1.090865517052583 0.7603629929371274
 0.9329493583849943E-01  1.091804279116378 0.7603998578906486
 0.9230833359437611E-01  1.092841442901250 0.7604387723571367
 0.9141651146377892E-01  1.093778901302254 0.7604723252672845
 0.9045598960144702E-01  1.094788506166184 0.7605067611789129
 0.8956358504264286E-01  1.095726452033042 0.7605371878138940
 0.8864791364432131E-01  1.096688794183944 0.7605668529134756
 0.8771465700720239E-01  1.097669560611366 0.7605954960449296
 0.8684349018038835E-01  1.098585026952561 0.7606208301882879
 0.8579015246330877E-01  1.099691867506849 0.7606497413948763
 0.8491458537291444E-01  1.100611860394292 0.7606724242985925
 0.8401102538048287E-01  1.101561223856594 0.7606946343274313
 0.8310707434232383E-01  1.102510957029788 0.7607157207181414
 0.8226054172050513E-01  1.103400328251678 0.7607345140445072
 0.8125713379745780E-01  1.104454471190893 0.7607556812716422
 0.8039213260715147E-01  1.105363174196349 0.7607730213966699
 0.7953415277012925E-01  1.106264470666205 0.7607894289909130
 0.7854823960479992E-01  1.107300123778805 0.7608073433085630
 0.7769987794845436E-01  1.108191256820926 0.7608219788420386
 0.7680037917366356E-01  1.109136077320794 0.7608367337589643
 0.7590607956535451E-01  1.110075409734028 0.7608506471908617
 0.7506320618925616E-01  1.110960702982572 0.7608630871849620
 0.7408302854244435E-01  1.111990183768022 0.7608767500931716
 0.7320902873922358E-01  1.112908122872512 0.7608882209183550
 0.7234791960673209E-01  1.113812503207311 0.7608988835975067
 0.7127570558496994E-01  1.114938570487001 0.7609113008061703
 0.7040308659616902E-01  1.115854997841497 0.7609207239985440
 0.6947940899449571E-01  1.116825028902278 0.7609300497938704
 0.6856366374849247E-01  1.117786712275918 0.7609386512759668
 0.6769247034990544E-01  1.118701594043533 0.7609462468227609
 0.6664959457794911E-01  1.119796750151086 0.7609545799636148
 0.6573889059733598E-01  1.120753094328112 0.7609611483629157
 0.6482555555314462E-01  1.121712189477994 0.7609670080653638
 0.6377857038413459E-01  1.122811618120026 0.7609727135278894
 0.6284973331578295E-01  1.123786971119438 0.7609767690067650
 0.6184933452865384E-01  1.124837461907594 0.7609800311964781
 0.6087851558154423E-01  1.125856886257893 0.7609821654436444
 0.5990484349245082E-01  1.126879303120018 0.7609834636168078
 0.5876549146259379E-01  1.128075691869877 0.7609842345412009
 0.5774459215386699E-01  1.129147697003441 0.7609845251986580
 0.5660575873651082E-01  1.130343539518980 0.7609846414102818
 0.5546966384023116E-01  1.131536506266378 0.7609846735491911
 0.5422908864268079E-01  1.132839183456505 0.7609846810666773
 0.5282132110405813E-01  1.134317422463899 0.7609846822725616
 0.5134433924378896E-01  1.135868340592870 0.7609846823798307
 0.4939406724280814E-01  1.137916241304382 0.7609846823858736
 0.4732477126552315E-01  1.140089124216134 0.7609846823858574
 0.4454886457140067E-01  1.143003990086696 0.7609846823858541
 0.3974841295997943E-01  1.148044747614692 0.7609846823858539
 0.2547022055940490E-01  1.163037692373918 0.7609846823858539
-0.3164254904289319E-01  1.223009471410822 0.7609846823858539
-0.1471767864557629  1.344327239846325 0.7609846823858539
