RUNGE KUTTA: X Z PHI
 0.4997925936975706 0.3961132391912333E-01 0.5235987755982988E-02
 0.4986477150810040 0.1980531439124857 0.1335434431919802E-01
 0.4995160519609980 0.9242642247795443E-01 0.5235987756367773E-02
 0.4997004131187130 0.5721635677206703E-01 0.5235987755982988E-02
 0.4993316580661641 0.1276364880123858 0.5275022035055944E-02
 0.4995775056802363 0.8068973390932530E-01 0.5235987755982988E-02
 0.4993001219933413 0.1335460561132397 0.5338117032998113E-02
 0.4994852531456173 0.9830850907684531E-01 0.5235988445830358E-02
 0.4995467548355343 0.8656265896516618E-01 0.5235987755984804E-02
 0.4995056367397709 0.9441556502447557E-01 0.5235987784842805E-02
 0.4995330488036227 0.8918029431826936E-01 0.5235987756063540E-02
 0.4995047345524802 0.9458786852885587E-01 0.5235987791099799E-02
 0.4994819300871816 0.9894316048444135E-01 0.5235988945051427E-02
 0.4994629465651759 0.1025687097507860 0.5235999126574660E-02
 0.4994452801271674 0.1059426998351047 0.5236052085892176E-02
 0.4994285794992348 0.1091321702717858 0.5236240158490066E-02
 0.4994088587184952 0.1128981333113580 0.5236972655261772E-02
 0.4994220061861171 0.1103874912864452 0.5236395611399870E-02
 0.4994077138197791 0.1131167482359996 0.5237046601754566E-02
 0.4993945576975643 0.1156285816902222 0.5238316142615405E-02
 0.4993830230217116 0.1178301518561281 0.5240363809765806E-02
 0.4993726280413220 0.1198132419890082 0.5243383952490390E-02
 0.4993624372866812 0.1217559875907231 0.5247908269691904E-02
 0.4993517464166286 0.1237918598224129 0.5254941179778562E-02
 0.4993428779534153 0.1254782442529537 0.5263080383934323E-02
 0.4993345531378544 0.1270585299889076 0.5273077771626116E-02
 0.4993246978413062 0.1289248998340982 0.5288446776016457E-02
 0.4993168253431898 0.1304114074973007 0.5303902217680711E-02
 0.4993090637133747 0.1318723233203583 0.5322254522540553E-02
 0.4993013723142576 0.1333146110432370 0.5343792733249771E-02
 0.4992941379939054 0.1346654743751479 0.5367331131291128E-02
 0.4992863522977833 0.1361122027879159 0.5396437230922995E-02
 0.4992793723036936 0.1374021675935130 0.5426045280304347E-02
 0.4992712902986023 0.1388864628531150 0.5464724506437984E-02
 0.4992644447166269 0.1401350226355851 0.5501385888558414E-02
 0.4992552651468746 0.1417954652829068 0.5556559463927661E-02
 0.4992483873674841 0.1430281879636115 0.5602809187867388E-02
 0.4992408448602069 0.1443677960883245 0.5658926815829152E-02
 0.4992341546927172 0.1455443892600774 0.5714034343512938E-02
 0.4992266075555771 0.1468574053134474 0.5783193251580624E-02
 0.4992200831700863 0.1479792022827917 0.5850014029967732E-02
 0.4992120044051390 0.1493494959031174 0.5943534862701523E-02
 0.4992054365105320 0.1504467440685410 0.6029719377940607E-02
 0.4991987559578328 0.1515459261405506 0.6127662330100983E-02
 0.4991914193986385 0.1527318485188150 0.6247402959637535E-02
 0.4991847303883891 0.1537925359098174 0.6366936765470092E-02
 0.4991775671097938 0.1549057671297123 0.6504110563262060E-02
 0.4991696351250279 0.1561106272274703 0.6664157541834246E-02
 0.4991621684054533 0.1572182035119075 0.6819828093303481E-02
 0.4991537872567358 0.1584314050173893 0.6997660743015895E-02
 0.4991448170529784 0.1596960269429323 0.7189462580436375E-02
 0.4991354447176420 0.1609817684613218 0.7390027156391966E-02
 0.4991249666027520 0.1623785770270032 0.7613582072593393E-02
 0.4991146460637461 0.1637149318057916 0.7832782237631054E-02
 0.4991041815251884 0.1650323669162545 0.8053951454891843E-02
 0.4990930237868191 0.1663979038424905 0.8288487966248596E-02
 0.4990821762889911 0.1676890197685939 0.8515220737983380E-02
 0.4990706818588340 0.1690202457142094 0.8754176680275942E-02
 0.4990593136686773 0.1703016689922104 0.8989258828045136E-02
 0.4990475041696620 0.1715979153142902 0.9232171565093143E-02
 0.4990356526007847 0.1728650186470773 0.9474682303662885E-02
 0.4990234607640236 0.1741351781136555 0.9722929117042818E-02
 0.4990110888851155 0.1753914413583020 0.9973603571860532E-02
 0.4989984838505467 0.1766393943331978 0.1022768959240556E-01
 0.4989855636198842 0.1778868615195658 0.1048676632951488E-01
 0.4989724993539781 0.1791173597736817 0.1074738755151489E-01
 0.4989590018459086 0.1803577894942830 0.1101524315225219E-01
 0.4989454139646786 0.1815765019590546 0.1128340546315455E-01
 0.4989313334263152 0.1828092973489582 0.1155972357253929E-01
 0.4989171515714621 0.1840216063406425 0.1183648206020901E-01
 0.4989026749483279 0.1852302975851656 0.1211741505212258E-01
 0.4988878145820959 0.1864423043604005 0.1240410599437223E-01
 0.4988728673447533 0.1876335390273838 0.1269075656609874E-01
 0.4988574475546508 0.1888346412553220 0.1298473048566401E-01
 0.4988422517501717 0.1899920561008303 0.1327269940141306E-01
 0.4988262419388864 0.1911846993801658 0.1357405423635358E-01
 0.4988112517421555 0.1922777082728195 0.1385402787036494E-01
 0.4987940195956067 0.1935073453972594 0.1417275658723259E-01
 0.4987783784796718 0.1945998715465277 0.1445856565493421E-01
 0.4987623361094749 0.1956983617559332 0.1474761107818872E-01
 0.4987425171986890 0.1970263481471653 0.1509846029985017E-01
 0.4987239237934862 0.1982446968492591 0.1542177289361740E-01
 0.4987058668611162 0.1994038446635963 0.1573176432999588E-01
 0.4986889386325256 0.2004700474221369 0.1602052946067121E-01
 0.4986713784168702 0.2015559466017724 0.1631994264335816E-01
 0.4986529724560244 0.2026729236197957 0.1663514988933235E-01
 0.4986363832875185 0.2036616004373793 0.1692116239651687E-01
 0.4986190679633212 0.2046758247112308 0.1722167210613123E-01
 0.4985994710669732 0.2058024906336988 0.1756359901213968E-01
 0.4985818025456684 0.2067996119108721 0.1787271854769888E-01
 0.4985626141963684 0.2078631458356520 0.1820849274243953E-01
 0.4985425819527910 0.2089527403104595 0.1855841107394883E-01
 0.4985227142416276 0.2100133056231851 0.1890431458353004E-01
 0.4984997621122247 0.2112146732792120 0.1930205916857813E-01
 0.4984787028952837 0.2122954305037725 0.1966504537524506E-01
 0.4984548171367863 0.2134974189373234 0.2007447359334103E-01
 0.4984334401029490 0.2145526024844765 0.2043889711004713E-01
 0.4984092977871009 0.2157219482962375 0.2084818930808155E-01
 0.4983874257813232 0.2167617259366330 0.2121689906289264E-01
 0.4983629433268473 0.2179044348216971 0.2162731511526305E-01
 0.4983400815462805 0.2189521328133953 0.2200846771632590E-01
 0.4983166241234528 0.2200084767600038 0.2239749381561617E-01
 0.4982920555533920 0.2210954119370846 0.2280268871991759E-01
 0.4982686357088180 0.2221137357008179 0.2318677875162795E-01
 0.4982414972020624 0.2232729143628675 0.2362929789948678E-01
 0.4982173339391328 0.2242869277574584 0.2402107922007153E-01
 0.4981899546192453 0.2254161538580384 0.2446249896213293E-01
 0.4981647528664976 0.2264377454206913 0.2486643478164924E-01
 0.4981389047780143 0.2274684820282398 0.2527838984573479E-01
 0.4981117216966858 0.2285345311798219 0.2570916561345492E-01
 0.4980859954397703 0.2295271582438639 0.2611461871547047E-01
 0.4980559830659530 0.2306659143289968 0.2658489137812986E-01
 0.4980293817989572 0.2316585678218465 0.2699924677568232E-01
 0.4980004373452533 0.2327215408245366 0.2744752451802249E-01
 0.4979725104887562 0.2337308505874747 0.2787760909710801E-01
 0.4979448109120880 0.2347167127688269 0.2830191069815916E-01
 0.4979126895209521 0.2358416546596885 0.2879110941664313E-01
 0.4978844364191181 0.2368154697394979 0.2921887927152751E-01
 0.4978515390396805 0.2379315971810265 0.2971408663277292E-01
 0.4978221425406468 0.2389133560355796 0.3015409476183912E-01
 0.4977920244741283 0.2399044957252408 0.3060252815479315E-01
 0.4977601125405536 0.2409389788771082 0.3107504988737939E-01
 0.4977302624073393 0.2418925132022758 0.3151460696710562E-01
 0.4976949518412015 0.2430034893421653 0.3203162310631089E-01
 0.4976638534515921 0.2439672161454441 0.3248443159125287E-01
 0.4976315339282931 0.2449546800340953 0.3295256399314263E-01
 0.4975981149417610 0.2459611211448571 0.3343397454588169E-01
 0.4975664648680954 0.2469010425949436 0.3388741561012500E-01
 0.4975287387109465 0.2480051481157290 0.3442482468076296E-01
 0.4974957961460203 0.2489552764234454 0.3489145549022470E-01
 0.4974615706001639 0.2499290673275451 0.3537371010596446E-01
 0.4974261159833360 0.2509239536876113 0.3587052680158546E-01
 0.4973926655089451 0.2518500720970567 0.3633667953541883E-01
 0.4973525571565564 0.2529450165923031 0.3689238801794908E-01
 0.4973176144166268 0.2538856057179116 0.3737376822581678E-01
 0.4972818159230551 0.2548367701270424 0.3786433602819220E-01
 0.4972436263879474 0.2558379983248814 0.3838475808276740E-01
 0.4972082931151628 0.2567523470971568 0.3886357054711570E-01
 0.4971673643654851 0.2577975427054277 0.3941504972900765E-01
 0.4971302774086895 0.2587320993622420 0.3991194777466344E-01
 0.4970931877172172 0.2596551779898086 0.4040627904473390E-01
 0.4970502006420454 0.2607110285438952 0.4097595871977792E-01
 0.4970126675660361 0.2616210024662237 0.4147049392646581E-01
 0.4969715433516635 0.2626056869698290 0.4200933262208219E-01
 0.4969319701749689 0.2635413988791956 0.4252498522736101E-01
 0.4968934528515562 0.2644413266424440 0.4302426985962046E-01
 0.4968464235081337 0.2655260995049788 0.4363042808732781E-01
 0.4968065266157886 0.2664346233877712 0.4414165813873274E-01
 0.4967650458763342 0.2673681403327133 0.4467030289717416E-01
 0.4967219702148621 0.2683259461697773 0.4521627765610673E-01
 0.4966816708680972 0.2692116180395114 0.4572440229619414E-01
 0.4966352627541487 0.2702194476330357 0.4630641493853389E-01
 0.4965928467089631 0.2711295782682743 0.4683541957677923E-01
 0.4965509189316880 0.2720191960824217 0.4735559019517722E-01
 0.4964992593218475 0.2731019798677462 0.4799286548762977E-01
 0.4964562367457018 0.2739928272146946 0.4852066104163545E-01
 0.4964107889455216 0.2749234383828191 0.4907538437185123E-01
 0.4963649060696230 0.2758523588079854 0.4963247461233449E-01
 0.4963214683388383 0.2767222265213314 0.5015715421572365E-01
 0.4962708268333770 0.2777249507891085 0.5076558480623176E-01
 0.4962251259479370 0.2786195945244802 0.5131176721023296E-01
 0.4961799468227098 0.2794947183600208 0.5184911284482237E-01
 0.4961238766610374 0.2805682874516567 0.5251242996970132E-01
 0.4960775029625366 0.2814460107633204 0.5305805025736186E-01
 0.4960289414788142 0.2823555263673582 0.5362655641203308E-01
 0.4959791269298786 0.2832785528808039 0.5420680636024709E-01
 0.4959324693829534 0.2841341685409132 0.5474769319680884E-01
 0.4958798575465407 0.2850888977587198 0.5535464328095735E-01
 0.4958304088691652 0.2859767348495449 0.5592221810622213E-01
 0.4957823782651973 0.2868305283139100 0.5647083306530765E-01
 0.4957223051983663 0.2878867962273272 0.5715335876428036E-01
 0.4956722142402220 0.2887579520415635 0.5771949118933358E-01
 0.4956217028151303 0.2896278114703293 0.5828770035623407E-01
 0.4955646705434350 0.2905998348323412 0.5892603288291339E-01
 0.4955143338256783 0.2914490362935941 0.5948655868990362E-01
 0.4954608652413781 0.2923423548493203 0.6007904744784619E-01
 0.4954062115122403 0.2932464157802662 0.6068167119962266E-01
 0.4953550743607940 0.2940842121570301 0.6124287524112756E-01
 0.4952981770611996 0.2950074020215872 0.6186433960046936E-01
 0.4952436246913705 0.2958838754895025 0.6245725969124686E-01
 0.4951912127411613 0.2967181553842781 0.6302420948089123E-01
 0.4951290985814846 0.2976972083431045 0.6369274706756194E-01
 0.4950740336654865 0.2985565924749327 0.6428247626917276E-01
 0.4950198845390129 0.2993940259848175 0.6485978687548023E-01
 0.4949513692984925 0.3004430150859210 0.6558656851918732E-01
 0.4948954434434155 0.3012906729649724 0.6617672093054847E-01
 0.4948385504865455 0.3021452633777187 0.6677424373290936E-01
 0.4947758238994611 0.3030786577162466 0.6742981233877916E-01
 0.4947197409521333 0.3039055347849262 0.6801318539266314E-01
 0.4946603885869230 0.3047729200830623 0.6862778239245930E-01
 0.4945987680335528 0.3056652664047070 0.6926282687110200E-01
 0.4945417585493262 0.3064835757752316 0.6984757313198812E-01
 0.4944799466804708 0.3073631066319011 0.7047859246406210E-01
 0.4944181520220910 0.3082345488854606 0.7110642697940937E-01
 0.4943599923847542 0.3090477208691791 0.7169467105807069E-01
 0.4942955874272179 0.3099404556510665 0.7234311548349771E-01
 0.4942332071090937 0.3107975216482964 0.7296818361082757E-01
 0.4941737941717774 0.3116070100050700 0.7356076373612118E-01
 0.4941064932531467 0.3125161211774909 0.7422881838717743E-01
 0.4940433326852131 0.3133618823008190 0.7485278534621720E-01
 0.4939825698575300 0.3141688982145955 0.7545042277549036E-01
 0.4939116797229075 0.3151023671511944 0.7614443464847792E-01
 0.4938476129835992 0.3159386855851737 0.7676863529915287E-01
 0.4937853616921722 0.3167448060538882 0.7737240821169734E-01
 0.4937087571029569 0.3177281916891330 0.7811176804662293E-01
 0.4936436392856561 0.3185568156131910 0.7873723613607903E-01
 0.4935795385997213 0.3193660796096336 0.7935030539588830E-01
 0.4934969674056511 0.3203993505505482 0.8013621259245240E-01
 0.4934308101761575 0.3212199223746847 0.8076276791777376E-01
 0.4933641841267886 0.3220398867369726 0.8139096086020726E-01
 0.4932876073785463 0.3229745171998666 0.8210958734072089E-01
 0.4932212455972897 0.3237778652465237 0.8272951840151432E-01
 0.4931527427420752 0.3246008270798935 0.8336674225351350E-01
 0.4930770693832259 0.3255026342073670 0.8406745029631828E-01
 0.4930097470027185 0.3262986105859275 0.8468795250593295E-01
 0.4929396574123960 0.3271211162139448 0.8533107979260562E-01
 0.4928632107313206 0.3280111668843517 0.8602926466101268E-01
 0.4927946862854189 0.3288028462252714 0.8665228527175289E-01
 0.4927231667892771 0.3296230630487248 0.8729975968077786E-01
 0.4926453813793722 0.3305082433692383 0.8800073732240964E-01
 0.4925755625737026 0.3312967638475088 0.8862704069986653E-01
 0.4925027171889115 0.3321135303524382 0.8927760594366554E-01
 0.4924232870527634 0.3329973516030370 0.8998371078204802E-01
 0.4923521223125537 0.3337833140332868 0.9061354917366987E-01
 0.4922780289337996 0.3345958178056861 0.9126657165856424E-01
 0.4921966809485365 0.3354811848854614 0.9198032289132614E-01
 0.4921241297072723 0.3362650140000402 0.9261403572375852E-01
 0.4920488496282603 0.3370726553497124 0.9326875237818989E-01
 0.4919653516445868 0.3379618342799874 0.9399165567789584E-01
 0.4918913738782975 0.3387439149185956 0.9462934940293240E-01
 0.4918149347996204 0.3395464775881794 0.9528557204796591E-01
 0.4917290267159001 0.3404418635381045 0.9601982287224865E-01
 0.4916535791477995 0.3412225722025724 0.9666179025606593E-01
 0.4915759821674231 0.3420201101144700 0.9731924141595844E-01
 0.4914874701188449 0.3429232545796778 0.9806577783914693E-01
 0.4914105178818561 0.3437028536372676 0.9871197213243708E-01
 0.4913317315303422 0.3444957408484364 0.9937088799417126E-01
 0.4912404634923525 0.3454076658244561 0.1001307986147349
 0.4911619778460506 0.3461863301335372 0.1007813339115912
 0.4910819542541480 0.3469750706758380 0.1014418086819861
 0.4909879350313724 0.3478951925445566 0.1022142527594937
 0.4909079122263853 0.3486728505463627 0.1028687886968394
 0.4908266023642171 0.3494579389043998 0.1035311702513028
 0.4907298645996966 0.3503854429625037 0.1043157161515140
 0.4906483082118734 0.3511619599411366 0.1049741407909515
 0.4905656826592917 0.3519436797219314 0.1056383983992038
 0.4904663070201725 0.3528773535615772 0.1064336685624819
 0.4903832274662677 0.3536525517583088 0.1070955743012665
 0.4902992651714627 0.3544311065627766 0.1077618502895818
 0.4901972317292497 0.3553707402192863 0.1085679328910675
 0.4901126269159761 0.3561445666831207 0.1092333036028608
 0.4900273144084930 0.3569200796404332 0.1099014622198999
 0.4899226484194059 0.3578650689966403 0.1107174652684759
 0.4898365200617409 0.3586374487518260 0.1113859627330000
 0.4897498463640434 0.3594100239684049 0.1120560398069109
 0.4896424686036718 0.3603607261972984 0.1128824892440396
 0.4895548048170161 0.3611317054756433 0.1135541389256666
 0.4894667485835656 0.3619015289741654 0.1142260085588104
 0.4893567938018064 0.3628564259396501 0.1150611173927590
 0.4892676035703155 0.3636258831376385 0.1157354802482524
 0.4891781566166894 0.3643930340757902 0.1164091153008599
 0.4890661510645801 0.3653473831488271 0.1172488759746465
 0.4889754670699346 0.3661150318867775 0.1179256745738778
 0.4888846830618790 0.3668790950457940 0.1186004293439118
 0.4887703580893731 0.3678350817595218 0.1194462592333927
 0.4886781282260089 0.3686013521027126 0.1201255591834606
 0.4885860250240328 0.3693622248296013 0.1208012686858520
 0.4884691425425722 0.3703216514494872 0.1216549568440833
 0.4883753211862443 0.3710868854820855 0.1223370923286337
 0.4882818948498351 0.3718446356659620 0.1230135891170352
 0.4881623427378858 0.3728081812736567 0.1238753153899320
 0.4880669088503196 0.3735725054056978 0.1245601262988265
 0.4879721459721283 0.3743272737881772 0.1252374973211258
 0.4878498194377094 0.3752955184922730 0.1261080453735531
 0.4877527575330960 0.3760590032644664 0.1267956781941521
 0.4876566467016983 0.3768109023220136 0.1274738476734310
 0.4875314917434667 0.3777839961828250 0.1283529701289731
 0.4874327936942239 0.3785466540088706 0.1290431794879705
 0.4873353160023334 0.3792958515939504 0.1297222690909673
 0.4872072551892551 0.3802741137924032 0.1306105313808214
 0.4871069055540094 0.3810360080105347 0.1313034625280871
 0.4870080345264496 0.3817827162889539 0.1319834904969362
 0.4868771073965938 0.3827655695387041 0.1328799583764150
 0.4867751077288081 0.3835266394484692 0.1335752730837172
 0.4866748237805523 0.3842710161962082 0.1342563313602742
 0.4865410208552177 0.3852582776812475 0.1351610912724131
 0.4864373683877686 0.3860184969230852 0.1358588499243203
 0.4863356570922868 0.3867606535912717 0.1365408732717826
 0.4861989943635651 0.3877519656733228 0.1374531759355860
 0.4860936918941213 0.3885112745775561 0.1381530413609705
 0.4859905384287815 0.3892513263818985 0.1388360922243664
 0.4858509884281174 0.3902466617373805 0.1397561846842559
 0.4857440333018507 0.3910050410394311 0.1404582504210984
 0.4856394328461794 0.3917430252979128 0.1411422275532464
 0.4854974170372840 0.3927392184106739 0.1420667684697399
 0.4853888388438061 0.3934964446945632 0.1427705520374121
 0.4852828150073188 0.3942322207718255 0.1434552817147250
 0.4851411906690454 0.3952095310836276 0.1443660987091288
 0.4850311250708838 0.3959647640880202 0.1450708928386396
 0.4849239190580150 0.3966968133846921 0.1457547815431667
 0.4847882352408306 0.3976183531885629 0.1466167158948109
 0.4846767416060483 0.3983715017010097 0.1473220462231213
 0.4845688251115385 0.3990970162580003 0.1480022967562317
 0.4844426093133521 0.3999412830076426 0.1487948637439147
 0.4843288408206486 0.4006983943775253 0.1495064371653099
 0.4842203070326411 0.4014172744328434 0.1501827385234142
 0.4841016248980441 0.4021996277483785 0.1509194608546394
 0.4839826222699337 0.4029802175419243 0.1516552905112765
 0.4838725289838468 0.4036989558773690 0.1523335424633033
 0.4837578857947015 0.4044439578847161 0.1530373359395596
 0.4836257978972107 0.4052980289378622 0.1538450752294021
 0.4835123700885094 0.4060278241429664 0.1545359851969412
 0.4833986657198465 0.4067560848510681 0.1552260476343588
 0.4832471155272474 0.4077216555268540 0.1561419238336859
 0.4831295825900744 0.4084665449154665 0.1568492804378216
 0.4830148316470078 0.4091905210843446 0.1575374909331168
 0.4828692007691913 0.4101047150720912 0.1584075083068016
 0.4827499143677466 0.4108497436633439 0.1591172827403288
 0.4826346609528083 0.4115663853898561 0.1598005937727509
 0.4825013797242306 0.4123912543842845 0.1605877948451893
 0.4823794045711898 0.4131425602914316 0.1613054835260856
 0.4822635883056670 0.4138527943666213 0.1619845885720533
 0.4821386961663876 0.4146153035242400 0.1627143888540404
 0.4820094201558286 0.4154009266070240 0.1634670320801549
 0.4818915375759503 0.4161141130798421 0.1641508461362093
 0.4817705038759358 0.4168432288090505 0.1648504490451496
 0.4816204279485155 0.4177429424127905 0.1657144777604147
 0.4814980568267188 0.4184730414912858 0.1664162681102500
 0.4813771882740418 0.4191911085593668 0.1671070957161150
 0.4812219898772393 0.4201087119615906 0.1679907380422020
 0.4810963384761275 0.4208480309942033 0.1687033196043568
 0.4809749791376945 0.4215590858434817 0.1693891334103569
 0.4808347501556860 0.4223770608784893 0.1701786421517975
 0.4807062591589700 0.4231231831171944 0.1708993777980810
 0.4805844221327678 0.4238277140951170 0.1715804950402484
 0.4804536505677361 0.4245807481617063 0.1723091197770332
 0.4803165317142916 0.4253668580805582 0.1730703899951186
 0.4801923394168662 0.4260758259259055 0.1737574609803487
 0.4800655985781965 0.4267964042689472 0.1744562404325501
 0.4799043552761978 0.4277089071173502 0.1753418222517449
 0.4797750822624424 0.4284370995841707 0.1760491412232442
 0.4796483637067664 0.4291480141958827 0.1767402429354293
 0.4794927315669206 0.4300172724046322 0.1775860242919610
 0.4793605314449801 0.4307523458926378 0.1783018298569554
 0.4792337080563531 0.4314547001691483 0.1789862224733678
 0.4790928034262737 0.4322318321406050 0.1797439780700547
 0.4789554768147273 0.4329860211605994 0.1804799005709040
 0.4788275153857993 0.4336859582179399 0.1811634073469938
 0.4786940109903723 0.4344133477801738 0.1818742753025896
 0.4785402842335521 0.4352473319033736 0.1826899714981989
 0.4784082757951736 0.4359604637718097 0.1833879529660707
 0.4782768267792976 0.4366678249813962 0.1840806813603887
 0.4781111569329789 0.4375554760404181 0.1849505250945305
 0.4779742846965981 0.4382856203395306 0.1856665322431391
 0.4778426870683766 0.4389849195353606 0.1863527636891685
 0.4776947929330320 0.4397676836022237 0.1871214465093059
 0.4775534290621513 0.4405128189812271 0.1878536611250146
 0.4774210109586161 0.4412081126128423 0.1885372641135933
 0.4772821136417248 0.4419346626588898 0.1892519441834457
 0.4771253736125893 0.4427511837686628 0.1900555711950706
 0.4769890428208420 0.4434585187619468 0.1907521708961628
 0.4768529138433267 0.4441621747091847 0.1914455849899411
 0.4766813400899085 0.4450453412498599 0.1923165020634023
 0.4765395672463009 0.4457720266327141 0.1930335556149867
 0.4764033753687852 0.4464675081657236 0.1937201477336606
 0.4762509754696144 0.4472427725727250 0.1944858730160290
 0.4761042066096527 0.4479864429959498 0.1952208016586905
 0.4759671007042613 0.4486785656602158 0.1959051999854232
 0.4758239461111001 0.4493985841228814 0.1966176295932708
 0.4756594148540063 0.4502228257947539 0.1974337139658524
 0.4755178945941491 0.4509290024804121 0.1981332925780532
 0.4753773466862437 0.4516278021463114 0.1988258743083303
 0.4752057030742843 0.4524778322342812 0.1996687588761077
 0.4750587857501232 0.4532024931077993 0.2003877377093488
 0.4749183376935422 0.4538927556328223 0.2010729818700404
 0.4747646312614924 0.4546454190148413 0.2018206173602912
 0.4746101912729434 0.4553987986739198 0.2025693814915477
 0.4744680479619929 0.4560896720708165 0.2032563274985257
 0.4743219885629765 0.4567970869966735 0.2039599839434528
 0.4741393586656207 0.4576781091056047 0.2048367079922664
 0.4739912171529230 0.4583899168517062 0.2055454028042398
 0.4738462928952241 0.4590838307077857 0.2062366272617485
 0.4736749592144316 0.4599011206571715 0.2070511763129615
 0.4735225553744153 0.4606253406758996 0.2077732967519819
 0.4733777758316732 0.4613109381211662 0.2084571362251245
 0.4732224070738761 0.4620441133954806 0.2091886560895679
 0.4730591626104763 0.4628116194461300 0.2099547083133547
 0.4729116344355406 0.4635027608836374 0.2106448379491796
 0.4727622796429532 0.4642000909474720 0.2113414690245312
 0.4725595179383397 0.4651430011102710 0.2122839337631651
 0.4724045058905353 0.4658609587035683 0.2130018793841634
 0.4722549747968837 0.4665511741120743 0.2136923065892657
 0.4720811394628736 0.4673506948249249 0.2144923482951150
 0.4719232284177353 0.4680743178237934 0.2152167471435465
 0.4717738541875611 0.4687565157184697 0.2158999931909248
 0.4716152053952362 0.4694786394582122 0.2166235833541648
 0.4714438194047691 0.4702559518370167 0.2174028538078828
 0.4712909182955918 0.4709470070547167 0.2180959243776893
 0.4711375195310190 0.4716380402398864 0.2187891902061150
 0.4709464975586986 0.4724954102403261 0.2196496338004313
 0.4707865275668392 0.4732107481135152 0.2203678398754417
 0.4706335102018843 0.4738927488306814 0.2210528743046375
 0.4704656544142234 0.4746383809101288 0.2218021625161260
 0.4702981365485675 0.4753799247838572 0.2225476482807855
 0.4701435156282578 0.4760621062206398 0.2232336648336428
 0.4699849875736112 0.4767592822402693 0.2239349268182134
 0.4697835338131879 0.4776419922169229 0.2248230588056014
 0.4696217961471662 0.4783480756629520 0.2255337270690305
 0.4694645533952241 0.4790323355559178 0.2262226764499826
 0.4692830709036780 0.4798194055671103 0.2270154340604701
 0.4691165107669518 0.4805392628694394 0.2277407154468046
 0.4689593211074889 0.4812164511919585 0.2284231434213930
 0.4687936061327319 0.4819281057644634 0.2291404182648308
 0.4686102788999748 0.4827127160702859 0.2299313812993555
 0.4684487427048271 0.4834017536037827 0.2306261822411627
 0.4682879507407028 0.4840854864192267 0.2313158414202257
 0.4680960899505185 0.4848985772783944 0.2321362445404950
 0.4679273835281357 0.4856110875507983 0.2328553501030066
 0.4677669814225631 0.4862864155835798 0.2335370417175138
 0.4675953563690032 0.4870067373883195 0.2342642525456270
 0.4674142268904065 0.4877644418959621 0.2350293471696147
 0.4672506139211037 0.4884466769916057 0.2357184148009212
 0.4670859911971540 0.4891310392212361 0.2364098377634760
 0.4668811347894224 0.4899797674473181 0.2372676030552433
 0.4667097855363878 0.4906872342078416 0.2379827873963136
 0.4665458592342699 0.4913619919956604 0.2386650124069914
 0.4663671797721034 0.4920952016172456 0.2394064357937820
 0.4661870449296728 0.4928320021455388 0.2401516236190975
 0.4660211333078120 0.4935085292959258 0.2408360151110353
 0.4658521943576276 0.4941953527097644 0.2415310093487248
 0.4656262479757092 0.4951107400643888 0.2424575503689034
 0.4654518394444889 0.4958148484668344 0.2431703740384019
 0.4652836005193732 0.4964920202415645 0.2438559838145267
 0.4650923995012805 0.4972592180225783 0.2446327916661284
 0.4649137696197476 0.4979736893253323 0.2453562920899797
 0.4647455005373897 0.4986447192385931 0.2460359142831111
 0.4645701044779780 0.4993421213816104 0.2467423817964075
 0.4643656722136015 0.5001523595412376 0.2475632957709483
 0.4641916968920110 0.5008396872027449 0.2482597427429029
 0.4640202862383866 0.5015149226861948 0.2489439480254239
 0.4638231488887216 0.5022891186038886 0.2497284339501338
 0.4636419267367407 0.5029985818841215 0.2504473708373030
 0.4634707240909658 0.5036668739953871 0.2511246720090072
 0.4632913440043993 0.5043650752446349 0.2518323971651552
 0.4630867462049543 0.5051589398382128 0.2526372040012774
 0.4629102796631488 0.5058415373574968 0.2533292530372097
 0.4627357050152814 0.5065149063795434 0.2540119424315163
 0.4625346430193022 0.5072881079477591 0.2547958362942657
 0.4623502921516389 0.5079948680645141 0.2555123999048238
 0.4621761388677330 0.5086606357372623 0.2561874750892603
 0.4619935263165525 0.5093567784298833 0.2568934479927308
 0.4617847696977305 0.5101501436044694 0.2576981118038590
 0.4616051367216345 0.5108307585922786 0.2583884448630853
 0.4614275275798852 0.5115018407067411 0.2590690858823920
 0.4612237971531388 0.5122693557809612 0.2598474934465401
 0.4610358985969105 0.5129751006711072 0.2605632488529611
 0.4608587254862880 0.5136387070824930 0.2612363041072968
 0.4606733699136969 0.5143310504289041 0.2619385606552107
 0.4604572941597376 0.5151356943718951 0.2627547636174090
 0.4602739530823479 0.5158163900629797 0.2634452078490755
 0.4600934057714692 0.5164848915032410 0.2641232062134239
 0.4598875706663271 0.5172448373200593 0.2648938392815166
 0.4596958851454956 0.5179504644830507 0.2656093160763840
 0.4595156628588289 0.5186120804250168 0.2662801440736619
 0.4593277481089063 0.5193000795728770 0.2669777203257541
 0.4591020839059682 0.5201238039326446 0.2678128813830813
 0.4589148250478906 0.5208052993012585 0.2685037577442461
 0.4587313424351389 0.5214712711260876 0.2691787807608817
 0.4585231049440271 0.5222249758202138 0.2699425800512192
 0.4583277672552831 0.5229299601877965 0.2706568974768657
 0.4581445416486333 0.5235894594620675 0.2713250768886057
 0.4579540955158948 0.5242731441944347 0.2720177331027708
 0.4577194988240609 0.5251128184464501 0.2728683644883412
 0.4575284938752638 0.5257944410689497 0.2735587759645340
 0.4573420956556235 0.5264578844551883 0.2742306371643340
 0.4571312119714946 0.5272064231110992 0.2749885003669162
 0.4569322272288160 0.5279107412352172 0.2757014583776633
 0.4567459470000737 0.5285683581735620 0.2763670705206082
 0.4565528999823070 0.5292481088673637 0.2770550395021696
 0.4563111554816174 0.5300968330827617 0.2779139390975706
 0.4561164271660749 0.5307784875894113 0.2786036420734694
 0.4559270659643079 0.5314396535536223 0.2792724629276890
 0.4557138464487548 0.5321821306577909 0.2800233439242295
 0.4555109057642496 0.5328868704596101 0.2807359003162078
 0.4553214815290533 0.5335429748503893 0.2813991812265430
 0.4551259824743183 0.5342184143596794 0.2820819282706824
 0.4548747889189336 0.5350837520253577 0.2829564776501542
 0.4546760268828020 0.5357664730884180 0.2836462820421129
 0.4544836721675699 0.5364255212589411 0.2843119593585091
 0.4542679881765607 0.5371625682641858 0.2850561558725034
 0.4540611307943291 0.5378675483976756 0.2857677368533036
 0.4538686010633102 0.5385220369548610 0.2864281844218258
 0.4536705866007460 0.5391935109843849 0.2871056270233521
 0.4534094061890789 0.5400766300313548 0.2879963510926360
 0.4532067431455469 0.5407599018410559 0.2886852609635051
 0.4530114148503641 0.5414168167688252 0.2893473503215904
 0.4527927847444668 0.5421502178388695 0.2900862344678776
 0.4525822860582210 0.5428544788191536 0.2907955051034192
 0.4523866760980643 0.5435073008900692 0.2914527972746420
 0.4521858515050621 0.5441759082677368 0.2921258441139410
 0.4519165178154982 0.5450700506287515 0.2930256980627374
 0.4517101988017195 0.5457530320885312 0.2937128212747790
 0.4515118231116735 0.5464081257083020 0.2943716669407817
 0.4512899278008434 0.5471390512440639 0.2951065142346911
 0.4510758211544324 0.5478424960226004 0.2958135009422865
 0.4508771095208346 0.5484937689259796 0.2964678926251925
 0.4506734575784125 0.5491596547924034 0.2971368332246581
 0.4503997904879604 0.5500519734877352 0.2980330091831282
 0.4501898886546201 0.5507344538068896 0.2987181943230368
 0.4499885868144977 0.5513874140068115 0.2993734893649285
 0.4497646282910504 0.5521120860373075 0.3001004399392919
 0.4495461336228330 0.5528172856218497 0.3008075609281729
 0.4493441871209821 0.5534675122847116 0.3014593374164096
 0.4491381237241261 0.5541294575530723 0.3021226660381676
 0.4488746823269877 0.5549734761436912 0.3029681484384141
 0.4486616967577433 0.5556540162337930 0.3036495724899174
 0.4484582337642766 0.5563026152853143 0.3042987219692153
 0.4482372355721311 0.5570054487408537 0.3050018132951897
 0.4480099694952347 0.5577264214177778 0.3057227117070774
 0.4478038590365453 0.5583787186628170 0.3063746932540257
 0.4475965275133704 0.5590333918312399 0.3070288487999416
 0.4473507742967354 0.5598074660972401 0.3078020569913899
 0.4471331084438515 0.5604913440075396 0.3084849054287365
 0.4469274264326621 0.5611360904326264 0.3091284124565716
 0.4467114164836016 0.5618116742420113 0.3098023953758457
 0.4464596872403110 0.5625969994219037 0.3105854897990497
 0.4462466180699148 0.5632600685965019 0.3112464114458801
 0.4460377986582498 0.5639084574724742 0.3118925035628912
 0.4458030465095481 0.5646356599111806 0.3126169050580860
 0.4455774062142336 0.5653329438340435 0.3133112438477725
 0.4453680522287140 0.5659784258542511 0.3139537237185466
 0.4451538163597734 0.5666375016771971 0.3146094251244789
 0.4448737542087450 0.5674968777769412 0.3154639312857261
 0.4446526861380162 0.5681734756149984 0.3161363603076718
 0.4444414134386446 0.5688186584015676 0.3167773305649545
 0.4442108721700951 0.5695210933971847 0.3174749264342247
 0.4439762907819278 0.5702341466292273 0.3181827682487278
 0.4437627381029305 0.5708818057344851 0.3188253870562742
 0.4435476320945622 0.5715327656182524 0.3194709535185960
 0.4432919379632759 0.5723047262410277 0.3202360929503263
 0.4430660837358760 0.5729849577512340 0.3209099725042447
 0.4428528053844136 0.5736259104137186 0.3215446947799691
 0.4426291160255483 0.5742966963204978 0.3222087343691377
 0.4423659469487955 0.5750839781783521 0.3229877944538735
 0.4421447761880776 0.5757440481176838 0.3236406801868398
 0.4419285890979157 0.5763878664780232 0.3242772032157628
 0.4416871283205959 0.5771053514424633 0.3249862183579583
 0.4414522313239522 0.5778017233102104 0.3256740618206028
 0.4412351237828747 0.5784439548565651 0.3263082061995511
 0.4410139697709114 0.5790967804530733 0.3269526258436489
 0.4407369462167252 0.5799125815461964 0.3277576576681724
 0.4405075686893832 0.5805864439694509 0.3284223606335107
 0.4402893491531683 0.5812261679064181 0.3290531248461273
 0.4400559332495928 0.5819089839289505 0.3297260725001107
 0.4398044415677783 0.5826430030207371 0.3304491498451010
 0.4395814825186380 0.5832923021777484 0.3310885227450674
 0.4393602076000626 0.5839353646220089 0.3317215586888099
 0.4391084288254993 0.5846654724299730 0.3324400534933746
 0.4388709141853847 0.5853526620915721 0.3331160590620678
 0.4386497162898678 0.5859912943868550 0.3337440362170673
 0.4384227145184939 0.5866453392517170 0.3343868830905323
 0.4381183981233702 0.5875200240872007 0.3352461592000112
 0.4378844148667997 0.5881909119199656 0.3359049485632252
 0.4376607887797607 0.5888307787552796 0.3365330999282257
 0.4374154614744406 0.5895312599657242 0.3372205822505437
 0.4371688759592695 0.5902337831407352 0.3379098720235699
 0.4369435540873889 0.5908743753152844 0.3385381932504875
 0.4367163649076859 0.5915189782185764 0.3391702284225260
 0.4364460974931417 0.5922841199468631 0.3399201731499131
 0.4362070878281150 0.5929592517565536 0.3405816864245086
 0.4359818100491666 0.5935942991752390 0.3412037901574235
 0.4357465292493982 0.5942562099565351 0.3418520970978275
 0.4354591623638508 0.5950628150622739 0.3426419531162463
 0.4352241620380679 0.5957209402703912 0.3432862260134404
 0.4349958836883943 0.5963589621602009 0.3439106175140778
 0.4347428664016408 0.5970646646706592 0.3446009971954223
 0.4344932450205398 0.5977593974069545 0.3452804151812224
 0.4342637830731497 0.5983967188867452 0.3459035258235718
 0.4340315274599971 0.5990405344291690 0.3465328581357296
 0.4337513359112248 0.5998155451013714 0.3472902657210939
 0.4335080983172321 0.6004868570159617 0.3479461479797802
 0.4332783753758629 0.6011196111604322 0.3485641682681796
 0.4330374515472580 0.6017819113794219 0.3492108336231566
 0.4327520898582297 0.6025646523793391 0.3499748444724212
 0.4325135053103791 0.6032176626114885 0.3506120753282824
 0.4322809198796725 0.6038530138959490 0.3512319884541045
 0.4320232585900294 0.6045554442696571 0.3519172773067288
 0.4317685579866392 0.6052483443112998 0.3525931797680692
 0.4315346156869695 0.6058835017796522 0.3532126481118040
 0.4312980688953943 0.6065245003731553 0.3538376865099401
 0.4310140624362655 0.6072924814683880 0.3545863858348738
 0.4307657298612619 0.6079625528420023 0.3552395331503978
 0.4305315761209485 0.6085931387511435 0.3558541511744723
 0.4302869126939076 0.6092507622793716 0.3564951049504702
 0.4299876200547843 0.6100534735995108 0.3572774314132185
 0.4297432185989995 0.6107075464695099 0.3579148207866012
 0.4295060923172189 0.6113409373380430 0.3585319557224899
 0.4292443837980744 0.6120386121024699 0.3592115993090979
 0.4289838267582656 0.6127317889344844 0.3598867580940596
 0.4287451688778691 0.6133654625177326 0.3605039139580086
 0.4285044967664293 0.6140032866004076 0.3611251022735907
 0.4282192285635448 0.6147577492642999 0.3618598850072426
 0.4279655583666614 0.6154272395140346 0.3625118856876924
 0.4277270889168354 0.6160554134971061 0.3631235963397081
 0.4274794066068001 0.6167066330855641 0.3637576806922946
 0.4271656727663472 0.6175297404158445 0.3645590615922552
 0.4269153118380903 0.6181851657026450 0.3651971896256584
 0.4266739592816382 0.6188158229818984 0.3658112552605893
 0.4264093113783205 0.6195060212831547 0.3664833778941099
 0.4261421395402631 0.6202013981555655 0.3671606165407198
 0.4258986208379798 0.6208339900199310 0.3677767380385465
 0.4256539942348299 0.6214682923872068 0.3683945275107416
 0.4253690539220747 0.6222056583447240 0.3691126983327298
 0.4251094432763640 0.6228761089350168 0.3697657290854205
 0.4248664085121829 0.6235025764999279 0.3703759881930145
 0.4246159472493978 0.6241470038761349 0.3710038366519271
 0.4242772017853068 0.6250166826797953 0.3718512819344381
 0.4240196527722731 0.6256764474362400 0.3724942435073716
 0.4237737432304869 0.6263052295439479 0.3731070264244110
 0.4235051918900952 0.6269906117235013 0.3737749772854457
 0.4232319838496091 0.6276864991829616 0.3744532059853330
 0.4229837711962467 0.6283175210997390 0.3750682985379763
 0.4227350292926508 0.6289487481513298 0.3756837113988912
 0.4224478238803812 0.6296761702424685 0.3763930779779281
 0.4221828337134131 0.6303459900069964 0.3770464152512006
 0.4219354315269901 0.6309702003791718 0.3776553610669694
 0.4216815218080945 0.6316096785434017 0.3782792810244066
 0.4213489124747020 0.6324456088291417 0.3790950169672446
 0.4210865494884460 0.6331035957291138 0.3797372739917845
 0.4208370605022736 0.6337281588135308 0.3803470864481178
 0.4205693051919393 0.6343972221794399 0.3810005635720664
 0.4202827695643664 0.6351118131354975 0.3816987367055407
 0.4200281681114146 0.6357455545966476 0.3823180770772466
 0.4197760599654647 0.6363719743644541 0.3829303762430015
 0.4194937653844870 0.6370720882175411 0.3836148330309618
 0.4192196564188232 0.6377505822415126 0.3842783061770188
 0.4189669037100693 0.6383750678075584 0.3848891408333378
 0.4187111069150955 0.6390059602451447 0.3855064445790379
 0.4184057538069322 0.6397576166857186 0.3862421861992494
 0.4181366425722753 0.6404187486542317 0.3868895435177198
 0.4178836742177158 0.6410391069860405 0.3874971377827039
 0.4176212720311955 0.6416814635642329 0.3881264296467871
 0.4172838551015038 0.6425057627356596 0.3889342217846727
 0.4170174320405266 0.6431552875418460 0.3895710022676916
 0.4167616547598733 0.6437777525974833 0.3901815212552304
 0.4164834091183174 0.6444536722798302 0.3908447907652430
 0.4161968076866663 0.6451485615742993 0.3915270128328250
 0.4159378478967835 0.6457752773361322 0.3921425657384819
 0.4156795466277280 0.6463993128903526 0.3927557053082791
 0.4153868683787779 0.6471050951146889 0.3934494226926197
 0.4151083107130568 0.6477755439342989 0.3941086935209222
 0.4148501857924321 0.6483957028497854 0.3947187979453254
 0.4145879612937698 0.6490246214508654 0.3953378285537097
 0.4142702959157452 0.6497850446610829 0.3960867139883455
 0.4139953490871019 0.6504419191725122 0.3967339599628288
 0.4137364101806453 0.6510594600749268 0.3973427015690535
 0.4134667995473179 0.6517013340790941 0.3979756746018622
 0.4131292855955009 0.6525032686992233 0.3987668686680024
 0.4128578091052289 0.6531470132850659 0.3994023540342612
 0.4125964131291479 0.6537657767077627 0.4000135346879896
 0.4123125471721014 0.6544365375660428 0.4006764999094851
 0.4120185058338685 0.6551300388219187 0.4013624017989883
 0.4117536040114817 0.6557536831123353 0.4019795871283343
 0.4114900634481689 0.6563730633919470 0.4025928827084815
 0.4111943147284009 0.6570668873516597 0.4032802814909539
 0.4109076398566698 0.6577381649578506 0.4039457674839536
 0.4106432614129400 0.6583561392068422 0.4045588199734457
 0.4103760316802242 0.6589797156719459 0.4051778563050321
 0.4100614051999857 0.6597125280797260 0.4059058794855648
 0.4097786502416426 0.6603698540244630 0.4065593747117012
 0.4095137131571941 0.6609846867046152 0.4071709784477692
 0.4092407413996728 0.6616170852158990 0.4078003836088506
 0.4088682345167171 0.6624783180169679 0.4086580791640244
 0.4085870727643871 0.6631270221748584 0.4093045725343359
 0.4083198967571614 0.6637423950938192 0.4099182500835557
 0.4080316886610911 0.6644050534604738 0.4105795419715002
 0.4077280069157906 0.6651019958080518 0.4112755516982776
 0.4074565585712822 0.6657238443761576 0.4118969778145814
 0.4071877695020331 0.6663385644563190 0.4125116393691309
 0.4068896901922677 0.6670190700648733 0.4131924999795618
 0.4065936655960151 0.6676936397608915 0.4138678953421662
 0.4063226516976383 0.6683101324926454 0.4144856049754537
 0.4060503996372758 0.6689284029235778 0.4151055778926818
 0.4057374296751327 0.6696378601801489 0.4158175978105990
 0.4054461578452914 0.6702969044643378 0.4164795827642279
 0.4051750383281179 0.6709092929556648 0.4170951512347272
 0.4048984778400141 0.6715329239669926 0.4177224375613641
 0.4045553028150257 0.6723053033027577 0.4184999285418748
 0.4042670311311764 0.6729528643448665 0.4191523092066363
 0.4039953734136872 0.6735620657884901 0.4197665293818620
 0.4037120252280423 0.6741964136331081 0.4204066273322746
 0.4033598727559498 0.6749832811619783 0.4212013661432322
 0.4030749990035522 0.6756185930199023 0.4218435991981075
 0.4028011454467119 0.6762282997855824 0.4224603973759285
 0.4025064427241167 0.6768833032424544 0.4231235059643954
 0.4021912778238615 0.6775825039012661 0.4238319494888715
 0.4019114006654484 0.6782023115502265 0.4244605118045698
 0.4016350484850952 0.6788132955332156 0.4250806850246093
 0.4013299082425576 0.6794867566095096 0.4257649386524016
 0.4010243458755897 0.6801599233035198 0.4264495718152340
 0.4007456409163548 0.6807728561510562 0.4270734988841374
 0.4004667159709335 0.6813852584915208 0.4276973811955176
 0.4001507715757160 0.6820777189971677 0.4284034062358922
 0.3998495616990987 0.6827366825571277 0.4290758732261752
 0.3995710535438164 0.6833449401070832 0.4296971422557138
 0.3992894930344645 0.6839588509146132 0.4303247412853379
 0.3989611540909634 0.6846734750769600 0.4310560019602696
 0.3986618513099184 0.6853237046967563 0.4317219948418063
 0.3983824316638452 0.6859297114202041 0.4323431935311625
 0.3980966542378711 0.6865484847165136 0.4329779567722046
 0.3977383407961700 0.6873228601870843 0.4337730385219605
 0.3974405791615028 0.6879651464218949 0.4344331351752765
 0.3971596841406986 0.6885700338764525 0.4350553741558483
 0.3968658389675095 0.6892017559004189 0.4357058491058547
 0.3965097396288838 0.6899658775436349 0.4364935183932816
 0.3962165115516993 0.6905939114228820 0.4371415842009391
 0.3959340311990424 0.6911979235491463 0.4377654069264072
 0.3956310564941716 0.6918446682483101 0.4384339402219604
 0.3953025703573478 0.6925446017218763 0.4391581403802555
 0.3950132351825010 0.6931600231680320 0.4397955205032873
 0.3947291439720293 0.6937633010435467 0.4404209161126298
 0.3944202444750895 0.6944181513556715 0.4411004454187299
 0.3940976368096062 0.6951008333861878 0.4418095714541103
 0.3938081365149936 0.6957123907058436 0.4424453970229493
 0.3935213720513528 0.6963171791443449 0.4430746913312716
 0.3932046624127316 0.6969839818343790 0.4437690887335651
 0.3928870379908255 0.6976515128404651 0.4444648804353104
 0.3925975641378825 0.6982588407363793 0.4450985207053640
 0.3923082179769200 0.6988649122241312 0.4457314616448939
 0.3919821665868584 0.6995466871426931 0.4464442142248300
 0.3916684327678933 0.7002015294571121 0.4471295473006321
 0.3913792057021677 0.7008042013765206 0.4477608892460491
 0.3910879015009889 0.7014102171741151 0.4483962978401200
 0.3907541913813500 0.7021032425699664 0.4491236243958047
 0.3904414661950865 0.7027515196822756 0.4498046773826299
 0.3901513534397500 0.7033519142689105 0.4504360542369097
 0.3898575059378502 0.7039590531615056 0.4510751575600775
 0.3895146155491218 0.7046662742370103 0.4518204091226461
 0.3892019452469693 0.7053099973282063 0.4524994540705626
 0.3889102009861054 0.7059096366923077 0.4531325563871126
 0.3886123363706615 0.7065208617341256 0.4537784164672187
 0.3882465447474066 0.7072701058756201 0.4545708395495820
 0.3879351815880437 0.7079066809428965 0.4552447630835512
 0.3876423780686297 0.7085043212316882 0.4558780651313344
 0.3873388744179219 0.7091227920821978 0.4565340799870010
 0.3869407042487051 0.7099326189582095 0.4573940520186752
 0.3866312084463399 0.7105608809446439 0.4580619527980230
 0.3863369029061189 0.7111573271994529 0.4586965915180446
 0.3860240409830517 0.7117903360273337 0.4593707142829707
 0.3856718436609258 0.7125016486412813 0.4601289517102283
 0.3853681333558574 0.7131139476616902 0.4607822896785016
 0.3850723646565468 0.7137092716258600 0.4614181143300529
 0.3847546867415731 0.7143476381905538 0.4621005721119114
 0.3844085724441679 0.7150419060282720 0.4628435398431583
 0.3841042940318652 0.7156511904495024 0.4634961573393167
 0.3838058118013511 0.7162479037461176 0.4641358088548704
 0.3834817991833832 0.7168945784079046 0.4648295579516732
 0.3831421146668060 0.7175713310608481 0.4655561982771486
 0.3828381126729668 0.7181759552771614 0.4662059752143274
 0.3825377518661713 0.7187723777831605 0.4668475153055210
 0.3822085011478804 0.7194250741796524 0.4675502646615492
 0.3818724966674485 0.7200899851326368 0.4682668822904811
 0.3815687250307050 0.7206900942311583 0.4689142478066192
 0.3812674499410275 0.7212843206421353 0.4695557877905138
 0.3809367560591624 0.7219354856325487 0.4702593798649385
 0.3805989572476742 0.7225994713507186 0.4709774628408828
 0.3802934854970120 0.7231989001174961 0.4716263098163208
 0.3799905454849332 0.7237924128836579 0.4722693159908659
 0.3796585170007176 0.7244418343747642 0.4729735325148063
 0.3793174462858357 0.7251077690541002 0.4736963125221385
 0.3790093971279486 0.7257082119225418 0.4743485314917467
 0.3787037449266567 0.7263030312949893 0.4749950908846440
 0.3783669784608814 0.7269573076758307 0.4757067804882255
 0.3780266943765404 0.7276172580225528 0.4764251978623061
 0.3777176761557417 0.7282155643275622 0.4770770358339362
 0.3774100736815013 0.7288101811294323 0.4777253885539107
 0.3770687587812024 0.7294688626501551 0.4784442380138543
 0.3767298096569330 0.7301218335739759 0.4791575081982511
 0.3764205658472101 0.7307165865359290 0.4798077169762288
 0.3761123077038463 0.7313085050768828 0.4804553004725332
 0.3757712436316434 0.7319623293190430 0.4811711444369164
 0.3754291926161941 0.7326169013241713 0.4818883791488449
 0.3751179940837014 0.7332114399659846 0.4825403543499666
 0.3748085239094744 0.7338017425474057 0.4831881925852156
 0.3744684950659851 0.7344492642765875 0.4838994052781743
 0.3741208658269762 0.7351101050592070 0.4846258335521148
 0.3738064015896586 0.7357068974963055 0.4852823177232363
 0.3734943400105316 0.7362981926552472 0.4859331493270307
 0.3731512159024570 0.7369472710600433 0.4866480220149125
 0.3728022313570633 0.7376062857033111 0.4873743350466755
 0.3724860306689314 0.7382023944242080 0.4880317945944907
 0.3721717979734401 0.7387938566701079 0.4886846165620997
 0.3718245961645477 0.7394462929811301 0.4894053215735021
 0.3714764369419539 0.7400993919325107 0.4901273563215427
 0.3711598620519487 0.7406922586421345 0.4907832825264977
 0.3708451160454262 0.7412807740395155 0.4914348117144711
 0.3704990007319872 0.7419268815831555 0.4921505551050595
 0.3701469356342240 0.7425829581632354 0.4928778331213345
 0.3698284520974731 0.7431754703435419 0.4935350927715489
 0.3695131241531872 0.7437611933343068 0.4941852505173533
 0.3691701328067586 0.7443972670807354 0.4948917763173576
 0.3688092718160385 0.7450653208012148 0.4956343231753199
 0.3684868177664455 0.7456612708096506 0.4962971096442191
 0.3681691272460428 0.7462474957044292 0.4969493962385294
 0.3678248482264391 0.7468817548438332 0.4976554701524336
 0.3674594548513322 0.7475537464756594 0.4984039604670860
 0.3671341013656898 0.7481510942222382 0.4990697118093106
 0.3668136674105777 0.7487384858980167 0.4997247782822510
 0.3664651614610345 0.7493762994923296 0.5004365606448641
 0.3661011362673522 0.7500413655055593 0.5011792808481652
 0.3657752073391885 0.7506358371031774 0.5018435809714124
 0.3654538921502098 0.7512209781280741 0.5024978020973812
 0.3651053023413631 0.7518547641668768 0.5032067767901792
 0.3647379252269939 0.7525215587495119 0.5039530911980145
 0.3644106255339399 0.7531146222901812 0.5046172643411331
 0.3640892662193246 0.7536960175231603 0.5052687438423691
 0.3637442371035082 0.7543192414151179 0.5059675140597740
 0.3633652879720607 0.7550025528222679 0.5067341349051511
 0.3630338449279540 0.7555991917582807 0.5074038911049078
 0.3627106128092928 0.7561801449310672 0.5080563467106706
 0.3623656575396685 0.7567991593086930 0.5087518735626766
 0.3619787555907484 0.7574922437099960 0.5095310512466575
 0.3616431331155063 0.7580924417307294 0.5102062123902682
 0.3613164932984172 0.7586756640359662 0.5108626772686964
 0.3609670656533648 0.7592985819814873 0.5115642715151276
 0.3605820796207317 0.7599837054982953 0.5123364357491836
 0.3602452593896560 0.7605820987254549 0.5130112328147510
 0.3599166857104962 0.7611649324854781 0.5136687732114916
 0.3595645090204690 0.7617886410904225 0.5143727061048103
 0.3591802092263645 0.7624680723262972 0.5151398473436470
 0.3588432144046927 0.7630628706073901 0.5158117223106072
 0.3585148116799233 0.7636416088777894 0.5164657428706971
 0.3581650526618446 0.7642570149677832 0.5171615254794349
 0.3577714121316984 0.7649484413452206 0.5179436455128522
 0.3574314763978731 0.7655445254988159 0.5186182187159549
 0.3571022934330358 0.7661208654631859 0.5192706878031584
 0.3567544843920500 0.7667288693466964 0.5199592500221645
 0.3563447542181414 0.7674438737720631 0.5207693370736072
 0.3559992464225555 0.7680457646457096 0.5214515998654075
 0.3556666232505325 0.7686243128598084 0.5221077210196916
 0.3553153933935698 0.7692342726683773 0.5227998127754079
 0.3549044667607593 0.7699466675196075 0.5236085518762159
 0.3545560377247904 0.7705496737375876 0.5242934050922364
 0.3542199295526848 0.7711304551778925 0.5249532219088786
 0.3538631909191798 0.7717459200144230 0.5256526291557698
 0.3534611898308033 0.7724382875351424 0.5264396596163953
 0.3531135970243701 0.7730359378200169 0.5271192534270058
 0.3527767459547497 0.7736142286317079 0.5277770749402152
 0.3524189547402073 0.7742275123139983 0.5284749879338277
 0.3520157860957956 0.7749174005824306 0.5292604291603537
 0.3516677808705415 0.7755118967066480 0.5299375403114506
 0.3513312928353430 0.7760858416000918 0.5305914562708507
 0.3509766048491252 0.7766899004057559 0.5312798884327831
 0.3505547430042048 0.7774071235260757 0.5320975700110147
 0.3502017129995340 0.7780062935801081 0.5327809184412123
 0.3498633982285090 0.7785796116860154 0.5334350203821785
 0.3495090197509969 0.7791792346221599 0.5341193841709372
 0.3490654037658884 0.7799285333537336 0.5349748981522811
 0.3487062531837360 0.7805340950011626 0.5356665048337594
 0.3483637541328128 0.7811106930078179 0.5363251573583616
 0.3480034275718587 0.7817163717395448 0.5370171394992013
 0.3475770261933823 0.7824318870204199 0.5378347733048338
 0.3472178471540374 0.7830335707611433 0.5385225150302801
 0.3468721848986958 0.7836117254083198 0.5391835682799317
 0.3465059317557349 0.7842233751965233 0.5398831670876090
 0.3460916762736713 0.7849140220245001 0.5406734217262268
 0.3457339183025903 0.7855094823388599 0.5413549788842055
 0.3453878677137629 0.7860845834642242 0.5420133801079283
 0.3450217646047209 0.7866920784927132 0.5427089894886347
 0.3446017470281727 0.7873878617707839 0.5435058329923184
 0.3442426901403898 0.7879816685421149 0.5441860198559320
 0.3438972370755548 0.7885521178615196 0.5448395846756345
 0.3435353035480131 0.7891488804899788 0.5455234454706113
 0.3430842564987370 0.7898912895863368 0.5463744046064268
 0.3427188983286953 0.7904916158941589 0.5470626286560437
 0.3423714286903902 0.7910616876785416 0.5477162393395411
 0.3420088285386786 0.7916556907940385 0.5483973500140806
 0.3415365809159502 0.7924279548340896 0.5492829815292730
 0.3411654204852352 0.7930338351946780 0.5499779442927798
 0.3408131467696338 0.7936080121398568 0.5506366923075643
 0.3404429403728698 0.7942105050154183 0.5513280962186696
 0.3400021914150024 0.7949265871287484 0.5521500481196523
 0.3396318388406004 0.7955272791696224 0.5528396587440649
 0.3392759682446073 0.7961036101904868 0.5535013437060111
 0.3388996952266312 0.7967120567530920 0.5541999121757001
 0.3384715247818537 0.7974032698831743 0.5549935227485947
 0.3381026884486997 0.7979977170073297 0.5556760812928879
 0.3377465566670414 0.7985708305077447 0.5563342288541379
 0.3373703023303543 0.7991754142746504 0.5570286384416934
 0.3369381830260520 0.7998686122323315 0.5578249924589630
 0.3365688566476508 0.8004601061026888 0.5585046272693374
 0.3362138299366644 0.8010278563015102 0.5591570574526348
 0.3358423857320245 0.8016209804961014 0.5598387080871718
 0.3353732108503042 0.8023688796774020 0.5606983250967659
 0.3349970140960116 0.8029675352525099 0.5613864996837949
 0.3346403656905981 0.8035342398377285 0.5620380432000095
 0.3342696052252839 0.8041225012678425 0.5627144758033144
 0.3337566481542095 0.8049349254529183 0.5636488085553756
 0.3333727429294342 0.8055418587194862 0.5643468660133253
 0.3330112444241703 0.8061125124331409 0.5650031948422705
 0.3326322197599536 0.8067099444671773 0.5656903031227922
 0.3321732666559459 0.8074321503753076 0.5665209070940116
 0.3317916248465610 0.8080316925318239 0.5672104733216190
 0.3314257868594415 0.8086055523530064 0.5678705692839801
 0.3310396483197959 0.8092103510406289 0.5685663400160530
 0.3305960496184687 0.8099040052301349 0.5693644135068874
 0.3302149258665250 0.8104989952498974 0.5700489829340084
 0.3298472132544620 0.8110722000490342 0.5707084398483373
 0.3294583838826729 0.8116774194250127 0.5714046337708630
 0.3290172422245242 0.8123629441907738 0.5721930686327199
 0.3286369945436416 0.8129528897706377 0.5728714789701415
 0.3282708733211771 0.8135200894304809 0.5735236782691511
 0.3278871251567074 0.8141137270911400 0.5742062465713833
 0.3274185160371830 0.8148374372828685 0.5750383416649130
 0.3270338005612367 0.8154305991631948 0.5757202977188124
 0.3266680851024490 0.8159936464168200 0.5763675797635758
 0.3262885981428009 0.8165770540209110 0.5770382063410365
 0.3257761356143292 0.8173635373483022 0.5779421857730804
 0.3253825452164561 0.8179665327510186 0.5786352358689862
 0.3250133285229396 0.8185313581928616 0.5792844197672298
 0.3246309438324638 0.8191154854471770 0.5799558003245016
 0.3241261225885627 0.8198853377142884 0.5808406358235216
 0.3237279528534864 0.8204915006732409 0.5815372718631006
 0.3233532472055717 0.8210611035608343 0.5821917998914350
 0.3229634555895691 0.8216527790340100 0.5828715810021815
 0.3224578075667098 0.8224190145249930 0.5837517752080988
 0.3220580150875737 0.8230238050055011 0.5844464577696892
 0.3216781610871897 0.8235975886972935 0.5851055298083334
 0.3212769747101075 0.8242027052152395 0.5858006245086117
 0.3208239853447230 0.8248848614325153 0.5865842432356958
 0.3204308141998779 0.8254759988948641 0.5872632845370860
 0.3200509252817988 0.8260463409440287 0.5879183670233297
 0.3196497237518098 0.8266478028516956 0.5886090728505455
 0.3191925769348610 0.8273320405916554 0.5893946612178050
 0.3187995230430630 0.8279194182016566 0.5900689014135949
 0.3184220748590818 0.8284826696635024 0.5907153455069833
 0.3180283449714973 0.8290693801532877 0.5913886230526265
 0.3175181534748698 0.8298283669805158 0.5922594560298184
 0.3171178164875493 0.8304229310750498 0.5929415004806249
 0.3167403776497671 0.8309826875614794 0.5935834790057273
 0.3163498030487191 0.8315611101822974 0.5942467088909003
 0.3158456992618024 0.8323064440623434 0.5951010890783719
 0.3154391732371664 0.8329065085527967 0.5957887769448050
 0.3150582959458899 0.8334679085732788 0.5964320364954592
 0.3146674634190915 0.8340431756538935 0.5970910691623398
 0.3142006628040496 0.8347291936369379 0.5978767966872192
 0.3137858596320244 0.8353378247632273 0.5985736716539332
 0.3133983244539124 0.8359056242261480 0.5992235636844386
 0.3130041262978820 0.8364823744335979 0.5998834458663562
 0.3125474365175958 0.8371495365709178 0.6006464561581193
 0.3121250360776512 0.8377656363788676 0.6013508067687194
 0.3117311237803730 0.8383393473828726 0.6020065169957132
 0.3113314944244074 0.8389205626027875 0.6026706582026169
 0.3108653992646547 0.8395974022793193 0.6034438819797288
 0.3104422206262301 0.8402109522943004 0.6041445873589121
 0.3100469025601462 0.8407832789128278 0.6047979672117711
 0.3096457565157797 0.8413632271437800 0.6054597485898294
 0.3091765836821813 0.8420404850444461 0.6062321417686937
 0.3087542989779013 0.8426491056756622 0.6069258550303372
 0.3083611731716998 0.8432148921603342 0.6075704236798821
 0.3079648348667502 0.8437845157047088 0.6082190748203133
 0.3075187513505721 0.8444246930052390 0.6089477402837229
 0.3070902398588684 0.8450387179595309 0.6096463091321033
 0.3066962902384317 0.8456024134695254 0.6102873166224927
 0.3063056157957901 0.8461606639925119 0.6109218282090214
 0.3058863132108072 0.8467589850821877 0.6116015376738579
 0.3054260422912208 0.8474147714674406 0.6123461249913557
 0.3050216252332303 0.8479901228170159 0.6129990569996528
 0.3046307677608411 0.8485454259461054 0.6136289628024721
 0.3042239677759039 0.8491225912792248 0.6142833849487526
 0.3036846240706295 0.8498865749135543 0.6151491590571010
 0.3032611650604933 0.8504854254385293 0.6158273785407558
 0.3028636894543751 0.8510467481366663 0.6164627302820779
 0.3024530673778512 0.8516258439198864 0.6171178190425441
 0.3019338223447052 0.8523569808708905 0.6179443782910166
 0.3015035180265769 0.8529619144758788 0.6186278723672796
 0.3010982880400229 0.8535307990195982 0.6192703532274230
 0.3006788949095526 0.8541187535810799 0.6199340974939825
 0.3001136755380708 0.8549098415721410 0.6208266796389258
 0.2996787587765936 0.8555175423679375 0.6215118959883892
 0.2992670634975629 0.8560919871698772 0.6221591837408708
 0.2988317213582065 0.8566985742578250 0.6228421866493850
 0.2983519188426659 0.8573660996021689 0.6235931914381631
 0.2979295900954729 0.8579527910499726 0.6242527447156716
 0.2975197336570700 0.8585213773779227 0.6248915245073924
 0.2970858892469317 0.8591224091905378 0.6255663339714322
 0.2966027795450006 0.8597906876886836 0.6263161406541856
 0.2961821069411332 0.8603717400011041 0.6269676218431235
 0.2957764436350568 0.8609313074272399 0.6275945725959553
 0.2953534845510309 0.8615139478491795 0.6282468768405193
 0.2948011876652217 0.8622735548230199 0.6290965065809773
 0.2943717841768387 0.8628632036311543 0.6297554081606757
 0.2939676042020085 0.8634174715046727 0.6303742826154409
 0.2935512507724950 0.8639876813386040 0.6310104678271883
 0.2930400870030130 0.8646866977798336 0.6317896783635556
 0.2926054085592666 0.8652802230862435 0.6324506804225041
 0.2921993263056478 0.8658339600125782 0.6330668379251461
 0.2917883823249919 0.8663935994709719 0.6336890267973339
 0.2913296916768791 0.8670174019750665 0.6343819150043019
 0.2908759806329407 0.8676335433507291 0.6350656540459291
 0.2904595514671032 0.8681982807777706 0.6356918097573954
 0.2900475963206171 0.8687562237629590 0.6363099299967199
 0.2896079269261768 0.8693509076957672 0.6369681855169280
 0.2891101168368883 0.8700232447562448 0.6377116309561887
 0.2886759595957443 0.8706087615355751 0.6383583483564007
 0.2882559406734540 0.8711744593102699 0.6389824866973227
 0.2878137494677603 0.8717692241394187 0.6396379460309879
 0.2872920218272217 0.8724699241174300 0.6404091889507547
 0.2868481493961925 0.8730651753784893 0.6410635993635374
 0.2864194238156497 0.8736393439153627 0.6416942083579662
 0.2859643626505285 0.8742479576585664 0.6423620018283254
 0.2854667791985682 0.8749124743173242 0.6430903542829922
 0.2850258761605565 0.8755004538071648 0.6437340859906496
 0.2845946304105728 0.8760747932421300 0.6443621628174651
 0.2841336384252701 0.8766879201627689 0.6450318198730460
 0.2836453389546346 0.8773364364173076 0.6457391670161894
 0.2832092210876472 0.8779148443789427 0.6463692238793687
 0.2827824147261038 0.8784801703186685 0.6469843083648122
 0.2823306477473484 0.8790777716993710 0.6476337571839292
 0.2818254637680806 0.8797450802176507 0.6483580525928387
 0.2813885909867546 0.8803213469281868 0.6489827368594948
 0.2809671476257786 0.8808765539553152 0.6495838589742965
 0.2805299556043608 0.8814517773587712 0.6502058556776441
 0.2799517960212429 0.8822113374254981 0.6510258880102162
 0.2795031844723627 0.8827998147894293 0.6516601914800710
 0.2790825961216111 0.8833508303288867 0.6522533028544604
 0.2786528092403518 0.8839131983713423 0.6528578213990227
 0.2781539346709174 0.8845650847468246 0.6535575260871930
 0.2776974738550158 0.8851607224075975 0.6541958513565719
 0.2772730626388523 0.8857138334214487 0.6547877165656905
 0.2768491951572001 0.8862655607141046 0.6553772337824217
 0.2763924473814728 0.8868593347234499 0.6560107055487603
 0.2758937823348666 0.8875067147515554 0.6567002330217346
 0.2754533495291687 0.8880777299802355 0.6573074612226975
 0.2750259505108596 0.8886311630500262 0.6578951401419663
 0.2745807660773787 0.8892069128659027 0.6585056161355308
 0.2740033304835462 0.8899526217533295 0.6592948813249775
 0.2735399435395242 0.8905501693920767 0.6599261090905943
 0.2731020430361520 0.8911141375167979 0.6605208201632383
 0.2726492777830402 0.8916965234548020 0.6611338677280428
 0.2720747999998168 0.8924344089565787 0.6619090316056340
 0.2716029203426582 0.8930396322859965 0.6625435587293461
 0.2711539850670815 0.8936146941373538 0.6631454307273592
 0.2706854864168932 0.8942140564785104 0.6637716666922129
 0.2701259158099898 0.8949289184267728 0.6645171040310226
 0.2696552109792113 0.8955294046367254 0.6651419550790427
 0.2691987547508425 0.8961109773798052 0.6657459051512055
 0.2687121667136535 0.8967301468106325 0.6663875270635237
 0.2681992742830132 0.8973819049765814 0.6670613769483672
 0.2677388484069927 0.8979662234243621 0.6676641804727494
 0.2672846461443705 0.8985419353431323 0.6682569220960681
 0.2667950151429857 0.8991617699235677 0.6688938122897569
 0.2662902575746959 0.8997999061323818 0.6695481282379961
 0.2658360295286597 0.9003734289268304 0.6701349724824408
 0.2653897676432611 0.9009362215210224 0.6707096725789422
 0.2649148577257865 0.9015344149814261 0.6713192108022134
 0.2643859359766070 0.9021997624589511 0.6719955469170438
 0.2639294204044264 0.9027732870484936 0.6725771532563486
 0.2634897431104806 0.9033250119260039 0.6731354414881137
 0.2630325405345716 0.9038980595655822 0.6737140553098562
 0.2624502335124108 0.9046269284250258 0.6744481582768411
 0.2619818202426356 0.9052124432679445 0.6750363579587143
 0.2615435353560413 0.9057596599158136 0.6755848292205373
 0.2610968046123124 0.9063167900723885 0.6761419616329329
 0.2605917011487279 0.9069459544000559 0.6767695527660713
 0.2601090055144305 0.9075464534188944 0.6773669745615780
 0.2596650021000915 0.9080981701798809 0.6779145009995929
 0.2592248382196339 0.9086445069609332 0.6784553962341501
 0.2587580525190949 0.9092232278747893 0.6790269378320397
 0.2581905078039844 0.9099259607066826 0.6797189627098753
 0.2577246887290668 0.9105019957078837 0.6802845605475738
 0.2572804272509873 0.9110507531965004 0.6808219645311100
 0.2568220219583848 0.9116163507950751 0.6813744156466701
 0.2562792815746634 0.9122851806894791 0.6820258234069179
 0.2557944223444665 0.9128819315097713 0.6826053395179952
 0.2553401359819141 0.9134404145676245 0.6831462659849612
 0.2548810732501134 0.9140041441987715 0.6836908720647304
 0.2543749991769115 0.9146248791600515 0.6842888896179286
 0.2538613240158723 0.9152541644794514 0.6848933115899322
 0.2533908507738947 0.9158298452998955 0.6854445774129081
 0.2529236660325240 0.9164008630670797 0.6859897695993459
 0.2524212635432095 0.9170142189799512 0.6865735963713556
 0.2518802920134402 0.9176738474385507 0.6871994307831709
 0.2513942963775351 0.9182657256754698 0.6877592293696949
 0.2509135571895977 0.9188505393852603 0.6883107397620503
 0.2503937476465764 0.9194821440094356 0.6889045759424636
 0.2498580694712881 0.9201322327313322 0.6895137867378009
 0.2493670365775293 0.9207274339697684 0.6900697079647831
 0.2488739257270157 0.9213244776024004 0.6906255052964171
 0.2483215281331011 0.9219925037422559 0.6912451450937995
 0.2478032771445947 0.9226184717533241 0.6918236265361458
 0.2473172417559807 0.9232048603435097 0.6923636718225079
 0.2468188785016890 0.9238054548296672 0.6929149648458663
 0.2462150501852465 0.9245322490903410 0.6935796287212748
 0.2457092515810226 0.9251402964473027 0.6941335940703958
 0.2452314737497662 0.9257140311132607 0.6946544958053279
 0.2447354642394532 0.9263090180095225 0.6951927931272400
 0.2440902049797347 0.9270820659861717 0.6958892385467000
 0.2435915188551261 0.9276787658936116 0.6964245225534781
 0.2431214112237448 0.9282406777187873 0.6969267944709795
 0.2426323652431183 0.9288246194147443 0.6974469301783744
 0.2419735857380304 0.9296102582238217 0.6981438188167026
 0.2414784753480685 0.9301999810762074 0.6986647345205281
 0.2410140174652068 0.9307526284555337 0.6991511787689786
 0.2405338079512694 0.9313234460788757 0.6996518425823323
 0.2399339704706571 0.9320356514698911 0.7002739564456362
 0.2394389108002134 0.9326227758075416 0.7007846583826604
 0.2389768066073046 0.9331702686005641 0.7012591326874988
 0.2385082775336702 0.9337248369372729 0.7017380156120143
 0.2379823312801897 0.9343467265684892 0.7022729696628320
 0.2374682210403548 0.9349539709951507 0.7027932135589819
 0.2369997182759432 0.9355067896462449 0.7032650004052827
 0.2365381169996430 0.9360509490790068 0.7037276803980296
 0.2360506755097382 0.9366250179033365 0.7042139326811532
 0.2354056002115568 0.9373838683661784 0.7048537601136973
 0.2349122114570534 0.9379636167490966 0.7053403168983348
 0.2344469255985745 0.9385098212196404 0.7057969241289819
 0.2339667296662318 0.9390730006039079 0.7062658807786167
 0.2333941540876233 0.9397438271023495 0.7068220011948596
 0.2328877146349039 0.9403365413545127 0.7073110899833640
 0.2324155126483701 0.9408886584609657 0.7077647303098099
 0.2319396901990701 0.9414444974298876 0.7082195157779763
 0.2314178957451574 0.9420534529685686 0.7087155584033130
 0.2308727510142878 0.9426890085064620 0.7092308273806482
 0.2303834392349428 0.9432589088389405 0.7096907601572686
 0.2299034531381572 0.9438174339049545 0.7101395808272849
 0.2293968004127351 0.9444064406046573 0.7106108076963152
 0.2287270000188029 0.9451842556205067 0.7112297471006521
 0.2282096996184201 0.9457843140702932 0.7117045919132740
 0.2277165700916799 0.9463558001769979 0.7121546603231448
 0.2271991716036363 0.9469548543765501 0.7126241742385006
 0.2265326034629883 0.9477257855036065 0.7132250277489091
 0.2260036116674828 0.9483369364809305 0.7136986970854887
 0.2254944714147279 0.9489246020973222 0.7141519690976125
 0.2249557249847290 0.9495458560425047 0.7146287942172669
 0.2243469932611498 0.9502470959974355 0.7151640485704032
 0.2238131108676744 0.9508614901342052 0.7156303714104970
 0.2232863973063105 0.9514670693494124 0.7160875475253985
 0.2227159203175594 0.9521223364687920 0.7165794793114605
 0.2221377161917411 0.9527858176759807 0.7170746888869661
 0.2216006814060789 0.9534014656882221 0.7175316403224933
 0.2210530261597580 0.9540287061231946 0.7179946972735576
 0.2204034039007294 0.9547719744305786 0.7185401445232016
 0.2198454620868749 0.9554096956332837 0.7190052680728548
 0.2193068386512834 0.9560247704909188 0.7194513083126264
 0.2187262795808822 0.9566871158970935 0.7199287608766963
 0.2181427572462250 0.9573522018240069 0.7204051786518038
 0.2176096028500119 0.9579593229008795 0.7208374568003233
 0.2170741631166831 0.9585685156550335 0.7212687282330361
 0.2164599454168487 0.9592666876855260 0.7217599615376277
 0.2159045403630630 0.9598974152742777 0.7222009536888961
 0.2153858607427171 0.9604859323472333 0.7226100142064370
 0.2148568862673325 0.9610856324624070 0.7230243987340805
 0.2142227451298698 0.9618039030755828 0.7235173993818329
 0.2136781551586861 0.9624201748524652 0.7239374807769059
 0.2131688392672618 0.9629960593021203 0.7243276015410285
 0.2126488854635713 0.9635835068637688 0.7247231499069318
 0.2120272129368086 0.9642852651343981 0.7251925033112492
 0.2114864263031357 0.9648951801454865 0.7255976350802500
 0.2109830217816570 0.9654624889081060 0.7259721183648892
 0.2104734931859079 0.9660362650736218 0.7263485438329513
 0.2098930984551896 0.9666893153392221 0.7267740948638027
 0.2093453218963217 0.9673051530473495 0.7271725606649805
 0.2088423224685717 0.9678702166344053 0.7275357444277054
 0.2083422992608254 0.9684315288236308 0.7278942188449878
 0.2078023891552637 0.9690371639372779 0.7282784397878558
 0.2072186358484276 0.9696914547165500 0.7286905503524531
 0.2067070730720879 0.9702643875037531 0.7290488749888105
 0.2062115238589517 0.9708189931924164 0.7293934678129199
 0.2056942658177992 0.9713974862160970 0.7297505111144212
 0.2049689551125264 0.9722079655845840 0.7302466081541505
 0.2044369768062120 0.9728018988955403 0.7306070912828675
 0.2039396191758591 0.9733567915125890 0.7309415363222030
 0.2034256190018588 0.9739298612041413 0.7312845632456721
 0.2027762595409803 0.9746532832271148 0.7317141429345744
 0.2022419666904221 0.9752480481553206 0.7320644399672689
 0.2017430885788459 0.9758030133228233 0.7323889441502013
 0.2012357430339394 0.9763670279607456 0.7327164104002640
 0.2006582838315570 0.9770085378516444 0.7330860166871827
 0.2001067777829826 0.9776207728464774 0.7334359285488598
 0.1996001534410900 0.9781828060393566 0.7337547213640496
 0.1990968807736860 0.9787407658113589 0.7340689058850445
 0.1985568433532580 0.9793390950393360 0.7344032729374740
 0.1979458197184569 0.9800155902032933 0.7347781306197509
 0.1974212182090091 0.9805959982727473 0.7350970337881850
 0.1969151797282551 0.9811555176163649 0.7354020848024551
 0.1963874894545219 0.9817386132833785 0.7357175123778497
 0.1956799331189061 0.9825198833759066 0.7361361986329295
 0.1951330757724797 0.9831232647081843 0.7364564788948770
 0.1946194191981510 0.9836896615090858 0.7367546960511960
 0.1940884754879600 0.9842747653277978 0.7370602861961238
 0.1934270352071436 0.9850031774986784 0.7374371877926079
 0.1928714920731240 0.9856145463273647 0.7377504815978712
 0.1923500462007904 0.9861880430962682 0.7380418329491329
 0.1918159411581119 0.9867751163646374 0.7383375446442262
 0.1911865703472067 0.9874664579401036 0.7386825073989427
 0.1906164486219225 0.9880923051901892 0.7389917652587740
 0.1900841347988896 0.9886762998768394 0.7392777633131766
 0.1895440518962002 0.9892684767755270 0.7395652257874600
 0.1889296641951582 0.9899417121870654 0.7398889101572671
 0.1883402298409386 0.9905871951367555 0.7401961047485217
 0.1877944030257814 0.9911845707604081 0.7404776480165524
 0.1872442051155161 0.9917863902956846 0.7407586118657080
 0.1866273418270357 0.9924607285847852 0.7410702699543652
 0.1860205041546830 0.9931236978030223 0.7413734540651327
 0.1854597442883918 0.9937359703065759 0.7416506448043225
 0.1848936208093447 0.9943537553750706 0.7419276039413789
 0.1842569842316364 0.9950480803228628 0.7422355919204179
 0.1836403081615334 0.9957202292686235 0.7425304051344606
 0.1830639774581794 0.9963480461264138 0.7428027926939105
 0.1824745379067314 0.9969897899360273 0.7430782541816344
 0.1817810051780059 0.9977444123663873 0.7433983696690487
 0.1811604360379601 0.9984192358722089 0.7436812086482245
 0.1805638937339016 0.9990675730340489 0.7439499364211706
 0.1799355592667146 0.9997500869649170 0.7442296552647398
 0.1792441110453018  1.000500717004796 0.7445335186083346
 0.1786211957966616  1.001176558961488 0.7448037114682098
 0.1779945454682000  1.001856086036201 0.7450721380058383
 0.1772637370355913  1.002648101126524 0.7453809445263139
 0.1766155921352588  1.003350121717800 0.7456510760830317
 0.1759730995375012  1.004045647151195 0.7459154377234264
 0.1752604668876146  1.004816673738842 0.7462047165514847
 0.1746056196907483  1.005524788146161 0.7464668762358189
 0.1739630398350192  1.006219277839868 0.7467206937933196
 0.1732539491056538  1.006985244043624 0.7469968284187168
 0.1725988628454085  1.007692499874753 0.7472482680730196
 0.1719699533615400  1.008371161006286 0.7474863938098280
 0.1712800167527865  1.009115306860409 0.7477439993795233
 0.1706151151547648  1.009832089544995 0.7479886982784002
 0.1699991768573456  1.010495776738245 0.7482122601107098
 0.1693627021865584  1.011181281933768 0.7484401058601710
 0.1686132378891548  1.011988082573778 0.7487042418656871
 0.1679908054050251  1.012657810757473 0.7489201881904394
 0.1673844051873978  1.013310011560851 0.7491276128819651
 0.1666973622145493  1.014048620720275 0.7493591469585463
 0.1660565883324832  1.014737181379486 0.7495718261599156
 0.1654619550911147  1.015375899570146 0.7497664338126180
 0.1648536153956567  1.016029084274108 0.7499628390261873
 0.1640385312090951  1.016903854308428 0.7502218373600478
 0.1634178464356406  1.017569687425284 0.7504159596138261
 0.1628285885813597  1.018201569460434 0.7505978364376744
 0.1621914513590764  1.018884536771351 0.7507918972028099
 0.1615342570169901  1.019588727553441 0.7509892780384939
 0.1609437517623892  1.020221224223681 0.7511642197157390
 0.1603577107790935  1.020848721319392 0.7513355711836286
 0.1597012692545956  1.021551344981175 0.7515248019186062
 0.1590677114672668  1.022229224151622 0.7517047088529156
 0.1584850718283780  1.022852408900424 0.7518677916058699
 0.1578984480322711  1.023479650708847 0.7520297121983323
 0.1572179542193080  1.024207009094748 0.7522147051656503
 0.1565966203481630  1.024870899584157 0.7523809767015218
 0.1560181707901572  1.025488771098142 0.7525335221745869
 0.1554283778771652  1.026118565947373 0.7526868330324632
 0.1547007994525619  1.026895227111610 0.7528728738869823
 0.1540869592016372  1.027550253928116 0.7530271968791467
 0.1535099473057242  1.028165798007364 0.7531700839895293
 0.1529112652175456  1.028804274484172 0.7533161355722072
 0.1520643447647928  1.029707173684545 0.7535189767322845
 0.1514534698242138  1.030358199700002 0.7536625830782812
 0.1508720007815364  1.030977714339609 0.7537972003192618
 0.1502392625795009  1.031651664330715 0.7539414090997321
 0.1495883281320649  1.032344794206603 0.7540873136260186
 0.1490013224426039  1.032969678891840 0.7542167826754962
 0.1484187282900913  1.033589708305491 0.7543433303940832
 0.1477735898997015  1.034276118868760 0.7544812310887328
 0.1471310334519336  1.034959595379483 0.7546162810890193
 0.1465443935142971  1.035583434219952 0.7547376020400675
 0.1459574129353448  1.036207484702159 0.7548571276930129
 0.1452948623240638  1.036911699701629 0.7549898263757192
 0.1446587894855102  1.037587597233484 0.7551150406910944
 0.1440713872193560  1.038211627529709 0.7552288026958508
 0.1434780162522195  1.038841855445978 0.7553419217329737
 0.1427866974036974  1.039575936677061 0.7554714647366013
 0.1421558789180207  1.040245610436961 0.7555875870201710
 0.1415666772887871  1.040870964379342 0.7556942739546423
 0.1409633192113190  1.041511205992241 0.7558017671885694
 0.1401953224184447  1.042325953256098 0.7559360494882909
 0.1395674527705494  1.042991882048747 0.7560437388913027
 0.1389736082447270  1.043621592152028 0.7561438791629592
 0.1383479303146924  1.044284922763377 0.7562476021205665
 0.1376154171813553  1.045061344391702 0.7563667294849958
 0.1369979612799946  1.045715669420284 0.7564652321533718
 0.1363965615237234  1.046352856525765 0.7565595104402348
 0.1357390725767523  1.047049334074977 0.7566607289572207
 0.1350655253367155  1.047762677138968 0.7567624445403576
 0.1344543449455614  1.048409843841300 0.7568530406549505
 0.1338422852924503  1.049057824918909 0.7569421707026444
 0.1331397619394883  1.049801437747562 0.7570425351466950
 0.1324834933725488  1.050495956686753 0.7571344476810250
 0.1318706707054895  1.051144383106402 0.7572186931665863
 0.1312407881592348  1.051810747558482 0.7573037179077018
 0.1303428039245083  1.052760547868609 0.7574222407425121
 0.1296883290076871  1.053452647203544 0.7575066666254955
 0.1290623151403053  1.054114540835707 0.7575859009567892
 0.1283628713182125  1.054853950031407 0.7576726914253741
 0.1276833691846927  1.055572156268572 0.7577552721515778
 0.1270534469611771  1.056237853473669 0.7578303239129953
 0.1264087542844688  1.056919057367232 0.7579056695928423
 0.1255173203375206  1.057860809056086 0.7580074847690976
 0.1248469330105042  1.058568911828886 0.7580823096834903
 0.1242033824608944  1.059248569117051 0.7581527869254235
 0.1234781585764818  1.060014368228418 0.7582306811348409
 0.1227847731548726  1.060746436932436 0.7583037033437675
 0.1221372895447646  1.061429947206520 0.7583706658778405
 0.1214662315804828  1.062138247644703 0.7584388745610416
 0.1206134462560051  1.063038222771115 0.7585238898173795
 0.1199337188834827  1.063755454853399 0.7585903757736359
 0.1192676437717795  1.064458189508571 0.7586544619614849
 0.1184774704871964  1.065291736569034 0.7587291466203135
 0.1177759454189746  1.066031665835916 0.7587942463333730
 0.1171081695724931  1.066735909448258 0.7588551712057318
 0.1163889709949600  1.067494288755175 0.7589196633581442
 0.1156357482671088  1.068288441749744 0.7589859716620271
 0.1149523378887086  1.069008898338341 0.7590450497157600
 0.1142545679918339  1.069744405676607 0.7591043058837099
 0.1132439643124660  1.070809512844082 0.7591882168065299
 0.1139177100440832  1.070099450835459 0.7591325271221590
 0.1132547977198860  1.070798096118406 0.7591873293234576
 0.1125696891457550  1.071520054258916 0.7592429419463679
 0.1118617929027672  1.072265942080153 0.7592993159691971
 0.1108654985258914  1.073315564979732 0.7593768036088346
 0.1101284797300087  1.074091930476927 0.7594327453278003
 0.1093990383338697  1.074860229296402 0.7594869595432627
 0.1084339630576987  1.075876587708134 0.7595569201024018
 0.1076853111727919  1.076664925333153 0.7596098040221863
 0.1069336795233046  1.077456317653376 0.7596616860248793
 0.1060269903326801  1.078410861954452 0.7597226731551012
 0.1052665934457734  1.079211303893294 0.7597724870198865
 0.1044902739112439  1.080028425662845 0.7598220942281121
 0.1035939793790868  1.080971728603683 0.7598777947483891
 0.1028145546240767  1.081791947890349 0.7599248614107238
 0.1020053261545091  1.082643450130357 0.7599723870521232
 0.1011288501481827  1.083565622846292 0.7600223391847868
 0.1003270412317745  1.084409155970683 0.7600666630339322
 0.9947647909223488E-01  1.085303898737269 0.7601122533289836
 0.9861116833766016E-01  1.086214073752341 0.7601571230285662
 0.9777688758634816E-01  1.087091533784278 0.7601989419336493
 0.9684819157006412E-01  1.088068210805959 0.7602438419760320
 0.9598002437786388E-01  1.088981153829167 0.7602842610093711
 0.9510064133709209E-01  1.089905817231352 0.7603236844853282
 0.9417765883466098E-01  1.090876248131178 0.7603634232025545
 0.9328417050589845E-01  1.091815596591983 0.7604002927746468
 0.9229425372144245E-01  1.092856243761601 0.7604393139978683
 0.9140207421745312E-01  1.093794076816501 0.7604728558767359
 0.9043942817956548E-01  1.094805913277323 0.7605073395530403
 0.8954784347908562E-01  1.095742996413626 0.7605377110474324
 0.8862952525059342E-01  1.096708119233475 0.7605674326687640
 0.8769984233044645E-01  1.097685129017469 0.7605959380299366
 0.8682850743281131E-01  1.098600771182004 0.7606212543936284
 0.8576773700460576E-01  1.099715420839217 0.7606503369945902
 0.8489236697284167E-01  1.100635205605190 0.7606729846967210
 0.8398436837816065E-01  1.101589231526567 0.7606952719537508
 0.8308471656334651E-01  1.102534446652849 0.7607162286170537
 0.8223797592219874E-01  1.103424035533144 0.7607350030049425
 0.8121615763657185E-01  1.104497518277036 0.7607565212596519
 0.8035176094758335E-01  1.105405584759348 0.7607738108922056
 0.7948961352825792E-01  1.106311257749162 0.7607902597232434
 0.7852661306092666E-01  1.107322840983196 0.7608077252496500
 0.7768099365004642E-01  1.108211092904054 0.7608222965983579
 0.7677716893770238E-01  1.109160456650812 0.7608371043026332
 0.7588616416152960E-01  1.110096327690657 0.7608509486011156
 0.7504303466014146E-01  1.110981889430469 0.7608633770076478
 0.7405063734380700E-01  1.112024203775248 0.7608771870779033
 0.7317768691147604E-01  1.112941039985837 0.7608886200221129
 0.7231396776707515E-01  1.113848160753878 0.7608992912597080
 0.7127668244591488E-01  1.114937544574609 0.7609112899179272
 0.7040765848519100E-01  1.115850196473080 0.7609206761927662
 0.6948507369669225E-01  1.116819079979548 0.7609299946027657
 0.6856856380314197E-01  1.117781566454815 0.7609386069380238
 0.6769747753755868E-01  1.118696335796066 0.7609462048029707
 0.6665827493618875E-01  1.119787634712564 0.7609545140976700
 0.6574744501616088E-01  1.120744111259607 0.7609610899130683
 0.6483501761333055E-01  1.121702253404122 0.7609669513842836
 0.6378421425923561E-01  1.122805691575856 0.7609726859065293
 0.6285494516619936E-01  1.123781498282056 0.7609767490110728
 0.6185576903635043E-01  1.124830705231688 0.7609800138033891
 0.6088450656717045E-01  1.125850595337613 0.7609821550728616
 0.5991144283905902E-01  1.126872373399615 0.7609834571309300
 0.5876823953540045E-01  1.128072806228642 0.7609842333649870
 0.5774709977654954E-01  1.129145063850790 0.7609845247654602
 0.5660873885321440E-01  1.130340410220292 0.7609846412556018
 0.5547262344396702E-01  1.131533398507719 0.7609846735115388
 0.5423274180161148E-01  1.132835347424001 0.7609846810587981
 0.5282445506475203E-01  1.134314131620197 0.7609846822719013
 0.5134801131272944E-01  1.135864484703750 0.7609846823797831
 0.4939940343832019E-01  1.137910637984141 0.7609846823858725
 0.4733120122472652E-01  1.140082372379460 0.7609846823858570
 0.4455839409587401E-01  1.142993983523543 0.7609846823858538
 0.3976776790734757E-01  1.148024423777576 0.7609846823858536
 0.2555302564966749E-01  1.162950742141759 0.7609846823858536
-0.3130594338105279E-01  1.222656015598491 0.7609846823858536
-0.1537972809606440  1.351279149836451 0.7609846823858536
