RUNGE KUTTA: X Z PHI
 0.4998040881725329 0.3741606097060269E-01 0.5235987755982988E-02
 0.4985355762785462 0.1870732343362963 0.1115217089152467E-01
 0.4995428724025767 0.8730414226473959E-01 0.5235987755984096E-02
 0.4997170162492141 0.5404542140198165E-01 0.5235987755982988E-02
 0.4993687233843815 0.1205628631004179 0.5256606579948356E-02
 0.4996009203514559 0.7621790197715361E-01 0.5235987755982988E-02
 0.4990786854040882 0.1649074295444284 0.8887204127003326E-02
 0.4994461256240701 0.1057812094096845 0.5236172460419146E-02
 0.4995493221746744 0.8607233778834116E-01 0.5235987755987139E-02
 0.4994948390211130 0.9647775835044556E-01 0.5235988639161892E-02
 0.4995311611238221 0.8954081130904439E-01 0.5235987756657789E-02
 0.4995024118141971 0.9503147476225564E-01 0.5235988028701424E-02
 0.4994800630341665 0.9929973647277202E-01 0.5235994873513327E-02
 0.4994579657973241 0.1035199352702872 0.5236060751425657E-02
 0.4994418035187489 0.1066065811766865 0.5236274495155348E-02
 0.4994245952841781 0.1098927172709199 0.5236992501642963E-02
 0.4994108672433597 0.1125137404356694 0.5238426555655492E-02
 0.4993990110151906 0.1147765608251383 0.5240886648743113E-02
 0.4993872399043244 0.1170217064071972 0.5245251529277194E-02
 0.4993748724101635 0.1193779190249353 0.5253111892471213E-02
 0.4993644985104961 0.1213508882770712 0.5263511696233079E-02
 0.4993551875755042 0.1231177071559099 0.5276897419013269E-02
 0.4993460916865894 0.1248386505530830 0.5294693531311361E-02
 0.4993346078672870 0.1270016322268732 0.5325438816374138E-02
 0.4993253793693521 0.1287294286095675 0.5358180839839874E-02
 0.4993167036061292 0.1303430077645606 0.5396483412518589E-02
 0.4993073905952298 0.1320610418588611 0.5446578090081288E-02
 0.4992983404765802 0.1337140568726825 0.5504875717599125E-02
 0.4992898830635188 0.1352418056315296 0.5568329939534599E-02
 0.4992797219341527 0.1370526799136649 0.5656265243715178E-02
 0.4992710061978696 0.1385822270187081 0.5741874619667403E-02
 0.4992625329474632 0.1400463827084851 0.5833905574312606E-02
 0.4992526786007996 0.1417189959441133 0.5951332354537869E-02
 0.4992441004188966 0.1431472682420163 0.6062115743700264E-02
 0.4992347381489500 0.1446755696747647 0.6191453215294356E-02
 0.4992258064531478 0.1461032332770224 0.6322322766549373E-02
 0.4992168273590496 0.1475082460577438 0.6460587616217031E-02
 0.4992074192910778 0.1489477567709777 0.6612104305367104E-02
 0.4991983202094140 0.1503083267389700 0.6764604614831274E-02
 0.4991887992333406 0.1516989520662164 0.6929842525392807E-02
 0.4991794857648582 0.1530270702329556 0.7096389908924511E-02
 0.4991697363638187 0.1543839572678517 0.7274979287378756E-02
 0.4991601078517126 0.1556914198895433 0.7454437354759892E-02
 0.4991502609645693 0.1569961927036340 0.7639919043249569E-02
 0.4991402295004396 0.1582931458278141 0.7829947662603374E-02
 0.4991301178209939 0.1595689529962628 0.8021957337614564E-02
 0.4991195728721947 0.1608672906317900 0.8222265524687430E-02
 0.4991089152350728 0.1621477628034669 0.8424548965767659E-02
 0.4990977902156913 0.1634520174029041 0.8635442201188592E-02
 0.4990865332033108 0.1647397392307089 0.8848529958164137E-02
 0.4990748097537725 0.1660482909620403 0.9070029380557270E-02
 0.4990630487612396 0.1673293421098176 0.9291733428875022E-02
 0.4990506901211613 0.1686430018735878 0.9524168311764187E-02
 0.4990383849866090 0.1699195336623778 0.9755079945450553E-02
 0.4990254627008460 0.1712279982440701 0.9996995749851032E-02
 0.4990124949866648 0.1725096474831617 0.1023916326121303E-01
 0.4989992459761511 0.1737881989245137 0.1048601672448968E-01
 0.4989856343377672 0.1750708059826868 0.1073904424886145E-01
 0.4989720548147957 0.1763206549314691 0.1099082064693470E-01
 0.4989579516342827 0.1775887892241473 0.1125156387120048E-01
 0.4989439688815158 0.1788174459739381 0.1150934604517172E-01
 0.4989293041536904 0.1800768479335934 0.1177889741747957E-01
 0.4989147774689955 0.1812963376323800 0.1204501178401309E-01
 0.4988994920016966 0.1825508223210794 0.1232398274969177E-01
 0.4988845373944044 0.1837510161272851 0.1259586217994089E-01
 0.4988687167116626 0.1849928921540166 0.1288230507199999E-01
 0.4988534652432854 0.1861642703828680 0.1315718967306398E-01
 0.4988379054083634 0.1873344329541222 0.1343631292424281E-01
 0.4988217370044201 0.1885249410880472 0.1372501307333189E-01
 0.4988061124046557 0.1896518963922422 0.1400282651570877E-01
 0.4987886919940557 0.1908823630075514 0.1431132006371882E-01
 0.4987720347021281 0.1920344117642458 0.1460517368151964E-01
 0.4987540602996837 0.1932518782603060 0.1492118797742873E-01
 0.4987362011291024 0.1944363011595161 0.1523419809455132E-01
 0.4987175945374367 0.1956447198266409 0.1555927293377979E-01
 0.4986997281005319 0.1967815737554825 0.1587035683517108E-01
 0.4986805931201455 0.1979747315686001 0.1620235671562641E-01
 0.4986627219205342 0.1990672424033534 0.1651135662466601E-01
 0.4986429634894742 0.2002516134864097 0.1685175532574002E-01
 0.4986243531027306 0.2013455259360442 0.1717112232890165E-01
 0.4986043981664134 0.2024961338533675 0.1751218502505421E-01
 0.4985845836243683 0.2036167230519191 0.1784948858437403E-01
 0.4985645472415857 0.2047285650842428 0.1818923394438814E-01
 0.4985432358498647 0.2058886353539899 0.1854909984423258E-01
 0.4985227903496872 0.2069806483553924 0.1889286171158690E-01
 0.4985003068847632 0.2081588482539936 0.1926925539969113E-01
 0.4984793957374405 0.2092342147463174 0.1961785152028023E-01
 0.4984563469822583 0.2103976315726948 0.2000042567623590E-01
 0.4984349405290405 0.2114584267418924 0.2035412679797899E-01
 0.4984110414116918 0.2126212268066307 0.2074717037451367E-01
 0.4983887810354048 0.2136846865739021 0.2111157783154395E-01
 0.4983655763522904 0.2147739305849498 0.2148976232961298E-01
 0.4983419212530243 0.2158648006931048 0.2187350153504262E-01
 0.4983188968999303 0.2169083936990298 0.2224525661611191E-01
 0.4982930018945588 0.2180615065838209 0.2266135323461739E-01
 0.4982694085769210 0.2190938732984185 0.2303869546409434E-01
 0.4982428228523390 0.2202371474539613 0.2346189997936604E-01
 0.4982183994241172 0.2212694411621796 0.2384877965170470E-01
 0.4981923586012232 0.2223518483783611 0.2425926394298716E-01
 0.4981665855062136 0.2234052780994605 0.2466354739050316E-01
 0.4981411657277126 0.2244275184025795 0.2506042412001703E-01
 0.4981123244081985 0.2255679702992542 0.2550847509219510E-01
 0.4980864032868029 0.2265760215556491 0.2590908818757580E-01
 0.4980568674341000 0.2277058605582708 0.2636320430805504E-01
 0.4980300469086584 0.2287151287898300 0.2677347951948163E-01
 0.4980018075750196 0.2297612398215270 0.2720336716482069E-01
 0.4979733091465907 0.2308003545349039 0.2763501096130398E-01
 0.4979456908365628 0.2317920367158896 0.2805120785976369E-01
 0.4979139452718830 0.2329139368590417 0.2852708667880053E-01
 0.4978856091640412 0.2338996795163453 0.2894968341078616E-01
 0.4978540323028733 0.2349813812226597 0.2941825718983036E-01
 0.4978243918795982 0.2359812144873175 0.2985582249002132E-01
 0.4977946365046758 0.2369703215229330 0.3029286572701739E-01
 0.4977614716302496 0.2380561199854134 0.3077744619554653E-01
 0.4977314672015190 0.2390238445209799 0.3121364208676559E-01
 0.4976965288328422 0.2401338357532367 0.3171898093658931E-01
 0.4976652919063345 0.2411113880459766 0.3216841019649929E-01
 0.4976331731814807 0.2421024224620555 0.3262819274710212E-01
 0.4975993556763821 0.2431309208516028 0.3310981501278351E-01
 0.4975676364258718 0.2440821198373634 0.3355933392422718E-01
 0.4975303960230666 0.2451827889707194 0.3408439119090007E-01
 0.4974974197949360 0.2461433891827653 0.3454685556665742E-01
 0.4974632141618986 0.2471263329211224 0.3502410141096376E-01
 0.4974276770739055 0.2481334774022545 0.3551734272283565E-01
 0.4973941609355272 0.2490706326603129 0.3598021003175434E-01
 0.4973545005139576 0.2501641672125684 0.3652505563818909E-01
 0.4973196071182071 0.2511128808642806 0.3700180685709397E-01
 0.4972836417563298 0.2520780534678574 0.3749064757982385E-01
 0.4972457630161767 0.2530810840232274 0.3800276529462090E-01
 0.4972104083052223 0.2540051752525750 0.3847832654999137E-01
 0.4971683666363355 0.2550893215889834 0.3904083260683824E-01
 0.4971313577400115 0.2560308565232798 0.3953328264194041E-01
 0.4970938579721333 0.2569730103178339 0.4002966462144011E-01
 0.4970527716382527 0.2579919760168066 0.4057059683526536E-01
 0.4970154369341876 0.2589062024212182 0.4105958702899730E-01
 0.4969732344571051 0.2599266277906044 0.4160947466206576E-01
 0.4969340008602270 0.2608632611960927 0.4211794663553672E-01
 0.4968952025132586 0.2617784643206587 0.4261817919662177E-01
 0.4968488405424429 0.2628581217385729 0.4321261642607595E-01
 0.4968091815465059 0.2637699779786848 0.4371835762067462E-01
 0.4967666365859315 0.2647365500938538 0.4425815355457893E-01
 0.4967246482797081 0.2656790004569611 0.4478809440702617E-01
 0.4966842907818476 0.2665744074417007 0.4529482145134341E-01
 0.4966353988974074 0.2676458619461750 0.4590530801990301E-01
 0.4965933595634349 0.2685558261481462 0.4642736700680324E-01
 0.4965504742117183 0.2694736308137528 0.4695729524371590E-01
 0.4965039749084694 0.2704571611364925 0.4752889237692425E-01
 0.4964616154647398 0.2713428964143872 0.4804688038148687E-01
 0.4964146267060263 0.2723143397475911 0.4861847848328173E-01
 0.4963697682230785 0.2732311546585831 0.4916132318620516E-01
 0.4963261860898129 0.2741122466733382 0.4968617019982958E-01
 0.4962729776386842 0.2751754326202707 0.5032359508733080E-01
 0.4962277534585599 0.2760685559368347 0.5086246700224664E-01
 0.4961814788962238 0.2769726889370919 0.5141110510062451E-01
 0.4961315131321818 0.2779381808236984 0.5200047609818328E-01
 0.4960859735130020 0.2788086672102460 0.5253501264494145E-01
 0.4960359258914016 0.2797551722074554 0.5311965665177234E-01
 0.4959874382513912 0.2806622967162739 0.5368328107723734E-01
 0.4959407675267793 0.2815264829075366 0.5422317781527431E-01
 0.4958832927485580 0.2825789857268435 0.5488460438858826E-01
 0.4958344524683485 0.2834634535797029 0.5544378153082466E-01
 0.4957854783811221 0.2843414346802923 0.5600192112756945E-01
 0.4957291051917802 0.2853412983185641 0.5664121962710140E-01
 0.4956799747000309 0.2862035435717699 0.5719559049323159E-01
 0.4956277788704767 0.2871104799797046 0.5778170460668412E-01
 0.4955747691189369 0.2880221934413308 0.5837403631391545E-01
 0.4955249491536233 0.2888706520961926 0.5892813553085757E-01
 0.4954687609266203 0.2898180454898697 0.5955011056476121E-01
 0.4954159205819665 0.2907000051515755 0.6013215948871591E-01
 0.4953647023379776 0.2915467794105392 0.6069367013847939E-01
 0.4953007587672574 0.2925930114789677 0.6139105629665167E-01
 0.4952472371565022 0.2934596244323847 0.6197178938142343E-01
 0.4951936354103188 0.2943194312157060 0.6255075728913068E-01
 0.4951312825792195 0.2953096524270286 0.6322096247186608E-01
 0.4950774542009940 0.2961560886840834 0.6379668143044898E-01
 0.4950209134051875 0.2970369878678505 0.6439856688089320E-01
 0.4949621552736338 0.2979437487012087 0.6502105111288001E-01
 0.4949077231906007 0.2987760326482088 0.6559507200139615E-01
 0.4948482009755266 0.2996778454173790 0.6621993703001210E-01
 0.4947896698135871 0.3005563776635164 0.6683150220866282E-01
 0.4947340809759653 0.3013833297571502 0.6740963797648902E-01
 0.4946708830863601 0.3023148992222656 0.6806375090406852E-01
 0.4946119581024320 0.3031754480632382 0.6867069717290918E-01
 0.4945549595365448 0.3040006498445086 0.6925518987893953E-01
 0.4944857878017986 0.3049927787983632 0.6996111397068001E-01
 0.4944260884656513 0.3058410230027778 0.7056735157482026E-01
 0.4943671950617174 0.3066706983451391 0.7116264878097826E-01
 0.4942930787232573 0.3077050150457029 0.7190799409072435E-01
 0.4942325516755389 0.3085417592048415 0.7251362576101880E-01
 0.4941709461095023 0.3093862580830394 0.7312731103908732E-01
 0.4941027278769020 0.3103131651767710 0.7380365828269558E-01
 0.4940419978102310 0.3111311992885247 0.7440289767729802E-01
 0.4939781719891525 0.3119838531213047 0.7502977443844833E-01
 0.4939108011737052 0.3128761604454385 0.7568831036852966E-01
 0.4938491146450504 0.3136863877629741 0.7628854024781587E-01
 0.4937832130419474 0.3145449537032728 0.7692696188258948E-01
 0.4937154918256784 0.3154198220488356 0.7757998432069876E-01
 0.4936526610188602 0.3162249404247308 0.7818308842123381E-01
 0.4935847740918131 0.3170878851164049 0.7883175728863344E-01
 0.4935163069550517 0.3179510298258074 0.7948293607456504E-01
 0.4934522680813190 0.3187519592606169 0.8008934509332376E-01
 0.4933824849172635 0.3196178420521174 0.8074730214072025E-01
 0.4933130533895732 0.3204723728205309 0.8139900185361691E-01
 0.4932477799807708 0.3212694970335326 0.8200897493085429E-01
 0.4931762324454320 0.3221364436008072 0.8267458969441993E-01
 0.4931056886429408 0.3229844055331467 0.8332788285794525E-01
 0.4930391691586909 0.3237779103937423 0.8394128122168043E-01
 0.4929660261465048 0.3246437440729609 0.8461286581993777E-01
 0.4928942212887647 0.3254870612590117 0.8526919941255422E-01
 0.4928264441506619 0.3262771246048927 0.8588598397922367E-01
 0.4927519174214103 0.3271393263369646 0.8656112642199079E-01
 0.4926787080690412 0.3279797469364587 0.8722127881348292E-01
 0.4926096554434690 0.3287666234484675 0.8784126151908470E-01
 0.4925339430736890 0.3296230132781373 0.8851810104345340E-01
 0.4924591702388622 0.3304623539927536 0.8918352533534132E-01
 0.4923888227977800 0.3312463028732031 0.8980680861443913E-01
 0.4923121135142934 0.3320949514366237 0.9048342711171968E-01
 0.4922356167886436 0.3329349321097967 0.9115510624281360E-01
 0.4921639580514466 0.3337161737250109 0.9178163041194626E-01
 0.4920864200263123 0.3345555072850702 0.9245671572975551E-01
 0.4920079779108322 0.3353983925000645 0.9313667431814231E-01
 0.4919349790156904 0.3361772587258772 0.9376671960742324E-01
 0.4918567516744928 0.3370061010019674 0.9443897890816196E-01
 0.4917760806158374 0.3378546557125295 0.9512915938286806E-01
 0.4917016910380575 0.3386316775030470 0.9576292428774708E-01
 0.4916228258654171 0.3394498296841615 0.9643208628342013E-01
 0.4915395465455679 0.3403076096868081 0.9713565479717849E-01
 0.4914636875421567 0.3410835474496819 0.9777378064049139E-01
 0.4913841595727111 0.3418915721172552 0.9843994471971984E-01
 0.4912978475026040 0.3427623345648957 0.9915972556484023E-01
 0.4912204294903762 0.3435379845572075 0.9980258498065639E-01
 0.4911401238327116 0.3443372800328353 0.1004667420791023
 0.4910503496964062 0.3452245572086957 0.1012059848433420
 0.4909712891415884 0.3460005716399470 0.1018541568734298
 0.4908900443740404 0.3467928723776250 0.1025174407767926
 0.4907965975107260 0.3476978241845548 0.1032768970176363
 0.4907158633888684 0.3484742953555557 0.1039301608642576
 0.4906335060955785 0.3492613389107848 0.1045938881319250
 0.4905364995020018 0.3501819645905576 0.1053722360437247
 0.4904541153562887 0.3509584659964485 0.1060303068393424
 0.4903705165756243 0.3517414782742706 0.1066952945713894
 0.4902703746547354 0.3526730059810965 0.1074882423782527
 0.4901864051807944 0.3534487854629818 0.1081501798656811
 0.4901014893649766 0.3542284661909195 0.1088169167233766
 0.4899985247336558 0.3551674484815737 0.1096218033642750
 0.4899130104059087 0.3559420368595160 0.1102872789773387
 0.4898267522012163 0.3567186140084463 0.1109557693413117
 0.4897211233374231 0.3576631987937363 0.1117706435342356
 0.4896340844265788 0.3584363504320032 0.1124391114052608
 0.4895464665558795 0.3592099863142494 0.1131093696610843
 0.4894381486363049 0.3601600445863471 0.1139343164215659
 0.4893495777065964 0.3609317703674350 0.1146058269362510
 0.4892605868839359 0.3617025835792368 0.1152777425062970
 0.4891496137815456 0.3626574899469158 0.1161117863776268
 0.4890595134083560 0.3634277235665086 0.1167859128783271
 0.4889691310693859 0.3641958817385044 0.1174594855374786
 0.4888554984716801 0.3651553738040363 0.1183025697840026
 0.4887638632466909 0.3659241213120563 0.1189793640112277
 0.4886720792866770 0.3666897130617027 0.1196544789550103
 0.4885558321881104 0.3676531368383361 0.1205056011932384
 0.4884626654201725 0.3684203408890910 0.1211846662716053
 0.4883694714219910 0.3691834464877724 0.1218612764220737
 0.4882504997112393 0.3701514485619372 0.1227212124057191
 0.4881557841050251 0.3709172176698023 0.1234027264858026
 0.4880611639709583 0.3716779694024325 0.1240807957094570
 0.4879396172564186 0.3726490870079086 0.1249478452828248
 0.4878433653661248 0.3734132987359683 0.1256313821089680
 0.4877473171013160 0.3741717244976349 0.1263108481986671
 0.4876230057487881 0.3751472386792517 0.1271863952532231
 0.4875251952060456 0.3759100419891878 0.1278722052564236
 0.4874277094298663 0.3766662162306130 0.1285530166643671
 0.4873006769395097 0.3776455382778934 0.1294361599155199
 0.4872013106976278 0.3784068865892334 0.1301239020605110
 0.4871023812116333 0.3791608638167606 0.1308060319792889
 0.4869724486662672 0.3801451205469977 0.1316980384842173
 0.4868715013051221 0.3809051763184014 0.1323879752790412
 0.4867711063989930 0.3816571157804364 0.1330714433429324
 0.4866385582808004 0.3826439270069102 0.1339697498136098
 0.4865360497392742 0.3834025241638722 0.1346614089989421
 0.4864341911386167 0.3841524223722176 0.1353461165143109
 0.4862986486917268 0.3851443857299734 0.1362533162152035
 0.4861945366894845 0.3859018054863758 0.1369470659305257
 0.4860911873049443 0.3866498514958068 0.1376330648259375
 0.4859531321510027 0.3876432430266768 0.1385453409109741
 0.4858474574551488 0.3883991801106899 0.1392405882985581
 0.4857426368095387 0.3891452466230678 0.1399276791212744
 0.4856022702707465 0.3901385334079362 0.1408438465177952
 0.4854950270290340 0.3908930341601869 0.1415407618046416
 0.4853887840054044 0.3916368015153288 0.1422285456899822
 0.4852462112374240 0.3926292043127964 0.1431474598298323
 0.4851373808855403 0.3933824092094648 0.1438458677965415
 0.4850297695671758 0.3941235467787044 0.1445339535778207
 0.4848849977203299 0.3951150026099952 0.1454557617893149
 0.4847745393452749 0.3958671981265558 0.1461560513829934
 0.4846656152258442 0.3966053808128741 0.1468440175352134
 0.4845186458546910 0.3975958684177808 0.1477682402663828
 0.4844065187302998 0.3983473301254158 0.1484703317017760
 0.4842963228487273 0.3990823496883552 0.1491578562593316
 0.4841471456156433 0.4000719313768848 0.1500847137191534
 0.4840332913472696 0.4008230378336812 0.1507890700753276
 0.4839218657678736 0.4015546872002478 0.1514758293695848
 0.4837739753992177 0.4025206000984884 0.1523834458410141
 0.4836585369943573 0.4032705166341838 0.1530889104214583
 0.4835461508817608 0.4039972458964761 0.1537732827080885
 0.4834063880433225 0.4048964417183027 0.1546210503832941
 0.4832893561350722 0.4056455550620304 0.1553280909850059
 0.4831764770505192 0.4063648164702282 0.1560075585824194
 0.4830475208524556 0.4071826418274022 0.1567808330851858
 0.4829274552994786 0.4079404128854247 0.1574980229235022
 0.4828138372396460 0.4086542735270704 0.1581743211048952
 0.4826920258324105 0.4094161794969867 0.1588968785445036
 0.4825642767417798 0.4102114552289417 0.1596518710356723
 0.4824484531063152 0.4109291977986848 0.1603338901842124
 0.4823298524269227 0.4116609435032258 0.1610297871353036
 0.4821774987391905 0.4125962420422858 0.1619201082132880
 0.4820570294348990 0.4133321116916900 0.1626213082334019
 0.4819380160059224 0.4140559292167329 0.1633116820282527
 0.4817784115093821 0.4150217494976438 0.1642338772215135
 0.4816551507202770 0.4157638776544237 0.1649431893731798
 0.4815352741810395 0.4164825245442126 0.1656305790623824
 0.4813876154245202 0.4173635672778824 0.1664739791347203
 0.4812626877149832 0.4181054425367198 0.1671847761661424
 0.4811425613212423 0.4188157860052687 0.1678659387294959
 0.4810076779929116 0.4196099054964680 0.1686281169497665
 0.4808786213923201 0.4203663092783363 0.1693547238286119
 0.4807575430873530 0.4210729555188226 0.1700340272182776
 0.4806298538997686 0.4218150786377294 0.1707479103351484
 0.4804888570725604 0.4226308852179425 0.1715332504083863
 0.4803646173371607 0.4233465899913166 0.1722227768606334
 0.4802394387532543 0.4240647579492491 0.1729152358880713
 0.4800679103188329 0.4250441008888373 0.1738604173648315
 0.4799381722348128 0.4257812464014893 0.1745724701678288
 0.4798119571988591 0.4264954407621561 0.1752628075043270
 0.4796550917870387 0.4273790879591969 0.1761175481131485
 0.4795238760612567 0.4281148960116837 0.1768298499513354
 0.4793976332532786 0.4288199712124742 0.1775129339126666
 0.4792556621649813 0.4296095927113462 0.1782785652565504
 0.4791201457775630 0.4303600949386854 0.1790068541037262
 0.4789930546617187 0.4310611125442319 0.1796875851269591
 0.4788593147911979 0.4317958842802022 0.1804015359985895
 0.4787101098656542 0.4326121287482631 0.1811951959434262
 0.4785795433456508 0.4333234216700860 0.1818873255144446
 0.4784485362769798 0.4340343430399265 0.1825796149942453
 0.4782782574631020 0.4349542749033258 0.1834762023706973
 0.4781423996796443 0.4356849612539817 0.1841888985655218
 0.4780110898402458 0.4363884483127612 0.1848754663529022
 0.4778590000170004 0.4371999358551964 0.1856679015293082
 0.4777201179145767 0.4379378678718662 0.1863889711796598
 0.4775885503530023 0.4386342490253800 0.1870698902629161
 0.4774478974778207 0.4393758588261265 0.1877955383627425
 0.4772985371660077 0.4401601797328465 0.1885635148356668
 0.4771642451415307 0.4408625907034804 0.1892516970351684
 0.4770280770621204 0.4415721523940332 0.1899472290691036
 0.4768391416569555 0.4425522931232538 0.1909085551293755
 0.4766982322550689 0.4432800083704212 0.1916227801659288
 0.4765612372493024 0.4439848519019872 0.1923149949254729
 0.4763924755744519 0.4448495755768272 0.1931648171006799
 0.4762500309404818 0.4455764274130489 0.1938795978096953
 0.4761133594116256 0.4462712462928923 0.1945632110393052
 0.4759618935272630 0.4470383632304265 0.1953183103318600
 0.4758134763685652 0.4477870989811739 0.1960557030882992
 0.4756755807709879 0.4484801744738971 0.1967386699974118
 0.4755324840259399 0.4491967895455883 0.1974452635110848
 0.4753603641964019 0.4500552761204287 0.1982923046829571
 0.4752173439883650 0.4507657672856634 0.1989937274794252
 0.4750760356503719 0.4514652369626672 0.1996845753215788
 0.4749045079879866 0.4523109647106154 0.2005202693208054
 0.4747569899779694 0.4530354251440087 0.2012365141180473
 0.4746159121451156 0.4537257873811434 0.2019194197596632
 0.4744616250997570 0.4544780511866599 0.2026639901411861
 0.4743063621234965 0.4552322154846882 0.2034108585610239
 0.4741635515541907 0.4559233887796472 0.2040956526965104
 0.4740168815309000 0.4566307670223075 0.2047967604614799
 0.4738215608487620 0.4575689336821498 0.2057270121788258
 0.4736719647355535 0.4582845340521877 0.2064369329067076
 0.4735256156116316 0.4589821597649738 0.2071293626602902
 0.4733461947309991 0.4598341715462165 0.2079754851406462
 0.4731939864325816 0.4605541712896504 0.2086908480935304
 0.4730482180298560 0.4612413334279598 0.2093738199936293
 0.4728881046586361 0.4619934677309592 0.2101216048076528
 0.4727283830962548 0.4627410239795067 0.2108651101056906
 0.4725810497557063 0.4634281984340347 0.2115488520595573
 0.4724295041479311 0.4641326390585756 0.2122501034637836
 0.4722299012675580 0.4650568225565969 0.2131706031955415
 0.4720756390282249 0.4657682643816644 0.2138795426955152
 0.4719247736927305 0.4664616955146254 0.2145707679388026
 0.4717424859869036 0.4672964930958118 0.2154032096673749
 0.4715851813278586 0.4680142127721654 0.2161192113187045
 0.4714349351227472 0.4686974436035981 0.2168011229782862
 0.4712716381839272 0.4694375144470410 0.2175401382281806
 0.4711048536997399 0.4701907209405102 0.2182926421749682
 0.4709524723035732 0.4708765459936889 0.2189780994313136
 0.4707970569530968 0.4715737494733468 0.2196751501410170
 0.4705786947462119 0.4725494926308513 0.2206510491295745
 0.4704181223172905 0.4732641684718318 0.2213661625234890
 0.4702624104537894 0.4739549390976158 0.2220576584430604
 0.4700755273127106 0.4747810669105197 0.2228850426458362
 0.4699131525275384 0.4754962879333650 0.2236016410519227
 0.4697582844667665 0.4761762418049187 0.2242830936752251
 0.4695908764256467 0.4769088573036283 0.2250174946205840
 0.4694175461510978 0.4776647920151303 0.2257754702208121
 0.4692601779838452 0.4783488444553641 0.2264615856027775
 0.4691004824610251 0.4790408271774925 0.2271558975639510
 0.4688895045276898 0.4799516795501468 0.2280701761140548
 0.4687242888601890 0.4806623314001129 0.2287837250316431
 0.4685650930161854 0.4813449245921746 0.2294692292318866
 0.4683847469385855 0.4821156613510899 0.2302433817597895
 0.4682150170581443 0.4828385830287634 0.2309696612488833
 0.4680556793309201 0.4835151040757750 0.2316495080325836
 0.4678890383551025 0.4842204381211142 0.2323585310143104
 0.4676948417214231 0.4850395997967675 0.2331822476073979
 0.4675300374954623 0.4857324309326061 0.2338791079316945
 0.4673671680719009 0.4864150304271793 0.2345657904788312
 0.4671764007036077 0.4872119249450626 0.2353675834904614
 0.4670050852938081 0.4879251686936658 0.2360853713030807
 0.4668426255247355 0.4885994696612044 0.2367641581548036
 0.4666700870844074 0.4893134114122038 0.2374830807179724
 0.4664823290381512 0.4900877876734112 0.2382631099063883
 0.4663159543990029 0.4907717771840073 0.2389522580451064
 0.4661494123994657 0.4914544078110221 0.2396401458886072
 0.4659492361026142 0.4922722146566130 0.2404643800661583
 0.4657752592481253 0.4929806254939698 0.2411785070720625
 0.4656094610293614 0.4936537098975869 0.2418571938864508
 0.4654316106230439 0.4943735446809340 0.2425832238740585
 0.4652444114393706 0.4951288043028817 0.2433451789332932
 0.4650755783023257 0.4958078611385324 0.2440303676173402
 0.4649054366974870 0.4964901788654442 0.2447189029382048
 0.4646947119254085 0.4973324862958103 0.2455689456861691
 0.4645177626566004 0.4980374482648128 0.2462804670513883
 0.4643485321746168 0.4987096796579243 0.2469590686184507
 0.4641649310611024 0.4994368252130766 0.2476932496200292
 0.4639775158291123 0.5001767669709455 0.2484404764069649
 0.4638061296748494 0.5008513987287982 0.2491218084769993
 0.4636322604479160 0.5015338446102693 0.2498110474569155
 0.4634040562201474 0.5024265893995973 0.2507126991487003
 0.4632238674104026 0.5031291364559003 0.2514223207933698
 0.4630509634701472 0.5038013403159325 0.2521013970055445
 0.4628584442566195 0.5045475862733458 0.2528554099310609
 0.4626719064100083 0.5052684377333798 0.2535838726908596
 0.4624983023151847 0.5059373711250212 0.2542599159019294
 0.4623195932001991 0.5066240403600023 0.2549538944204044
 0.4620846665693970 0.5075237592425891 0.2558632143318982
 0.4619024357568871 0.5082193697139622 0.2565663175369198
 0.4617256004453881 0.5088924847008175 0.2572467856244164
 0.4615210467434553 0.5096687934047380 0.2580317086841639
 0.4613340384991711 0.5103763598839551 0.2587472108153117
 0.4611577916686419 0.5110413409636647 0.2594196679952269
 0.4609729888581139 0.5117366723088174 0.2601227969801490
 0.4607613177286764 0.5125306882217456 0.2609256953546817
 0.4605792801089475 0.5132115035198532 0.2616141467962061
 0.4603997926377477 0.5138809494463428 0.2622911545354493
 0.4601930094953873 0.5146499650330298 0.2630689243699257
 0.4600021813448590 0.5153575374369075 0.2637845712413996
 0.4598228641764387 0.5160205998522845 0.2644551602082124
 0.4596355822761738 0.5167112372733060 0.2651535563275355
 0.4594162245903007 0.5175177429500264 0.2659690202658131
 0.4592304611467171 0.5181987113256791 0.2666575081666442
 0.4590480802913063 0.5188654903012602 0.2673316503223076
 0.4588395772682225 0.5196256161384778 0.2681001809596866
 0.4586449452820306 0.5203331152296439 0.2688154781243650
 0.4584626183383106 0.5209940965513571 0.2694836737146615
 0.4582730766536879 0.5216794136292024 0.2701763647097336
 0.4580439226356519 0.5225054989015668 0.2710112042445105
 0.4578542452732587 0.5231872564660380 0.2717001232170896
 0.4576689404334744 0.5238515480288056 0.2723713811096120
 0.4574582118256659 0.5246048949060268 0.2731326274654599
 0.4572599733735843 0.5253115801172121 0.2738466883871787
 0.4570746606047532 0.5259704394149294 0.2745123441263804
 0.4568826812674244 0.5266512331625884 0.2752000435044246
 0.4566428526157497 0.5274992025094086 0.2760564521513725
 0.4564492175310926 0.5281818288720642 0.2767457866189692
 0.4562608537376880 0.5288441587406054 0.2774145940662301
 0.4560472004515778 0.5295933824531502 0.2781711197776523
 0.4558454139330992 0.5302990269277821 0.2788835819368963
 0.4556570075099995 0.5309561709237415 0.2795469713332785
 0.4554622220339849 0.5316338408896980 0.2802309381905669
 0.4552127399436838 0.5324992649750886 0.2811041892000394
 0.4550153038687094 0.5331821431145968 0.2817931127066063
 0.4548238317391912 0.5338427156123523 0.2824594596358957
 0.4546069587602185 0.5345889397220021 0.2832121244093203
 0.4544017346470349 0.5352931595871426 0.2839223010240196
 0.4542102748525181 0.5359484750673820 0.2845829976408373
 0.4540126193113679 0.5366233158256120 0.2852631748349522
 0.4537539224841858 0.5375040058776268 0.2861505115344696
 0.4535528424214862 0.5381865613386403 0.2868380128204173
 0.4533582705622050 0.5388453830243518 0.2875014790743065
 0.4531377056390763 0.5395902789603508 0.2882514860525703
 0.4529293707444071 0.5402919940229494 0.2889578494428017
 0.4527349860404142 0.5409450896322640 0.2896150813151576
 0.4525343747864978 0.5416174650985621 0.2902914931438497
 0.4522689817608123 0.5425044259735503 0.2911834470406319
 0.4520645204444985 0.5431857924355651 0.2918684475940677
 0.4518668656729976 0.5438428700681196 0.2925289133459782
 0.4516427523560184 0.5445860096151225 0.2932757666974255
 0.4514311453140901 0.5452858435830257 0.2939789576904802
 0.4512337289815676 0.5459371495709517 0.2946332217956863
 0.4510301153160037 0.5466072991229539 0.2953062150929924
 0.4507562750028746 0.5475060387082324 0.2962084538198079
 0.4505482330247510 0.5481868928314436 0.2968917631502018
 0.4503474565755819 0.5488423961596921 0.2975495094703747
 0.4501199020586458 0.5495834710737804 0.2982929832991943
 0.4499048831941119 0.5502819236717355 0.2989935244740136
 0.4497043711049057 0.5509316910441622 0.2996450297078725
 0.4494977673986337 0.5515996324437994 0.3003145092140775
 0.4492136675622992 0.5525155404123000 0.3012321078993800
 0.4490019506614281 0.5531961696441153 0.3019137201521490
 0.4487979935236382 0.5538503111316156 0.3025686254280274
 0.4485662547702378 0.5545917323453450 0.3033107080731471
 0.4483482789899529 0.5552873634714983 0.3040067314970147
 0.4481448615053801 0.5559350089956490 0.3046544989970220
 0.4479351539916170 0.5566011499479403 0.3053204900341766
 0.4476475584831108 0.5575121962120897 0.3062308912241363
 0.4474327523786422 0.5581907823376578 0.3069087210778210
 0.4472258133974712 0.5588430088913440 0.3075600475847678
 0.4469910495686279 0.5595811554348010 0.3082969899570990
 0.4467696617495881 0.5602755257245479 0.3089900229505765
 0.4465632296390143 0.5609214952749210 0.3096345282172313
 0.4463507269927528 0.5615849660676918 0.3102962424486628
 0.4460460630059984 0.5625335556695100 0.3112418813296779
 0.4462492720057658 0.5619011946091315 0.3106115421137700
 0.4460473572555550 0.5625295324520413 0.3112378716104678
 0.4458404384787996 0.5631720450362183 0.3118781365950214
 0.4456316814031380 0.5638188416912648 0.3125225053544772
 0.4453959217497351 0.5645475926065053 0.3132483314022877
 0.4451700284764569 0.5652441574250963 0.3139418797760491
 0.4449602703144569 0.5658894987332941 0.3145841837918500
 0.4447454300184113 0.5665490189149349 0.3152403193841355
 0.4444402445451022 0.5674833667845924 0.3161693781142422
 0.4442175822807984 0.5681632151286938 0.3168450553170221
 0.4440048022058731 0.5688114440682651 0.3174890945562004
 0.4437665322561857 0.5695356608277506 0.3182083986322949
 0.4435369273547003 0.5702318859333416 0.3188996438611600
 0.4433241179623445 0.5708757423678050 0.3195386286528121
 0.4431066530567978 0.5715322623859833 0.3201898871846674
 0.4428136011970190 0.5724147204818463 0.3210648125624579
 0.4425882138052463 0.5730916729659656 0.3217356800163297
 0.4423732874058532 0.5737357989083914 0.3223738198319656
 0.4421378738654523 0.5744397581772731 0.3230710449115293
 0.4419006549587369 0.5751474710025607 0.3237717718326584
 0.4416839620361009 0.5757925134827965 0.3244102221833635
 0.4414652947623166 0.5764420545304815 0.3250528777815735
 0.4412019683704225 0.5772224278039497 0.3258246472621930
 0.4409725132012274 0.5779008076416393 0.3264952901384470
 0.4407557749569342 0.5785402177806035 0.3271272322358365
 0.4405280532028953 0.5792106035983183 0.3277896317147986
 0.4402624838754156 0.5799905728622640 0.3285600941612620
 0.4400379203337402 0.5806485775768246 0.3292098534509500
 0.4398181752719659 0.5812911136344594 0.3298440956911697
 0.4395728069010092 0.5820070048251773 0.3305504440037512
 0.4393340335628055 0.5827020767459133 0.3312359660573859
 0.4391134866998072 0.5833427177717956 0.3318675964506622
 0.4388890935587428 0.5839931861680702 0.3325087434086602
 0.4386050817742511 0.5848145436482827 0.3333180866201789
 0.4383716770913667 0.5854879404109157 0.3339813950970879
 0.4381501325082459 0.5861257882867759 0.3346094504417262
 0.4379136259825863 0.5868052910946557 0.3352782501679639
 0.4376570963502517 0.5875406725138119 0.3360017570481938
 0.4374304617273181 0.5881889364074034 0.3366393518649993
 0.4372058651321670 0.5888300656404131 0.3372697902016621
 0.4369510288229951 0.5895559527853537 0.3379834307627851
 0.4367095768129348 0.5902421911947541 0.3386579371590832
 0.4364850148085747 0.5908791030304743 0.3392837926124537
 0.4362550381375380 0.5915300586028398 0.3399232561120347
 0.4359405873743815 0.5924179835181539 0.3407952015929864
 0.4357022863807196 0.5930892485457168 0.3414542006487815
 0.4354752709936928 0.5937274221318791 0.3420806084852956
 0.4352269708310862 0.5944239850868294 0.3427642309049216
 0.4349756107844507 0.5951276032197074 0.3434546506304215
 0.4347465174671949 0.5957675596219526 0.3440824482796154
 0.4345159931616147 0.5964102390731031 0.3447127315194248
 0.4342435227004470 0.5971682220999215 0.3454558424913134
 0.4340003870551812 0.5978431096509325 0.3461172877238994
 0.4337717634574884 0.5984764417264107 0.3467378750348195
 0.4335340117966045 0.5991337586652672 0.3473818615852638
 0.4332327804244812 0.5999646850382698 0.3481957860798191
 0.4329931868790108 0.6006240852763893 0.3488415401765289
 0.4327616446659161 0.6012600700221925 0.3494642027458743
 0.4325057483428139 0.6019615202486031 0.3501507704779435
 0.4322518687320292 0.6026559686940630 0.3508303235421956
 0.4320188750777229 0.6032920027209798 0.3514526255807619
 0.4317833403553644 0.6039337312233364 0.3520804556919048
 0.4314996046167317 0.6047051373223906 0.3528351171176500
 0.4312525227335401 0.6053754314936973 0.3534908054790825
 0.4310194883030929 0.6060063795304925 0.3541079224184012
 0.4307757142475785 0.6066651268678172 0.3547521211020154
 0.4304808600994429 0.6074601706047182 0.3555294708532319
 0.4302380849957594 0.6081133697906442 0.3561680638301116
 0.4300022725469216 0.6087466159198224 0.3567871294720426
 0.4297423421899658 0.6094432427940107 0.3574681499063065
 0.4294825115499539 0.6101381589287630 0.3581474698781329
 0.4292447479029480 0.6107727994833578 0.3587678028185670
 0.4290050649777108 0.6114113533604080 0.3593918666259775
 0.4287209983571104 0.6121665888201755 0.3601298368057581
 0.4284684056285836 0.6128367294724399 0.3607845768164683
 0.4282309253768776 0.6134655666691075 0.3613989403079876
 0.4279841790379458 0.6141177050844492 0.3620360811867372
 0.4276664156197650 0.6149556945826650 0.3628548255264135
 0.4274170735789939 0.6156118018371698 0.3634958566877478
 0.4271767542019285 0.6162429717622600 0.3641124882188299
 0.4269121911739368 0.6169364650015915 0.3647899619991585
 0.4266473916685449 0.6176291694086264 0.3654666493408353
 0.4264052227002467 0.6182614461043786 0.3660843407858051
 0.4261613134118186 0.6188970876157530 0.3667053930352730
 0.4258741212502345 0.6196440179243344 0.3674352906466860
 0.4256163547019043 0.6203130358177623 0.3680891300581393
 0.4253743747297140 0.6209398970527402 0.3687017977373794
 0.4251237728744659 0.6215878917793312 0.3693351219286310
 0.4247844406049141 0.6224633834613393 0.3701908004352903
 0.4245288922906144 0.6231212456250530 0.3708338228624015
 0.4242837766116800 0.6237510761882045 0.3714495248944980
 0.4240133848946429 0.6244445266415397 0.3721275266471776
 0.4237442150120306 0.6251334675112825 0.3728012129238255
 0.4234977190393392 0.6257631763612097 0.3734170259638389
 0.4232493751476434 0.6263964535118728 0.3740363476123250
 0.4229573526610063 0.6271396389950078 0.3747631815438911
 0.4226947777656485 0.6278065301699201 0.3754154640954677
 0.4224484287447195 0.6284310532149385 0.3760264128350268
 0.4221935875380380 0.6290759314773788 0.3766574214905548
 0.4218402284886831 0.6299681461915696 0.3775307082010629
 0.4215794869555660 0.6306250507943544 0.3781738406975368
 0.4213298557547650 0.6312528126792262 0.3787885400672186
 0.4210539292032918 0.6319453966307533 0.3794668150861280
 0.4207804463146907 0.6326305022074225 0.3801378972266370
 0.4205296939245941 0.6332574946848352 0.3807522110572932
 0.4202770113845642 0.6338881859112179 0.3813703319922870
 0.4199808762863674 0.6346259004017819 0.3820935855814142
 0.4197131812799231 0.6352914417894786 0.3827462769603100
 0.4194623095567580 0.6359140210117794 0.3833569645807668
 0.4192034227455282 0.6365553438402300 0.3839861407281593
 0.4188223643663544 0.6374972058739509 0.3849103643937983
 0.4190765000092569 0.6368693369780490 0.3842942241402776
 0.4188293021541120 0.6374800800960938 0.3848935567055506
 0.4185775568459711 0.6381009791485650 0.3855030020040431
 0.4183250596284975 0.6387226435394240 0.3861133860077595
 0.4180469766610876 0.6394060452760888 0.3867846301494326
 0.4177662789616851 0.6400945434752622 0.3874611317946597
 0.4175106706114254 0.6407203459028247 0.3880762237861445
 0.4172544913370902 0.6413464452763668 0.3886917713288645
 0.4169604315559802 0.6420637720382573 0.3893972135495788
 0.4166862638037108 0.6427312786673329 0.3900538958429784
 0.4164308333663065 0.6433520463927805 0.3906648488622812
 0.4161695348282142 0.6439859624665589 0.3912890294960796
 0.4158319030514391 0.6448034059126558 0.3920943574698850
 0.4155606593668876 0.6454587682892716 0.3927403306907040
 0.4153037519794008 0.6460783898380342 0.3933513007783077
 0.4150309515885278 0.6467351741829511 0.3939991304870202
 0.4147269571611505 0.6474656486749980 0.3947199160020368
 0.4144629555929040 0.6480988220371501 0.3953449575789981
 0.4142041250654290 0.6487185139581252 0.3959569669458634
 0.4139200628678740 0.6493973908251813 0.3966277606771900
 0.4136320687652406 0.6500843619705763 0.3973068947135006
 0.4133702618770139 0.6507077341216604 0.3979234238354416
 0.4131082827447352 0.6513304411229087 0.3985395272943605
 0.4128093949943196 0.6520395697222936 0.3992414217172988
 0.4125280199557406 0.6527058804715027 0.3999012532086997
 0.4122665509356717 0.6533239553764092 0.4005136469229662
 0.4120000071458281 0.6539529427471314 0.4011372218700469
 0.4116677606848544 0.6547354496051110 0.4019135386729186
 0.4113900814357023 0.6553881472620736 0.4025615149846709
 0.4111279552107431 0.6560032117848819 0.4031724670035661
 0.4108531792779657 0.6566468419608226 0.4038121233229743
 0.4105212712763299 0.6574227805594609 0.4045837296169535
 0.4102480042485486 0.6580603875034882 0.4052181881686881
 0.4099835511619688 0.6586763674272424 0.4058315130963985
 0.4096965612307064 0.6593436647578674 0.4064963764979291
 0.4093974256307310 0.6600379044548265 0.4071885501970438
 0.4091285176152584 0.6606608651306357 0.4078100202255739
 0.4088612630453028 0.6612789433108459 0.4084269229373872
 0.4085617495297603 0.6619703854876954 0.4091173945589701
 0.4082709642154103 0.6626404286451699 0.4097868689697263
 0.4080030296250751 0.6632567328363751 0.4104030168354991
 0.4077324266402143 0.6638781228199356 0.4110246444310981
 0.4074144953339079 0.6646068483118049 0.4117541763731510
 0.4071282799778408 0.6652616401442034 0.4124101656007944
 0.4068604481227809 0.6658733169694974 0.4130233386220507
 0.4065852819554159 0.6665006829555736 0.4136526004429286
 0.4062185258680023 0.6673352052116940 0.4144902265721919
 0.4059333461974068 0.6679827986535698 0.4151407336346751
 0.4056632416326211 0.6685951080037295 0.4157562486753874
 0.4053754841173084 0.6692463147412452 0.4164113698006061
 0.4050577885809149 0.6699639349332639 0.4171338954353639
 0.4047803465893490 0.6705894857520459 0.4177641914361155
 0.4045080380755190 0.6712024295458856 0.4183821725557064
 0.4042094856335871 0.6718732754074669 0.4190589544169015
 0.4039060790492090 0.6725537789523249 0.4197459499220920
 0.4036308492146332 0.6731700003418808 0.4203684994987729
 0.4033563109908181 0.6737836487791379 0.4209889130324155
 0.4030475659503982 0.6744725386720835 0.4216859715574732
 0.4027494741932058 0.6751364399602549 0.4223583108475123
 0.4024746011211036 0.6757475726625521 0.4229776764850847
 0.4021972248570640 0.6763632470203742 0.4236020771132767
 0.4018750441170735 0.6770770850877339 0.4243265809345745
 0.4015796122331343 0.6777304473549526 0.4249902592606575
 0.4013038822777683 0.6783391976629571 0.4256091438272528
 0.4010218206188098 0.6789608916007658 0.4262417414361583
 0.4006654988071385 0.6797447716718161 0.4270401733302717
 0.4003719693604390 0.6803892679501736 0.4276972699832270
 0.4000948818285521 0.6809966347927013 0.4283169929058838
 0.3998043342231950 0.6816324371091937 0.4289661999391862
 0.3994530537523463 0.6823996856085327 0.4297502632768602
 0.3991643479032991 0.6830290743767159 0.4303939982342682
 0.3988856484817785 0.6836356364346428 0.4310148917128110
 0.3985855277836175 0.6842877117722246 0.4316829467273464
 0.3982647170616249 0.6849834747291084 0.4323964047467264
 0.3979800002177789 0.6855998672106639 0.4330290004771374
 0.3976993607014883 0.6862064319884382 0.4336519678926510
 0.3973917605976703 0.6868701316464049 0.4343341311567577
 0.3970775937556494 0.6875467775889880 0.4350301877278042
 0.3967929728385348 0.6881587255032240 0.4356602495858712
 0.3965093394422714 0.6887675488580950 0.4362876642655004
 0.3961914446466940 0.6894487310125194 0.4369903434209911
 0.3958823712750118 0.6901098154129101 0.4376729777539110
 0.3955979675496843 0.6907170960084148 0.4383006142216253
 0.3953116500180711 0.6913274624666322 0.4389319458960790
 0.3949823282554922 0.6920282676376834 0.4396574307285824
 0.3946761270981550 0.6926786888424867 0.4403313547926874
 0.3943916130422395 0.6932820254460463 0.4409570380718763
 0.3941027247364977 0.6938936385266002 0.4415918648118016
 0.3937604254302329 0.6946170305384466 0.4423434452113471
 0.3934552255050529 0.6952608356017353 0.4430129774073420
 0.3931695332205631 0.6958624828655050 0.4436391773527797
 0.3928763270466053 0.6964789446245523 0.4442812861732375
 0.3924985474731301 0.6972717194380410 0.4451077845719691
 0.3921939159293339 0.6979097658551124 0.4457736268791289
 0.3919062006907237 0.6985113797003905 0.4464020346370546
 0.3916035839951757 0.6991431062518284 0.4470625411570892
 0.3912449017134603 0.6998904880995971 0.4478448271907628
 0.3909458925871122 0.7005123862681653 0.4484964436516529
 0.3906566738950867 0.7011129360791866 0.4491262360748922
 0.3903458219230532 0.7017573295965081 0.4498025782700734
 0.3900107529555070 0.7024506798932579 0.4505309696591434
 0.3897148721146252 0.7030618692711992 0.4511736468331991
 0.3894243465597117 0.7036610235563978 0.4518042404618685
 0.3891092733076529 0.7043097169343387 0.4524876207505506
 0.3887772132725539 0.7049921651922906 0.4532072663884614
 0.3884805476747136 0.7056008170232940 0.4538496643034063
 0.3881875846604966 0.7062008998963772 0.4544835115540810
 0.3878666457075685 0.7068571811631813 0.4551772674791233
 0.3875379964662624 0.7075280357132442 0.4558870450427094
 0.3872407470204206 0.7081337593209323 0.4565284924636699
 0.3869451709274873 0.7087351005014271 0.4571658840306738
 0.3866166003659781 0.7094024336413810 0.4578739287228742
 0.3862917922840561 0.7100609553164222 0.4585733377209734
 0.3859946962641788 0.7106622781994649 0.4592125797515670
 0.3856974953912895 0.7112628464994657 0.4598515402454662
 0.3853640618562201 0.7119354849699256 0.4605677749037209
 0.3850399525155814 0.7125881554394554 0.4612633598015790
 0.3847421219154518 0.7131869044084478 0.4619020346480966
 0.3844434192720235 0.7137864448869239 0.4625421100205639
 0.3841073896343699 0.7144597590615495 0.4632616133225702
 0.3837817104440782 0.7151111787582034 0.4639583629675263
 0.3834819283399655 0.7157097981548921 0.4645991557288410
 0.3831805808627290 0.7163105794332508 0.4652427306589031
 0.3828381788098813 0.7169920404602178 0.4659732932740031
 0.3825126028919414 0.7176388646475224 0.4666673059121684
 0.3822114175273428 0.7182362383138532 0.4673088103064298
 0.3819070551796878 0.7188389463993499 0.4679566170316376
 0.3815536045119941 0.7195376452550550 0.4687083365672421
 0.3812297116627347 0.7201767715203758 0.4693966371104665
 0.3809282298489756 0.7207706961618954 0.4700367966498282
 0.3806217963767193 0.7213734119444292 0.4706869262416548
 0.3802589288816147 0.7220858743854481 0.4714560569996369
 0.3799352659894937 0.7227202204206039 0.4721414353484784
 0.3796329536194314 0.7233117532656411 0.4727810699916744
 0.3793244370380230 0.7239144647997883 0.4734333187157687
 0.3789535958347200 0.7246376521541120 0.4742166386282261
 0.3786287771321637 0.7252699457005495 0.4749020900462937
 0.3783244000982455 0.7258614813052973 0.4755438089826784
 0.3780118672177762 0.7264678980331067 0.4762020995971235
 0.3776153888632067 0.7272357889023701 0.4770363056230012
 0.3772901558220454 0.7278645224023307 0.4777199035503686
 0.3769835842027127 0.7284562173696369 0.4783637455728486
 0.3766636523969830 0.7290727051652974 0.4790351292099321
 0.3762491127038461 0.7298699935701204 0.4799042676154097
 0.3759264698964210 0.7304893662823939 0.4805800832688039
 0.3756181572794412 0.7310802766121184 0.4812253087939691
 0.3752888279278458 0.7317104424240463 0.4819138674599906
 0.3749255422778541 0.7324043592354242 0.4826726380072376
 0.3746089795994937 0.7330079869874985 0.4833331714320535
 0.3743003173551377 0.7335956182078630 0.4839766600419027
 0.3739701629928817 0.7342231512020932 0.4846643520697913
 0.3736027008234655 0.7349203669465826 0.4854290014083733
 0.3732836720118342 0.7355246398520668 0.4860921854283085
 0.3729726515194277 0.7361128114154568 0.4867380808504218
 0.3726391911352336 0.7367423997513375 0.4874298622256239
 0.3722723544276316 0.7374337901053893 0.4881900556835971
 0.3719515568380099 0.7380373702720417 0.4888541788007392
 0.3716376550523321 0.7386270412609767 0.4895034708551334
 0.3712985531689432 0.7392630157598451 0.4902042961186516
 0.3709373377464662 0.7399392847832228 0.4909501348612233
 0.3706166511253123 0.7405386603056368 0.4916116533577350
 0.3703014604026019 0.7411268365130589 0.4922612072528068
 0.3699602141954268 0.7417626020196061 0.4929637220824896
 0.3695988552720942 0.7424346727082444 0.4937068030452093
 0.3692775126964464 0.7430313153211724 0.4943668896475242
 0.3689620258166342 0.7436161693815415 0.4950143225673188
 0.3686226515856026 0.7442442961966659 0.4957100944999979
 0.3682529526502804 0.7449273621624093 0.4964672147758386
 0.3679283862962127 0.7455260233732492 0.4971311652079553
 0.3676111404265534 0.7461102667800202 0.4977794412268498
 0.3672712522163517 0.7467352082157029 0.4984732084153138
 0.3668944365696299 0.7474268418909386 0.4992414362287481
 0.3665662627877413 0.7480281664125090 0.4999097594612322
 0.3662457684386956 0.7486144987652394 0.5005618239503364
 0.3659010040203753 0.7492442198193229 0.5012626064410760
 0.3655272959288912 0.7499256261808955 0.5020214333037084
 0.3651981968011744 0.7505246803895743 0.5026889601710277
 0.3648757176683122 0.7511107667170452 0.5033423621777348
 0.3645276913555666 0.7517422680662437 0.5040467238807613
 0.3641557537902617 0.7524159960059775 0.5047985588314068
 0.3638265631345577 0.7530112952966553 0.5054632214440673
 0.3635040683688679 0.7535935814466156 0.5061137031337575
 0.3631580267314458 0.7542173908747701 0.5068109754907221
 0.3627780895731886 0.7549011250316321 0.5075757070116514
 0.3624462657971522 0.7554972687934914 0.5082428547419493
 0.3621228924994987 0.7560773317818772 0.5088923234785441
 0.3617784400093950 0.7566942337899998 0.5095833708048534
 0.3613845343418070 0.7573984795222097 0.5103726953088924
 0.3610478431948550 0.7579994016996215 0.5110466169345069
 0.3607211954336997 0.7585814924476683 0.5116998034277361
 0.3603730268390492 0.7592009543958430 0.5123953490627778
 0.3599786493557978 0.7599014150984209 0.5131823350814114
 0.3596395630078015 0.7605026431792065 0.5138581903563419
 0.3593097946190251 0.7610864404688275 0.5145147139179290
 0.3589563702840661 0.7617111246647530 0.5152174661429759
 0.3585692308855994 0.7623942276836135 0.5159862265370114
 0.3582307591329761 0.7629904560197212 0.5166574928767323
 0.3579004721486873 0.7635713695033658 0.5173117981477928
 0.3575468051799551 0.7641924249935875 0.5180116502395079
 0.3571569772358335 0.7648758119820910 0.5187821414882836
 0.3568175784963920 0.7654697997193508 0.5194521546636292
 0.3564874180139043 0.7660467344071384 0.5201031852894463
 0.3561367839142413 0.7666584931467050 0.5207937668745493
 0.3557288474300550 0.7673689986874547 0.5215961530803236
 0.3553844392414139 0.7679678306443826 0.5222727299195633
 0.3550519661740335 0.7685450228776392 0.5229251461661366
 0.3547004866543777 0.7691542662908226 0.5236141045921803
 0.3542777273937505 0.7698857816565350 0.5244417276390534
 0.3539283396085711 0.7704892870556901 0.5251247938101702
 0.3535918030540668 0.7710696969206118 0.5257819048990098
 0.3532339437071424 0.7716859188348656 0.5264797343480120
 0.3528264167154333 0.7723864633610169 0.5272732832008215
 0.3524775007668093 0.7729852402934400 0.5279517904718630
 0.3521386955333918 0.7735657739461924 0.5286098790048585
 0.3517762582291551 0.7741858306777780 0.5293130779227438
 0.3513767167360619 0.7748682076116329 0.5300873205877966
 0.3510288327866012 0.7754613735987596 0.5307606238138667
 0.3506902075941895 0.7760378752878686 0.5314152237795371
 0.3503296747333532 0.7766507261782331 0.5321112953852954
 0.3499195046104506 0.7773467683028846 0.5329020913634692
 0.3495689455455190 0.7779406573678576 0.5335770409552191
 0.3492301260247400 0.7785137895233020 0.5342286053828919
 0.3488730139907089 0.7791169433739481 0.5349145252347273
 0.3484297000193300 0.7798643800863359 0.5357648253405227
 0.3480723211201490 0.7804658759710382 0.5364492995813572
 0.3477303296582928 0.7810405973093812 0.5371034376012919
 0.3473697170221307 0.7816456868344097 0.5377922650147593
 0.3469288851324998 0.7823840953911535 0.5386330575217738
 0.3465687274754326 0.7829863268650812 0.5393189979632618
 0.3462223823751004 0.7835645788862682 0.5399778425936119
 0.3458539986081382 0.7841786794441759 0.5406777853063636
 0.3454351405322782 0.7848757398356681 0.5414725819757756
 0.3450761684141793 0.7854721417258335 0.5421528085067298
 0.3447276886301857 0.7860502346978452 0.5428122780100967
 0.3443555349758864 0.7866666499062872 0.5435155597422552
 0.3439420545482299 0.7873503698648203 0.5442957332062984
 0.3435838961867043 0.7879416389584022 0.5449705203957746
 0.3432361960048170 0.7885147832790779 0.5456247468619205
 0.3428675000978990 0.7891216146151817 0.5463175822015427
 0.3424380827598632 0.7898271945387156 0.5471233650332012
 0.3420767616406640 0.7904198949731263 0.5478003839972084
 0.3417290822809514 0.7909893669916394 0.5484509688982806
 0.3413639881543863 0.7915864679983003 0.5491332054392981
 0.3408858041810885 0.7923671427308305 0.5500253328034366
 0.3405162547907637 0.7929693935454972 0.5507137044998718
 0.3401646690383647 0.7935415073955626 0.5513677690533790
 0.3397942707243383 0.7941433279506943 0.5520559484502560
 0.3393360215781361 0.7948866065528098 0.5529060673605046
 0.3389648851725449 0.7954875539154275 0.5535934895150939
 0.3386087033488942 0.7960634193183207 0.5542522525496654
 0.3382306530097731 0.7966737152192429 0.5549504129041366
 0.3377954744697786 0.7973750586375902 0.5557527571154350
 0.3374253695876180 0.7979705414380893 0.5564340654795211
 0.3370666954597848 0.7985467707170104 0.5570934551684217
 0.3366837165574906 0.7991611136099923 0.5577966129021664
 0.3362585223933185 0.7998420496925259 0.5585761811649397
 0.3358899905762763 0.8004312885303357 0.5592509023062963
 0.3355320690203621 0.8010027177722494 0.5599053087550425
 0.3351522807630793 0.8016081503288784 0.5605987076721171
 0.3347120530984005 0.8023087666525381 0.5614011714683503
 0.3343407037298741 0.8028987955453911 0.5620770281205807
 0.3339835304108329 0.8034654672851826 0.5627261993677158
 0.3336093216551462 0.8040582932661864 0.5634054185380775
 0.3330950380116963 0.8048715753170146 0.5643373512068028
 0.3327139444359882 0.8054731520419462 0.5650267541290558
 0.3323534130790423 0.8060414272020474 0.5656780106910402
 0.3319739960440070 0.8066385883012624 0.5663623750264631
 0.3314985956983006 0.8073855450230456 0.5672184308620288
 0.3311172539723471 0.8079836969662995 0.5679039996998557
 0.3307521029287063 0.8085556066878234 0.5685595617504836
 0.3303660439451758 0.8091593656403531 0.5692517109151061
 0.3299045338611771 0.8098799170167370 0.5700778166102557
 0.3295212652146608 0.8104773165444007 0.5707627190306301
 0.3291515758265075 0.8110526987012615 0.5714223104970324
 0.3287576440664250 0.8116648948733897 0.5721239907299230
 0.3283160982521093 0.8123499667792383 0.5729090573016896
 0.3279352296775335 0.8129399491443292 0.5735850691437043
 0.3275654212932053 0.8135119627456736 0.5742404606896986
 0.3271715915360142 0.8141202297498212 0.5749373938429213
 0.3267281428971446 0.8148040227289625 0.5757208831288512
 0.3263475267937604 0.8153899944560948 0.5763922906494594
 0.3259797105784507 0.8159554434515366 0.5770401575916042
 0.3255928852689102 0.8165492522739515 0.5777204677305030
 0.3251016509002917 0.8173020672857432 0.5785828643548916
 0.3247136863586466 0.8178956210291239 0.5792627695689112
 0.3243450372787519 0.8184588086486132 0.5799078733360923
 0.3239606167736523 0.8190452473869257 0.5805796030560862
 0.3234176239140427 0.8198721298371827 0.5815267169170949
 0.3230211532346800 0.8204748089029505 0.5822169691599705
 0.3226478559798277 0.8210414351437312 0.5828658565937520
 0.3222560202627027 0.8216353414612586 0.5835459006784436
 0.3217481938457711 0.8224037507350599 0.5844256619982424
 0.3213512826519985 0.8230033092292569 0.5851120806614240
 0.3209720622434866 0.8235753109214849 0.5857669710901947
 0.3205694715734297 0.8241816748658987 0.5864612393752557
 0.3201047296904958 0.8248805143951501 0.5872614054676955
 0.3197097025715786 0.8254735710588978 0.5879404052185836
 0.3193267355755244 0.8260476900564822 0.5885976237654365
 0.3189173675085223 0.8266604856927292 0.5892989654635690
 0.3184654250175458 0.8273359338761220 0.5900718183350400
 0.3180726241677230 0.8279220765687773 0.5907423454733595
 0.3176907117188212 0.8284911580311236 0.5913932640337314
 0.3172844030046394 0.8290957146425075 0.5920846899472466
 0.3168239778301235 0.8297797033222550 0.5928668821080487
 0.3164306188022801 0.8303631481656979 0.5935340046941199
 0.3160513829761251 0.8309248512821450 0.5941761549384471
 0.3156540905143675 0.8315124661877208 0.5948477791185207
 0.3151076869860984 0.8323192375229505 0.5957696178624710
 0.3147038730541070 0.8329144464250272 0.5964495232925892
 0.3143231641538979 0.8334748029417524 0.5970894781637203
 0.3139257578770741 0.8340589144495216 0.5977564236389482
 0.3133484284833287 0.8349059898203315 0.5987233441963530
 0.3137334057606092 0.8343413349309768 0.5980788409754532
 0.3133539271916819 0.8348979302413259 0.5987141461226644
 0.3129677917547414 0.8354635109623768 0.5993595260452721
 0.3125851654274787 0.8360231799981909 0.5999979563403333
 0.3121830865578250 0.8366104774715432 0.6006676757808244
 0.3116291825025314 0.8374181601102595 0.6015883585614219
 0.3112156859145085 0.8380200685716797 0.6022742608481358
 0.3108233847743364 0.8385903074891753 0.6029239363473681
 0.3104077844001463 0.8391935496856999 0.6036110713235993
 0.3099235165910304 0.8398953454461288 0.6044102397393541
 0.3095136867305611 0.8404883310436027 0.6050852426788580
 0.3091165117484873 0.8410621911854351 0.6057381853644012
 0.3086923676772799 0.8416741353645574 0.6064341012069896
 0.3082253414572577 0.8423468988887094 0.6071987438744793
 0.3078180013335585 0.8429327882244589 0.6078643021763870
 0.3074210617680289 0.8435029192249542 0.6085116904343646
 0.3069973734923623 0.8441106030199603 0.6092014626912460
 0.3065302623845107 0.8447795335443773 0.6099604592269462
 0.3061244225054802 0.8453598436550835 0.6106186316501189
 0.3057311454996326 0.8459214156483388 0.6112552784204718
 0.3053175976246059 0.8465111138252331 0.6119234904967673
 0.3047989325999437 0.8472495214544582 0.6127597251350364
 0.3043858053658403 0.8478367407854520 0.6134243629604547
 0.3039936747698441 0.8483933496969083 0.6140540632162124
 0.3035871271883228 0.8489696382010034 0.6147057424900934
 0.3030695385655459 0.8497021781904213 0.6155336962137699
 0.3026487543671036 0.8502967650199043 0.6162053650613611
 0.3022542298032195 0.8508534779108620 0.6168339341874213
 0.3018506848753299 0.8514221534143948 0.6174756840969382
 0.3013840502301978 0.8520787728531805 0.6182162771890821
 0.3009517438648468 0.8526861704854272 0.6189009973250601
 0.3005495336654470 0.8532504933940653 0.6195368783615161
 0.3001446299511382 0.8538178299347702 0.6201758924498940
 0.2996979249610487 0.8544428490876574 0.6208795534986689
 0.2992441497104768 0.8550768108235286 0.6215928819722413
 0.2988306208136923 0.8556537145529234 0.6222415966065885
 0.2984196598114421 0.8562262543595143 0.6228849664402974
 0.2979719845916163 0.8568490603453651 0.6235843014164197
 0.2975075546160351 0.8574942063836198 0.6243081659527692
 0.2970880313302804 0.8580761269552680 0.6249606457627100
 0.2966723205437725 0.8586519711675006 0.6256059365184009
 0.2962172924446994 0.8592813820766136 0.6263108472262952
 0.2957566673314582 0.8599175851351520 0.6270229145451389
 0.2953384963992612 0.8604943273295500 0.6276679916780762
 0.2949243504989642 0.8610647480583823 0.6283055329410077
 0.2944746091281852 0.8616833313425379 0.6289963309398969
 0.2940098328704835 0.8623216519825976 0.6297085208922198
 0.2935928683880696 0.8628934968990842 0.6303459902592193
 0.2931845494717373 0.8634527442004646 0.6309689346820166
 0.2927526247873200 0.8640435281301853 0.6316265134112432
 0.2922476018242299 0.8647332636302610 0.6323935991426967
 0.2918235740766207 0.8653115243717701 0.6330361697780671
 0.2914181340680923 0.8658637090630710 0.6336492812685675
 0.2909990231274610 0.8664337682009440 0.6342817212247402
 0.2904772097217438 0.8671424660055405 0.6350672173867232
 0.2900405586727560 0.8677346069538273 0.6357228845022235
 0.2896324638412306 0.8682872895275247 0.6363343374766202
 0.2892188059563899 0.8688467857796520 0.6369528121580305
 0.2887551570755426 0.8694730391500979 0.6376444443217020
 0.2882992038355174 0.8700880165690783 0.6383229297725757
 0.2878812356012568 0.8706509962170407 0.6389434068152189
 0.2874672885858778 0.8712078415831458 0.6395564961247672
 0.2870244428200946 0.8718027740045059 0.6402108271186060
 0.2865202565849862 0.8724791259261128 0.6409538665666132
 0.2860845996804114 0.8730627047852826 0.6415943074834505
 0.2856625483516043 0.8736273163932360 0.6422133632177932
 0.2852169736001769 0.8742226077967885 0.6428654528979758
 0.2846794492300477 0.8749396702468561 0.6436500632202582
 0.2842317665013443 0.8755359903631683 0.6443017660073045
 0.2838003776426462 0.8761098426392826 0.6449281764306445
 0.2833402124864111 0.8767211512403779 0.6455946408997781
 0.2828351449254787 0.8773911369014893 0.6463240899951145
 0.2823909192136069 0.8779795756950683 0.6469639370502334
 0.2819569411632498 0.8785536854890893 0.6475875054614340
 0.2814883853951299 0.8791727044123359 0.6482591054486804
 0.2809983537141239 0.8798191734554327 0.6489596507972696
 0.2805597789971210 0.8803969623888803 0.6495850049337282
 0.2801301506798846 0.8809622391360773 0.6501960618253961
 0.2796705933643834 0.8815661025566336 0.6508479499150640
 0.2791703420129575 0.8822225120626284 0.6515554896949105
 0.2787323791454933 0.8827964000279528 0.6521731568535414
 0.2783091641900009 0.8833502661204961 0.6527684696564829
 0.2778674343204987 0.8839276354576999 0.6533882175915033
 0.2772557531812372 0.8847259210543389 0.6542437136126079
 0.2768054008117701 0.8853127596672440 0.6548715661347903
 0.2763839306335048 0.8858612732921172 0.6554575893411649
 0.2759486626459645 0.8864270469081209 0.6560611930996406
 0.2754025805181280 0.8871358629978311 0.6568161507858873
 0.2749488995132214 0.8877239024039733 0.6574414097526385
 0.2745261494849545 0.8882711677666127 0.6580224547902173
 0.2740982647937020 0.8888244122238217 0.6586090057377947
 0.2736219080055403 0.8894395428897394 0.6592601601105916
 0.2731443071550199 0.8900554513320305 0.6599110425720934
 0.2727105323350996 0.8906141264623287 0.6605004611863812
 0.2722834120963624 0.8911635681096235 0.6610792055342010
 0.2718315166163784 0.8917441674295995 0.6616897560032396
 0.2712654733735578 0.8924703957359539 0.6624519972938783
 0.2708079252564335 0.8930565934187382 0.6630661106669520
 0.2703715990137449 0.8936149123818837 0.6636500692146929
 0.2699163813677407 0.8941966899275865 0.6642575645219011
 0.2693173053970048 0.8949612146274096 0.6650542626842313
 0.2688447376566659 0.8955634100648464 0.6656804213361821
 0.2683965419672290 0.8961338324003862 0.6662723625475934
 0.2679249009196552 0.8967333451268596 0.6668932265106476
 0.2673600268896041 0.8974503629990888 0.6676340923291884
 0.2668872818258191 0.8980495999766391 0.6682518948745545
 0.2664299775645905 0.8986285419269177 0.6688476359528590
 0.2659365689429506 0.8992523982394794 0.6694883632300150
 0.2654176039017073 0.8999076833879743 0.6701599710008306
 0.2649524983175585 0.9004941949897549 0.6707598222680280
 0.2644935719454710 0.9010722078074276 0.6713497457583274
 0.2639893731011889 0.9017064356830413 0.6719955745045040
 0.2634845769614587 0.9023405747918236 0.6726397507744217
 0.2630269860709279 0.9029146907388274 0.6732216153679239
 0.2625746466209694 0.9034815459458860 0.6737948966958381
 0.2620832689102923 0.9040965690177818 0.6744155373898952
 0.2615739135263316 0.9047332694287090 0.6750565672877934
 0.2611192971458515 0.9053008405078173 0.6756266947655003
 0.2606756585230437 0.9058540684389663 0.6761811898912506
 0.2602080653242038 0.9064364896140799 0.6767635912425130
 0.2596404986134374 0.9071425041946116 0.6774676663165146
 0.2591767500469677 0.9077186224047404 0.6780406261344842
 0.2587371872854375 0.9082640720979780 0.6785817809122331
 0.2582851604538160 0.9088243597940799 0.6791363426200531
 0.2577434379284111 0.9094949901397172 0.6797983727886807
 0.2572678463337395 0.9100830063963274 0.6803772749207116
 0.2568269018980359 0.9106275648493550 0.6809120670726401
 0.2563850182013353 0.9111726873358258 0.6814461215647044
 0.2559054610125832 0.9117636134176552 0.6820235786316464
 0.2553874950854419 0.9124010867445309 0.6826448021674610
 0.2549321037957809 0.9129608812420341 0.6831888566884936
 0.2544911594431570 0.9135023252847797 0.6837137673505616
 0.2540337459836541 0.9140633802077286 0.6842563207655563
 0.2534708277394389 0.9147529947087352 0.6849212506035214
 0.2529894526357535 0.9153419727365073 0.6854874086891928
 0.2525403568392869 0.9158908439648735 0.6860135430887160
 0.2520860875256323 0.9164454401959764 0.6865437103112225
 0.2515817972750528 0.9170604040772788 0.6871298799514279
 0.2510689206415687 0.9176850868299321 0.6877234971911730
 0.2506037961142809 0.9182509555630931 0.6882596632237349
 0.2501445214916867 0.9188091019946530 0.6887870588583194
 0.2496545119543810 0.9194039401437065 0.6893475107908862
 0.2490799956829786 0.9201005012122127 0.6900016183125064
 0.2485923137344606 0.9206910554932319 0.6905542594496711
 0.2481203547301541 0.9212619390614367 0.6910867665112667
 0.2476196245830316 0.9218669494922953 0.6916492317113144
 0.2470337464159227 0.9225739639162799 0.6923040984131609
 0.2465344873674520 0.9231757084239033 0.6928594333881604
 0.2460480825977992 0.9237613078559983 0.6933981070901596
 0.2455191080427091 0.9243974321727868 0.6939812886228305
 0.2449681246751431 0.9250592236084738 0.6945857835567445
 0.2444704064680201 0.9256563404777680 0.6951292004992693
 0.2439732598308150 0.9262521149798029 0.6956694454411904
 0.2433999798332717 0.9269383172087636 0.6962892369378366
 0.2428736410618389 0.9275675733121683 0.6968552932248689
 0.2423838929693113 0.9281524359050692 0.6973794779983412
 0.2418835774547974 0.9287492769824429 0.6979125168072871
 0.2412239347917271 0.9295351999522895 0.6986115638535675
 0.2407111326530532 0.9301454033636538 0.6991520596980511
 0.2402303291957462 0.9307169238090642 0.6996564629145151
 0.2397292413102343 0.9313119350200595 0.7001796709384913
 0.2391101966254672 0.9320461433482957 0.7008225142036697
 0.2386122059183149 0.9326360846632543 0.7013368160820936
 0.2381403142970946 0.9331945415391049 0.7018218532135336
 0.2376506220994008 0.9337734851630382 0.7023228385292736
 0.2369745878216039 0.9345717706168105 0.7030105752298335
 0.2364746461362166 0.9351614060177988 0.7035162773387433
 0.2360078524397808 0.9357114022825327 0.7039862138457237
 0.2355265212805999 0.9362779801880916 0.7044685022974728
 0.2349197010650425 0.9369914856304177 0.7050731939859904
 0.2344204507861049 0.9375778559145409 0.7055678895066864
 0.2339560391373463 0.9381227821593358 0.7060257918006841
 0.2334864053131858 0.9386733234607920 0.7064866207014722
 0.2329630440440159 0.9392862448071333 0.7069975410342285
 0.2324426536598413 0.9398950601992531 0.7075028107185232
 0.2319711030314665 0.9404462007405764 0.7079582821064462
 0.2315083754046595 0.9409865365749837 0.7084030238233042
 0.2310225169655429 0.9415533608222152 0.7088676369037746
 0.2303157134024397 0.9423770018101539 0.7095392174155212
 0.2307869772632477 0.9418279605776055 0.7090920064393322
 0.2303213080629868 0.9423704867181124 0.7095339216048123
 0.2298501961601622 0.9429188617142883 0.7099787508628392
 0.2293864885870542 0.9434581375848485 0.7104143851519110
 0.2289069825675100 0.9440152882595522 0.7108625653169450
 0.2283376462004165 0.9446761616595223 0.7113916706859458
 0.2278277063145999 0.9452674906678885 0.7118627674998766
 0.2273544597118008 0.9458157676368074 0.7122975840064247
 0.2268800941027720 0.9463648588602362 0.7127311287449165
 0.2263652903311673 0.9469602156805499 0.7131990392919058
 0.2258048668421598 0.9476076926936150 0.7137053722846106
 0.2253123332907851 0.9481761889255252 0.7141477711559998
 0.2248339039935581 0.9487279206075361 0.7145751831338240
 0.2243339983604935 0.9493039117821748 0.7150193317805563
 0.2236668903482804 0.9500717518250211 0.7156080932259991
 0.2231458872680963 0.9506707928001046 0.7160647365321711
 0.2226557487133725 0.9512338436643113 0.7164917695298038
 0.2221485710650961 0.9518159589805012 0.7169310406191243
 0.2215105963571429 0.9525474670238402 0.7174798679603064
 0.2209762629820455 0.9531595176601046 0.7179363835328146
 0.2204725929605345 0.9537359304891366 0.7183640965336104
 0.2199521038300024 0.9543310705999480 0.7188034378464782
 0.2192937726964846 0.9550830700980709 0.7193552298140159
 0.2187449026519693 0.9557093968370786 0.7198118962963009
 0.2182244425084255 0.9563027734682554 0.7202420566097585
 0.2176775075689025 0.9569257813174651 0.7206910869202350
 0.2170169559770303 0.9576774598121115 0.7212293231708129
 0.2164639277244209 0.9583061566127110 0.7216765739450217
 0.2159232116954344 0.9589203104600381 0.7221109330584687
 0.2153162558246141 0.9596090624900279 0.7225950509502530
 0.2147281226233507 0.9602758166855415 0.7230606350560989
 0.2141806051314238 0.9608959655887773 0.7234908996013004
 0.2136140259056085 0.9615371410240662 0.7239328855655328
 0.2129469372232536 0.9622913304644688 0.7244490162915583
 0.2123848932781556 0.9629261535280756 0.7248803239669719
 0.2118371060703726 0.9635443450814903 0.7252976103329126
 0.2112168050688462 0.9642437455979436 0.7257665009838099
 0.2106382494826376 0.9648954846217946 0.7262003586400220
 0.2101022188495464 0.9654988134009266 0.7265993025935416
 0.2095560432360906 0.9661130643318988 0.7270027631853082
 0.2088344826155121 0.9669237990352990 0.7275310315845275
 0.2082758830306998 0.9675508438009577 0.7279362731112199
 0.2077515972951670 0.9681389067887887 0.7283136916541669
 0.2072018992621476 0.9687549955975722 0.7287063939426082
 0.2065582722783546 0.9694757418078579 0.7291623243973980
 0.2060215908720756 0.9700762248206666 0.7295393135816608
 0.2055071281984327 0.9706514217675217 0.7298979669761259
 0.2049664678200543 0.9712554636602554 0.7302719841350664
 0.2043142903900486 0.9719834938116624 0.7307191658098137
 0.2037809850583725 0.9725783416665252 0.7310816011619834
 0.2032727562103300 0.9731448173291600 0.7314242966372517
 0.2027432775156425 0.9737345646394394 0.7317785435667193
 0.2020062496213070 0.9745547899033827 0.7322669736578400
 0.2014676595217392 0.9751536702168428 0.7326204703308625
 0.2009622633404933 0.9757152552882526 0.7329495438493453
 0.2004358514321555 0.9762997991347853 0.7332895748301879
 0.1996899236431663 0.9771274195496829 0.7337666154831824
 0.1991524301644527 0.9777232887561653 0.7341068763878336
 0.1986487593155603 0.9782812936068002 0.7344230893003114
 0.1981248285224352 0.9788613692081249 0.7347493296503246
 0.1972940417989565 0.9797804086346794 0.7352610498907207
 0.1978479519076565 0.9791677629524235 0.7349206312411862
 0.1973439502502799 0.9797252251485531 0.7352305019903450
 0.1968371611922743 0.9802854218303820 0.7355395517856118
 0.1963370012875365 0.9808379510555681 0.7358420693168373
 0.1958152103137218 0.9814140197947800 0.7361550347784340
 0.1951050173951580 0.9821975095715523 0.7365766822529661
 0.1945651839102431 0.9827926158837168 0.7368938637429505
 0.1940609212831615 0.9833481682337057 0.7371875646168448
 0.1935426079512543 0.9839188603063898 0.7374868619249230
 0.1929166404239740 0.9846076306120163 0.7378448397060369
 0.1923711732807425 0.9852074221853732 0.7381536809524604
 0.1918634812511791 0.9857653437377081 0.7384385449823491
 0.1913511851746914 0.9863280027370176 0.7387234674543659
 0.1907822372816565 0.9869525073905572 0.7390369349361608
 0.1902101784320679 0.9875800324319022 0.7393489863162988
 0.1896916666175648 0.9881484804640576 0.7396291286895905
 0.1891809839077295 0.9887080342710476 0.7399025397684791
 0.1886388459023010 0.9893017190339166 0.7401900788465657
 0.1879814064055075 0.9900212109815975 0.7405350234037797
 0.1874421030332633 0.9906110464932680 0.7408149171976725
 0.1869265784515256 0.9911745668370965 0.7410798905341029
 0.1863896877916301 0.9917611253886485 0.7413531773790337
 0.1856395672453691 0.9925801043768560 0.7417304770295745
 0.1850819211107970 0.9931885408948344 0.7420075741073638
 0.1845584620964358 0.9937593701688442 0.7422650672777950
 0.1840137435397740 0.9943530712376796 0.7425303334691140
 0.1832344308143061 0.9952019159507459 0.7429050798991459
 0.1826689583085622 0.9958174439734122 0.7431734895787847
 0.1821366872704198 0.9963965302373466 0.7434234561619780
 0.1815773272069021 0.9970047767788852 0.7436833637194292
 0.1808610750673664 0.9977831671961237 0.7440120626068214
 0.1802949041554882 0.9983980950415303 0.7442686620377835
 0.1797534496395402 0.9989858834286330 0.7445114180246030
 0.1791811867918154 0.9996068070625287 0.7447651874846439
 0.1784837227655916  1.000363153393045 0.7450705875325935
 0.1779104632485677  1.000984464647446 0.7453184050546442
 0.1773574203243910  1.001583573656021 0.7455547645237119
 0.1767678870515157  1.002221901557743 0.7458038108918328
 0.1760918230373866  1.002953532266661 0.7460857715004721
 0.1755112540857239  1.003581490854567 0.7463248420496408
 0.1749439522198006  1.004194810240024 0.7465557349579254
 0.1743298520214541  1.004858405916263 0.7468026478520779
 0.1736702269891662  1.005570832078274 0.7470643358361083
 0.1730815382664351  1.006206330012113 0.7472947700239241
 0.1724967884494722  1.006837286966999 0.7475207411078040
 0.1718434810115468  1.007541883191358 0.7477697544947109
 0.1711969772182271  1.008238797820160 0.7480125814325518
 0.1705992693374701  1.008882811938067 0.7482338806489726
 0.1699907336339602  1.009538201249839 0.7484559914981621
 0.1692422143760586  1.010343955122617 0.7487246988638331
 0.1685992953329337  1.011035690569535 0.7489514927431826
 0.1679856260103751  1.011695664311324 0.7491645296285500
 0.1673263510748750  1.012404373312558 0.7493897477475805
 0.1666157882400179  1.013167860661814 0.7496284515415250
 0.1659763578791217  1.013854607513864 0.7498399098447411
 0.1653241713250924  1.014554756754806 0.7500525475647347
 0.1644876692051042  1.015452343055683 0.7503210930225191
 0.1638097640892598  1.016179399219342 0.7505354552178989
 0.1631289476712569  1.016909265442201 0.7507478875021762
 0.1623454893951973  1.017748786654556 0.7509888449255651
 0.1616641405906950  1.018478564341333 0.7511953243516193
 0.1609583995508107  1.019234151892106 0.7514061081291998
 0.1602203719212598  1.020023967689347 0.7516230649621092
 0.1595533477398839  1.020737504517959 0.7518160002639336
 0.1588551847546619  1.021484058393985 0.7520146702885636
 0.1581290382809443  1.022260222740229 0.7522177305634713
 0.1574773979150212  1.022956482235796 0.7523968800496394
 0.1568133697131562  1.023665722731463 0.7525764917866715
 0.1560303754112409  1.024501704499671 0.7527845299404511
 0.1553796404690829  1.025196213634444 0.7529543699078367
 0.1547423838993091  1.025876110485671 0.7531180119583953
 0.1539841337270686  1.026684809088235 0.7533092750628836
 0.1533258147557322  1.027386678678746 0.7534723104520225
 0.1527052320716237  1.028048107332840 0.7536234634663358
 0.1520485782110952  1.028747765009702 0.7537807686027506
 0.1513366014772188  1.029506121672400 0.7539483227959968
 0.1507115934215146  1.030171636230085 0.7540928708612216
 0.1500935074092694  1.030829592104923 0.7542335041412962
 0.1493844388795101  1.031584173062036 0.7543920229873617
 0.1487313977805331  1.032278920293656 0.7545353772234140
 0.1481225589782704  1.032926464030308 0.7546667782634933
 0.1474960007891616  1.033592677094965 0.7547997739930695
 0.1466268088917406  1.034516589321281 0.7549806002517103
 0.1459893463583189  1.035193972852135 0.7551105506826840
 0.1453792625231889  1.035842099320561 0.7552328322383347
 0.1446980142665858  1.036565641806290 0.7553669862420945
 0.1440418235601022  1.037262388895130 0.7554938450891192
 0.1434363885247587  1.037905087605367 0.7556088657722936
 0.1428223594466033  1.038556759320829 0.7557235670176050
 0.1420662057542013  1.039359064768285 0.7558621670525988
 0.1414279424322828  1.040036112663480 0.7559769194172673
 0.1408257939749133  1.040674709681690 0.7560833222258595
 0.1401936832056010  1.041344937485543 0.7561930944504052
 0.1394537839807110  1.042129268162745 0.7563190963226254
 0.1388319481160445  1.042788294038817 0.7564229329070685
 0.1382268159993496  1.043429486725209 0.7565221935145293
 0.1375629390305185  1.044132779659211 0.7566290876292988
 0.1368936805259071  1.044841622704459 0.7567347547320967
 0.1362842500799073  1.045486969742118 0.7568291688017154
 0.1356727346187654  1.046134403111844 0.7569221926415791
 0.1349631012324118  1.046885567757333 0.7570280145167031
 0.1343138685367065  1.047572658701526 0.7571228540437402
 0.1337066594780675  1.048215158498939 0.7572098749549795
 0.1330813895685654  1.048876652896706 0.7572978188259566
 0.1320663079668352  1.049950297587309 0.7574370741187800
 0.1327430456751684  1.049234550192832 0.7573447136351202
 0.1321407315943562  1.049871590367398 0.7574270097178306
 0.1315321393424139  1.050515165001383 0.7575086442372088
 0.1309191448085050  1.051163289575571 0.7575893490189475
 0.1302311110309388  1.051890630281300 0.7576781420516220
 0.1295644483677463  1.052595256839667 0.7577623955666972
 0.1289483072535339  1.053246380140067 0.7578387275076444
 0.1283217195476669  1.053908442044005 0.7579148618719287
 0.1275374873380680  1.054736932848773 0.7580080656643556
 0.1268849783120638  1.055426150006884 0.7580838784915324
 0.1262660910340209  1.056079758215235 0.7581543563369860
 0.1256077730734813  1.056774909012112 0.7582278313463379
 0.1248839827149486  1.057539078609248 0.7583068864418409
 0.1242488909538077  1.058209502598856 0.7583748132872405
 0.1236203178486456  1.058872956326899 0.7584407677815481
 0.1229060153022563  1.059626791470016 0.7585142418506050
 0.1222311408800756  1.060338915464056 0.7585822821460859
 0.1216018786720365  1.061002823052961 0.7586445719089673
 0.1209537687827055  1.061686530201515 0.7587076147700913
 0.1200079454006635  1.062684149511493 0.7587976812028382
 0.1206385043191886  1.062019079449528 0.7587378864831530
 0.1200230152784509  1.062668255770221 0.7587962636551877
 0.1193922580344130  1.063333457858313 0.7588551234020605
 0.1187536842432076  1.064006824122776 0.7589137418904197
 0.1180198606816551  1.064780533072577 0.7589799211759304
 0.1173371044936839  1.065500307734022 0.7590403744615273
 0.1166972876065489  1.066174736539528 0.7590960548218643
 0.1160322672999459  1.066875653162765 0.7591529404373599
 0.1152091850593112  1.067743054106609 0.7592219619941885
 0.1145414416526579  1.068446664787820 0.7592768384093551
 0.1138886717123609  1.069134423642609 0.7593295188139393
 0.1131365825770074  1.069926736209216 0.7593890326392331
 0.1124427774967804  1.070657564664774 0.7594428132928809
 0.1117897383973488  1.071345380533215 0.7594924536547727
 0.1111044752594552  1.072067063695248 0.7595435265572800
 0.1103152607952543  1.072898132501809 0.7596010654703513
 0.1096394447799764  1.073609713715720 0.7596492532767297
 0.1089691484664408  1.074315415986577 0.7596960635150672
 0.1081671606701688  1.075159679966300 0.7597507843045624
 0.1074626482975112  1.075901254744730 0.7597976995160743
 0.1067911807362095  1.076607982193296 0.7598414127168015
 0.1060649014731711  1.077372330768814 0.7598876011731506
 0.1053136787446835  1.078162856817709 0.7599341905112863
 0.1046286971234012  1.078883612576137 0.7599756279547530
 0.1039274089811626  1.079621465280625 0.7600170238373113
 0.1029710996494168  1.080627538726761 0.7600717989577916
 0.1022509050219558  1.081385138833261 0.7601117776528235
 0.1015402677066217  1.082132626592567 0.7601501607900795
 0.1004798075270155  1.083247972555125 0.7602054902338325
 0.1011867878528404  1.082504415114594 0.7601688617328913
 0.1005062574554272  1.083220155161816 0.7602041383968510
 0.9980651762864552E-01  1.083956046510389 0.7602394182996015
 0.9908304549738510E-01  1.084716842406443 0.7602748402945516
 0.9805194347462622E-01  1.085801047299431 0.7603234737925694
 0.9730067086809233E-01  1.086590945981949 0.7603575426059794
 0.9655137450394602E-01  1.087378714040629 0.7603903826111817
 0.9565469942408812E-01  1.088321361026769 0.7604282010302675
 0.9490097839762186E-01  1.089113670628265 0.7604587528475174
 0.9413713753500062E-01  1.089916569641809 0.7604885674623639
 0.9320540123263014E-01  1.090895885783879 0.7605233747310141
 0.9243078118581566E-01  1.091710011577776 0.7605510108911918
 0.9164110440965807E-01  1.092539916620003 0.7605779768057845
 0.9073119785518252E-01  1.093496122075223 0.7606075532780410
 0.8993952271731970E-01  1.094328035185706 0.7606319986568795
 0.8911635509266101E-01  1.095192999326007 0.7606561571804625
 0.8821622138123954E-01  1.096138790970372 0.7606811192564523
 0.8740122184971671E-01  1.096995090500960 0.7607024301736279
 0.8652595648818731E-01  1.097914670331940 0.7607239896963383
 0.8562934460061269E-01  1.098856637584639 0.7607447082046247
 0.8477796719559959E-01  1.099751047101006 0.7607631680305975
 0.8377837686334873E-01  1.100801120068311 0.7607834283483105
 0.8286525237236315E-01  1.101760324394200 0.7608006965016502
 0.8193165896561294E-01  1.102740997401275 0.7608172235489189
 0.8090687085973387E-01  1.103817427826949 0.7608341541586080
 0.7994477141886752E-01  1.104827978416586 0.7608489754728611
 0.7877397355497964E-01  1.106057698533473 0.7608656874762356
 0.7775911369386135E-01  1.107123600800720 0.7608790452369454
 0.7659296179706483E-01  1.108348370607681 0.7608931501319446
 0.7554825943689666E-01  1.109445557958077 0.7609046972792596
 0.7440030808068868E-01  1.110651153544526 0.7609162395839550
 0.7334229445761670E-01  1.111762271697614 0.7609258457332815
 0.7219791831534596E-01  1.112964064347967 0.7609351566855093
 0.7114384086284277E-01  1.114071009048425 0.7609427756890419
 0.6998604463550540E-01  1.115286856285256 0.7609501267992880
 0.6893771672518134E-01  1.116387732127792 0.7609558948884980
 0.6768106363908023E-01  1.117707360138280 0.7609617329861738
 0.6661361659055647E-01  1.118828289337499 0.7609658007193230
 0.6517409282261459E-01  1.120339924630161 0.7609700510264417
 0.6405255637348185E-01  1.121517635626945 0.7609724474745535
 0.6259959354168602E-01  1.123043366308405 0.7609745133896381
 0.6139827406345169E-01  1.124304846978454 0.7609755101031956
 0.5970146243902823E-01  1.126086630662834 0.7609761825574167
 0.5835179600947815E-01  1.127503883879498 0.7609763735964465
 0.5671843411234407E-01  1.129219038668988 0.7609764405085875
 0.5517004065903246E-01  1.130844969993820 0.7609764523312049
 0.5340837640836601E-01  1.132694851916389 0.7609764540114965
 0.5150059492557128E-01  1.134698168082701 0.7609764541239212
 0.4921160477220735E-01  1.137101782448308 0.7609764541271022
 0.4642034763202837E-01  1.140032815485028 0.7609764541270377
 0.4232870990150835E-01  1.144329347391678 0.7609764541270335
 0.3355608253095245E-01  1.153541275691584 0.7609764541270335
-0.1534426951271158E-02  1.190388988891211 0.7609764541270335
-0.3790982135568197E-01  1.228585929326518 0.7609764541270335
