!target position (X Y Z in cm)
0. 0. 1.5
!MoNA
0 0.0 915.92000000000000000000 16 0 0.0 -1.0 00.0 MoNABar A
0 0.0 926.43200000000000000000 16 0 0.0 -1.0 00.0 MoNABar B
0 0.0 962.34400000000000000000 16 0 0.0 -1.0 00.0 MoNABar C
0 0.0 972.85600000000000000000 16 0 0.0 -1.0 00.0 MoNABar D
0 0.0 1008.76800000000000000000 16 0 0.0 -1.0 00.0 MoNABar F
0 0.0 1019.28000000000000000000 16 0 0.0 -1.0 00.0 MoNABar G
0 0.0 1029.79200000000000000000 16 0 0.0 -1.0 00.0 MoNABar H
0 0.0 757.96000000000000000000 16 0 0.0 -1.0 00.0 MoNABar I
0 0.0 768.47200000000000000000 16 0 0.0 -1.0 00.0 MoNABar J
0 0.0 804.38400000000000000000 16 0 0.0 -1.0 00.0 MoNABar K
0 0.0 814.89600000000000000000 16 0 0.0 -1.0 00.0 MoNABar L
0 0.0 825.40800000000000000000 16 0 0.0 -1.0 00.0 MoNABar M
0 0.0 600.00000000000000000000 16 0 0.0 -1.0 00.0 MoNABar N
0 0.0 610.51200000000000000000 16 0 0.0 -1.0 00.0 MoNABar O
0 0.0 646.42400000000000000000 16 0 0.0 -1.0 00.0 MoNABar P
0 0.0 656.93600000000000000000 16 0 0.0 -1.0 00.0 MoNABar Q
0 0.0 667.44800000000000000000 16 0 0.0 -1.0 00.0 MoNABar R
