!target position (X Y Z in cm)
0. 0. 1.5
!MoNA
0 0.0 1195.92000000000000000000 16 0 0.0 -1.0 00.0 MoNABar A
0 0.0 1206.43200000000000000000 16 0 0.0 -1.0 00.0 MoNABar B
0 0.0 1242.34400000000000000000 16 0 0.0 -1.0 00.0 MoNABar C
0 0.0 1252.85600000000000000000 16 0 0.0 -1.0 00.0 MoNABar D
0 0.0 1288.76800000000000000000 16 0 0.0 -1.0 00.0 MoNABar F
0 0.0 1299.28000000000000000000 16 0 0.0 -1.0 00.0 MoNABar G
0 0.0 1309.79200000000000000000 16 0 0.0 -1.0 00.0 MoNABar H
69.44630103245675013200 0.0 393.92538795171528842400 16 .1745 0.0 -1.0 00.0 MoNABar I
71.27134982358971352546 0.0 404.27774714708636620378 16 .1745 0.0 -1.0 00.0 MoNABar J
73.09639861472267691892 0.0 440.03010634245744398356 16 .1745 0.0 -1.0 00.0 MoNABar K
74.92144740585564031238 0.0 450.38246553782852176334 16 .1745 0.0 -1.0 00.0 MoNABar L
76.74649619698860370584 0.0 460.73482473319959954312 16 .1745 0.0 -1.0 00.0 MoNABar M
0 0.0 797.96000000000000000000 16 0 0.0 -1.0 00.0 MoNABar N
0 0.0 808.47200000000000000000 16 0 0.0 -1.0 00.0 MoNABar O
0 0.0 844.38400000000000000000 16 0 0.0 -1.0 00.0 MoNABar P
0 0.0 854.89600000000000000000 16 0 0.0 -1.0 00.0 MoNABar Q
0 0.0 865.40800000000000000000 16 0 0.0 -1.0 00.0 MoNABar R
