!target position (X Y Z in cm)
0. 0. 0.
!MoNA
-2.37400000000000000000 -2.314 1035.76800000000000000000 16 0 0.0 -1.0 00.0 MoNABar A
-2.37400000000000000000 -2.314 1045.76800000000000000000 16 0 0.0 -1.0 00.0 MoNABar B
-2.37400000000000000000 -2.314 1055.76800000000000000000 16 0 0.0 -1.0 00.0 MoNABar C
-2.37400000000000000000 -2.314 1093.76800000000000000000 16 0 0.0 -1.0 00.0 MoNABar D
-2.37400000000000000000 -2.314 1103.76800000000000000000 16 0 0.0 -1.0 00.0 MoNABar E
-2.37400000000000000000 -2.314 1137.76800000000000000000 16 0 0.0 -1.0 00.0 MoNABar F
-2.37400000000000000000 -2.314 1147.76800000000000000000 16 0 0.0 -1.0 00.0 MoNABar G
-2.37400000000000000000 -2.314 1157.76800000000000000000 16 0 0.0 -1.0 00.0 MoNABar H
-.45600000000000000000 0.4936 807.03090000000000000000 16 0 0.0 -1.0 00.0 MoNABar J
-.45600000000000000000 0.4936 817.43090000000000000000 16 0 0.0 -1.0 00.0 MoNABar K
-.45600000000000000000 0.4936 878.33090000000000000000 16 0 0.0 -1.0 00.0 MoNABar L
-.45600000000000000000 0.4936 888.73090000000000000000 16 0 0.0 -1.0 00.0 MoNABar M
-1.40800000000000000000 1.1907 590.50840000000000000000 16 0 0.0 -1.0 00.0 MoNABar N
-1.40800000000000000000 1.1907 600.90840000000000000000 16 0 0.0 -1.0 00.0 MoNABar O
-1.40800000000000000000 1.1907 611.30840000000000000000 16 0 0.0 -1.0 00.0 MoNABar P
-1.40800000000000000000 1.1907 661.70840000000000000000 16 0 0.0 -1.0 00.0 MoNABar Q
-1.40800000000000000000 1.1907 672.10840000000000000000 16 0 0.0 -1.0 00.0 MoNABar R
