!target position (X Y Z in cm)
0. 0. 0.
!MoNA
0 0.0 1122.50000000000000000000 16 0 0.0 -1.0 00.0 MoNABar A
0 0.0 1133.01200000000000000000 16 0 0.0 -1.0 00.0 MoNABar B
0 0.0 1172.27400000000000000000 16 0 0.0 -1.0 00.0 MoNABar C
0 0.0 1182.78600000000000000000 16 0 0.0 -1.0 00.0 MoNABar D
0 0.0 1222.04800000000000000000 16 0 0.0 -1.0 00.0 MoNABar F
0 0.0 1232.56000000000000000000 16 0 0.0 -1.0 00.0 MoNABar G
0 0.0 1243.07200000000000000000 16 0 0.0 -1.0 00.0 MoNABar H
0 0.0 600.00000000000000000000 16 0 0.0 -1.0 00.0 MoNABar I
0 0.0 610.51200000000000000000 16 0 0.0 -1.0 00.0 MoNABar J
0 0.0 653.02400000000000000000 16 0 0.0 -1.0 00.0 MoNABar K
0 0.0 663.53600000000000000000 16 0 0.0 -1.0 00.0 MoNABar L
0 0.0 674.04800000000000000000 16 0 0.0 -1.0 00.0 MoNABar M
0 0.0 1000.50000000000000000000 16 0 0.0 -1.0 00.0 MoNABar N
0 0.0 1011.01200000000000000000 16 0 0.0 -1.0 00.0 MoNABar O
0 0.0 1053.52400000000000000000 16 0 0.0 -1.0 00.0 MoNABar P
0 0.0 1064.03600000000000000000 16 0 0.0 -1.0 00.0 MoNABar Q
0 0.0 1074.54800000000000000000 16 0 0.0 -1.0 00.0 MoNABar R
