RUNGE KUTTA: X Z PHI
 0.4997919338387438 0.3973734652027661E-01 0.5235987755982988E-02
 0.4984540545283120 0.1986793650368688 0.1610821489109192E-01
 0.4995145122904022 0.9272047521397876E-01 0.5235987758893279E-02
 0.4996994599892965 0.5739838941817732E-01 0.5235987755982988E-02
 0.4993294421579986 0.1280425603681090 0.5339583211689800E-02
 0.4995761615233669 0.8094644661537828E-01 0.5235987755982988E-02
 0.4992965119162092 0.1340221289528908 0.5498219743851740E-02
 0.4994835261160785 0.9863834382266801E-01 0.5235991910728454E-02
 0.4995452830554636 0.8684374568448110E-01 0.5235987755997447E-02
 0.4995029065802845 0.9493698227051217E-01 0.5235987995524372E-02
 0.4995311575638199 0.8954149121315855E-01 0.5235987756656547E-02
 0.4995004917301299 0.9539818043363789E-01 0.5235988128414287E-02
 0.4994735746014617 0.1005389220588702 0.5236002557641405E-02
 0.4994915193599659 0.9711176097541373E-01 0.5235989282339196E-02
 0.4994713186467396 0.1009697723562364 0.5236006676049811E-02
 0.4994522974690680 0.1046024782201734 0.5236103481136494E-02
 0.4994352009592197 0.1078674853652095 0.5236437280950640E-02
 0.4994213919117688 0.1105044096021989 0.5237174361756653E-02
 0.4994091372030358 0.1128440549515572 0.5238591200522356E-02
 0.4993977953675754 0.1150086269298557 0.5241073641029237E-02
 0.4993867678677887 0.1171118912468403 0.5245277501459780E-02
 0.4993742357907816 0.1194993926424173 0.5253423429774426E-02
 0.4993630582189547 0.1216248424611027 0.5265169044317341E-02
 0.4993532912452647 0.1234773426871509 0.5280237612851307E-02
 0.4993442397853768 0.1251885957419906 0.5299341785795532E-02
 0.4993347652279250 0.1269722030567784 0.5325828571891175E-02
 0.4993252065802568 0.1287613773876356 0.5360526146639478E-02
 0.4993165028124794 0.1303792802590286 0.5400074460556954E-02
 0.4993074342883708 0.1320510939214082 0.5450204630938693E-02
 0.4992984061250069 0.1336988098064794 0.5509859438798742E-02
 0.4992899665140024 0.1352217706322342 0.5574814443645590E-02
 0.4992805546825097 0.1368978522010899 0.5657905527608941E-02
 0.4992720034768098 0.1383981414627829 0.5743124320323344E-02
 0.4992634287354369 0.1398792057931247 0.5837647018729494E-02
 0.4992542467639910 0.1414375489883787 0.5948438047615414E-02
 0.4992457494882677 0.1428530295533361 0.6059244112538048E-02
 0.4992365684544537 0.1443526075593892 0.6187243001111884E-02
 0.4992278769839495 0.1457430780304312 0.6315622046936366E-02
 0.4992187775799115 0.1471680917798590 0.6456793937204497E-02
 0.4992096447219164 0.1485666662488289 0.6604832742060566E-02
 0.4992003431442408 0.1499585925173215 0.6761581668878058E-02
 0.4991904159199720 0.1514083572802049 0.6934845027185007E-02
 0.4991809997766430 0.1527498973695141 0.7104156011065247E-02
 0.4991709473681212 0.1541468193317374 0.7289270742698802E-02
 0.4991613058310683 0.1554534113328042 0.7469895185125748E-02
 0.4991513191686798 0.1567736934132450 0.7658910515373874E-02
 0.4991413196586049 0.1580633302517249 0.7849136363643091E-02
 0.4991311238442891 0.1593464610237886 0.8043425067540433E-02
 0.4991206397773150 0.1606339452886820 0.8243118385277451E-02
 0.4991100045786255 0.1619085297842311 0.8445344778480114E-02
 0.4990989990440806 0.1631957910843028 0.8654155977903052E-02
 0.4990878677819027 0.1644665768668952 0.8864863539798292E-02
 0.4990763538983560 0.1657496887397939 0.9082239784367237E-02
 0.4990647887629083 0.1670080038808092 0.9299928349557531E-02
 0.4990527630427330 0.1682856170382981 0.9525596223391764E-02
 0.4990407590653862 0.1695311252944958 0.9750201056779248E-02
 0.4990282018942337 0.1708037365857891 0.9984460974465103E-02
 0.4990157003409502 0.1720414319637747 0.1021696828244633E-01
 0.4990026007597233 0.1733085151787844 0.1045987927205431E-01
 0.4989896171102617 0.1745357127246470 0.1069996311976166E-01
 0.4989759816250179 0.1757952653687896 0.1095134315056020E-01
 0.4989625881784020 0.1770046649407498 0.1119744449859861E-01
 0.4989484321237139 0.1782544134838836 0.1145666980357054E-01
 0.4989345574109089 0.1794522237693040 0.1170986461602305E-01
 0.4989198699833270 0.1806923475516325 0.1197688655237754E-01
 0.4989053364066878 0.1818926104365480 0.1224002228867600E-01
 0.4988900757003064 0.1831255187546014 0.1251516219335208E-01
 0.4988749923992239 0.1843177934874198 0.1278599507588376E-01
 0.4988591483715999 0.1855433562004039 0.1306932250250436E-01
 0.4988438493190421 0.1867018543824029 0.1334176558942666E-01
 0.4988274440419148 0.1879181742017854 0.1363271633108807E-01
 0.4988118201029362 0.1890527092830710 0.1390874999326027E-01
 0.4987947917969699 0.1902639041248382 0.1420845790077000E-01
 0.4987784166576550 0.1914048225219361 0.1449552988472490E-01
 0.4987608911161938 0.1926011743228788 0.1480154042364721E-01
 0.4987435488755278 0.1937609533907259 0.1510316437393276E-01
 0.4987256904108696 0.1949313379546225 0.1541256818645219E-01
 0.4987074621125520 0.1961020198738193 0.1572708620346532E-01
 0.4986893050219992 0.1972451253578564 0.1603905066447014E-01
 0.4986700102855737 0.1984357849146616 0.1636916600674343E-01
 0.4986515410913397 0.1995532589138624 0.1668387088710166E-01
 0.4986313046907255 0.2007537551399279 0.1702723973720593E-01
 0.4986123938589677 0.2018539710088615 0.1734672698352896E-01
 0.4985916526984377 0.2030376565878640 0.1769564326169311E-01
 0.4985721980469442 0.2041269354661593 0.1802157969174610E-01
 0.4985507914793106 0.2053030093493970 0.1837875078895978E-01
 0.4985305998004039 0.2063916140174362 0.1871421238557875E-01
 0.4985087341593157 0.2075487179449249 0.1907591383445257E-01
 0.4984875629920587 0.2086483905506705 0.1942463504495907E-01
 0.4984660027152071 0.2097482044537992 0.1977829485061022E-01
 0.4984433963111032 0.2108804997735846 0.2014748072518145E-01
 0.4984216889978589 0.2119484396323048 0.2050036810658845E-01
 0.4983975328534791 0.2131154988318888 0.2089124518942641E-01
 0.4983753254513466 0.2141693384110907 0.2124897437529115E-01
 0.4983505515731849 0.2153242737237545 0.2164624919536771E-01
 0.4983276635690705 0.2163726429188317 0.2201157499793053E-01
 0.4983027529159905 0.2174941039188633 0.2240733868125048E-01
 0.4982787609551269 0.2185556712873760 0.2278676578845534E-01
 0.4982546090659749 0.2196066413409581 0.2316705272757033E-01
 0.4982284086981283 0.2207274557087689 0.2357767505124136E-01
 0.4982040457427734 0.2217523241605085 0.2395766451457787E-01
 0.4981764772334220 0.2228926561040080 0.2438554103519295E-01
 0.4981513891969900 0.2239131636780677 0.2477304371381725E-01
 0.4981237397046914 0.2250195711002924 0.2519807277784024E-01
 0.4980974525869795 0.2260543256268659 0.2560014417724115E-01
 0.4980709511237462 0.2270812281532086 0.2600348909640187E-01
 0.4980421184841380 0.2281805615156811 0.2644009338849684E-01
 0.4980154619825356 0.2291809223205852 0.2684176995210124E-01
 0.4979849531090312 0.2303076814791834 0.2729919625600406E-01
 0.4979574330303134 0.2313080102623315 0.2770967806391184E-01
 0.4979279892553056 0.2323620191573857 0.2814662606074636E-01
 0.4978989357034995 0.2333861725222275 0.2857561302129985E-01
 0.4978704571345792 0.2343752704432645 0.2899410138412430E-01
 0.4978376080911505 0.2354986170744962 0.2947436348416374E-01
 0.4978084927878143 0.2364791123286680 0.2989782330837444E-01
 0.4977754667060426 0.2375746696079992 0.3037568143692793E-01
 0.4977451166216139 0.2385663941645801 0.3081259596769593E-01
 0.4977143845142697 0.2395563991301727 0.3125292053932232E-01
 0.4976809263134430 0.2406185156305980 0.3172992236952880E-01
 0.4976501794783770 0.2415806005543734 0.3216606224612302E-01
 0.4976142705216509 0.2426878640203461 0.3267279704905300E-01
 0.4975822763605909 0.2436600668719372 0.3312199987956060E-01
 0.4975492426581656 0.2446501425050170 0.3358360362423661E-01
 0.4975147237416039 0.2456703217769755 0.3406356818518098E-01
 0.4974822325385934 0.2466175469366587 0.3451307450053741E-01
 0.4974439935844653 0.2477166893967126 0.3503932328006751E-01
 0.4974102378801923 0.2486733560612299 0.3550146913470983E-01
 0.4973752263038185 0.2496525674611080 0.3597848929845644E-01
 0.4973388468151190 0.2506564007016394 0.3647163116169957E-01
 0.4973045749709692 0.2515897570890580 0.3693382826944962E-01
 0.4972639140651634 0.2526821077579936 0.3747924051292351E-01
 0.4972282074469365 0.2536283535275144 0.3795565499568704E-01
 0.4971915289722872 0.2545880853852682 0.3844263316221495E-01
 0.4971526412279844 0.2555924578231965 0.3895628285478063E-01
 0.4971165196859136 0.2565136108115560 0.3943091879298601E-01
 0.4970741073257252 0.2575811639878536 0.3998521198203710E-01
 0.4970362890968492 0.2585206903256845 0.4047682921550603E-01
 0.4969981950787274 0.2594556173098100 0.4096960351732033E-01
 0.4969555725585678 0.2604884675979364 0.4151808199918022E-01
 0.4969174169888500 0.2614015794171982 0.4200648066605794E-01
 0.4968749055188998 0.2624065311085299 0.4254777414311131E-01
 0.4968347709835529 0.2633436448210737 0.4305613125671405E-01
 0.4967953660503237 0.2642530324011952 0.4355281381970518E-01
 0.4967480542489816 0.2653313110838585 0.4414600897085471E-01
 0.4967075814282897 0.2662423012039941 0.4465070914598075E-01
 0.4966648175486473 0.2671937531931267 0.4518124226909604E-01
 0.4966216152791667 0.2681436948106692 0.4571445049817760E-01
 0.4965805896328238 0.2690355852653539 0.4621832447420945E-01
 0.4965312493793831 0.2700954584536164 0.4682119284248254E-01
 0.4964882893216900 0.2710072361992537 0.4734331488765645E-01
 0.4964450937591881 0.2719139396540885 0.4786568497555538E-01
 0.4963962044348587 0.2729283105270973 0.4845383583012032E-01
 0.4963529438091197 0.2738156887253860 0.4897166254653382E-01
 0.4963059644975292 0.2747687890091317 0.4953130318866229E-01
 0.4962599844619161 0.2756912538057636 0.5007632172609825E-01
 0.4962158016510791 0.2765682584158705 0.5059749487073285E-01
 0.4961616286037843 0.2776313292857850 0.5123317787015299E-01
 0.4961154485354289 0.2785271936615980 0.5177229056501469E-01
 0.4960688617739178 0.2794215493357445 0.5231365784641925E-01
 0.4960166646267595 0.2804126891669473 0.5291727675763418E-01
 0.4959702424019585 0.2812847244435333 0.5345148707243831E-01
 0.4959201198054038 0.2822165440518068 0.5402553044491936E-01
 0.4958704913421994 0.2831294772806009 0.5459119553511076E-01
 0.4958231916152070 0.2839908128185821 0.5512789653462230E-01
 0.4957674074294461 0.2849959433902559 0.5575788449643830E-01
 0.4957177526750647 0.2858811277830908 0.5631591166800400E-01
 0.4956686372534402 0.2867481121873271 0.5686532168282735E-01
 0.4956082318469192 0.2878029782159480 0.5753760101556812E-01
 0.4955579607248358 0.2886715153077284 0.5809431774011791E-01
 0.4955056479160203 0.2895665339478097 0.5867104095175520E-01
 0.4954511093209867 0.2904903149810991 0.5926947330640341E-01
 0.4954005575159111 0.2913382752265443 0.5982155448679723E-01
 0.4953447381366702 0.2922655504510088 0.6042827080227278E-01
 0.4952907691007499 0.2931532769633915 0.6101207847921295E-01
 0.4952390025999302 0.2939968265532545 0.6156957289699012E-01
 0.4951775692393259 0.2949880438205407 0.6222807134884247E-01
 0.4951232307089883 0.2958560820305737 0.6280770206115219E-01
 0.4950696513333108 0.2967041816627520 0.6337663426135152E-01
 0.4950029694270760 0.2977491071753035 0.6408116194947633E-01
 0.4949479204717985 0.2986031171445864 0.6465994043894156E-01
 0.4948914510139304 0.2994712532635441 0.6525106242187251E-01
 0.4948305207027529 0.3003991867164090 0.6588594151913985E-01
 0.4947752801613795 0.3012327676794475 0.6645886752378112E-01
 0.4947160879676311 0.3021180359144664 0.6706996766806318E-01
 0.4946560648570325 0.3030075271000831 0.6768675360007533E-01
 0.4945998368752146 0.3038334489888079 0.6826199148545967E-01
 0.4945376198388116 0.3047392632395481 0.6889568284261904E-01
 0.4944774310592273 0.3056076473005033 0.6950588893389935E-01
 0.4944199658020125 0.3064296452604013 0.7008586471913218E-01
 0.4943539244665338 0.3073659510089363 0.7074926484395926E-01
 0.4942931887310938 0.3082193107372381 0.7135650458299503E-01
 0.4942342655157898 0.3090402831900468 0.7194308883860046E-01
 0.4941616405426097 0.3100429908513603 0.7266268868290816E-01
 0.4941000266459196 0.3108859079272703 0.7327023151047765E-01
 0.4940391127011458 0.3117123971366014 0.7386819132845565E-01
 0.4939622615086636 0.3127456216985822 0.7461886676218943E-01
 0.4938998500455107 0.3135770814832016 0.7522554572809399E-01
 0.4938361666651745 0.3144185913022546 0.7584194710801928E-01
 0.4937661713484006 0.3153356409257432 0.7651638238372953E-01
 0.4937036082555029 0.3161484895887429 0.7711647188308905E-01
 0.4936378458857552 0.3169961022797281 0.7774447593603893E-01
 0.4935682938839073 0.3178851288685942 0.7840565993306520E-01
 0.4935047230463497 0.3186911568781070 0.7900738224660642E-01
 0.4934370307858897 0.3195427065084646 0.7964545579593360E-01
 0.4933669847514657 0.3204166991533283 0.8030283469294736E-01
 0.4933022709352706 0.3212178105679827 0.8090754181624107E-01
 0.4932328010141477 0.3220711480945778 0.8155388786563282E-01
 0.4931618834558612 0.3229353047499266 0.8221077996772824E-01
 0.4930959763413829 0.3237322242086973 0.8281870052752251E-01
 0.4930248959352516 0.3245851505477004 0.8347162480205991E-01
 0.4929528474617315 0.3254428947717717 0.8413054933874702E-01
 0.4928857110314117 0.3262361198607638 0.8474188791483020E-01
 0.4928131954017516 0.3270864813178896 0.8539931730079500E-01
 0.4927398149266781 0.3279403291617655 0.8606159482850824E-01
 0.4926714173631115 0.3287302836686262 0.8667627629440854E-01
 0.4925976246037798 0.3295762737272911 0.8733666459178235E-01
 0.4925227247095006 0.3304284211102783 0.8800401009402599E-01
 0.4924530351298950 0.3312154889937122 0.8862223857094630E-01
 0.4923781029585026 0.3320556453550391 0.8928408903091739E-01
 0.4923015159072472 0.3329079254849762 0.8995754683347015E-01
 0.4922305113875832 0.3336923822617726 0.9057929693414948E-01
 0.4921545688981183 0.3345254362725245 0.9124156896212415E-01
 0.4920760877653228 0.3353799871984459 0.9192303632695781E-01
 0.4920037401070887 0.3361621399266911 0.9254857225435970E-01
 0.4919268939121080 0.3369871369927724 0.9321020070269523E-01
 0.4918462719475409 0.3378463760178019 0.9390130745698834E-01
 0.4917725377970786 0.3386266674904287 0.9453074895418644E-01
 0.4916948440721025 0.3394432373012772 0.9519134921957129E-01
 0.4916117694829754 0.3403100907516769 0.9589470513136469E-01
 0.4915365876259084 0.3410891010071646 0.9652853623455730E-01
 0.4914580495617437 0.3418974208191912 0.9718791399428466E-01
 0.4913721963183477 0.3427747532199570 0.9790555550255121E-01
 0.4912955009038783 0.3435530570999749 0.9854395290223689E-01
 0.4912160509758544 0.3443539909186994 0.9920266306218516E-01
 0.4911271022161292 0.3452443688339140 0.9993697503654649E-01
 0.4910488308166709 0.3460224468771390 0.1005803514482187
 0.4909683644771945 0.3468171488534540 0.1012390334273727
 0.4908761684053900 0.3477213356933195 0.1019903802786491
 0.4907962950907943 0.3484992758168570 0.1026385020577358
 0.4907146918181724 0.3492889828909679 0.1032980475355106
 0.4906192942064497 0.3502057840526468 0.1040657499603846
 0.4905378264232921 0.3509833497019287 0.1047184781154322
 0.4904549954211900 0.3517689471889201 0.1053793997207438
 0.4903566161269847 0.3526956010908966 0.1061608713093182
 0.4902735900708068 0.3534723191177711 0.1068175165481292
 0.4901894677028893 0.3542544111981239 0.1074802315278944
 0.4900883066466329 0.3551885167971571 0.1082737319297245
 0.4900037491885414 0.3559640398907925 0.1089340784293029
 0.4899183128823851 0.3567428352544556 0.1095985759681896
 0.4898144570553901 0.3576831638176221 0.1104027228432121
 0.4897283805373261 0.3584573081368044 0.1110662978029136
 0.4896416073827710 0.3592330209652865 0.1117326479508083
 0.4895350246380389 0.3601794776194281 0.1125475697106375
 0.4894474200824296 0.3609522581083826 0.1132144175214969
 0.4893592885143180 0.3617250782094889 0.1138825522481712
 0.4892500875174427 0.3626763498136757 0.1147066785738658
 0.4891609649647978 0.3634476291208878 0.1153763029687010
 0.4890714562152059 0.3642177269928894 0.1160462131706980
 0.4889596491231412 0.3651734081224748 0.1168793470521172
 0.4888690052795022 0.3659431728753941 0.1175517605038009
 0.4887781147939565 0.3667105918514368 0.1182232669974518
 0.4886636312506076 0.3676709923813933 0.1190652394879567
 0.4885714591749676 0.3684392641320989 0.1197401079629627
 0.4884791703641557 0.3692041497040508 0.1204132149703850
 0.4883620333307351 0.3701687964537845 0.1212638076793593
 0.4882683280738525 0.3709355815485053 0.1219412037912857
 0.4881746307769133 0.3716980205484938 0.1226158184889262
 0.4880548740591437 0.3726663807217327 0.1234741576227074
 0.4879596369337169 0.3734316421656594 0.1241537340542085
 0.4878645214557110 0.3741917217165487 0.1248298514914733
 0.4877420781036706 0.3751640939400777 0.1256964457463749
 0.4876452980396855 0.3759278919307069 0.1263783694498507
 0.4875487584977329 0.3766856609885824 0.1270559105574904
 0.4874235748392392 0.3776622209648226 0.1279305512119573
 0.4873252461825614 0.3784245729683625 0.1286145486345190
 0.4872272750449984 0.3791800944833542 0.1292935036893507
 0.4870993162935109 0.3801608644953797 0.1301764645791785
 0.4869994261267966 0.3809218411487276 0.1308627080995172
 0.4869000114811817 0.3816752057662940 0.1315430233781461
 0.4867692533348205 0.3826601259935463 0.1324338451872059
 0.4866677948806083 0.3834197519975804 0.1331220368679989
 0.4865669168734851 0.3841711098703934 0.1338037533531087
 0.4864334512492225 0.3851592676156669 0.1347018295099415
 0.4863304237348243 0.3859175260268269 0.1353920490275148
 0.4862280816865575 0.3866668826075803 0.1360750320766654
 0.4860917601237641 0.3876591606252742 0.1369807459447150
 0.4859871474268542 0.3884161457261440 0.1376727654751641
 0.4858833226344926 0.3891636358796655 0.1383570576186262
 0.4857444719055138 0.3901574778175018 0.1392683150688599
 0.4856382948667695 0.3909130280661816 0.1399621094333497
 0.4855330149012297 0.3916584644214272 0.1406474298348334
 0.4853919635572146 0.3926514452970894 0.1415615881315626
 0.4852842310466191 0.3934055078384150 0.1422568089480269
 0.4851775518365866 0.3941485327074892 0.1429427526526839
 0.4850343124946381 0.3951405475403330 0.1438599240563885
 0.4849249872310974 0.3958933912663070 0.1445569349421020
 0.4848169644311791 0.3966336657076328 0.1452430614605957
 0.4846715430779345 0.3976246613177323 0.1461627324030514
 0.4845605882886562 0.3983765432421794 0.1468614387633249
 0.4844512738187485 0.3991137752257031 0.1475473577620103
 0.4843036688671914 0.4001037563227574 0.1484696951582602
 0.4841910327381901 0.4008550217947600 0.1491705151646529
 0.4840804719921193 0.4015889752387476 0.1498558623156833
 0.4839306698463980 0.4025780257053894 0.1507804596131568
 0.4838162956136044 0.4033290394136456 0.1514833870030286
 0.4837045164501797 0.4040596076754775 0.1521679305620182
 0.4835570948048822 0.4050180518089426 0.1530671095277700
 0.4834411736599098 0.4057676990740123 0.1537712197066549
 0.4833285095502710 0.4064929552863584 0.1544530460299405
 0.4831907797554269 0.4073751701391541 0.1552832497748612
 0.4830732110794073 0.4081244682852220 0.1559891247571856
 0.4829601133129767 0.4088420325079925 0.1566658032737953
 0.4828327487029210 0.4096463592041512 0.1574251283504886
 0.4827115346267737 0.4104081960891146 0.1581451058944583
 0.4825975062566360 0.4111216634551995 0.1588199872382413
 0.4824764924698266 0.4118754795024546 0.1595336448841765
 0.4823459767026945 0.4126846574019784 0.1603004282391807
 0.4822293392077376 0.4134044730545967 0.1609831999512560
 0.4821108604548033 0.4141324838836395 0.1616744201950956
 0.4819495309802128 0.4151187313387186 0.1626118824339379
 0.4818277562705334 0.4158593528750874 0.1633165904050636
 0.4817080853487307 0.4165840222640563 0.1640066573660379
 0.4815445570490660 0.4175692779368239 0.1649457092851436
 0.4814207974605155 0.4183111452397837 0.1656534773339687
 0.4813001324354958 0.4190313658300412 0.1663412055844100
 0.4811458420039769 0.4199478905824870 0.1672172474133351
 0.4810205894057768 0.4206883392658266 0.1679256380465049
 0.4808995703178218 0.4214007488471809 0.1686076924114133
 0.4807596155135661 0.4222209817501243 0.1693935507624842
 0.4806315387978950 0.4229682149104541 0.1701100423509132
 0.4805100440705222 0.4236740921502486 0.1707874336737871
 0.4803794747200985 0.4244295220565818 0.1715130012760201
 0.4802430711656464 0.4252152397142588 0.1722683157158381
 0.4801193011192461 0.4259251554593133 0.1729512811706236
 0.4799928125107629 0.4266477203406381 0.1736468801497361
 0.4798223164043324 0.4276170275260111 0.1745807596185654
 0.4796928937693651 0.4283493031190586 0.1752868989553216
 0.4795656729658064 0.4290661964668987 0.1759787771221907
 0.4793943594414342 0.4300270293257307 0.1769069654402463
 0.4792626664615818 0.4307621586736469 0.1776177399380569
 0.4791348951210813 0.4314725355431906 0.1783050390876749
 0.4789804187865487 0.4323276666273878 0.1791329728433233
 0.4788469128287002 0.4330634714375747 0.1798459269897613
 0.4787191478964736 0.4337648536215551 0.1805260501434204
 0.4785785847364990 0.4345333851131720 0.1812718889896770
 0.4784390518090443 0.4352930987943723 0.1820097493241531
 0.4783098587264010 0.4359937174612262 0.1826906628996910
 0.4781759752404273 0.4367169650841550 0.1833939748290869
 0.4780150373468464 0.4375826241252287 0.1842363172032760
 0.4778811705979767 0.4382995982283056 0.1849344748049854
 0.4777486180170516 0.4390068144968311 0.1856236094723467
 0.4775831991681086 0.4398856316788078 0.1864806139360391
 0.4774452094659475 0.4406155753745035 0.1871929343206205
 0.4773126289502823 0.4413142360153561 0.1878750877138309
 0.4771643883915378 0.4420923566248609 0.1886352127470096
 0.4770214630887523 0.4428395479394009 0.1893655383711458
 0.4768879288229558 0.4435349861920361 0.1900456938931862
 0.4767483331100076 0.4442592754887272 0.1907545240875543
 0.4765875749045663 0.4450899629173973 0.1915680383473301
 0.4764497932775864 0.4457990558812713 0.1922628875433023
 0.4763126202092521 0.4465024162581721 0.1929524506430091
 0.4761417410573539 0.4473750164280036 0.1938083862511902
 0.4759988931612221 0.4481014519421401 0.1945213787102425
 0.4758617670494653 0.4487962293624315 0.1952037157915812
 0.4757092125609704 0.4495662607612741 0.1959604549419665
 0.4755607819035095 0.4503125585504088 0.1966943330904214
 0.4754225757326074 0.4510048877465392 0.1973754930146554
 0.4752788424320934 0.4517223118772611 0.1980816615786019
 0.4751082379054432 0.4525704656335732 0.1989169351685938
 0.4749651079283502 0.4532792189971706 0.1996153277416923
 0.4748234605902116 0.4539781313742231 0.2003044225127567
 0.4746509126479574 0.4548261887983410 0.2011410973670634
 0.4745029864082748 0.4555503568686174 0.2018559505809036
 0.4743615507702421 0.4562402937730847 0.2025372993557694
 0.4742068168566558 0.4569923779800369 0.2032803071395510
 0.4740512381572717 0.4577457290479955 0.2040248832146317
 0.4739081000700714 0.4584363505359914 0.2047077827303976
 0.4737610865099007 0.4591432120346818 0.2054070907627356
 0.4735650670998663 0.4600818661125374 0.2063362387513457
 0.4734150949294287 0.4607970924807423 0.2070445565366442
 0.4732684042259800 0.4614942411284020 0.2077351955231004
 0.4730878730343075 0.4623489551539884 0.2085822199527914
 0.4729352628661529 0.4630687007755454 0.2092957837182134
 0.4727891323999447 0.4637555256627135 0.2099770110791811
 0.4726285207140838 0.4645077748759222 0.2107234916479817
 0.4724685069792291 0.4652545026627085 0.2114648414947436
 0.4723208532357045 0.4659411651586036 0.2121468162016477
 0.4721689410901758 0.4666452646021749 0.2128463301890758
 0.4719692865613719 0.4675670333149057 0.2137624497041858
 0.4718147071524297 0.4682779096438848 0.2144693029002678
 0.4716635292944847 0.4689708130214906 0.2151586140327698
 0.4714805589795276 0.4698063812535137 0.2159902900964805
 0.4713228316426933 0.4705240169146505 0.2167049206439097
 0.4711722649276652 0.4712068012968081 0.2173850812284479
 0.4710087499468552 0.4719458135615510 0.2181214825434226
 0.4708414308705412 0.4726993610827763 0.2188726317134818
 0.4706886872560752 0.4733849410733315 0.2195563057309003
 0.4705330119475020 0.4740814178069192 0.2202511480836740
 0.4703142338386519 0.4750563902411445 0.2212243224153934
 0.4701532498074674 0.4757709850008767 0.2219378911523021
 0.4699972827810026 0.4764610517621825 0.2226271412135243
 0.4698103364906054 0.4772852847778510 0.2234506018719971
 0.4696474987586651 0.4780006734948251 0.2241655315501127
 0.4694923470622748 0.4786801065824114 0.2248447526996789
 0.4693249891675315 0.4794106195785859 0.2255752989017563
 0.4691507532589183 0.4801685624820556 0.2263335298124273
 0.4689929581341814 0.4808527255061080 0.2270181164932859
 0.4688330870640400 0.4815437179261586 0.2277096474737591
 0.4686234832520889 0.4824463857592131 0.2286131779833266
 0.4684579010942247 0.4831568682422367 0.2293245124043143
 0.4682985706583035 0.4838383767375022 0.2300070283982878
 0.4681189862445080 0.4846040144720021 0.2307740355087679
 0.4679483564257105 0.4853290395784772 0.2315005551750068
 0.4677886590538619 0.4860054809127659 0.2321785139021839
 0.4676222909496545 0.4867080064965313 0.2328827075524443
 0.4674239028638802 0.4875428739228527 0.2337196933346905
 0.4672582478733271 0.4882376231878234 0.2344163709110182
 0.4670950984968962 0.4889197760387090 0.2351006105406944
 0.4669042198168068 0.4897152626389059 0.2358987851321000
 0.4667324236781712 0.4904288409482299 0.2366149695766443
 0.4665696772464077 0.4911027675057229 0.2372914755962904
 0.4663970151260761 0.4918155797410561 0.2380071093519128
 0.4662080971854536 0.4925929597073050 0.2387876892707248
 0.4660412682208684 0.4932772565472340 0.2394749533698501
 0.4658745067581256 0.4939592425561524 0.2401600734858677
 0.4656744664867744 0.4947746661636182 0.2409794743082269
 0.4655000146634320 0.4954834372373041 0.2416918542477911
 0.4653339463470177 0.4961561345618726 0.2423680479344471
 0.4651560548650551 0.4968745651224165 0.2430902523803711
 0.4649677960334055 0.4976324541394738 0.2438521770220960
 0.4647985308144940 0.4983117808857147 0.2445352090469695
 0.4646281976903185 0.4989934051654858 0.2452206685796459
 0.4644182873921686 0.4998306864232835 0.2460628182911287
 0.4642408837500367 0.5005359862850176 0.2467723033457678
 0.4640714430736474 0.5012076611501257 0.2474479812461813
 0.4638880452849369 0.5019325158478493 0.2481771469744009
 0.4636995231246141 0.5026753175490534 0.2489243768891640
 0.4635277106148096 0.5033502620891728 0.2496034006398714
 0.4633537545937023 0.5040316819600821 0.2502890295865059
 0.4631288950542600 0.5049096262870492 0.2511725294527840
 0.4629483787732617 0.5056121115041748 0.2518795168102193
 0.4627754653879867 0.5062830856635085 0.2525547873149801
 0.4625844684243761 0.5070220614948528 0.2532984686136007
 0.4623963844292251 0.5077475598689785 0.2540285854017262
 0.4622223297260280 0.5084170081578451 0.2547023405868808
 0.4620440009978093 0.5091009819445605 0.2553907931595617
 0.4617902072883915 0.5100710901386385 0.2563673742265309
 0.4616062441626613 0.5107718683875982 0.2570728524218970
 0.4614284282726774 0.5114473241556110 0.2577528035317702
 0.4612172080888040 0.5122472570097576 0.2585579984126686
 0.4610308323856729 0.5129509411471295 0.2592662868434777
 0.4608542795413565 0.5136156877774257 0.2599354028080930
 0.4606668248667482 0.5143195268430951 0.2606439085415260
 0.4604622507482028 0.5150853661374171 0.2614148445594592
 0.4602813441811274 0.5157606392774774 0.2620945708190711
 0.4601011442996569 0.5164314561895503 0.2627697232491433
 0.4598885991976088 0.5172203690026005 0.2635636018359442
 0.4596986213312132 0.5179234166647791 0.2642709820569735
 0.4595191133221693 0.5185859112063661 0.2649375208012289
 0.4593296649921037 0.5192832017173041 0.2656390507216398
 0.4591177940234932 0.5200607414784422 0.2664212752723311
 0.4589331466721021 0.5207364265155002 0.2671009430208256
 0.4587502506845025 0.5214039292323408 0.2677722536566486
 0.4585379266105722 0.5221766377003092 0.2685491972356870
 0.4583440461163006 0.5228801807278072 0.2692564657721122
 0.4581616039113446 0.5235404496836461 0.2699201622009224
 0.4579706155100808 0.5242298259768863 0.2706130727020146
 0.4577483641994732 0.5250297191292586 0.2714169919619047
 0.4575595797644876 0.5257072131395873 0.2720977815345601
 0.4573740226094841 0.5263713936989972 0.2727650441173756
 0.4571618112125013 0.5271288924818994 0.2735258605476418
 0.4569637524233200 0.5278338794050894 0.2742337750928209
 0.4567782567247584 0.5284924166425032 0.2748949525324125
 0.4565855879760415 0.5291746594400737 0.2755798642606249
 0.4563488536753014 0.5300105033661050 0.2764188727854346
 0.4561554636496498 0.5306913337057302 0.2771021438760255
 0.4559669005186577 0.5313534731912242 0.2777664912536982
 0.4557528179635884 0.5321032080843963 0.2785185083101964
 0.4555508709962366 0.5328084936474895 0.2792257531594325
 0.4553622662918221 0.5334654864274728 0.2798844465881004
 0.4551672341897970 0.5341431588850245 0.2805637714020026
 0.4549159196549877 0.5350138515898023 0.2814364104545240
 0.4547181700290743 0.5356969692859019 0.2821208529242669
 0.4545263716701645 0.5363578625360893 0.2827828020198337
 0.4543084483553453 0.5371068008692208 0.2835326411774504
 0.4541033404046860 0.5378097918339686 0.2842362110403959
 0.4539117594514785 0.5384647646936209 0.2848915285854452
 0.4537137017623376 0.5391402115593624 0.2855671599033371
 0.4534566442370492 0.5400143594925899 0.2864412720925139
 0.4532556278176434 0.5406959754856961 0.2871225923376843
 0.4530608660441958 0.5413547563256084 0.2877808185544063
 0.4528398991758327 0.5421002521499074 0.2885253543434253
 0.4526314234550961 0.5428017451420692 0.2892256540169618
 0.4524368358628639 0.5434548890847505 0.2898774831069580
 0.4522359014574797 0.5441277094777219 0.2905487797964031
 0.4519701947664897 0.5450148987884658 0.2914336960267789
 0.4517656234797929 0.5456960197550216 0.2921128236602279
 0.4515677689710004 0.5463531856428978 0.2927678203461541
 0.4513431856442485 0.5470972480347499 0.2935091220217159
 0.4511314756329287 0.5477968413661449 0.2942058533099995
 0.4509338732160514 0.5484482355496488 0.2948543932995371
 0.4507299526581229 0.5491188684847835 0.2955219248919769
 0.4504552955287097 0.5500196015294184 0.2964182135948080
 0.4502470744612397 0.5507005379223977 0.2970955176922510
 0.4500460089931650 0.5513565139721234 0.2977477186757174
 0.4498174602916177 0.5521003068867730 0.2984868782532491
 0.4496025706624058 0.5527978681379561 0.2991797721773219
 0.4494019715390430 0.5534474955671983 0.2998248091018085
 0.4491950269125143 0.5541161202043160 0.3004884881775906
 0.4489128540122253 0.5550252818682574 0.3013905474667223
 0.4487012093920514 0.5557053074820512 0.3020649206557897
 0.4484970720291445 0.5563596860073289 0.3027135381818182
 0.4482648984186838 0.5571021291602342 0.3034490477721130
 0.4480468483226436 0.5577976691393398 0.3041377385021359
 0.4478432770491284 0.5584455148544984 0.3047789424170814
 0.4476332641925254 0.5591123432690196 0.3054387038186246
 0.4473462511354182 0.5600211884868614 0.3063375367316659
 0.4471314635156456 0.5606994734403947 0.3070080170585295
 0.4469244102420908 0.5613518431286475 0.3076525704507979
 0.4466894487645735 0.5620903842460966 0.3083818831787852
 0.4464679065485193 0.5627850438804983 0.3090675232422324
 0.4462612890436811 0.5634314283418128 0.3097052622091511
 0.4460485138171430 0.5640955960656157 0.3103603225364543
 0.4457420739604109 0.5650495135181017 0.3113007476979486
 0.4459464668813414 0.5644136005665888 0.3106738864265493
 0.4457443425283537 0.5650424629878057 0.3112937988958525
 0.4455372999597948 0.5656852443349486 0.3119271656544940
 0.4453282897061185 0.5663327241849897 0.3125648492077837
 0.4450916382470524 0.5670641332871444 0.3132847936089165
 0.4448659638768875 0.5677599473014887 0.3139693284806532
 0.4446561755647661 0.5684053295294264 0.3146039620625387
 0.4444410629127932 0.5690656493829829 0.3152530259254764
 0.4441287088044034 0.5700218865269917 0.3161924860248002
 0.4443370447001289 0.5693844276991405 0.3155662771285693
 0.4441308123940548 0.5700154567865130 0.3161861711705228
 0.4439203076163345 0.5706581969542084 0.3168172714011732
 0.4437086519863404 0.5713030729057108 0.3174501291720510
 0.4434716748180378 0.5720234702694083 0.3181566833421907
 0.4432411626392432 0.5727225750380071 0.3188419596139214
 0.4430280771607814 0.5733673994100937 0.3194737306330275
 0.4428108439477874 0.5740233722784698 0.3201161679722028
 0.4425267562754406 0.5748791009739850 0.3209538606590436
 0.4423014138428401 0.5755561785268508 0.3216163303751853
 0.4420868728117384 0.5761994149338056 0.3222453764339367
 0.4418545224960085 0.5768945315789969 0.3229248016070977
 0.4416136365453413 0.5776135314718430 0.3236272070315040
 0.4413960236200050 0.5782616289272210 0.3242600763218577
 0.4411778849145087 0.5789099323009144 0.3248929301622576
 0.4409219105685446 0.5796689573254024 0.3256336050690108
 0.4406912373552280 0.5803513733962292 0.3262992524354005
 0.4404743690791167 0.5809915880453022 0.3269234597859907
 0.4402486579426519 0.5816565154152576 0.3275714498146656
 0.4399668437204379 0.5824847384481313 0.3283781367101627
 0.4397401174783170 0.5831494787079979 0.3290252798671168
 0.4395202734944600 0.5837927004335491 0.3296512481871741
 0.4392756455824581 0.5845068937352204 0.3303460384797670
 0.4390363230936238 0.5852040365844665 0.3310239677151885
 0.4388155673154964 0.5858457346416946 0.3316477003420942
 0.4385911624728754 0.5864967104177677 0.3322801461461292
 0.4383082514695033 0.5873155093342499 0.3330752043008228
 0.4380747653999192 0.5879896798391192 0.3337295092132561
 0.4378531718634836 0.5886281963626580 0.3343489955200288
 0.4376167398339421 0.5893080657663502 0.3350084040085480
 0.4373599849581273 0.5900447429656599 0.3357226766330435
 0.4371333405279235 0.5906936251789084 0.3363515926310939
 0.4369088324680047 0.5913351023839459 0.3369730902939582
 0.4366544743552790 0.5920603288689554 0.3376754361849953
 0.4364127900479328 0.5927479135478252 0.3383410748490826
 0.4361881026882575 0.5933858340334949 0.3389584606808670
 0.4359580351961480 0.5940377308616335 0.3395892343579076
 0.4356428039657567 0.5949288194721375 0.3404512236225551
 0.4354044319292437 0.5956010274817912 0.3411012631891656
 0.4351772832905790 0.5962402986018731 0.3417192342987969
 0.4349283369893451 0.5969394817732996 0.3423948563622983
 0.4346776782288739 0.5976419689118412 0.3430734087436303
 0.4344488288687408 0.5982820225503419 0.3436914631740900
 0.4342183076354747 0.5989254941705612 0.3443126657524776
 0.4339449242172673 0.5996869835810529 0.3450476122154451
 0.4337019924129217 0.6003621801518345 0.3456990727386662
 0.4334733536871099 0.6009963933120872 0.3463107811013600
 0.4332351272876122 0.6016559116052467 0.3469466599948633
 0.4329380029431553 0.6024766529295082 0.3477376666057623
 0.4326989589641644 0.6031354921335786 0.3483724362652192
 0.4324673386208360 0.6037726299412343 0.3489861782521046
 0.4322105994969808 0.6044774451703087 0.3496650053937088
 0.4319575097452488 0.6051707900745706 0.3503326672219237
 0.4317248198973496 0.6058069844850201 0.3509451641809704
 0.4314892855668937 0.6064497292051385 0.3515638171507026
 0.4312039220893595 0.6072268078907609 0.3523115725508640
 0.4309571041680573 0.6078974785455993 0.3529568035747940
 0.4307240811124263 0.6085294428718478 0.3535647312674957
 0.4304797201532785 0.6091908879233148 0.3542009802789625
 0.4301896586696258 0.6099743614914835 0.3549545529392930
 0.4299475218340399 0.6106270030532778 0.3555822017808558
 0.4297116161799848 0.6112616446965675 0.3561924286690633
 0.4294506918406494 0.6119622153000107 0.3568659051036189
 0.4291919550686112 0.6126554920792608 0.3575322442073147
 0.4289546169719816 0.6132901950670616 0.3581422172563839
 0.4287149600560024 0.6139299048192092 0.3587569716095811
 0.4284288694429325 0.6146919959339963 0.3594893071802437
 0.4281768314645472 0.6153619759057524 0.3601330819550394
 0.4279395494192801 0.6159915379553595 0.3607379486329363
 0.4276923196783413 0.6166462692629631 0.3613669075483519
 0.4273816842318255 0.6174671551884119 0.3621553767849867
 0.4271332358034334 0.6181223022324751 0.3627846250429307
 0.4268929036233648 0.6187548669379340 0.3633922123870874
 0.4266275474574875 0.6194519547054297 0.3640618376107425
 0.4263637211605099 0.6201436354646050 0.3647263263283084
 0.4261219532112419 0.6207762763290705 0.3653341174088528
 0.4258780929269636 0.6214132270723888 0.3659460447145886
 0.4255891476651087 0.6221664308255092 0.3666696512996772
 0.4253320322290904 0.6228352959950496 0.3673122610773983
 0.4250903783992358 0.6234627720031408 0.3679151716272272
 0.4248395951247525 0.6241127636106866 0.3685398104525308
 0.4245064714188032 0.6249743050003875 0.3693678877549334
 0.4242516861432143 0.6256318161153679 0.3699999248207466
 0.4240066231565474 0.6262630765380681 0.3706067428607107
 0.4237355992902875 0.6269598911124287 0.3712765801559997
 0.4234674022992932 0.6276480812506948 0.3719381559976342
 0.4232213376910149 0.6282782991877925 0.3725440717348883
 0.4229730231125489 0.6289131398177829 0.3731545392401558
 0.4226785017300466 0.6296646355555565 0.3738773426819512
 0.4224168851051889 0.6303308346414309 0.3745182342936420
 0.4221710720883473 0.6309556495441331 0.3751193954172484
 0.4219161454923112 0.6316024678264236 0.3757417944421261
 0.4215720802884324 0.6324735894125710 0.3765801631934199
 0.4213124162406099 0.6331296083924808 0.3772116744237323
 0.4210630562175907 0.6337584582391151 0.3778172066594744
 0.4207874061337422 0.6344523177077499 0.3784855600541300
 0.4205141885753054 0.6351387236577974 0.3791469483490917
 0.4202636427685471 0.6357670126301999 0.3797524898247275
 0.4200110119538821 0.6363994131026459 0.3803621105105163
 0.4197131724260235 0.6371435490493064 0.3810795843801120
 0.4194464176665008 0.6378087109264975 0.3817210734659827
 0.4191961909398400 0.6384315394813599 0.3823219127955475
 0.4189375940156146 0.6390740677979441 0.3829419652196691
 0.4185573656813275 0.6400167273547582 0.3838520344892029
 0.4188109465596626 0.6393883260934665 0.3832453100278481
 0.4185646110541484 0.6399987877619563 0.3838347112182955
 0.4183134421466681 0.6406201621998446 0.3844348146055074
 0.4180612019699094 0.6412431091845495 0.3850365797869056
 0.4177825169257798 0.6419301159711349 0.3857003878389114
 0.4175031538305638 0.6426174834828826 0.3863647464256335
 0.4172479934284364 0.6432441593376356 0.3869706712657449
 0.4169915358284268 0.6438729279685113 0.3875788804166826
 0.4166932542262251 0.6446028659825760 0.3882853029007984
 0.4164209493902470 0.6452679523131042 0.3889292783432196
 0.4161663391180729 0.6458887182859092 0.3895305821876958
 0.4159046335135348 0.6465256777994374 0.3901477935132264
 0.4155397694085319 0.6474118511522565 0.3910068769899799
 0.4152688256560468 0.6480685173010378 0.3916438042286001
 0.4150115437546245 0.6486909765246862 0.3922478587744144
 0.4147324771286093 0.6493649394038047 0.3929022504158488
 0.4144432203582359 0.6500621981793162 0.3935796373465690
 0.4141824792546817 0.6506895782856278 0.3941894300783180
 0.4139226843507270 0.6513136103160884 0.3947962154292527
 0.4136287596524429 0.6520183390004506 0.3954817588462889
 0.4133484434606993 0.6526891752631484 0.3961346537376444
 0.4130888017243913 0.6533094386085486 0.3967386564610454
 0.4128250040446559 0.6539385551425286 0.3973516449526870
 0.4125036178450677 0.6547035534296054 0.3980975515952882
 0.4122276848854610 0.6553590868481374 0.3987371659881030
 0.4119677657264558 0.6559755059932227 0.3993389624224841
 0.4116969832866644 0.6566165884965776 0.3999651801745105
 0.4113481061827849 0.6574409145050012 0.4007709300598506
 0.4110747494346972 0.6580855110971561 0.4014014708180504
 0.4108117558742976 0.6587046052647935 0.4020074956205180
 0.4105247848703910 0.6593789559107140 0.4026681081906153
 0.4102309490695722 0.6600681596547704 0.4033437877100248
 0.4099648318973201 0.6606912365837599 0.4039550460925551
 0.4096991689839771 0.6613122003083377 0.4045645792705553
 0.4093979676546952 0.6620149686842254 0.4052548120911685
 0.4091116913394950 0.6626816746856151 0.4059100374445311
 0.4088465036344107 0.6632981947166339 0.4065163333111046
 0.4085773707181463 0.6639228358881047 0.4071310305304332
 0.4082540142615380 0.6646719322943152 0.4078687634551996
 0.4079713574985686 0.6653255012373513 0.4085128968270985
 0.4077057225497139 0.6659386606016482 0.4091175805055846
 0.4074305917180458 0.6665726696096249 0.4097431936989417
 0.4070335120554125 0.6674857863455159 0.4106449087717135
 0.4072983233150840 0.6668770816326317 0.4100437101816813
 0.4070378924050185 0.6674757256481347 0.4106349688889394
 0.4067709979388616 0.6680882251733163 0.4112403269740049
 0.4065032669046180 0.6687016291762650 0.4118470424593291
 0.4062097125581256 0.6693730330543118 0.4125116853793122
 0.4059096942586782 0.6700579673251799 0.4131903190738672
 0.4056379306227376 0.6706773072832525 0.4138044508324423
 0.4053668509208401 0.6712940606854552 0.4144164507085101
 0.4050611481803881 0.6719883606719438 0.4151059062566073
 0.4047676261268136 0.6726537774490824 0.4157672069241225
 0.4044965295949537 0.6732672987866566 0.4163774278835179
 0.4042224639682678 0.6738865119726909 0.4169938226356507
 0.4039011368370040 0.6746111952076745 0.4177158722130101
 0.4036106441589066 0.6752651251161880 0.4183680188269119
 0.4033389298215678 0.6758757445156420 0.4189774494153932
 0.4030600050077126 0.6765015277337983 0.4196024721281977
 0.4026911145228104 0.6773275420840114 0.4204282092409899
 0.4024019726070702 0.6779737065588740 0.4210747856818076
 0.4021282402029224 0.6785844035864118 0.4216864316063862
 0.4018370919394464 0.6792328590512416 0.4223365231989253
 0.4015143219216190 0.6799504275152307 0.4230566576475445
 0.4012333884315955 0.6805738645879528 0.4236829401298073
 0.4009582483414179 0.6811834365581412 0.4242958169145457
 0.4006583469577639 0.6818467343607311 0.4249632815274122
 0.4003484616668882 0.6825308772755376 0.4256523592700098
 0.4000691743386058 0.6831463954562376 0.4262729022666404
 0.3997918142167792 0.6837566633960488 0.4268887272161297
 0.3994838065232926 0.6844331973206876 0.4275720989149980
 0.3991783841708488 0.6851028442885071 0.4282491902022362
 0.3988988033693376 0.6857147820327387 0.4288684791738095
 0.3986182585060286 0.6863278238712472 0.4294893790318940
 0.3982979304110165 0.6870265717016807 0.4301976784725268
 0.3979965960689524 0.6876826972202805 0.4308633808841305
 0.3977169564835437 0.6882905561130115 0.4314806840903384
 0.3974329132884105 0.6889069772052521 0.4321072843677253
 0.3970918244245025 0.6896458566371002 0.4328591861333702
 0.3967935812259688 0.6902907280262834 0.4335161396620003
 0.3965137657304571 0.6908947451295022 0.4341320510898882
 0.3962252270314278 0.6915165726545009 0.4347666874142142
 0.3958248917241013 0.6923776240574067 0.4356464288747208
 0.3955264393760424 0.6930182563240743 0.4363017256182706
 0.3952438839473758 0.6936237566942898 0.4369217179945128
 0.3949414094028003 0.6942708587765350 0.4375850008737022
 0.3946127472452762 0.6949727195883396 0.4383051998536462
 0.3943233268011190 0.6955896915086743 0.4389389260447722
 0.3940388144770651 0.6961952110553492 0.4395614262122034
 0.3937276752541062 0.6968562808223673 0.4402416225640310
 0.3934088562688595 0.6975324593090523 0.4409380172097188
 0.3931206992548680 0.6981425588506709 0.4415669638669707
 0.3928342062145146 0.6987481519009850 0.4421918734286850
 0.3925154183624457 0.6994208614529588 0.4428867759763323
 0.3922011285824740 0.7000828987049087 0.4435714032867839
 0.3919133625801968 0.7006880405680872 0.4441978182747218
 0.3916251236703126 0.7012931987204377 0.4448248237705001
 0.3913002356415726 0.7019741322262603 0.4455310219593699
 0.3909869511068288 0.7026295762675657 0.4462114930581451
 0.3906980567743316 0.7032329776704712 0.4468385859292433
 0.3904069543909403 0.7038400098561604 0.4474701103720422
 0.3900728230793008 0.7045355598660294 0.4481945386474884
 0.3897604621154001 0.7051846258085605 0.4488713036496841
 0.3894702686158056 0.7057866235616658 0.4494995927137728
 0.3891754940098600 0.7063971363861711 0.4501373210987050
 0.3888237086618720 0.7071244262334850 0.4508977414283202
 0.3885135115484440 0.7077645671464894 0.4515677031964656
 0.3882229780094607 0.7083631396729436 0.4521947560005319
 0.3879244833413560 0.7089771206676296 0.4528385781487126
 0.3875340213985445 0.7097787568288126 0.4536801419214530
 0.3872247227178965 0.7104125470220937 0.4543462475836128
 0.3869330576513943 0.7110092242075139 0.4549739199214527
 0.3866270550407609 0.7116342139399137 0.4556319532530979
 0.3862520372226316 0.7123987452793706 0.4564377243285651
 0.3859465864673774 0.7130203042492730 0.4570935138011794
 0.3856524237126127 0.7136179215620948 0.4577246726141082
 0.3853371320847650 0.7142574087896369 0.4584007489799721
 0.3849930200462920 0.7149541089089100 0.4591381096377504
 0.3846907878030276 0.7155649525044743 0.4597852409879608
 0.3843943106686290 0.7161631997290651 0.4604195609512016
 0.3840720716329133 0.7168123508809600 0.4611084241270862
 0.3837360348396005 0.7174881039143313 0.4618261541155715
 0.3834347791631448 0.7180928815161269 0.4624690839255352
 0.3831370713182785 0.7186895811961627 0.4631040011465740
 0.3828111245441597 0.7193417948134712 0.4637986614575081
 0.3824771166331628 0.7200089653350871 0.4645099704921613
 0.3821755977393823 0.7206102236253473 0.4651516000032193
 0.3818767933685881 0.7212051206605667 0.4657869672316226
 0.3815492509775352 0.7218561521471949 0.4664828759723789
 0.3812132328864873 0.7225228596609163 0.4671961970273437
 0.3809096197918311 0.7231242551646396 0.4678402427926910
 0.3806083507544520 0.7237200574598586 0.4684788902064689
 0.3802768042860301 0.7243746473935669 0.4691812368384964
 0.3799401963310177 0.7250380657474345 0.4698937549707248
 0.3796348077399330 0.7256389422621720 0.4705396599340279
 0.3793308809165062 0.7262359902366519 0.4711819294826424
 0.3789934597717714 0.7268977269801472 0.4718943202269139
 0.3786587804985004 0.7275529378872826 0.4726002478026769
 0.3783531899501617 0.7281502054835983 0.4732442677373653
 0.3780481218698071 0.7287455073166796 0.4738866958247274
 0.3777082145653090 0.7294076856082505 0.4746019330746451
 0.3773733023981676 0.7300589946401969 0.4753060752246342
 0.3770669878839071 0.7306537036608227 0.4759495560692211
 0.3767611438795166 0.7312465628214316 0.4765915125756612
 0.3764217613117468 0.7319033429576545 0.4773032296794388
 0.3760831262717274 0.7325575361908013 0.4780127327252933
 0.3757742036045434 0.7331533394801346 0.4786594527910095
 0.3754661106025007 0.7337466050192097 0.4793039576171154
 0.3751245787586851 0.7344031699043186 0.4800178576596686
 0.3747831146528418 0.7350584620696069 0.4807309973264968
 0.3744716817791805 0.7356551297364818 0.4813808277337431
 0.3741608644879535 0.7362496771987652 0.4820287692137402
 0.3738142549718694 0.7369115853573465 0.4827505887341289
 0.3734734005131947 0.7375613716282921 0.4834596808230656
 0.3731613917522807 0.7381551878587641 0.4841081553772880
 0.3728494656538385 0.7387479134794834 0.4847559126165784
 0.3725010656738056 0.7394088477410347 0.4854787899023365
 0.3721595160674408 0.7400556642074129 0.4861868059926351
 0.3718468114052318 0.7406468840951106 0.4868344367812926
 0.3715345723337212 0.7412363008843971 0.4874805117895916
 0.3711887832755256 0.7418879779804054 0.4881953038944587
 0.3708420440685641 0.7425403181486083 0.4889113310788317
 0.3705264161972550 0.7431331485909708 0.4895625045523851
 0.3702124057093839 0.7437220192281673 0.4902097864392150
 0.3698671280102278 0.7443684680570622 0.4909208797022364
 0.3695146483691446 0.7450272618575240 0.4916460748356856
 0.3691955585915387 0.7456226603719706 0.4923018842695633
 0.3688787390929557 0.7462128964633209 0.4929523351821680
 0.3685299051538740 0.7468617119186486 0.4936676922416873
 0.3681767306029107 0.7475174692466866 0.4943910890826134
 0.3678564523310005 0.7481111656764105 0.4950463966427400
 0.3675382589610503 0.7487000769106398 0.4956968126110698
 0.3671875883102095 0.7493480379960351 0.4964129220354159
 0.3668337538870983 0.7500007235357264 0.4971347548241986
 0.3665128919054911 0.7505916173979389 0.4977886591043374
 0.3661946893202530 0.7511767053456243 0.4984364951853313
 0.3658472837766906 0.7518144602178677 0.4991430366308221
 0.3654863692703181 0.7524758804846430 0.4998762380267390
 0.3651624403584136 0.7530685396946931 0.5005336267283844
 0.3648430702212531 0.7536519533638980 0.5011811637266665
 0.3644981151784468 0.7542810987559901 0.5018799139375433
 0.3641263949546866 0.7549578945959942 0.5026320864057620
 0.3637978273194215 0.7555551192494077 0.5032962112998829
 0.3634755197902846 0.7561400542392087 0.5039469812194942
 0.3631278828063527 0.7567699503184793 0.5046480979415869
 0.3627538356031053 0.7574465363793121 0.5054015766196831
 0.3624231571980883 0.7580436749983011 0.5060669584114994
 0.3620985702397919 0.7586289034408328 0.5067194550294256
 0.3617473436923789 0.7592611505117187 0.5074248285473654
 0.3613752232611418 0.7599298648711020 0.5081713894081139
 0.3610443996070384 0.7605233825030685 0.5088343939408770
 0.3607195853702156 0.7611052201521591 0.5094846680867388
 0.3603699113250651 0.7617305971750128 0.5101839188653770
 0.3599908871010242 0.7624073085239692 0.5109409260112806
 0.3596577183382157 0.7630011588715643 0.5116055602683494
 0.3593324962945827 0.7635799541336689 0.5122536497173693
 0.3589860394295433 0.7641955762827535 0.5129433096815893
 0.3585895380479030 0.7648989063953046 0.5137316230433324
 0.3582510752506013 0.7654982618705716 0.5144036919217707
 0.3579231576093474 0.7660780481262236 0.5150540399057594
 0.3575747408710890 0.7666931161110477 0.5157441884753414
 0.3571722330644221 0.7674024425439296 0.5165404124246469
 0.3568303468544028 0.7680039059929616 0.5172158679103084
 0.3564988706478288 0.7685861542779616 0.5178700582516014
 0.3561444936608220 0.7692076503572063 0.5185687112145186
 0.3557516521227058 0.7698954273569780 0.5193423009207140
 0.3554101134683849 0.7704923824495680 0.5200140576191694
 0.3550772476084346 0.7710732852355648 0.5206679886307682
 0.3547208476770486 0.7716942842250604 0.5213672786730800
 0.3543282854772054 0.7723771312983584 0.5221364669332654
 0.3539864456039345 0.7729707605161952 0.5228053888475879
 0.3536539540862296 0.7735472762486274 0.5234552583365160
 0.3533008397958657 0.7741586040940932 0.5241446348130187
 0.3528917651534212 0.7748655989430444 0.5249422256503470
 0.3525458561705095 0.7754624128003342 0.5256157675407808
 0.3522121030031927 0.7760373768863087 0.5262648412635297
 0.3518599164309636 0.7766431662206227 0.5269489041325748
 0.3514286309025408 0.7773837157785451 0.5277854253519629
 0.3510769063501174 0.7779866006461138 0.5284667133784351
 0.3507390946973384 0.7785647507546561 0.5291203126603553
 0.3503810372073791 0.7791766053149767 0.5298123058869393
 0.3499629046649255 0.7798898901356165 0.5306193609654813
 0.3496102941178866 0.7804903785663333 0.5312990228332598
 0.3492691209619998 0.7810705012294142 0.5319557796822384
 0.3489050665954867 0.7816885707567320 0.5326556162569184
 0.3484992046808150 0.7823764549600077 0.5334346444927465
 0.3481479192932717 0.7829708522664319 0.5341079479205344
 0.3478064049009090 0.7835478420187248 0.5347617028348439
 0.3474423285527136 0.7841620042348945 0.5354577889885344
 0.3470332353629318 0.7848509450476340 0.5362388956180103
 0.3466811956444621 0.7854428244431561 0.5369101592902041
 0.3463402741017502 0.7860151505890964 0.5375593968581124
 0.3459802123920225 0.7866186925335643 0.5382441831757059
 0.3455430568579936 0.7873502006045232 0.5390743493237392
 0.3451850260730278 0.7879482811125766 0.5397532648722242
 0.3448419443047154 0.7885205267332529 0.5404030171608768
 0.3444814215348567 0.7891209563085273 0.5410849446240541
 0.3440168900596063 0.7898932413566081 0.5419622760699019
 0.3436526731606327 0.7904976823981924 0.5426490501050981
 0.3433048774063343 0.7910739966071788 0.5433039148137948
 0.3429362048867197 0.7916839748640229 0.5439970610708776
 0.3425079786892588 0.7923912897822530 0.5448008688617791
 0.3421456367746989 0.7929887811448826 0.5454799609180526
 0.3417947595674285 0.7935664969032791 0.5461367009970981
 0.3414200828929018 0.7941824558272944 0.5468370799769089
 0.3410034680571973 0.7948662213901252 0.5476147540526849
 0.3406423261206813 0.7954579760177697 0.5482879105234949
 0.3402911716889984 0.7960325079818837 0.5489415477397763
 0.3399172334814766 0.7966433908609167 0.5496365844046052
 0.3394939846973173 0.7973336817330859 0.5504220090914785
 0.3391315197493567 0.7979238729005134 0.5510935897018341
 0.3387813010873196 0.7984932810027950 0.5517415907621810
 0.3384127129784742 0.7990916638786090 0.5524226576880934
 0.3379487083543195 0.7998436554221916 0.5532786904302707
 0.3375792738605564 0.8004413533977914 0.5539591631778411
 0.3372271134568261 0.8010102589711025 0.5546068995391500
 0.3368578854592928 0.8016058541291926 0.5552850610683301
 0.3363640493318410 0.8024010457022553 0.5561905766457257
 0.3359884624906351 0.8030047548053058 0.5568781574444671
 0.3356310995826228 0.8035783134783560 0.5575315258821031
 0.3352524412697166 0.8041851412730452 0.5582229383276217
 0.3348091965293781 0.8048942891155728 0.5590310914246812
 0.3344357797767565 0.8054907313267978 0.5597108789132555
 0.3340745912376560 0.8060667858167143 0.5603674403643149
 0.3336895348064016 0.8066799831123516 0.5610663098334802
 0.3332577858458634 0.8073664083462668 0.5618486014745350
 0.3328852928015303 0.8079576687246596 0.5625224343346527
 0.3325234709817053 0.8085311462940380 0.5631760331815214
 0.3321377958326643 0.8091415178570447 0.5638717401270016
 0.3317053452818065 0.8098248002831528 0.5646506210586866
 0.3313330705285482 0.8104120619506650 0.5653200730392233
 0.3309728323296607 0.8109795097771517 0.5659669208809502
 0.3305931940548018 0.8115766403346716 0.5666475522116559
 0.3301233175728731 0.8123144655968152 0.5674884568633510
 0.3297446423684574 0.8129080872355485 0.5681649436581753
 0.3293835765414690 0.8134732805293922 0.5688089934482097
 0.3290065512791234 0.8140626010786872 0.5694805024776464
 0.3284476284152374 0.8149346418788553 0.5704740713208254
 0.3288203399358328 0.8143533430460068 0.5698117770463813
 0.3284598391703744 0.8149156108144263 0.5704523897124698
 0.3280935834769633 0.8154860440839289 0.5711022272493720
 0.3277299451679005 0.8160515956671252 0.5717464035014878
 0.3273455905270615 0.8166484975305391 0.5724261753830336
 0.3268606006782504 0.8174004163641265 0.5732823580109836
 0.3264733950298284 0.8179997198698555 0.5739647185574407
 0.3261023847848681 0.8185731165045220 0.5746175926037149
 0.3257083579477124 0.8191811881398831 0.5753099833258086
 0.3252555369252396 0.8198788553141819 0.5761044226435805
 0.3248697937746453 0.8204722192384478 0.5767800681558465
 0.3244957852206795 0.8210466963991143 0.5774341376314459
 0.3240963592895353 0.8216593089065416 0.5781315130766228
 0.3236535899307588 0.8223373095920063 0.5789031814213703
 0.3232697721695437 0.8229241163558726 0.5795709632813816
 0.3228971499185598 0.8234929897497217 0.5802182910024727
 0.3225019450202495 0.8240954631706061 0.5809038342172747
 0.3220445304336940 0.8247916505418680 0.5816960003462529
 0.3216587375181841 0.8253778968908100 0.5823630393357603
 0.3212879463936001 0.8259405455380938 0.5830031744629148
 0.3209001727728863 0.8265281268133120 0.5836715942445398
 0.3203334511610027 0.8273853293680087 0.5846465616057515
 0.3207113584370705 0.8268139223888193 0.5839966750914390
 0.3203429522835112 0.8273709732748720 0.5846302347971518
 0.3199683482302073 0.8279366105747145 0.5852734833424631
 0.3195971349348128 0.8284963496400493 0.5859099572180358
 0.3192074257004482 0.8290831472972748 0.5865771249723821
 0.3186480802518089 0.8299238904475564 0.5875328381014069
 0.3182463942142160 0.8305265856747320 0.5882177596374099
 0.3178673248022995 0.8310945277518563 0.5888629983809383
 0.3174666634313404 0.8316939589476308 0.5895437981234478
 0.3169870597214645 0.8324103370904289 0.5903571538836344
 0.3165887016995473 0.8330044032275997 0.5910314660573120
 0.3162043976333133 0.8335766916254104 0.5916809493386745
 0.3157954205259971 0.8341848415045054 0.5923710313949151
 0.3153298264121649 0.8348760800693693 0.5931552477620660
 0.3149309241764541 0.8354673766079324 0.5938259002161401
 0.3145435590541585 0.8360407544869718 0.5944760158868133
 0.3141293138942237 0.8366530327438332 0.5951699631814737
 0.3136737028189636 0.8373253972803970 0.5959316701409403
 0.3132772308964977 0.8379095920377126 0.5965932227062712
 0.3128920464583621 0.8384763597510336 0.5972348346806864
 0.3124836412149519 0.8390764422045690 0.5979139676991845
 0.3120101595519811 0.8397710490093041 0.5986998363593703
 0.3116115183519947 0.8403549557067528 0.5993602375471987
 0.3112288400232525 0.8409147032993586 0.5999930895040201
 0.3108295138149751 0.8414979927567751 0.6006522914937759
 0.3102456047616640 0.8423494181755017 0.6016140025504311
 0.3106349684544248 0.8417818636240141 0.6009730021618239
 0.3102529668660507 0.8423386940605031 0.6016018932299582
 0.3098657779879024 0.8429023211685801 0.6022381899058856
 0.3094833117877296 0.8434583204521995 0.6028656138661430
 0.3090839071288974 0.8440381475441339 0.6035196474967737
 0.3085607580813960 0.8447963926892554 0.6043744711854914
 0.3081468799893923 0.8453952816446152 0.6050492277104121
 0.3077576306109080 0.8459577454979661 0.6056825796551381
 0.3073554010410709 0.8465381674141493 0.6063357707148437
 0.3068543797807612 0.8472600168240549 0.6071476031845614
 0.3064339447488983 0.8478647977613472 0.6078273824342133
 0.3060376012026048 0.8484341222126709 0.6084670278586672
 0.3056281939961224 0.8490213979045584 0.6091265816837839
 0.3051016788004780 0.8497754485770608 0.6099730351016456
 0.3046765684440119 0.8503832818585447 0.6106549729871017
 0.3042746305155772 0.8509571724648834 0.6112984629583308
 0.3038543872221667 0.8515563608559185 0.6119698990174101
 0.3033349830704716 0.8522957543036536 0.6127978443127500
 0.3029155592787887 0.8528918737379136 0.6134649051406154
 0.3025140340513189 0.8534617641141110 0.6141022815447977
 0.3020899647352014 0.8540628155498400 0.6147741897418877
 0.3016035271639099 0.8547512106232554 0.6155433457648735
 0.3011905875951955 0.8553347131162609 0.6161949497748438
 0.3007932224307433 0.8558954483746448 0.6168207834346717
 0.3003782960547391 0.8564801724193287 0.6174729891444883
 0.2998121682135332 0.8572766729086027 0.6183607049245389
 0.2993907740636653 0.8578685737351464 0.6190198533459430
 0.2989941650166605 0.8584249078544783 0.6196389822088904
 0.2985827957581955 0.8590011780736307 0.6202798784620699
 0.2980304439076140 0.8597737194766424 0.6211383678178386
 0.2976050946538303 0.8603676766803410 0.6217978342396410
 0.2972066197703456 0.8609233572938725 0.6224143242085843
 0.2967968636099496 0.8614940169240131 0.6230469361139775
 0.2963037913653587 0.8621797013723850 0.6238064000916069
 0.2958708693710227 0.8627808348010328 0.6244716468649895
 0.2954657946803920 0.8633425386833655 0.6250928014142553
 0.2950547801980939 0.8639117288102566 0.6257217905712592
 0.2945890045627828 0.8645558446004841 0.6264330160083983
 0.2941398866610906 0.8651760128932010 0.6271171841445036
 0.2937245519200735 0.8657487381157584 0.6277484227494780
 0.2933077223710103 0.8663227613266132 0.6283804840212556
 0.2928424916881940 0.8669625393777110 0.6290842182386366
 0.2923839773719744 0.8675921570811715 0.6297760503025137
 0.2919624335638460 0.8681702020576534 0.6304106220708121
 0.2915401145523392 0.8687485389296145 0.6310449834871303
 0.2910640936500246 0.8693994953249731 0.6317583765166807
 0.2906081944006310 0.8700220236920676 0.6324399675879326
 0.2901877611608197 0.8705953360314812 0.6330670580703845
 0.2897663853583923 0.8711691787645766 0.6336940793300464
 0.2892937190638353 0.8718119749789250 0.6343956194338108
 0.2888380770018522 0.8724307269195430 0.6350700749231162
 0.2884206025908155 0.8729968823684426 0.6356864863462814
 0.2880061958012980 0.8735581565508087 0.6362969358727241
 0.2875573375807292 0.8741652846448177 0.6369565556134521
 0.2870833562171338 0.8748054870357648 0.6376513285432530
 0.2866625838126151 0.8753730428457026 0.6382665792996265
 0.2862536375994782 0.8759239489605886 0.6388631446003320
 0.2858260119987820 0.8764992857669467 0.6394854737323841
 0.2851861382643979 0.8773587929143022 0.6404138418771425
 0.2856128094292376 0.8767858541579799 0.6397951802207617
 0.2852035142109726 0.8773354747451683 0.6403886767814861
 0.2847892085630551 0.8778911314400671 0.6409880235932496
 0.2843808235246428 0.8784381687525216 0.6415774203520339
 0.2839567818043653 0.8790054680655828 0.6421879586947421
 0.2834323084153424 0.8797061319626807 0.6429410280831609
 0.2829872409574185 0.8802998537447375 0.6435782510243746
 0.2825716334504914 0.8808535655589840 0.6441717481225078
 0.2821498835448403 0.8814147625758411 0.6447724752314735
 0.2816748095611218 0.8820460759229362 0.6454473016462607
 0.2812088156333751 0.8826644635363078 0.6461073497712000
 0.2807812960259019 0.8832310492469891 0.6467112924088252
 0.2803553448316249 0.8837948500381110 0.6473115012707745
 0.2798923623628212 0.8844068702055174 0.6479621591902271
 0.2793974263307240 0.8850602169115991 0.6486556777369328
 0.2789557912938376 0.8856424100099319 0.6492726648170019
 0.2785210083322667 0.8862148431249537 0.6498783342867929
 0.2780500487374368 0.8868340959999891 0.6505324269702920
 0.2775507649305412 0.8874896759735220 0.6512236415650841
 0.2771044475154875 0.8880749149756137 0.6518396477612284
 0.2766637870879629 0.8886520042897516 0.6524461531005037
 0.2761793392960059 0.8892856021304844 0.6531110166293529
 0.2756917579579424 0.8899224188289704 0.6537781560147371
 0.2752494613522877 0.8904993307570792 0.6543815391563503
 0.2748107846622949 0.8910708105168896 0.6549782499258268
 0.2743289826976597 0.8916976595320051 0.6556315870853250
 0.2738430155861409 0.8923290711277438 0.6562883945195218
 0.2734047338106536 0.8928977915650764 0.6568788873703563
 0.2729737420045553 0.8934563766009502 0.6574578564835438
 0.2725133513972184 0.8940523268640834 0.6580744773139434
 0.2720010935958300 0.8947145258457546 0.6587583401824187
 0.2715590304442324 0.8952852333550687 0.6593465935032141
 0.2711337345946857 0.8958336410678273 0.6599108466197602
 0.2706924937543903 0.8964019355794567 0.6604944767534561
 0.2701193578913798 0.8971390843429986 0.6612498309221407
 0.2696624285648492 0.8977259509572858 0.6618498136855294
 0.2692366609541708 0.8982721421071809 0.6624071131310996
 0.2688038297011907 0.8988267527498244 0.6629719188349681
 0.2683139907644772 0.8994536333750727 0.6636089979762645
 0.2678406664695628 0.9000585990405557 0.6642224510938338
 0.2674074110282729 0.9006116831224992 0.6647821076801727
 0.2669787925721484 0.9011582217516485 0.6653340111140226
 0.2665234412384795 0.9017381690461173 0.6659184178475521
 0.2659688299762418 0.9024435964681955 0.6666275707466027
 0.2655129992814589 0.9030226129242970 0.6672082696780777
 0.2650778262620710 0.9035747450938992 0.6677608581724627
 0.2646263384893366 0.9041469150937044 0.6683323059171180
 0.2640571133510201 0.9048673380019490 0.6690500341379392
 0.2635825430384225 0.9054671535374409 0.6696460207026067
 0.2631364904191686 0.9060302571012325 0.6702041664446242
 0.2626776814220017 0.9066087925135524 0.6707762049990105
 0.2621190317257786 0.9073123070385457 0.6714699030048507
 0.2616332324217945 0.9079232678300733 0.6720706605663797
 0.2611757490217847 0.9084979302925075 0.6726343293195792
 0.2607026978509001 0.9090914507256023 0.6732150809045305
 0.2600510258799710 0.9099079258813568 0.6740115929940300
 0.2595595555128755 0.9105228059446122 0.6746095279073825
 0.2590925841834004 0.9111063386502716 0.6751753922295960
 0.2585879603605253 0.9117361635591043 0.6757843681148978
 0.2580623333736499 0.9123913694037902 0.6764159188186875
 0.2575918214042447 0.9129771560565985 0.6769788883125578
 0.2571268668828816 0.9135553618939656 0.6775330670163224
 0.2566139269807045 0.9141924820332681 0.6781420126441167
 0.2561045355013728 0.9148244108821638 0.6787442375388311
 0.2556425230804476 0.9153968915472587 0.6792882652873605
 0.2551854386195637 0.9159626404889751 0.6798244088038490
 0.2546894637022320 0.9165758254784601 0.6804037859304263
 0.2541708151465361 0.9172162675377448 0.6810069689107056
 0.2537103347559745 0.9177842217810275 0.6815402078127212
 0.2532619798377828 0.9183366272352996 0.6820573494678772
 0.2527910313597463 0.9189162425487042 0.6825983906496731
 0.2521915721161918 0.9196530973160881 0.6832838931009183
 0.2517197591288037 0.9202323259105051 0.6838209262901211
 0.2512747637814811 0.9207780508047623 0.6843254021389351
 0.2508167784781763 0.9213391206545150 0.6848425263843315
 0.2502637404355121 0.9220158509450698 0.6854641486947741
 0.2497826472769112 0.9226038489918329 0.6860023800224072
 0.2493361273384650 0.9231490149752396 0.6864998317997787
 0.2488880292007258 0.9236955531204334 0.6869970107488906
 0.2484003898565582 0.9242896910909010 0.6875357461910359
 0.2478789524719897 0.9249242885389781 0.6881091368037782
 0.2474184820028926 0.9254840732824482 0.6886131632972893
 0.2469717125508759 0.9260266537948635 0.6891000999650135
 0.2465072036724548 0.9265902086916682 0.6896041847183357
 0.2459224520152585 0.9272988251905944 0.6902356060366625
 0.2454357495137715 0.9278879304633069 0.6907585002589640
 0.2449809159597724 0.9284378960334839 0.6912449952944284
 0.2445189191732222 0.9289959668899460 0.6917370194657159
 0.2439998292549780 0.9296223387428446 0.6922872698029922
 0.2434867470436951 0.9302407740270869 0.6928284431449274
 0.2430174099433103 0.9308058871884323 0.6933210947563697
 0.2425515386425200 0.9313662687385859 0.6938078508054933
 0.2420506923078536 0.9319681035818106 0.6943286560288577
 0.2414827929899204 0.9326497430513981 0.6949161068282758
 0.2409919782522572 0.9332382053635698 0.6954212292411973
 0.2405137377281749 0.9338110122304081 0.6959111282036760
 0.2400037859321056 0.9344211744012767 0.6964310291539897
 0.2394133471551431 0.9351268374292968 0.6970297467148745
 0.2389080093506455 0.9357301124967893 0.6975393564739362
 0.2384141432346777 0.9363190910543528 0.6980348534903109
 0.2378751070295129 0.9369612645937998 0.6985727907991517
 0.2373166195392684 0.9376258738014679 0.6991270009818369
 0.2368108547674784 0.9382270989524348 0.6996261839360213
 0.2363032166886423 0.9388299402851097 0.7001246673696624
 0.2357030455422457 0.9395418844414437 0.7007107366161018
 0.2351699697935723 0.9401735301279027 0.7012282779843739
 0.2346697441077941 0.9407656502830961 0.7017113006549113
 0.2341508925073507 0.9413792071073073 0.7022095714969311
 0.2335125235515547 0.9421332492198424 0.7028187543860122
 0.2329972337068322 0.9427412332469008 0.7033073839447980
 0.2325047746011024 0.9433217185488665 0.7037718079766369
 0.2319805418274698 0.9439390584930895 0.7042634906427481
 0.2314077196339673 0.9446129168117078 0.7047975836992978
 0.2309100373764073 0.9451977916949335 0.7052589343962922
 0.2304277639168899 0.9457640382805336 0.7057036004578442
 0.2299185511795738 0.9463613630123472 0.7061705125665246
 0.2293185874963011 0.9470644197114184 0.7067171938707064
 0.2288205128840692 0.9476474903260229 0.7071682059633863
 0.2283452217765682 0.9482033945578685 0.7075962127130618
 0.2278521843577670 0.9487795476473440 0.7080377754525364
 0.2271702107285259 0.9495756422452112 0.7086445188141837
 0.2266631897783933 0.9501668764921274 0.7090925885690674
 0.2261909406860075 0.9507170828299678 0.7095076056437124
 0.2257057570421303 0.9512818792886155 0.7099316422068666
 0.2251177522284235 0.9519657216574617 0.7104423357056212
 0.2246093429027588 0.9525564280679476 0.7108810615869858
 0.2241372710420768 0.9531044472660103 0.7112860787136541
 0.2236628063369584 0.9536547934665768 0.7116908752657206
 0.2231432317065049 0.9542569491073269 0.7121315523134727
 0.2226014070589357 0.9548843218361540 0.7125882043877451
 0.2221182104826608 0.9554433229389107 0.7129929499492166
 0.2216476111905603 0.9559873123437773 0.7133848817291827
 0.2211566248721438 0.9565544103915143 0.7137914152018183
 0.2204995070424806 0.9573126673943534 0.7143317171482395
 0.2199899481550675 0.9579000865759614 0.7147477205421601
 0.2195141596916226 0.9584481310681520 0.7151338183599524
 0.2190278344680117 0.9590078722637295 0.7155261352658874
 0.2184668243949792 0.9596530239424937 0.7159757609840063
 0.2179415135749234 0.9602565930652127 0.7163939027265663
 0.2174565776246962 0.9608133217189468 0.7167774270864364
 0.2169729659752234 0.9613681021843167 0.7171575297313562
 0.2164518318355485 0.9619654522105388 0.7175644774383106
 0.2158678487049145 0.9626342622433750 0.7180172629172586
 0.2153620129245793 0.9632130814821952 0.7184067077693354
 0.2148720825950864 0.9637732682567967 0.7187814786719444
 0.2143593610726913 0.9643590625158870 0.7191711144097669
 0.2136638295502391 0.9651529880984825 0.7196954308705993
 0.2131315874991027 0.9657599596074044 0.7200933172817089
 0.2126287689053571 0.9663329306958085 0.7204665345273430
 0.2121031207445486 0.9669314571900319 0.7208539273104514
 0.2113949142634367 0.9677371169794489 0.7213714312303852
 0.2108510193559007 0.9683552867798986 0.7217654582213970
 0.2103324564229963 0.9689442097270233 0.7221383939599193
 0.2097805127477589 0.9695705581435478 0.7225323911235033
 0.2091405318968841 0.9702961916937551 0.7229853904518677
 0.2085927893551655 0.9709167182798384 0.7233697835152459
 0.2080554596258955 0.9715249832972220 0.7237438768791277
 0.2074631010213379 0.9721950128257200 0.7241528594636607
 0.2068603352508790 0.9728762500125774 0.7245653892286413
 0.2063068633693050 0.9735012795394135 0.7249410007852042
 0.2057423677691912 0.9741382729795249 0.7253209890174601
 0.2049850637761703 0.9749920754372580 0.7258258409511636
 0.2043984251417173 0.9756528720420623 0.7262130023280300
 0.2038313203275370 0.9762911780204654 0.7265839826539446
 0.2031636753019609 0.9770420392761059 0.7270165732243201
 0.2025732341463798 0.9777055316733672 0.7273954192252501
 0.2020157668448638 0.9783315082759169 0.7277499493485365
 0.2014234283636778 0.9789961542510662 0.7281233425680654
 0.2007946995037340 0.9797010890117139 0.7285159676485201
 0.2002380051549411 0.9803247954240494 0.7288604142823699
 0.1996872151964416 0.9809414631306222 0.7291982282344973
 0.1990604657908848 0.9816426681290459 0.7295789941736353
 0.1984784901332203 0.9822933017987339 0.7299290854395446
 0.1979405877828416 0.9828942570055570 0.7302497081015507
 0.1973963998062100 0.9835018419718692 0.7305712213945235
 0.1967465668581743 0.9842268672125042 0.7309514351106894
 0.1961804066434277 0.9848580881764724 0.7312794207284992
 0.1956529659755216 0.9854457671342265 0.7315822355303792
 0.1951153226412650 0.9860444472967608 0.7318881752070646
 0.1944628602203589 0.9867704894514614 0.7322557259479289
 0.1939037128783448 0.9873922683691694 0.7325674546875546
 0.1933825665426685 0.9879714404131303 0.7328553045731994
 0.1928521484562059 0.9885605739294584 0.7331456296884856
 0.1922261941338649 0.9892553791498528 0.7334848453914710
 0.1916680552617932 0.9898745120932632 0.7337842264802755
 0.1911500437498995 0.9904488006756199 0.7340594879489395
 0.1906276350214313 0.9910276438587448 0.7343345517838734
 0.1900395975672003 0.9916788245535040 0.7346411195950724
 0.1894713662152701 0.9923076931732828 0.7349342902800162
 0.1889515153678750 0.9928826955271972 0.7351998643001358
 0.1884356610298671 0.9934529754550040 0.7354609232055372
 0.1878788062585540 0.9940682474811541 0.7357399873417946
 0.1872765286172310 0.9947333212133231 0.7360386320204184
 0.1867480508905222 0.9953165732724459 0.7362979724655480
 0.1862348227622640 0.9958827056890492 0.7365474123044898
 0.1856957641202928 0.9964770272805570 0.7368068465819944
 0.1849820480813228 0.9972634381027145 0.7371463149574726
 0.1844367965362402 0.9978638663714395 0.7374025805054266
 0.1839211843938810 0.9984313729556314 0.7376424801139554
 0.1833836590344415 0.9990227085616786 0.7378900698928909
 0.1825645013049547 0.9999233084343206 0.7382624957792623
 0.1831106437578602 0.9993229424446519 0.7380148488265637
 0.1825957778290914 0.9998889346826212 0.7382483839743191
 0.1820749387828578  1.000461224407785 0.7384822716125269
 0.1815593328063980  1.001027500660321 0.7387114856883349
 0.1810180123425905  1.001621739405558 0.7389496579080675
 0.1802466082835319  1.002468066467701 0.7392847217875513
 0.1796912736021926  1.003076987958374 0.7395228055166627
 0.1791680607036018  1.003650423148386 0.7397447422130269
 0.1786184216051250  1.004252547388083 0.7399754206976670
 0.1779147354211059  1.005023024278854 0.7402670773375400
 0.1773609076645686  1.005629103510399 0.7404937316832902
 0.1768335974749827  1.006205908434207 0.7407071778400792
 0.1762809579550132  1.006810156373431 0.7409284243646284
 0.1755339772862969  1.007626470525076 0.7412235164961973
 0.1749704747382874  1.008241958500973 0.7414431399490710
 0.1744356253021506  1.008825900410348 0.7416492356521065
 0.1738717882411048  1.009441230589401 0.7418640219195884
 0.1731754985412935  1.010200746250450 0.7421257644838916
 0.1726104129557386  1.010816852507179 0.7423353571594253
 0.1720681439887643  1.011407839808203 0.7425341236847706
 0.1714949961248866  1.012032225478142 0.7427417199193717
 0.1707991227076019  1.012789960819399 0.7429903726458658
 0.1702260180637259  1.013413731390990 0.7431923876513041
 0.1696731530036837  1.014015234885245 0.7433849061637823
 0.1690842892682973  1.014655650092596 0.7435874037256665
 0.1684069916942755  1.015391921531934 0.7438170391001505
 0.1678270124376064  1.016022133147344 0.7440108979588644
 0.1672610513543155  1.016636877673218 0.7441976209780701
 0.1666493748042214  1.017301020920827 0.7443967557911532
 0.1659895315259065  1.018017167034645 0.7446085413782846
 0.1654020454572948  1.018654527526120 0.7447945262577997
 0.1648192952414718  1.019286516663342 0.7449766618645163
 0.1641709023938071  1.019989425292659 0.7451765925999836
 0.1635235701398767  1.020690904931121 0.7453733481748367
 0.1629268908931775  1.021337251044409 0.7455521921822945
 0.1623205942800509  1.021993779154960 0.7457314587179552
 0.1615808541026675  1.022794489366297 0.7459468551349688
 0.1609385674558835  1.023489435403878 0.7461309446338728
 0.1603250275499302  1.024153039898400 0.7463042725128112
 0.1596653999352838  1.024866237404472 0.7464878762702353
 0.1589548805967421  1.025634168254562 0.7466824560842528
 0.1583149265457360  1.026325577503680 0.7468548749285601
 0.1576620859791310  1.027030664979472 0.7470280089390083
 0.1567973507142025  1.027964231851136 0.7472531116805780
 0.1561182910154441  1.028697050910709 0.7474265680708074
 0.1554386550350015  1.029430238749417 0.7475973008693677
 0.1546315089812414  1.030300660779665 0.7477963648007409
 0.1539446995763825  1.031041041266670 0.7479625973162862
 0.1532408788128741  1.031799506210065 0.7481299584005843
 0.1524729647883865  1.032626752963447 0.7483091594900504
 0.1517907205239603  1.033361463581744 0.7484654566581330
 0.1510780306212927  1.034128717462704 0.7486258698486439
 0.1503377972780228  1.034925364659042 0.7487894414062711
 0.1496682202221163  1.035645747709167 0.7489347545779469
 0.1489727294336847  1.036393790497967 0.7490830464508936
 0.1482247300747083  1.037198063580253 0.7492395548869542
 0.1475644478131939  1.037907812569090 0.7493751880221482
 0.1468978833155537  1.038624120359957 0.7495097672072984
 0.1460556743670358  1.039528906730106 0.7496765181324786
 0.1453915813835851  1.040242131547245 0.7498054559928964
 0.1447442980418829  1.040937127169250 0.7499289888647419
 0.1439497728491780  1.041789985077352 0.7500777525470987
 0.1432854065219220  1.042502934645747 0.7501997427036119
 0.1426549463040714  1.043179338788590 0.7503135151041701
 0.1419727051862017  1.043911125032893 0.7504344856236839
 0.1412810762684805  1.044652801350991 0.7505548803081254
 0.1406534773770809  1.045325660762289 0.7506621978229249
 0.1400204679309359  1.046004175547258 0.7507685894129743
 0.1392153787861518  1.046866933467181 0.7509012294315718
 0.1385632023159802  1.047565659002488 0.7510065010156329
 0.1379441658536283  1.048228743970150 0.7511046483642914
 0.1372766530808059  1.048943609812612 0.7512085802764925
 0.1365863136025404  1.049682766519525 0.7513140317832239
 0.1359645732209156  1.050348340642691 0.7514072646222200
 0.1353423885770120  1.051014266922155 0.7514989360435417
 0.1346082858672365  1.051799823669752 0.7516050292233045
 0.1339557471786538  1.052497960601446 0.7516974820290704
 0.1333423987173879  1.053154051864571 0.7517828198281052
 0.1327028998799974  1.053837997433485 0.7518702135568764
 0.1319312651938054  1.054663104774608 0.7519735553936822
 0.1312966521402791  1.055341568340641 0.7520568456762278
 0.1306796234418122  1.056001124881561 0.7521363746272355
 0.1299925996778598  1.056735378291798 0.7522232568614465
 0.1293237248247379  1.057450113511688 0.7523061761917283
 0.1287067400040817  1.058109296600114 0.7523812285228566
 0.1280794415901300  1.058779397943874 0.7524561546938749
 0.1272799657773710  1.059633280719205 0.7525496845888092
 0.1266295398278886  1.060327853400478 0.7526242071556914
 0.1260117425315369  1.060987487595029 0.7526937316308930
 0.1253488860601215  1.061695131055049 0.7527670094832905
 0.1246453721413174  1.062446066436278 0.7528433478133576
 0.1240172502025687  1.063116431686495 0.7529103092565673
 0.1233912223335234  1.063784473248004 0.7529759715822764
 0.1226664783410714  1.064557747087612 0.7530507005473245
 0.1220022710679945  1.065266329746519 0.7531180184256303
 0.1213795045336923  1.065930616869596 0.7531801512712675
 0.1207330667400711  1.066620066627349 0.7532436609257510
 0.1199141720616298  1.067493323182626 0.7533227021994482
 0.1192633117061268  1.068187292726947 0.7533844178202166
 0.1186313387192471  1.068861042417498 0.7534434169427292
 0.1179173146054414  1.069622172196124 0.7535089890992286
 0.1172393350550512  1.070344787689081 0.7535701908847167
 0.1166077105446506  1.071017917175148 0.7536262835920079
 0.1159567279179564  1.071711598290017 0.7536831663486756
 0.1150429438012578  1.072685186264504 0.7537614300679537
 0.1143759409746206  1.073395746534079 0.7538173966869020
 0.1137301590525754  1.074083624826071 0.7538706533390399
 0.1129696470105592  1.074893618882437 0.7539322021176632
 0.1122907091237190  1.075616647638568 0.7539860826094549
 0.1116485944161145  1.076300390699843 0.7540361180181677
 0.1109695201257022  1.077023415542169 0.7540880619964295
 0.1102127450740591  1.077829082284436 0.7541447801099120
 0.1095516964285011  1.078532764003052 0.7541933208441781
 0.1088935058994383  1.079233335926320 0.7542407258501692
 0.1081078666412707  1.080069476934400 0.7542961025350829
 0.1074155778681215  1.080806190726756 0.7543438116320174
 0.1067571590922362  1.081506796371611 0.7543882444271841
 0.1060499583659017  1.082259240842766 0.7544349523273647
 0.1053038531263816  1.083053003322301 0.7544830966930424
 0.1046305038549255  1.083769297570483 0.7545255540450542
 0.1039470458208298  1.084496283678552 0.7545676894524177
 0.1029410947264319  1.085566191814674 0.7546279506132102
 0.1036117359669262  1.084852926472381 0.7545880083522970
 0.1029539828194921  1.085552485126060 0.7546271917695824
 0.1022799617807510  1.086269289307703 0.7546664188388230
 0.1015903672240072  1.087002597924549 0.7547055876274886
 0.1007046244196638  1.087944405622524 0.7547544781649845
 0.9998360604745114E-01  1.088710995168532 0.7547931076639333
 0.9928471985523216E-01  1.089453997813283 0.7548295552898370
 0.9846724278532717E-01  1.090323009436821 0.7548709446913916
 0.9772758363972742E-01  1.091109236255862 0.7549072400597071
 0.9701930257615779E-01  1.091862056676846 0.7549409717205087
 0.9623643548925183E-01  1.092694095104487 0.7549770986108254
 0.9546408349668531E-01  1.093514899948565 0.7550115607540101
 0.9473940026440401E-01  1.094284994870262 0.7550428384357537
 0.9396447297143347E-01  1.095108429871252 0.7550751563428298
 0.9314744886348901E-01  1.095976540132895 0.7551079706966860
 0.9239957097460159E-01  1.096771131552959 0.7551368823427019
 0.9161161431957845E-01  1.097608256270825 0.7551661955249601
 0.9075656538931248E-01  1.098516605321859 0.7551967006885604
 0.8998098898842040E-01  1.099340480825501 0.7552232280657363
 0.8915745003320490E-01  1.100215258817989 0.7552502431802888
 0.8828785286181337E-01  1.101138910422147 0.7552775287969158
 0.8748023083825714E-01  1.101996690224698 0.7553017839734094
 0.8658426806586836E-01  1.102948249518757 0.7553275449251378
 0.8571159292807129E-01  1.103875029935852 0.7553515571714978
 0.8485812201224296E-01  1.104781373242210 0.7553740822303923
 0.8372111518346875E-01  1.105988755467410 0.7554027119363657
 0.8281851439577195E-01  1.106947174821169 0.7554243786970545
 0.8175712451830135E-01  1.108074151089146 0.7554487191833256
 0.8082770773941594E-01  1.109060955126638 0.7554690681341916
 0.7979977326571813E-01  1.110152314098922 0.7554905629019646
 0.7885096219325538E-01  1.111159626928321 0.7555094833879088
 0.7784375740560670E-01  1.112228893124302 0.7555286233999872
 0.7688980272407422E-01  1.113241591175279 0.7555458780126139
 0.7592818775774651E-01  1.114262386644494 0.7555624376780925
 0.7495781670286111E-01  1.115292443596852 0.7555783235806469
 0.7403916772069717E-01  1.116267567673286 0.7555926171841185
 0.7293509522238377E-01  1.117439478500718 0.7556088606691632
 0.7202381398520072E-01  1.118406724300565 0.7556215222446290
 0.7098209825895259E-01  1.119512385765219 0.7556351970044869
 0.7007286367406367E-01  1.120477409668508 0.7556464461120842
 0.6915492919204706E-01  1.121451645859826 0.7556571394471033
 0.6819073357804983E-01  1.122474958911109 0.7556675959075408
 0.6730295764937101E-01  1.123417148585665 0.7556764149944468
 0.6624993489600883E-01  1.124534693097248 0.7556856525134412
 0.6533040196064124E-01  1.125510552871995 0.7556924050440395
 0.6438400434671936E-01  1.126514910597653 0.7556978915942324
 0.6337765465246005E-01  1.127582881693016 0.7557020545701066
 0.6241383168457748E-01  1.128605715243841 0.7557045913765119
 0.6124726564862984E-01  1.129843699735384 0.7557062334622724
 0.6019655173986437E-01  1.130958737083043 0.7557068783305895
 0.5896943278785648E-01  1.132260977636001 0.7557071477074366
 0.5777168744414204E-01  1.133532046007958 0.7557072172658145
 0.5642760324499792E-01  1.134958411635669 0.7557072327569181
 0.5494710894258116E-01  1.136529538025817 0.7557072348703964
 0.5327585537887383E-01  1.138303101470248 0.7557072350347744
 0.5118527421611072E-01  1.140521662679666 0.7557072350403279
 0.4877429205102644E-01  1.143080239023566 0.7557072350402257
 0.4534005740154347E-01  1.146724708759104 0.7557072350402203
 0.3850461548432983E-01  1.153978598996354 0.7557072350402203
 0.1116284781547525E-01  1.182994159945354 0.7557072350402203
-0.9820422285994304E-01  1.299056403741354 0.7557072350402203
-0.1570338445704526  1.361487424845097 0.7557072350402203
