RUNGE KUTTA: X Z PHI
 0.4997929376551910 0.3954563345282715E-01 0.5235987755982988E-02
 0.4986522237696294 0.1977247354497241 0.1325776102283554E-01
 0.4995168545287790 0.9227314472326337E-01 0.5235987756299002E-02
 0.4997009099463870 0.5712147054297255E-01 0.5235987755982988E-02
 0.4993327690731307 0.1274248187462374 0.5273454062390557E-02
 0.4995782063346483 0.8055591999649975E-01 0.5235987755982988E-02
 0.4992933214729934 0.1348105939048811 0.5358403233912935E-02
 0.4994835131917897 0.9864081271603387E-01 0.5235988630008743E-02
 0.4995466419539134 0.8658421756967892E-01 0.5235987755984860E-02
 0.4995051954625674 0.9449984199164944E-01 0.5235987787224902E-02
 0.4995328264568084 0.8922275904366915E-01 0.5235987756068188E-02
 0.4995044598201311 0.9464033806263861E-01 0.5235987792867839E-02
 0.4994816494350936 0.9899676058267122E-01 0.5235988989896424E-02
 0.4994625134693966 0.1026514240118142 0.5235999666425941E-02
 0.4994443919996575 0.1061123159757879 0.5236057362620471E-02
 0.4994268033852322 0.1094713624695907 0.5236275922023231E-02
 0.4994092129252069 0.1128304980247035 0.5236950722806326E-02
 0.4993956697145551 0.1154162954933065 0.5238172509726214E-02
 0.4993840770673927 0.1176290093374278 0.5240127630898825E-02
 0.4993735348388250 0.1196402969909078 0.5243064085018444E-02
 0.4993628558362433 0.1216762311173299 0.5247684935702996E-02
 0.4993525972833254 0.1236299336075697 0.5254279013367857E-02
 0.4993438113834401 0.1253008751403435 0.5262109910094385E-02
 0.4993353440933020 0.1269085174251407 0.5272017997723996E-02
 0.4993263420628523 0.1286139099067644 0.5285589917934005E-02
 0.4993185715744859 0.1300820599615823 0.5300210844243237E-02
 0.4993101989017293 0.1316589762941595 0.5319365166317555E-02
 0.4993026777450245 0.1330702345448011 0.5339890179413574E-02
 0.4992952817979858 0.1344522930498945 0.5363389727206567E-02
 0.4992878716431837 0.1358305022504329 0.5390439621668843E-02
 0.4992808105594164 0.1371369483980128 0.5419663405515317E-02
 0.4992734740548159 0.1384864548322869 0.5453793095057742E-02
 0.4992665915814602 0.1397443611424292 0.5489490492322840E-02
 0.4992593859893615 0.1410521214145397 0.5530905171396672E-02
 0.4992525778747635 0.1422783247653590 0.5574103623886844E-02
 0.4992455224172945 0.1435385921463065 0.5623425387539075E-02
 0.4992387300619760 0.1447409499351777 0.5675771156759821E-02
 0.4992318638798747 0.1459445934216479 0.5734189032685233E-02
 0.4992250605413260 0.1471245543632584 0.5798403196897240E-02
 0.4992185463762938 0.1482415232460975 0.5866828865274296E-02
 0.4992107624183832 0.1495581856600090 0.5959096454699434E-02
 0.4992042694305459 0.1506400352877341 0.6046066323980233E-02
 0.4991973810888501 0.1517699032729941 0.6149140467619602E-02
 0.4991903501022786 0.1529027527672054 0.6265881518727825E-02
 0.4991836764066478 0.1539578191495846 0.6386577615865432E-02
 0.4991762837417404 0.1551026971137542 0.6529507684951567E-02
 0.4991685899369565 0.1562672091850290 0.6685715227851831E-02
 0.4991611010359503 0.1573744531641125 0.6842340196504429E-02
 0.4991523579546928 0.1586352121187505 0.7028164773468611E-02
 0.4991434569328062 0.1598848240380194 0.7218582371637686E-02
 0.4991338763061881 0.1611935181843604 0.7423547214874317E-02
 0.4991237483909628 0.1625383071610997 0.7639509475175552E-02
 0.4991131549051426 0.1639049191290915 0.7864366613109774E-02
 0.4991026942391115 0.1652166698892031 0.8085292242962415E-02
 0.4990918018228721 0.1665451022513809 0.8314091586954996E-02
 0.4990809747466389 0.1678299145245509 0.8540260313912236E-02
 0.4990697256880922 0.1691293439718787 0.8773996741774068E-02
 0.4990584173526533 0.1704012736008987 0.9007741376450103E-02
 0.4990467609122274 0.1716783539483781 0.9247416659956632E-02
 0.4990349353974795 0.1729406547851703 0.9489319446454763E-02
 0.4990228413247281 0.1741988440453027 0.9735509779866196E-02
 0.4990104811758332 0.1754523336194247 0.9985884079729656E-02
 0.4989979470624648 0.1766918486404325 0.1023848038468799E-01
 0.4989850345666528 0.1779372838424680 0.1049734641102614E-01
 0.4989720300006362 0.1791610105177381 0.1075672599410345E-01
 0.4989585415237799 0.1803995600897210 0.1102435240074345E-01
 0.4989450103250904 0.1816122607061368 0.1129134849263618E-01
 0.4989309175340692 0.1828452607856968 0.1156786150398021E-01
 0.4989167909008482 0.1840520669851895 0.1184350066144679E-01
 0.4989022449306026 0.1852657712484815 0.1212573527416536E-01
 0.4988874429663723 0.1864722532848528 0.1241125330291306E-01
 0.4988724333688929 0.1876677222329654 0.1269905407334596E-01
 0.4988570842436811 0.1888626121071307 0.1299163585297395E-01
 0.4988418434777439 0.1900228056765853 0.1328041148018266E-01
 0.4988259324108060 0.1912074960262985 0.1357985791860308E-01
 0.4988109370660208 0.1923004157162753 0.1385987983290104E-01
 0.4987936466004757 0.1935336550245947 0.1417961368450743E-01
 0.4987780121909638 0.1946251976401724 0.1446521372574320E-01
 0.4987619289693553 0.1957259601352776 0.1475488852818324E-01
 0.4987420320632959 0.1970584681074802 0.1510696335356170E-01
 0.4987234108779376 0.1982779438522307 0.1543062408798690E-01
 0.4987053895891178 0.1994341724071519 0.1573992185706360E-01
 0.4986884750193084 0.2004989765085328 0.1602842900091191E-01
 0.4986708465301263 0.2015885258556476 0.1632902570488579E-01
 0.4986525771897098 0.2026966774889602 0.1664194210814970E-01
 0.4986360077070010 0.2036837899632808 0.1692766019088795E-01
 0.4986186387870746 0.2047007375504847 0.1722914279446393E-01
 0.4985992039729177 0.2058176942993499 0.1756826817001770E-01
 0.4985815512191993 0.2068136706998905 0.1787711760939418E-01
 0.4985623021807468 0.2078802770938031 0.1821394938992380E-01
 0.4985423103952948 0.2089673693466444 0.1856314761734081E-01
 0.4985224157318192 0.2100290921410887 0.1890950108892607E-01
 0.4984996074213992 0.2112226859425569 0.1930473242230094E-01
 0.4984785490923204 0.2123032501041609 0.1966768940581327E-01
 0.4984546356379900 0.2135064582972156 0.2007757559561579E-01
 0.4984332497248336 0.2145619149501672 0.2044213411474568E-01
 0.4984090870726268 0.2157320530559995 0.2085175092409453E-01
 0.4983872155234716 0.2167716335477257 0.2122043395407272E-01
 0.4983626395518073 0.2179184768797909 0.2163239273299957E-01
 0.4983397882166899 0.2189654572177691 0.2201334526077208E-01
 0.4983162810027392 0.2200237918604217 0.2240316870498554E-01
 0.4982917805329899 0.2211074695265160 0.2280721128600256E-01
 0.4982683491502077 0.2221260909440548 0.2319146550706829E-01
 0.4982411747352600 0.2232865572148248 0.2363454000142818E-01
 0.4982170087966456 0.2243004593876855 0.2402633695376539E-01
 0.4981894637268761 0.2254362137580141 0.2447038882496225E-01
 0.4981642740199927 0.2264569952295535 0.2487408775438266E-01
 0.4981383449861935 0.2274906184887165 0.2528728596928489E-01
 0.4981112778296198 0.2285517899553876 0.2571617937765850E-01
 0.4980855384780311 0.2295446501711666 0.2612180108034014E-01
 0.4980554801042438 0.2306848261570803 0.2659274724699670E-01
 0.4980288836755755 0.2316770102237503 0.2700698388887014E-01
 0.4979997754684298 0.2327456445418356 0.2745774487333843E-01
 0.4979718974402494 0.2337528318899423 0.2788702422265129E-01
 0.4979441384895477 0.2347404610227474 0.2831218275717822E-01
 0.4979123846750090 0.2358522390798748 0.2879573749046025E-01
 0.4978841653485961 0.2368247436881577 0.2922297220259421E-01
 0.4978512590836709 0.2379410154013599 0.2971828797382851E-01
 0.4978218796721070 0.2389220703330985 0.3015801901926065E-01
 0.4977917200315622 0.2399144401660531 0.3060704881851351E-01
 0.4977598789217484 0.2409464939296368 0.3107849912876868E-01
 0.4977300271813482 0.2418999743524844 0.3151806156605808E-01
 0.4976947012006671 0.2430113110028971 0.3203528190841587E-01
 0.4976636128422825 0.2439746200528932 0.3248792593515444E-01
 0.4976312481146202 0.2449633498390447 0.3295669267845630E-01
 0.4975978812004492 0.2459681093200065 0.3343733212947184E-01
 0.4975662258961732 0.2469080914770127 0.3389083018733171E-01
 0.4975284832987726 0.2480125642119316 0.3442845191939175E-01
 0.4974955503535543 0.2489623177026031 0.3489492807800682E-01
 0.4974612793991122 0.2499372955493439 0.3537780210163131E-01
 0.4974258790777976 0.2509305550120629 0.3587383701033445E-01
 0.4973924249968767 0.2518566878677089 0.3634002223726167E-01
 0.4973523029138834 0.2529519046043094 0.3689589967922444E-01
 0.4973173723572283 0.2538920791328618 0.3737709412891174E-01
 0.4972815362023120 0.2548441536692791 0.3786815884284379E-01
 0.4972434176873246 0.2558434325235347 0.3838759381570998E-01
 0.4972080870535453 0.2567576464166407 0.3886635544818764E-01
 0.4971670463534742 0.2578056063783565 0.3941932173303873E-01
 0.4971299691317257 0.2587398187885138 0.3991606717008114E-01
 0.4970928475218567 0.2596635923046181 0.4041080117111296E-01
 0.4970500508752743 0.2607146814010074 0.4097793734747591E-01
 0.4970125385011612 0.2616241128279431 0.4147218990530078E-01
 0.4969713719568901 0.2626097643820339 0.4201157192466026E-01
 0.4969318132853159 0.2635450859188355 0.4252702411044600E-01
 0.4968932872217985 0.2644451738529220 0.4302641134310136E-01
 0.4968462446207875 0.2655301968543200 0.4363272645358550E-01
 0.4968063526772983 0.2664385611900204 0.4414388094751179E-01
 0.4967648394433115 0.2673727583813168 0.4467292656582396E-01
 0.4967218042133004 0.2683296148609986 0.4521837595174582E-01
 0.4966815050989565 0.2692152408275256 0.4572648720643690E-01
 0.4966350132040233 0.2702248327036951 0.4630953550783302E-01
 0.4965926071914691 0.2711346883903776 0.4683839881623064E-01
 0.4965506598179312 0.2720246634677106 0.4735879650556768E-01
 0.4964989742418054 0.2731079151397565 0.4799637146100999E-01
 0.4964559546890623 0.2739986355696095 0.4852411267154880E-01
 0.4964104438258818 0.2749304648738790 0.4907958572605933E-01
 0.4963646124705536 0.2758582692008430 0.4963602982208816E-01
 0.4963211705989675 0.2767281574697339 0.5016074154550473E-01
 0.4962703605452843 0.2777341275135567 0.5077117114565725E-01
 0.4962246748155211 0.2786283783333361 0.5131714551932112E-01
 0.4961794587808273 0.2795041221311199 0.5185490347597197E-01
 0.4961233422704912 0.2805784539427895 0.5251873284754457E-01
 0.4960769761012612 0.2814559307670358 0.5306423371839780E-01
 0.4960283095538411 0.2823672980644222 0.5363393548917605E-01
 0.4959786062310944 0.2832881487163028 0.5421285635073018E-01
 0.4959319488579894 0.2841436662224493 0.5475371355479321E-01
 0.4958791335481295 0.2851019626835751 0.5536297361183993E-01
 0.4958297336167141 0.2859887962752362 0.5592994925067118E-01
 0.4957816690918707 0.2868430722856813 0.5647891375632073E-01
 0.4957215554210146 0.2878998996570515 0.5716185251796153E-01
 0.4956714990275657 0.2887703285923207 0.5772755538685630E-01
 0.4956209018167871 0.2896415369936448 0.5829668930816914E-01
 0.4955642194134717 0.2906074815102693 0.5893106839712560E-01
 0.4955139253267239 0.2914558950093325 0.5949109657590777E-01
 0.4954603728947789 0.2923505395955626 0.6008448950770932E-01
 0.4954058037714867 0.2932531266217308 0.6068615595511869E-01
 0.4953546681028486 0.2940908371746884 0.6124732363556508E-01
 0.4952976375728426 0.2950161109851374 0.6187021729194250E-01
 0.4952431339217897 0.2958917226210587 0.6246258070636432E-01
 0.4951907059506150 0.2967261855897400 0.6302967869852981E-01
 0.4951282560505051 0.2977104175623754 0.6370179082007509E-01
 0.4950732123505343 0.2985693506520239 0.6429125193345239E-01
 0.4950190035899981 0.2994075883115386 0.6486915786317871E-01
 0.4949504245749872 0.3004573975497151 0.6559656072302963E-01
 0.4948945287162670 0.3013044742654232 0.6618635041470181E-01
 0.4948375120518216 0.3021607904147525 0.6678512380677559E-01
 0.4947751484388848 0.3030886592452351 0.6743685379461335E-01
 0.4947191107446503 0.3039147860072277 0.6801972623564363E-01
 0.4946596389962519 0.3047838248671007 0.6863552613947724E-01
 0.4945981686965339 0.3056739052609665 0.6926898816326382E-01
 0.4945411709431667 0.3064919744196894 0.6985358634664532E-01
 0.4944792162102657 0.3073734533442154 0.7048603139751099E-01
 0.4944175246800964 0.3082433561939099 0.7111278573519078E-01
 0.4943593638745860 0.3090564719390433 0.7170101410711811E-01
 0.4942947675177080 0.3099517688481998 0.7235135037398811E-01
 0.4942324712514145 0.3108075878721614 0.7297553942297683E-01
 0.4941730444789998 0.3116171825743385 0.7356822403518053E-01
 0.4941054501641767 0.3125301467246634 0.7423914630344054E-01
 0.4940423645085276 0.3133747917198537 0.7486232806475887E-01
 0.4939815697058216 0.3141821279341680 0.7546023843646034E-01
 0.4939101331350162 0.3151226371034951 0.7615953677746828E-01
 0.4938461308296261 0.3159579525922922 0.7678304194444315E-01
 0.4937838043654947 0.3167648915841449 0.7738747837523774E-01
 0.4937055967974908 0.3177685602403162 0.7814218651802968E-01
 0.4936404847309747 0.3185967894105998 0.7876746741425010E-01
 0.4935761332429956 0.3194088961791280 0.7938280245061743E-01
 0.4934940834531587 0.3204352554538901 0.8016358375445475E-01
 0.4934281017010381 0.3212533802891996 0.8078835972873000E-01
 0.4933611573568263 0.3220769861014955 0.8141943327262552E-01
 0.4932860318269213 0.3229936607310759 0.8212433580870880E-01
 0.4932198661223480 0.3237945004084743 0.8274237758212485E-01
 0.4931511791498446 0.3246195375606024 0.8338125488762976E-01
 0.4930760563204293 0.3255146557282315 0.8407680773812488E-01
 0.4930088107630635 0.3263096387499072 0.8469656252815566E-01
 0.4929385867926087 0.3271336316814684 0.8534088105973531E-01
 0.4928624824681362 0.3280196109587466 0.8603589981098697E-01
 0.4927940058070201 0.3288106792569222 0.8665845904974276E-01
 0.4927223852191954 0.3296319926480635 0.8730681969310385E-01
 0.4926448425743837 0.3305143501197108 0.8800558107753312E-01
 0.4925750575439221 0.3313024471454679 0.8863156109788281E-01
 0.4925021381809155 0.3321199984030849 0.8928276529619840E-01
 0.4924228952567327 0.3330016938379187 0.8998718547548003E-01
 0.4923517571636858 0.3337873326642459 0.9061677423216674E-01
 0.4922776121404038 0.3346003717964038 0.9127023720746341E-01
 0.4921964109608327 0.3354841118418709 0.9198268614998703E-01
 0.4921238802461372 0.3362676998191860 0.9261621004484584E-01
 0.4920485657199278 0.3370756904589106 0.9327121616808703E-01
 0.4919651734232524 0.3379637248173074 0.9399319506703223E-01
 0.4918912115458458 0.3387456252380096 0.9463074589714907E-01
 0.4918147533807830 0.3395483757555702 0.9528712627255188E-01
 0.4917289220156714 0.3404429505820785 0.9602071561502735E-01
 0.4916534859378838 0.3412235334826065 0.9666258168992313E-01
 0.4915758774405386 0.3420211828270350 0.9732012682851376E-01
 0.4914874191855093 0.3429237722918314 0.9806620640839132E-01
 0.4914104743939409 0.3437032927581934 0.9871233658150060E-01
 0.4913316829294539 0.3444962283223100 0.9937129362463709E-01
 0.4912404451317416 0.3454078485773461 0.1001309511181689
 0.4911619637196584 0.3461864698273066 0.1007814507531545
 0.4910819386887053 0.3469752235911301 0.1014419368784188
 0.4909879304147259 0.3478952375535045 0.1022142905971472
 0.4909079090643139 0.3486728811767315 0.1028688145086388
 0.4908266008706284 0.3494579532792760 0.1035311823939263
 0.4907298661741890 0.3503854279237560 0.1043157034136683
 0.4906483098310452 0.3511619445733467 0.1049741277463149
 0.4905656859754287 0.3519436484473822 0.1056383717954675
 0.4904663113465835 0.3528773130662788 0.1064336340242830
 0.4903832316135361 0.3536525131815348 0.1070955413251312
 0.4902992696003815 0.3544310656228432 0.1077618152144894
 0.4901972444730278 0.3553706233000950 0.1085678324610399
 0.4901126401490309 0.3561444460203979 0.1092331997472467
 0.4900273307569109 0.3569199314844939 0.1099013344454465
 0.4899226608939437 0.3578649567873368 0.1107173682530369
 0.4898365317935831 0.3586373438616879 0.1113858718542973
 0.4897498587567636 0.3594099138376839 0.1120559441879173
 0.4896424732963118 0.3603606848029924 0.1128824532164796
 0.4895548083850551 0.3611316741893289 0.1135541116450388
 0.4894667526269252 0.3619014937303540 0.1142259777715537
 0.4893567967523635 0.3628564004095184 0.1150610950392722
 0.4892676064067456 0.3636258587392855 0.1157354588445667
 0.4891781594225091 0.3643930100816645 0.1164090942116508
 0.4890661502688337 0.3653473899045097 0.1172488819257462
 0.4889754659407476 0.3661150414177580 0.1179256829839095
 0.4888846819316494 0.3668791045307923 0.1186004377271387
 0.4887703593024140 0.3678350716523253 0.1194462502812498
 0.4886781297416872 0.3686013395460070 0.1201255480420254
 0.4885860260909620 0.3693622160404986 0.1208012608736833
 0.4884691422039340 0.3703216542193339 0.1216549593112076
 0.4883753207581504 0.3710868889639050 0.1223370954347526
 0.4882818950863992 0.3718446337525962 0.1230135874075456
 0.4881623456290505 0.3728081580538425 0.1238752946028653
 0.4880669119786668 0.3735724804205589 0.1245601038942543
 0.4879721478902581 0.3743272585523929 0.1252374836364999
 0.4878498205322336 0.3752955098590698 0.1261080376038028
 0.4877527584742515 0.3760589958816697 0.1267956715399953
 0.4876566475620329 0.3768108956095000 0.1274738416148454
 0.4875315020361304 0.3777839164333442 0.1283528980115962
 0.4874328047647689 0.3785465686961026 0.1290431022185917
 0.4873353261412539 0.3792957738741602 0.1297221985897002
 0.4872072601465552 0.3802740760536399 0.1306104970817991
 0.4871069095032156 0.3810359781066378 0.1313034353124236
 0.4870080396344807 0.3817826778118867 0.1319834554328301
 0.4868771235333861 0.3827654488153739 0.1328798481638307
 0.4867751244234579 0.3835265152095448 0.1335751594951343
 0.4866748424334804 0.3842708780967194 0.1342562049170767
 0.4865410253927787 0.3852582443144219 0.1351610606667895
 0.4864373709449261 0.3860184782168650 0.1358588327441716
 0.4863356593695670 0.3867606370166680 0.1365408580309071
 0.4861990004790870 0.3877519214621930 0.1374531352133974
 0.4860936980587182 0.3885112302402887 0.1381530004664432
 0.4859905446282531 0.3892512820159935 0.1388360512480517
 0.4858509832888617 0.3902466982706586 0.1397562184842712
 0.4857440271628310 0.3910050844586974 0.1404582906401088
 0.4856394253436310 0.3917430781004009 0.1411422765192635
 0.4854974085405868 0.3927392778155266 0.1420668236464691
 0.4853888307755649 0.3934965008220017 0.1427706042375622
 0.4852828071630185 0.3942322750773510 0.1434553322846683
 0.4851411847919325 0.3952095715101945 0.1443661364145321
 0.4850311197697852 0.3959648003727441 0.1450709267186719
 0.4849239117145575 0.3966968634096702 0.1457548283012609
 0.4847882233367624 0.3976184337976801 0.1466167913417499
 0.4846767301497294 0.3983715789013628 0.1473221185649998
 0.4845688131833114 0.3990970962635283 0.1480023718136987
 0.4844425972353207 0.3999413635800531 0.1487949394301109
 0.4843288308739684 0.4006984604111862 0.1495064992590373
 0.4842202971341169 0.4014173398464194 0.1501828000908242
 0.4841016170828906 0.4021996791382211 0.1509195092718448
 0.4839826156999795 0.4029802605309136 0.1516553310574333
 0.4838725230337884 0.4036989946341742 0.1523335790563167
 0.4837578777339297 0.4044440101447934 0.1530373853356047
 0.4836257962442962 0.4052980395969822 0.1538450853159988
 0.4835123690863461 0.4060278305762430 0.1545359912901393
 0.4833986643626866 0.4067560935238518 0.1552260558558239
 0.4832471184699422 0.4077216368339786 0.1561419060917792
 0.4831295856764503 0.4084665253997603 0.1568492618957779
 0.4830148347894181 0.4091905013025688 0.1575374721189556
 0.4828692137463701 0.4101046338356961 0.1584074309496148
 0.4827499276195351 0.4108496610842249 0.1591172040340919
 0.4826346749039581 0.4115662988307435 0.1598005112059083
 0.4825013926347991 0.4123911746808472 0.1605877187441096
 0.4823794154411761 0.4131424934893162 0.1613054196820739
 0.4822635978952410 0.4138527356847730 0.1619845324355345
 0.4821387090086912 0.4146152252965633 0.1627143139454700
 0.4820094273929603 0.4154008827293364 0.1634669900255016
 0.4818915443152750 0.4161140723935756 0.1641508071112031
 0.4817705116022620 0.4168431823656776 0.1648504044651851
 0.4816204383601974 0.4177428801599143 0.1657144179469596
 0.4814980669949526 0.4184729809551702 0.1664162098959197
 0.4813772000163668 0.4191910389463869 0.1671070287148683
 0.4812220136110501 0.4201085720125874 0.1679906032047616
 0.4810963619965620 0.4208478929004021 0.1687031864567970
 0.4809750048129228 0.4215589357204826 0.1693889885685968
 0.4808347839935809 0.4223768639640930 0.1701784520131609
 0.4807062903581324 0.4231230023392091 0.1708992030990711
 0.4805844532149371 0.4238275347241068 0.1715803215590066
 0.4804536844477235 0.4245805534881055 0.1723089313333909
 0.4803165576432169 0.4253667097621098 0.1730702463057948
 0.4801923636364536 0.4260756879441365 0.1737573272164856
 0.4800656242150388 0.4267962588099025 0.1744560993274356
 0.4799043788318690 0.4277087741554639 0.1753416931527466
 0.4797751046134187 0.4284369739397316 0.1760490191304185
 0.4796483882114222 0.4291478769946410 0.1767401095035577
 0.4794927784135089 0.4300170113867944 0.1775857702068246
 0.4793605773367269 0.4307520912434156 0.1783015817973911
 0.4792337549021536 0.4314544412413380 0.1789859700893722
 0.4790928611372620 0.4322315145322506 0.1797436682698637
 0.4789555281204416 0.4329857399798141 0.1804796260942908
 0.4788275652472496 0.4336856860062187 0.1811631414234779
 0.4786940658035451 0.4344130497308453 0.1818739839098823
 0.4785403157412282 0.4352471613610138 0.1826898046298734
 0.4784083033840087 0.4359603150222940 0.1833878073340690
 0.4782768558227120 0.4366676689920178 0.1840805285556400
 0.4781112231704130 0.4375551219970088 0.1849501780228609
 0.4779743507083812 0.4382852688945250 0.1856661874835957
 0.4778427558754558 0.4389845545888003 0.1863524054398917
 0.4776948824647981 0.4397672107303817 0.1871209819792624
 0.4775535079609269 0.4405124039316348 0.1878532531544787
 0.4774210899221323 0.4412076987649066 0.1885368571270215
 0.4772822056604037 0.4419341822539248 0.1892514715088384
 0.4771254250073372 0.4427509166127129 0.1900553081735917
 0.4769890888178697 0.4434582805585776 0.1907519362347750
 0.4768529621121232 0.4441619256688346 0.1914453394965316
 0.4766814433332509 0.4450448110431761 0.1923159790229663
 0.4765396698793056 0.4457715015675392 0.1930330373785751
 0.4764034819697460 0.4464669647825265 0.1937196111754670
 0.4762511160383804 0.4472420589362521 0.1944851679703695
 0.4761043306739110 0.4479858155814515 0.1952201814331153
 0.4759672221830734 0.4486779535226144 0.1959045944939072
 0.4758240833898057 0.4493978949406585 0.1966169474601937
 0.4756594838249102 0.4502224810083340 0.1974333724837304
 0.4755179519675690 0.4509287167095401 0.1981330094116557
 0.4753774041510078 0.4516275169441182 0.1988255915824619
 0.4752058045225016 0.4524773309210907 0.1996682616313248
 0.4750588842787578 0.4532020080162567 0.2003872562829861
 0.4749184383473680 0.4538922618131681 0.2010724914990405
 0.4747647545494584 0.4546448164516031 0.2018200186463792
 0.4746102957106095 0.4553982901796759 0.2025688759883524
 0.4744681496652612 0.4560891786103606 0.2032558367505287
 0.4743221009325164 0.4567965437176850 0.2039594434504621
 0.4741394232907040 0.4576777980346683 0.2048363983562233
 0.4739912727453372 0.4583896502082800 0.2055451372608059
 0.4738463516112326 0.4590835500534079 0.2062363476255046
 0.4736750488468338 0.4599006939608883 0.2070507509377336
 0.4735226401306843 0.4606249386358227 0.2077728958041838
 0.4733778619851887 0.4613105308333351 0.2084567299216115
 0.4732225123298797 0.4620436175927742 0.2091881613242596
 0.4730592449035485 0.4628112332657250 0.2099543227820735
 0.4729117119042508 0.4635023985696088 0.2106444760838598
 0.4727623620720668 0.4641997067432633 0.2113410851153053
 0.4725594917819198 0.4651431224681037 0.2122840550970368
 0.4724044687007725 0.4658611306532625 0.2130020513602898
 0.4722549359335206 0.4665513532012545 0.2136924857608433
 0.4720810904676702 0.4673509197349930 0.2144925733979649
 0.4719231836864380 0.4680745224477770 0.2152169520337827
 0.4717738100142910 0.4687567171300543 0.2159001949604109
 0.4716151532246983 0.4694788765141027 0.2166238209501037
 0.4714437820343133 0.4702561210151919 0.2174030234502052
 0.4712908840010188 0.4709471617989117 0.2180960795983671
 0.4711374848082381 0.4716381964036662 0.2187893468980971
 0.4709464254450504 0.4724957332552765 0.2196499580435982
 0.4707864562001472 0.4732110667064894 0.2203681598153502
 0.4706334362634059 0.4738930778477159 0.2210532048582977
 0.4704655687452738 0.4746387607954366 0.2218025443485340
 0.4702980640184418 0.4753802452935966 0.2225479705498916
 0.4701434466230662 0.4760624101849444 0.2232339705441860
 0.4699849119155241 0.4767596144310118 0.2239352609945659
 0.4697834932928971 0.4776421694018516 0.2248232371110068
 0.4696217615970156 0.4783482262494729 0.2255338786602390
 0.4694645171989661 0.4790324928198137 0.2262228348200977
 0.4692830259026778 0.4798196003787708 0.2270156303144882
 0.4691164671457762 0.4805394510851770 0.2277409051025535
 0.4689592772253479 0.4812166399479609 0.2284233336529142
 0.4687935596688858 0.4819283049775259 0.2291406190680350
 0.4686102474747503 0.4827128503253493 0.2299315166588336
 0.4684487138839458 0.4834018763481851 0.2306263060303464
 0.4682879217603063 0.4840856094616006 0.2313159655482306
 0.4680960535823721 0.4848987311213041 0.2321363997908596
 0.4679273492824004 0.4856112319516982 0.2328554958542246
 0.4677669451786027 0.4862865679475459 0.2335371955274524
 0.4675953123518568 0.4870069218336620 0.2342644387698013
 0.4674141948130753 0.4877645758558171 0.2350294824527050
 0.4672505851539999 0.4884467967629645 0.2357185357893050
 0.4670859612668365 0.4891311634572783 0.2364099633005998
 0.4668810642205137 0.4899800592681103 0.2372678980295337
 0.4667097149720262 0.4906875250990611 0.2379830814868854
 0.4665457867090342 0.4913622900824814 0.2386653138116739
 0.4663670931326569 0.4920955565691119 0.2394067947500678
 0.4661869713670035 0.4928323025514436 0.2401519274792142
 0.4660210627285872 0.4935088166669687 0.2408363058608568
 0.4658521177554454 0.4941956636707434 0.2415313240512714
 0.4656262492418977 0.4951107349448131 0.2424575451862966
 0.4654518499975862 0.4958148059276640 0.2431703309705221
 0.4652836136447486 0.4964919674884203 0.2438559304025435
 0.4650924180086640 0.4972591438840604 0.2446327165955279
 0.4649137873130365 0.4979736186655789 0.2453562205318132
 0.4647455193789763 0.4986446442094520 0.2460358382861222
 0.4645701276585789 0.4993420293493479 0.2467422885591975
 0.4643656739871488 0.5001523525241768 0.2475632886609696
 0.4641916955929787 0.5008396923273535 0.2482597479355801
 0.4640202842144017 0.5015149306478265 0.2489439560928104
 0.4638231458919665 0.5022891303534411 0.2497284458560753
 0.4636419235090546 0.5029985945012139 0.2504473836235772
 0.4634707210370673 0.5036668858995542 0.2511246840745716
 0.4632913404363229 0.5043650891122968 0.2518324112230590
 0.4630867422344528 0.5051589552186327 0.2526372195944367
 0.4629102758480348 0.5058415520938516 0.2533292679776667
 0.4627357004019875 0.5065149241489612 0.2540119604467019
 0.4625346188690441 0.5072882006704607 0.2547959303000112
 0.4623502682119339 0.5079949597095302 0.2555124928253049
 0.4621761150528079 0.5086607266535698 0.2561875672827910
 0.4619934961158624 0.5093568933934387 0.2568935645874646
 0.4617847554253186 0.5101501977572405 0.2576981667297530
 0.4616051258273278 0.5108307998122648 0.2583884866712201
 0.4614275160679654 0.5115018841438458 0.2590691299370319
 0.4612237777004520 0.5122694289503428 0.2598475676531920
 0.4610358796970780 0.5129751715566124 0.2605633207453073
 0.4608587071773915 0.5136387755664403 0.2612363735690562
 0.4606733473273016 0.5143311346755622 0.2619386461110435
 0.4604572921778858 0.5151357017401007 0.2627547710914111
 0.4602739544973496 0.5158163848166735 0.2634452025278942
 0.4600934053427647 0.5164848930884430 0.2641232078210354
 0.4598875832310655 0.5172447910016100 0.2648937923147173
 0.4596959008422092 0.5179504067823554 0.2656092575718342
 0.4595156791546395 0.5186120206803155 0.2662800834972487
 0.4593277650400778 0.5193000176689062 0.2669776575603887
 0.4591020919506195 0.5201237746159253 0.2678128516607672
 0.4589148317366061 0.5208052749917339 0.2685037331020597
 0.4587313488115609 0.5214712480125739 0.2691787573354485
 0.4585231134154620 0.5222249452038487 0.2699425490276225
 0.4583277763224436 0.5229299275092761 0.2706568643673506
 0.4581445507270863 0.5235894268275033 0.2713250438252000
 0.4579541098683007 0.5242730927395055 0.2720176809737694
 0.4577195169452378 0.5251127536929538 0.2728682988943699
 0.4575285113352883 0.5257943788435596 0.2735587129428433
 0.4573421096271600 0.5264578347906487 0.2742305868751859
 0.4571312314475585 0.5272063540803731 0.2749884304838799
 0.4569322462790601 0.5279106738975059 0.2757013902184212
 0.4567459640800197 0.5285682979534009 0.2763670095704422
 0.4565529163281757 0.5292480513860731 0.2770549813279274
 0.4563111567875893 0.5300968285051748 0.2779139344654891
 0.4561164270021097 0.5307784881626284 0.2786036426533917
 0.4559270676145707 0.5314396477989003 0.2792724571070522
 0.4557138459675701 0.5321821323310121 0.2800233456161757
 0.4555109044449709 0.5328868750348574 0.2807359049417958
 0.4553214798036052 0.5335429808193548 0.2813991872604411
 0.4551259841915148 0.5342184084344238 0.2820819222816993
 0.4548747864081612 0.5350837606606216 0.2829564863762004
 0.4546760241777401 0.5357664823680177 0.2836462914165828
 0.4544836666169933 0.5364255402528897 0.2843119785402876
 0.4542679825631537 0.5371625874201782 0.2850561752108197
 0.4540611243565851 0.5378675703089649 0.2857677589666099
 0.4538685947688975 0.5385220583261160 0.2864282059853362
 0.4536705794595051 0.5391935351703853 0.2871056514216794
 0.4534094307261398 0.5400765472007898 0.2879962675642462
 0.4532067699121173 0.5407598117123023 0.2886851701076424
 0.4530114450601894 0.5414167152921292 0.2893472480651245
 0.4527928200265968 0.5421500996434064 0.2900861154121883
 0.4525823164769163 0.5428543771793226 0.2907954027558532
 0.4523867066786849 0.5435071989531670 0.2914526946506595
 0.4521858893373472 0.5441757824659604 0.2921257174894996
 0.4519165093098698 0.5450700788200679 0.2930257264293748
 0.4517101853938533 0.5457530764178046 0.2937128658655487
 0.4515118095338830 0.5464081704928820 0.2943717119740802
 0.4512899121092099 0.5471391028642326 0.2951065661225415
 0.4510758077522102 0.5478425399996261 0.2958135451346698
 0.4508770961147927 0.5484938128125295 0.2964679367174354
 0.4506734450141559 0.5491596958249911 0.2971368744412883
 0.4503997636269785 0.5500520609308371 0.2980330969880632
 0.4501898618482751 0.5507345408595846 0.2987182817043454
 0.4499885581362931 0.5513875069217858 0.2993735825931624
 0.4497645879244007 0.5521122164852705 0.3001005707684670
 0.4495460964101179 0.5528174055772045 0.3008076811879535
 0.4493441511807448 0.5534676278719550 0.3014594532620399
 0.4491380809899909 0.5541295946692761 0.3021228034206833
 0.4488745813479427 0.5549737991819529 0.3029684719641283
 0.4486615956673650 0.5556543388560413 0.3036498954595124
 0.4484581301739595 0.5563029451353233 0.3042990520225458
 0.4482371147971462 0.5570058323661042 0.3050021969678815
 0.4480098745074649 0.5577267223758825 0.3057230125701763
 0.4478037691095351 0.5583790029406082 0.3063749773490383
 0.4475964305272805 0.5590336977282088 0.3070291544102793
 0.4473506387189521 0.5598078925685774 0.3078024829033339
 0.4471329818019323 0.5604917414302594 0.3084853021714812
 0.4469273004582349 0.5611364848830207 0.3091288060630511
 0.4467112738437476 0.5618121198385431 0.3098028398152870
 0.4464596290446998 0.5625971807317269 0.3105856705523092
 0.4462465726819977 0.5632602096831444 0.3112465520530675
 0.4460377519177455 0.5639086024422333 0.3118926479984996
 0.4458029914329225 0.5646358303133849 0.3126170747738148
 0.4455773573945787 0.5653330945201346 0.3133113938658192
 0.4453680068568939 0.5659785655920436 0.3139538627747234
 0.4451537646802137 0.5666376604871960 0.3146095830827904
 0.4448736093934538 0.5674973215015986 0.3154643723671768
 0.4446525399396844 0.5681739225582141 0.3161368044099305
 0.4444412655682602 0.5688191094777461 0.3167777786190992
 0.4442106997642806 0.5695216180814248 0.3174754474005005
 0.4439761521635476 0.5702345674832074 0.3181831859273050
 0.4437626059979785 0.5708822059475871 0.3188257840562791
 0.4435474901996843 0.5715331945594949 0.3194713787954115
 0.4432917348803196 0.5723053385789265 0.3202366997053896
 0.4430658920530982 0.5729855344143411 0.3209105436626618
 0.4428526126114226 0.5736264891292244 0.3215452677728930
 0.4426289017398804 0.5742973381963555 0.3222093696798879
 0.4423658691894619 0.5750842104977508 0.3229880242940815
 0.4421447197980478 0.5757442162278918 0.3236408464301467
 0.4419285312492102 0.5763880385734496 0.3242773733219500
 0.4416870546680155 0.5771055700398785 0.3249864343230785
 0.4414521693541044 0.5778019068165803 0.3256742430444514
 0.4412350631599412 0.5784441339995804 0.3263083830606717
 0.4410139055542066 0.5790969698138339 0.3269528127399622
 0.4407368276128958 0.5799129303588725 0.3277580018063094
 0.4405074525670383 0.5805867847407550 0.3284226967036556
 0.4402892281124553 0.5812265223786129 0.3290534742773900
 0.4400557946636918 0.5819093888915015 0.3297264715177026
 0.4398043616380887 0.5826432360336146 0.3304493793347240
 0.4395814138610881 0.5832925019136462 0.3310887193958151
 0.4393601357468794 0.5839355732248672 0.3317217640091296
 0.4391083453586082 0.5846657141852718 0.3324402913600943
 0.4388708400273565 0.5853528764147145 0.3331162698536920
 0.4386496433303692 0.5859915048184129 0.3337442430928217
 0.4384226376965896 0.5866455603639633 0.3343871003680962
 0.4381182187864944 0.5875205388352128 0.3352466647494359
 0.4378842351249820 0.5881914267383872 0.3359054540200379
 0.4376606017838192 0.5888313132718817 0.3365336245942888
 0.4374152402596602 0.5895318909027618 0.3372212013958327
 0.4371686944633883 0.5902342996531884 0.3379103787248909
 0.4369433805016190 0.5908748683260331 0.3385386767348668
 0.4367161780035526 0.5915195079864261 0.3391707477697326
 0.4364458110322387 0.5922849299650125 0.3399209669348803
 0.4362068166555301 0.5929600169336894 0.3405824360759381
 0.4359815397692303 0.5935950603292811 0.3412045357322074
 0.4357462220272616 0.5942570733703828 0.3418529426912668
 0.4354591502121529 0.5950628491281031 0.3426419864698890
 0.4352241856931761 0.5957208740908878 0.3432861612369809
 0.4349959133768537 0.5963588792646324 0.3439105364032611
 0.4347428993123811 0.5970645729773708 0.3446009075092561
 0.4344932728841388 0.5977593199411810 0.3452803394341646
 0.4342638101180083 0.5983966438440692 0.3459034524619190
 0.4340315563347553 0.5990404544667867 0.3465327799797129
 0.4337513872757623 0.5998154031949575 0.3472901270568193
 0.4335081486092724 0.6004867183568096 0.3479460125280548
 0.4332784246173965 0.6011194756589288 0.3485640359431925
 0.4330375037966427 0.6017817678901182 0.3492106935440153
 0.4327521200440365 0.6025645696784852 0.3499747637624649
 0.4325135309823406 0.6032175924162457 0.3506120068347005
 0.4322809472804943 0.6038529391171954 0.3512319154961894
 0.4320233004672379 0.6045553302258109 0.3519171660524145
 0.4317685952546166 0.6052482430313484 0.3525930809807629
 0.4315346506880443 0.6058834068417744 0.3532125555280801
 0.4312981011119898 0.6065244131559785 0.3538376014731969
 0.4310141139795454 0.6072923422505243 0.3545862501254467
 0.4307657786162348 0.6079624214190216 0.3552394050524945
 0.4305316243610502 0.6085930089607204 0.3558540246726263
 0.4302869682356522 0.6092506131366041 0.3564949595901657
 0.4299875904599857 0.6100535528788441 0.3572775086754026
 0.4297431804540555 0.6107076484547481 0.3579149201629975
 0.4295060529526525 0.6113410423864707 0.3585320580656912
 0.4292443427775971 0.6120387213438567 0.3592117057178328
 0.4289837913084412 0.6127318831473709 0.3598868498533120
 0.4287451332480143 0.6133655570320653 0.3605040060073599
 0.4285044604389091 0.6140033827843587 0.3611251959489520
 0.4282191678842155 0.6147579095677845 0.3618600411274580
 0.4279654988407082 0.6154273964613680 0.3625120385291996
 0.4277270298683973 0.6160555688986540 0.3631237476604674
 0.4274793514981107 0.6167067778421182 0.3637578216329440
 0.4271656695110235 0.6175297489461903 0.3645590698973084
 0.4269153148608201 0.6181851577969424 0.3651971819283373
 0.4266739647722704 0.6188158086479915 0.3658112413029871
 0.4264093115850525 0.6195060207445412 0.3664833773695687
 0.4261421390486099 0.6202013994339136 0.3671606177857666
 0.4258986214917577 0.6208339883231617 0.3677767363859438
 0.4256539961776439 0.6214682873542350 0.3683945226088106
 0.4253690404832615 0.6222056930844553 0.3691127321686131
 0.4251094287129385 0.6228761465089649 0.3697657656848783
 0.4248663966829185 0.6235026069644974 0.3703760178714823
 0.4246159366964778 0.6241470310031746 0.3710038630831460
 0.4242772013157088 0.6250166838839087 0.3718512831078508
 0.4240196532903291 0.6256764461103906 0.3724942422152643
 0.4237737436355318 0.6263052285091963 0.3731070254159841
 0.4235051949511244 0.6269906039189818 0.3737749696792900
 0.4232319868817085 0.6276864914676008 0.3744531984653254
 0.4229837727333276 0.6283175171955990 0.3750682947320496
 0.4227350329030797 0.6289487389974786 0.3756837024733859
 0.4224478320021732 0.6296761496932655 0.3763930579363324
 0.4221828409307724 0.6303459717809711 0.3770463974720971
 0.4219354396744092 0.6309701798410073 0.3776553410297623
 0.4216815302430864 0.6316096573189626 0.3782792603149692
 0.4213488773038561 0.6324456971173996 0.3790951031336675
 0.4210865121969287 0.6331036891662318 0.3797373652081886
 0.4208370229007933 0.6337282528606596 0.3803471782886189
 0.4205692602407200 0.6343973343966147 0.3810006731934264
 0.4202827304298801 0.6351119106344022 0.3816988319784895
 0.4200281310884320 0.6357456466699930 0.3823181670673184
 0.4197760159269596 0.6363720836914273 0.3829304831145247
 0.4194936995261515 0.6370722513905784 0.3836149925717500
 0.4192196026349366 0.6377507152441365 0.3842784362529992
 0.4189668507367139 0.6383751985759244 0.3848892687632810
 0.4187110495648915 0.6390061015673025 0.3855065828811895
 0.4184056605544233 0.6397578459938258 0.3862424106955779
 0.4181365529945171 0.6404189685181424 0.3868897588316508
 0.4178835851774136 0.6410393251513418 0.3874973514844730
 0.4176211718321262 0.6416817086296641 0.3881266697586419
 0.4172838175963408 0.6425058542541544 0.3889343114895402
 0.4170174039708966 0.6431553559120480 0.3895710693107121
 0.4167616217530991 0.6437778328537651 0.3901815999894293
 0.4164833744257253 0.6444537564763955 0.3908448734068237
 0.4161967788461164 0.6451486314330155 0.3915270814340828
 0.4159378195480438 0.6457753458839104 0.3921426330777031
 0.4156795213840383 0.6463993738242457 0.3927557651885281
 0.4153868394364238 0.6471051648396828 0.3934494912400389
 0.4151082830243253 0.6477756105151908 0.3941087590069597
 0.4148501576975126 0.6483957702913229 0.3947188643095636
 0.4145879309389735 0.6490246941903317 0.3953379001679236
 0.4142702214090601 0.6497852228265588 0.3960868895016859
 0.4139952754721773 0.6504420948859443 0.3967341331389663
 0.4137363353579792 0.6510596383665398 0.3973428773535828
 0.4134667148305520 0.6517015355893543 0.3979758733578883
 0.4131292869946031 0.6525032653786241 0.3987668653908946
 0.4128578202446105 0.6531469868939858 0.3994023279743235
 0.4125964273707645 0.6537657430244402 0.4000135014073391
 0.4123125619407877 0.6544365027005902 0.4006764654376793
 0.4120185156556941 0.6551300156790713 0.4013623789022338
 0.4117536131358036 0.6557536616498363 0.4019795658823042
 0.4114900752668154 0.6563730356390630 0.4025928552209714
 0.4111943287206647 0.6570668545571796 0.4032802489899937
 0.4109076553883648 0.6577381286223263 0.4039457314497530
 0.4106432739471715 0.6583561099333827 0.4045587909232929
 0.4103760429712681 0.6589796893469763 0.4051778301625753
 0.4100614335869464 0.6597124620285554 0.4059058138405524
 0.4097786789182239 0.6603697874194163 0.4065593084742684
 0.4095137431666335 0.6609846171210334 0.4071709092115462
 0.4092407711056232 0.6616170164550719 0.4078003151557153
 0.4088683138370435 0.6624781348446327 0.4086578966737021
 0.4085871528339453 0.6631268375996641 0.4093043885279288
 0.4083199754696100 0.6637422139515705 0.4099180693802726
 0.4080317738865266 0.6644048576840774 0.4105793465285759
 0.4077280645091970 0.6651018637580505 0.4112754197779555
 0.4074566111311290 0.6657237240711624 0.4118968575556177
 0.4071878220256534 0.6663384444353860 0.4125115193250873
 0.4068897500109465 0.6670189336271104 0.4131923634243504
 0.4065937167677463 0.6676935232595986 0.4138677786542022
 0.4063227009717011 0.6683100204996587 0.4144854927186258
 0.4060504461629558 0.6689282973548807 0.4151054719909548
 0.4057374951309405 0.6696377119442949 0.4158174489725232
 0.4054462156380917 0.6702967738167976 0.4164794514830082
 0.4051750944635717 0.6709091662656080 0.4170950238443317
 0.4048985392763912 0.6715327855479715 0.4177222982849370
 0.4045553896128682 0.6723051081524922 0.4184997320150861
 0.4042671118757681 0.6729526831228017 0.4191521265632309
 0.4039954581614978 0.6735618758954831 0.4197663378482530
 0.4037121109967295 0.6741962217827027 0.4204064336614223
 0.4033598867085436 0.6749832500187846 0.4212013346728350
 0.4030750029380911 0.6756185842528216 0.4218435903321811
 0.4028011519823222 0.6762282852467153 0.4224603826627977
 0.4025064479655766 0.6768832916031493 0.4231234941764529
 0.4021912964293575 0.6775824626635377 0.4238319076868262
 0.4019114177570699 0.6782022737313218 0.4244604734343813
 0.4016350648676719 0.6788132593430483 0.4250806482731996
 0.4013299156492497 0.6794867402774040 0.4257649220501892
 0.4010243458971249 0.6801599232561182 0.4264495717670015
 0.4007456405141549 0.6807728570348477 0.4270734997841442
 0.4004667183861366 0.6813852531931275 0.4276973757957094
 0.4001507787917006 0.6820777031965478 0.4284033901185814
 0.3998495684975655 0.6827366676971863 0.4290758580549041
 0.3995710566706816 0.6833449332836566 0.4296971352832745
 0.3992895056070226 0.6839588235242594 0.4303247132717059
 0.3989611879072921 0.6846734015471697 0.4310559266808243
 0.3986618842037278 0.6853236332981814 0.4317219216811840
 0.3983824639903845 0.6859296413674707 0.4323431216953651
 0.3980966945982049 0.6865483973999946 0.4329778671652336
 0.3977384805562852 0.6873225584567261 0.4337727285653183
 0.3974407206198933 0.6879648415529442 0.4344328217060355
 0.3971598259010002 0.6885697288540837 0.4350550602361677
 0.3968659940219102 0.6892014228404451 0.4357055059868986
 0.3965098138473021 0.6899657184486520 0.4364933542995099
 0.3962165714748243 0.6905937831883456 0.4371414518163482
 0.3959340898192311 0.6911977983066369 0.4377652775221645
 0.3956311220285053 0.6918445284771221 0.4384337956771727
 0.3953026196160374 0.6925444968609155 0.4391580318284256
 0.3950132817723256 0.6931599241525448 0.4397954179062788
 0.3947291899929182 0.6937632033957636 0.4404208148366866
 0.3944203020474929 0.6944180294126592 0.4411003188162110
 0.3940976759585830 0.6951007506175675 0.4418094854370807
 0.3938081723943023 0.6957123149745594 0.4424453182541299
 0.3935214110926226 0.6963170968728825 0.4430746056926088
 0.3932047126951047 0.6969838760642856 0.4437689785372805
 0.3928870777753797 0.6976514293027187 0.4444647933188153
 0.3925976021609202 0.6982587610275278 0.4450984375035859
 0.3923082572730108 0.6988648299805367 0.4457313757125407
 0.3919822111377565 0.6995465940717945 0.4464441168709910
 0.3916684662592676 0.7002014596135210 0.4471294741676616
 0.3913792357674049 0.7008041387792633 0.4477608236416386
 0.3910879378485821 0.7014101416197428 0.4483962185864343
 0.3907542341899580 0.7021031537507434 0.4491235311325450
 0.3904415053298601 0.7027514386267066 0.4498045921857469
 0.3901513922400563 0.7033518340355061 0.4504359698217592
 0.3898575403946047 0.7039589820259690 0.4510750826419598
 0.3895146576805392 0.7046661874221957 0.4518203175883631
 0.3892019803696467 0.7053099250803462 0.4524993778226183
 0.3889102344522234 0.7059095679627088 0.4531324837924569
 0.3886123687688676 0.7065207953067395 0.4537783462472648
 0.3882466206883241 0.7072699504834389 0.4545706751168632
 0.3879352569201244 0.7079065270595057 0.4552446000940043
 0.3876424550173608 0.7085041642976622 0.4558778987539673
 0.3873389570446241 0.7091226238474508 0.4565339014502595
 0.3869407222102814 0.7099325824663139 0.4573940132426396
 0.3866312169537885 0.7105608636894588 0.4580619344457059
 0.3863369075108436 0.7111573178748700 0.4586965815922188
 0.3860240471211911 0.7117903236186585 0.4593707010624811
 0.3856718520055672 0.7125016318041452 0.4601289337529791
 0.3853681436593985 0.7131139269061392 0.4607822675213297
 0.3850723750994970 0.7137092506230226 0.4614180918878005
 0.3847546960443313 0.7143476195128527 0.4621005521343119
 0.3844085838915754 0.7150418830873573 0.4628435152807956
 0.3841043032505572 0.7156511720051325 0.4634961375752158
 0.3838058193625554 0.7162478886421452 0.4641357926579845
 0.3834818098243890 0.7168945571886270 0.4648295351784034
 0.3831421252742749 0.7175713099467488 0.4655561755961420
 0.3828381228189321 0.7181759351143525 0.4662059535361303
 0.3825377607530712 0.7187723601506401 0.4668474963304301
 0.3822084911783160 0.7194250939257448 0.4675502859325935
 0.3818724841333769 0.7200900099139329 0.4682669090119317
 0.3815687119081962 0.7206901201342134 0.4689142757610162
 0.3812674394086590 0.7212843413993631 0.4695558102093066
 0.3809367463773285 0.7219355046803158 0.4702594004552246
 0.3805989457220789 0.7225994939855966 0.4709774873312464
 0.3802934705482893 0.7231989294279350 0.4716263415570557
 0.3799905304497513 0.7237924423168441 0.4722693478924775
 0.3796584833001926 0.7244419002330924 0.4729736039628964
 0.3793174106520517 0.7251078385665072 0.4736963880009499
 0.3790093618121662 0.7257082807040637 0.4743486062308944
 0.3787037108340850 0.7263030975886455 0.4749951629689531
 0.3783669388758039 0.7269573845152588 0.4757068641017659
 0.3780266647493570 0.7276173154311605 0.4764252603826289
 0.3777176490833007 0.7282156167020449 0.4770770929176332
 0.3774100401177752 0.7288102459589111 0.4777254592720019
 0.3770687368127361 0.7294689050083896 0.4784442842629520
 0.3767298014079195 0.7301218494514908 0.4791575255496011
 0.3764205629552733 0.7307165920934262 0.4798077230541835
 0.3761123053172998 0.7313085096559162 0.4804553054839643
 0.3757712357004899 0.7319623445099006 0.4811711610752702
 0.3754291842768258 0.7326169172690140 0.4818883966273058
 0.3751179825794930 0.7332114619271147 0.4825403784421290
 0.3748085131533294 0.7338017630481872 0.4831882150930024
 0.3744684962202880 0.7344492620803269 0.4838994028648942
 0.3741208779637674 0.7351100820075730 0.4846258082029722
 0.3738064144459559 0.7357068731169382 0.4852822908970754
 0.3734943509263784 0.7362981719881625 0.4859331265723696
 0.3731512368640366 0.7369472314418786 0.4866479783664547
 0.3728022512824533 0.7376062481096621 0.4873742935987168
 0.3724860534005443 0.7382023516040609 0.4880317473500173
 0.3721718148550028 0.7387938249199217 0.4886845815046083
 0.3718246196990707 0.7394462487951698 0.4894052727434868
 0.3714764555207146 0.7400993571115898 0.4901273178099820
 0.3711598814779203 0.7406922222907742 0.4907832422954372
 0.3708451364163948 0.7412807359794796 0.4914347695663597
 0.3704990279381947 0.7419268308398519 0.4921504988741419
 0.3701469635024444 0.7425829062758390 0.4928777755826679
 0.3698284773346607 0.7431754234288228 0.4935350407129779
 0.3695131475439761 0.7437611499196332 0.4941852023108196
 0.3691701589254232 0.7443972186848826 0.4948917225428815
 0.3688092919325553 0.7450652835930064 0.4956342818049466
 0.3684868371530623 0.7456612350082292 0.4962970698176402
 0.3681691424638091 0.7462474676453833 0.4969493650103137
 0.3678248585473750 0.7468817358457532 0.4976554489978385
 0.3674594797086930 0.7475537008014486 0.4984039095777624
 0.3671341319072936 0.7481510381923764 0.4990696493440965
 0.3668136915587846 0.7487384416660862 0.4997247289382204
 0.3664651898407635 0.7493762475974381 0.5004365027111327
 0.3661011522571250 0.7500413363183350 0.5011792482418254
 0.3657752208906413 0.7506358124057350 0.5018435533653199
 0.3654539040793158 0.7512209564210347 0.5024977778215971
 0.3651053148604577 0.7518547414244687 0.5032067513429623
 0.3647379362978746 0.7525215386734353 0.5039530687210428
 0.3644106319654385 0.7531146106455154 0.5046172512965272
 0.3640892767547430 0.7536959984773987 0.5052687224945307
 0.3637442398646681 0.7543192364317599 0.5059675084706302
 0.3633652900389165 0.7550025490987300 0.5067341307263495
 0.3630338464471483 0.7555991890256948 0.5074038880366994
 0.3627106103312930 0.7561801493814184 0.5080563517098875
 0.3623656650529262 0.7567991458373408 0.5087518584224601
 0.3619787781705985 0.7574922032981354 0.5095310058007683
 0.3616431603354250 0.7580923930915446 0.5102061576596463
 0.3613165223636127 0.7586756121793723 0.5108626188817165
 0.3609671000284997 0.7592985207519395 0.5115642025297658
 0.3605821030287493 0.7599836638788731 0.5123363888273743
 0.3602452785239490 0.7605820647583740 0.5130111945017098
 0.3599167033559676 0.7611649012094541 0.5136687379196139
 0.3595645124704471 0.7617886349854927 0.5143726992132824
 0.3591802123562268 0.7624680667977359 0.5151398410999830
 0.3588432167084859 0.7630628665443596 0.5158117177200757
 0.3585148185143947 0.7636415968426907 0.5164657292670115
 0.3581650651838371 0.7642569929529845 0.5171615005833854
 0.3577714397498860 0.7649483928781873 0.5179435906748359
 0.3574315027856531 0.7655444792635534 0.5186181663826591
 0.3571023143233963 0.7661208289156213 0.5192706464208154
 0.3567545067745680 0.7667288302511184 0.5199592057382104
 0.3563447603183542 0.7674438631368016 0.5207693250210053
 0.3559992497192520 0.7680457589072418 0.5214515933590976
 0.3556666308023328 0.7686242997345472 0.5221077061309113
 0.3553154092836690 0.7692342450950623 0.5227997814814693
 0.3549044856870984 0.7699466347389633 0.5236085146529934
 0.3545560592208048 0.7705496365650502 0.5242933628670733
 0.3542199551409252 0.7711304109960627 0.5249531717078572
 0.3538632223739775 0.7717458657906081 0.5256525675282087
 0.3534612102568384 0.7724382523871843 0.5264396196560414
 0.3531136145294105 0.7730359077454058 0.5271192192227878
 0.3527767679561092 0.7736141908893046 0.5277770319988180
 0.3524189839629519 0.7742274622639307 0.5284749309649164
 0.3520157953981975 0.7749173846788200 0.5292604110499184
 0.3516677895690439 0.7755118818585565 0.5299375233970743
 0.3513313029262656 0.7760858244009762 0.5305914366723770
 0.3509766199259846 0.7766898747490218 0.5312798591879414
 0.3505547510669452 0.7774071098311222 0.5320975543947997
 0.3502017205119922 0.7780062808397565 0.5327809039082991
 0.3498634051223428 0.7785796000122456 0.5334350070610909
 0.3495090265364769 0.7791792231498113 0.5341193710749355
 0.3490654134155419 0.7799285170706771 0.5349748795577228
 0.3487062639629889 0.7805340768406422 0.5356664840905960
 0.3483637702014219 0.7811106659765494 0.5363251264778852
 0.3480034439967847 0.7817163441523449 0.5370171079784555
 0.3475770372038199 0.7824318685617110 0.5378347522089012
 0.3472178553097931 0.7830335571095824 0.5385224994238262
 0.3468721885146618 0.7836117193647899 0.5391835613686845
 0.3465059294322478 0.7842233790737119 0.5398831715231155
 0.3460916958229541 0.7849139894611036 0.5406733844595708
 0.3457339389443547 0.7855094480087510 0.5413549395854874
 0.3453878873348550 0.7860845508802328 0.5420133428009268
 0.3450217910154572 0.7866920347023783 0.5427089393426330
 0.3446017702309144 0.7873878233686922 0.5435057890081022
 0.3442427115169312 0.7879816332168148 0.5441859793878777
 0.3438972656642865 0.7885520706875182 0.5448395306225526
 0.3435353373352721 0.7891488248238563 0.5455233816730253
 0.3430842699082916 0.7898912675357810 0.5463743793290485
 0.3427189084293639 0.7904915993104258 0.5470626096430128
 0.3423714324927173 0.7910616814448830 0.5477162321920794
 0.3420088217487919 0.7916557019085579 0.5483973627591217
 0.3415365757872451 0.7924279632126940 0.5492829911388074
 0.3411654164330922 0.7930338418042163 0.5499779518749551
 0.3408131393012251 0.7936080243037514 0.5506367062647685
 0.3404429382640956 0.7942105084446854 0.5513281001544721
 0.3400022060313039 0.7949265634035780 0.5521500208840439
 0.3396318567932081 0.7955272500739120 0.5528396253399795
 0.3392759900002423 0.7961035749833782 0.5535013032842754
 0.3388997235550786 0.7967120109807468 0.5541998596234113
 0.3384715428691009 0.7974032407100483 0.5549934892528139
 0.3381027030082365 0.7979976935598390 0.5556760543684078
 0.3377465756472448 0.7985707999858085 0.5563341938007735
 0.3373703340722179 0.7991753633097279 0.5570285798989441
 0.3369382273707778 0.7998685411583700 0.5578249107999953
 0.3365688972101790 0.8004600411889612 0.5585045526775839
 0.3362138735098569 0.8010277866708343 0.5591569774327696
 0.3358424443711071 0.8016208869317740 0.5598386005532779
 0.3353731873472310 0.8023689171072772 0.5606983681207302
 0.3349969822054119 0.8029675859624377 0.5613865579808351
 0.3346403292704861 0.8035342976664892 0.5620381096912344
 0.3342695728462883 0.8041225526029789 0.5627145348370988
 0.3337565891576849 0.8049350187953025 0.5636489159103506
 0.3333726855801565 0.8055419493155586 0.5643469702119719
 0.3330111845870380 0.8061126068222011 0.5650033034010259
 0.3326321640556268 0.8067100322036451 0.5656904040275493
 0.3321732642304346 0.8074321541885768 0.5665209114797003
 0.3317916323274346 0.8080316807886444 0.5672104598145234
 0.3314257956666356 0.8086055385479398 0.5678705534034046
 0.3310396572714637 0.8092103370306111 0.5685663238977459
 0.3305960683884427 0.8099039759053559 0.5693643797667969
 0.3302149460087004 0.8104989638286898 0.5700489467829943
 0.3298472334413156 0.8110721686037911 0.5707084036735465
 0.3294584216480195 0.8116773606875837 0.5714045662097190
 0.3290172492719488 0.8123629332487040 0.5721930560491092
 0.3286369985722926 0.8129528835249291 0.5728714717882233
 0.3282708726664402 0.8135200904440805 0.5735236794346162
 0.3278871250026633 0.8141137273292578 0.5742062468451685
 0.3274184477275071 0.8148375426827635 0.5750384628466229
 0.3270337277615243 0.8154307113234225 0.5757204266642832
 0.3266680118201883 0.8159937591606269 0.5763677093686139
 0.3262885209546690 0.8165771725997409 0.5770383426411487
 0.3257759656665994 0.8173637979118131 0.5779424852530926
 0.3253823767776312 0.8179667906103469 0.5786355322380844
 0.3250131598464522 0.8185316160502560 0.5792847161393561
 0.3246307704554475 0.8191157501022840 0.5799561045133128
 0.3241257097784964 0.8198859666421356 0.5808413586609665
 0.3237275421725661 0.8204921254081229 0.5815379897968661
 0.3233528331242305 0.8210617325711710 0.5821925226269915
 0.3229630070704193 0.8216534593496591 0.5828723625604443
 0.3224580320587258 0.8224186746655014 0.5837513848267442
 0.3220583073094263 0.8230233632770038 0.5844459503886781
 0.3216784659300275 0.8235971285499907 0.5851050012532403
 0.3212773340022045 0.8242021636969519 0.5858000024534892
 0.3208242186857940 0.8248845103428334 0.5865838399263460
 0.3204310189802944 0.8254756912315295 0.5872629311383759
 0.3200511249097291 0.8260460414473608 0.5879180230542427
 0.3196499433399875 0.8266474739017129 0.5886086951303690
 0.3191927078791075 0.8273318447664183 0.5893944364129704
 0.3187996357185379 0.8279192499427385 0.5900687082887827
 0.3184221823706448 0.8284825093401510 0.5907151615162929
 0.3180284631859075 0.8290692041259610 0.5913884210664705
 0.3175180816311449 0.8298284737584457 0.5922595785301797
 0.3171177265643254 0.8304230645270694 0.5929416535520273
 0.3167402804254244 0.8309828316491472 0.5935836442394736
 0.3163496930848356 0.8315612729172316 0.5942468954628884
 0.3158454353323579 0.8323068339314970 0.5951015359234477
 0.3154389114946130 0.8329068946193615 0.5957892193427684
 0.3150580358788225 0.8334682916377849 0.5964324753785836
 0.3146671880017947 0.8340435807536866 0.5970915332046635
 0.3142002330154571 0.8347298247277999 0.5978775193948743
 0.3137854515210621 0.8353384231265293 0.5985743566529705
 0.3133979210669192 0.8359062148383488 0.5992242395601228
 0.3130037064922160 0.8364829882148715 0.5998841479786490
 0.3125468445418981 0.8371504006592940 0.6006474441826768
 0.3121244799487928 0.8377664469177493 0.6013517332683945
 0.3117305781541183 0.8383401414978939 0.6020074245086394
 0.3113309104678654 0.8389214112962149 0.6026716278824821
 0.3108645395271880 0.8395986497118442 0.6034453068417444
 0.3104414146405737 0.8402121199840403 0.6041459206810701
 0.3100461128114219 0.8407844214814247 0.6047992713140270
 0.3096449255328051 0.8413644276685754 0.6054611181711890
 0.3091753901929948 0.8420422064397723 0.6062341043660726
 0.3087531774369558 0.8426507209045333 0.6069276955986221
 0.3083600741703892 0.8432164727523355 0.6075722239486531
 0.3079636847429489 0.8437861675343087 0.6082209554158809
 0.3075172699978510 0.8444268172483944 0.6089501575743854
 0.3070889270202686 0.8450405977557137 0.6096484472390633
 0.3066950407262466 0.8456042001507698 0.6102893478685332
 0.3063043346412966 0.8461624934463430 0.6109239070677571
 0.3058848372893159 0.8467610896114380 0.6116039278469482
 0.3054250282238614 0.8474162151481962 0.6123477637133851
 0.3050207243296556 0.8479914036131904 0.6130005101716925
 0.3046298750202768 0.8485466934397022 0.6136304002754152
 0.3042229944562810 0.8491239712578798 0.6142849492906263
 0.3036819528117691 0.8498903552770746 0.6151534416606669
 0.3032584932121510 0.8504892012001788 0.6158316534683573
 0.3028609942153124 0.8510505518255447 0.6164670343722841
 0.3024501604070019 0.8516299407245638 0.6171224521094490
 0.3019277266214472 0.8523655565220222 0.6179540699659372
 0.3014974714648170 0.8529704086655031 0.6186374673895870
 0.3010922080941134 0.8535393285022617 0.6192799841890954
 0.3006722799383780 0.8541280206163674 0.6199445567972606
 0.3001110417341607 0.8549135243852427 0.6208308334894792
 0.2996767525187899 0.8555203436358889 0.6215150535366366
 0.2992650799998205 0.8560947528753721 0.6221622990580817
 0.2988294738387443 0.8567017035874311 0.6228457088205976
 0.2983504079335705 0.8573681999852645 0.6235955534973155
 0.2979282339048057 0.8579546737318059 0.6242548604831412
 0.2975183657422896 0.8585232737798419 0.6248936543669984
 0.2970843415951043 0.8591245517206587 0.6255687387403241
 0.2966017897267519 0.8597920558070359 0.6263176751171328
 0.2961812401108318 0.8603729364846832 0.6269689628838174
 0.2957755809982776 0.8609324965526484 0.6275959044283872
 0.2953525508551051 0.8615152331630886 0.6282483152511582
 0.2948018252887746 0.8622726786428467 0.6290955270894376
 0.2943725684781393 0.8628621273870859 0.6297542060081092
 0.2939684071404175 0.8634163711175312 0.6303730544303484
 0.2935521090855642 0.8639865066333698 0.6310091577150799
 0.2930415931654590 0.8646846397806173 0.6317873853945185
 0.2926068639736385 0.8652782371843214 0.6324484697202346
 0.2922007645182327 0.8658320001163611 0.6330646580244419
 0.2917898882622728 0.8663915499587427 0.6336867492050120
 0.2913315855313814 0.8670148282627708 0.6343790576101713
 0.2908776229204965 0.8676313147077606 0.6350631820126775
 0.2904611117639564 0.8681961661732048 0.6356894661285168
 0.2900491844677195 0.8687540741964260 0.6363075495587758
 0.2896097120417113 0.8693484948553515 0.6369655159828773
 0.2891111943505156 0.8700217906055142 0.6377100239439893
 0.2886768897058769 0.8706075080080213 0.6383569645669231
 0.2882568770035925 0.8711731990443746 0.6389810970081763
 0.2878148022358604 0.8717678090905014 0.6396363874846835
 0.2872925046024700 0.8724692762530407 0.6404084763246870
 0.2868485358338894 0.8730646575028644 0.6410630303099156
 0.2864197984400274 0.8736388425310562 0.6416936579468590
 0.2859647733564051 0.8742474087488564 0.6423613998459076
 0.2854670735817506 0.8749120814701645 0.6430899239493088
 0.2850261438478442 0.8755000970638155 0.6437336956418142
 0.2845948819115567 0.8760744585082090 0.6443617969819053
 0.2841339261872619 0.8766875377010099 0.6450314024237410
 0.2836455621105468 0.8773361402591858 0.6457388442163184
 0.2832094242086864 0.8779145751629075 0.6463689307997464
 0.2827826177757436 0.8784799015412749 0.6469840160959153
 0.2823308699208679 0.8790774780044078 0.6476334381961438
 0.2818255724518659 0.8797449367627962 0.6483578969917996
 0.2813886817117415 0.8803212273329550 0.6489826072949708
 0.2809672463640041 0.8808764239592578 0.6495837183148261
 0.2805300705551757 0.8814516262129302 0.6502056923510449
 0.2799520580556627 0.8822109934689185 0.6510255170065689
 0.2795034436898539 0.8827994749778152 0.6516598254653941
 0.2790828561289648 0.8833504899007337 0.6522529366614654
 0.2786530768533194 0.8839128484238998 0.6528574454792548
 0.2781543244654615 0.8845645757654754 0.6535569802137697
 0.2776978340237189 0.8851602527321341 0.6541953484070940
 0.2772734136795657 0.8857133762099354 0.6547872276772198
 0.2768495534169327 0.8862650946692419 0.6553767361840707
 0.2763928693330511 0.8868587865435485 0.6560101211815463
 0.2758940765894902 0.8875063330145363 0.6566998267756639
 0.2754536179140950 0.8880773822409367 0.6573070917020487
 0.2750262239551935 0.8886308091855279 0.6578947646496157
 0.2745810633499349 0.8892065286502885 0.6585052090584850
 0.2740037937859303 0.8899520239246578 0.6592942492443012
 0.2735403933934271 0.8905495896730010 0.6599254972423648
 0.2731024948041255 0.8911135560453992 0.6605202075262228
 0.2726497688069141 0.8916958922560991 0.6611332038944917
 0.2720757892880502 0.8924331392828707 0.6619076992668390
 0.2716039022007678 0.8930383737961735 0.6625422404692833
 0.2711549703288098 0.8936134328509805 0.6631441117324817
 0.2706865627519698 0.8942126803813205 0.6637702301640627
 0.2701262659621451 0.8949284714437898 0.6645166384521028
 0.2696554578334045 0.8955290899229712 0.6651416279253752
 0.2691989931951053 0.8961106737656361 0.6657455901775231
 0.2687124265785145 0.8967298163580392 0.6663871850095714
 0.2681994804026579 0.8973816432313491 0.6670611066458345
 0.2677390406774142 0.8979659795684215 0.6676639291573246
 0.2672848510322641 0.8985416758010517 0.6682566551361007
 0.2667952419376362 0.8991614830069810 0.6688935177827614
 0.2662904344543949 0.8997996826636392 0.6695478993509636
 0.2658361940622297 0.9003732213066042 0.6701347602537703
 0.2653899400926313 0.9009360041688015 0.6707094508563637
 0.2649150527239520 0.9015341695165222 0.6713189609647274
 0.2643860611375222 0.9021996051242278 0.6719953871885599
 0.2639295304475903 0.9027731488827032 0.6725770132984843
 0.2634898506203545 0.9033248770954444 0.6731353051981003
 0.2630326618011268 0.9038979076628511 0.6737139021003800
 0.2624504132769388 0.9046267035843916 0.6744479321429394
 0.2619819903234137 0.9052122307956267 0.6750361447618196
 0.2615437062239078 0.9057594467000369 0.6755846157558786
 0.2610969769955994 0.9063165752110237 0.6761417470219787
 0.2605919242659041 0.9069456766604056 0.6767692760927717
 0.2601092023103281 0.9075462087439096 0.6773667314549960
 0.2596651862396657 0.9080979414969137 0.6779142743245776
 0.2592250307725878 0.9086442680939930 0.6784551600286761
 0.2587582414570902 0.9092229937662721 0.6790267069248642
 0.2581905579262539 0.9099258986892591 0.6797189017350829
 0.2577247187187483 0.9105019586438694 0.6802845242037777
 0.2572804577287153 0.9110507155706823 0.6808219277311147
 0.2568220619987636 0.9116163014196265 0.6813743674826520
 0.2562792974878552 0.9122851610923703 0.6820258043497714
 0.2557944320048293 0.9128819196271044 0.6826053279942251
 0.2553401533459110 0.9134403932327420 0.6831462453470853
 0.2548811034824433 0.9140041070940563 0.6836908362655175
 0.2543750299415721 0.9146248414480734 0.6842888533400122
 0.2538613647120002 0.9152541146547823 0.6848932638086401
 0.2533908848730325 0.9158298035989287 0.6854445375392437
 0.2529237016960094 0.9164008195015104 0.6859897280655188
 0.2524212997143069 0.9170141748468895 0.6865735544291857
 0.2518803149803456 0.9176738194519246 0.6871994042744408
 0.2513943277445703 0.9182656874963583 0.6877591933127613
 0.2509135805151968 0.9188505110258697 0.6883107130563038
 0.2503937701463269 0.9194821166872037 0.6889045502950372
 0.2498580900026339 0.9201322078303319 0.6895137634425453
 0.2493670568335138 0.9207274094305401 0.6900696850824900
 0.2488739480099371 0.9213244506381685 0.6906254802374117
 0.2483215680751452 0.9219924554699284 0.6912451004036004
 0.2478033147593595 0.9226184263471555 0.6918235846492735
 0.2473172810294308 0.9232048129871625 0.6923636282806159
 0.2468189117319027 0.9238054148052453 0.6929149281684392
 0.2462151570404456 0.9245321205615732 0.6935795114202014
 0.2457093596784237 0.9251401665707979 0.6941334759536196
 0.2452315770001984 0.9257139071916164 0.6946543834876949
 0.2447355694780773 0.9263088918398046 0.6951926791868821
 0.2440902456686209 0.9270820172736144 0.6958891947667023
 0.2435915487971193 0.9276787300861619 0.6964244904910304
 0.2431214376185038 0.9282406461856516 0.6969267663333294
 0.2426323906927908 0.9288245890427892 0.6974469031731231
 0.2419736622101673 0.9296101670901106 0.6981437381707861
 0.2414785535456277 0.9301998879847928 0.6986646524398042
 0.2410140948560412 0.9307525364154426 0.6991510978946334
 0.2405338835283847 0.9313233562871251 0.6996517639690778
 0.2399341236620285 0.9320354696957451 0.7002737980302276
 0.2394390615242553 0.9326225971463273 0.7007845032730415
 0.2389769542255502 0.9331700937891743 0.7012589814604335
 0.2385084375442751 0.9337246476346724 0.7017378524404081
 0.2379825264438610 0.9343464959279668 0.7022727716690582
 0.2374683926520234 0.9349537684017560 0.7027930403411013
 0.2369998829850097 0.9355065953875097 0.7032648349288386
 0.2365382809611577 0.9360507558832245 0.7037275164340528
 0.2360508667441939 0.9366247927938189 0.7042137423822354
 0.2354055952121088 0.9373838742435942 0.7048537650562818
 0.2349121837893901 0.9379636492435204 0.7053403441144748
 0.2344468878675965 0.9385098654920044 0.7057969610680767
 0.2339666920278195 0.9390730447257291 0.7062659174448321
 0.2333941339133168 0.9397438507251634 0.7068220207304607
 0.2328877006809276 0.9403365576775469 0.7073111034228816
 0.2324154972331449 0.9408886764767815 0.7077647450814259
 0.2319396747026995 0.9414445155238736 0.7082195305511396
 0.2314178819723424 0.9420534690339469 0.7087155714595617
 0.2308727532016466 0.9426890059576610 0.7092308253192149
 0.2303834471579349 0.9432588996153358 0.7096907527295379
 0.2299034509618439 0.9438174364362217 0.7101395828570166
 0.2293967997307150 0.9444064413971566 0.7106108083288888
 0.2287268842402611 0.9451843899859074 0.7112298536877764
 0.2282095785913940 0.9457844543919619 0.7117047026820174
 0.2277164448576537 0.9463559452443014 0.7121547743009734
 0.2271990427939572 0.9469550034442299 0.7126242907847617
 0.2265327441122775 0.9477256229318011 0.7132249014379336
 0.2260037741756318 0.9483367488229151 0.7136985519994998
 0.2254946415462363 0.9489244058160037 0.7141518180638269
 0.2249559156548381 0.9495456362775392 0.7146286259753499
 0.2243471273762406 0.9502469415844231 0.7151639310588227
 0.2238132315660589 0.9508613512993043 0.7156302663178926
 0.2232865271931443 0.9514669200832523 0.7160874351401982
 0.2227160800840198 0.9521221530472003 0.7165793420093293
 0.2221378526777720 0.9527856611383233 0.7170745723891850
 0.2216008091816775 0.9534013192757970 0.7175315319405906
 0.2210531648621201 0.9540285473387492 0.7179945803701002
 0.2204035939342715 0.9547717571222820 0.7185399855738435
 0.2198456438079137 0.9554094880254977 0.7190051170913134
 0.2193070308511958 0.9560245511090300 0.7194511496762801
 0.2187265107053630 0.9566868523396842 0.7199285714860857
 0.2181429562957481 0.9573519750605580 0.7204050167282101
 0.2176097945852584 0.9579591046604439 0.7208373018556674
 0.2170743659252527 0.9585682850111999 0.7212685654183015
 0.2164602280224510 0.9592663666107764 0.7217597363727392
 0.2159048015524324 0.9598971187947349 0.7222007470227733
 0.2153861202399319 0.9604856380312885 0.7226098102273154
 0.2148571440870351 0.9610853402932116 0.7230241974587366
 0.2142231830014624 0.9618034073588155 0.7235170603928086
 0.2136785748755128 0.9624197000909137 0.7239371581922324
 0.2131692512740710 0.9629955936279649 0.7243272870253654
 0.2126493295405150 0.9635830053419339 0.7247228132467086
 0.2120278832020576 0.9642845088803292 0.7251919993599483
 0.2114870554856327 0.9648944708238678 0.7255971654327149
 0.2109836385231896 0.9654617941363479 0.7259716611361312
 0.2104741500605139 0.9660355256519455 0.7263480602539260
 0.2098940028656137 0.9666882981467478 0.7267734344269083
 0.2093461300795092 0.9673042448110013 0.7271719750417803
 0.2088430982891164 0.9678693454045767 0.7275351862501214
 0.2083430899469298 0.9684306415407162 0.7278936539970599
 0.2078032946065864 0.9690361486540336 0.7282777979005962
 0.2072192392809169 0.9696907786484885 0.7286901261214443
 0.2067076108884403 0.9702637853845538 0.7290484996591029
 0.2062120687756216 0.9708183835469355 0.7293930902522576
 0.2056948623203865 0.9713968193363260 0.7297501009296602
 0.2049711396043375 0.9722055257940660 0.7302451219936286
 0.2044391893132418 0.9727994296074211 0.7306055979363907
 0.2039418497668240 0.9733543037163367 0.7309400419245917
 0.2034280281654857 0.9739271760977345 0.7312829616233922
 0.2027808538202066 0.9746481671403101 0.7317111184286943
 0.2022464329354347 0.9752430781483269 0.7320615235954244
 0.2017475260025492 0.9757980786101063 0.7323860686970873
 0.2012404247375166 0.9763618250195498 0.7327134003110582
 0.2006644492159675 0.9770016911287364 0.7330820879625769
 0.2001122178963155 0.9776147357970009 0.7334324916458034
 0.1996053695252901 0.9781770213117295 0.7337514520164145
 0.1991022343077343 0.9787348323985288 0.7340655768638434
 0.1985629599286725 0.9793323204874987 0.7343995018869729
 0.1979491063913844 0.9800119527228482 0.7347761241141129
 0.1974239804256148 0.9805929431873587 0.7350953617495624
 0.1969179274321515 0.9811524804454039 0.7354004352218800
 0.1963904851408906 0.9817353041035602 0.7357157293821769
 0.1956879423011893 0.9825110434621873 0.7361314864472867
 0.1951410898834900 0.9831144250464544 0.7364518060112767
 0.1946274921135930 0.9836807623201592 0.7367500286971078
 0.1940971943525308 0.9842651599729593 0.7370552898549213
 0.1934423768825787 0.9849862886910641 0.7374284936453473
 0.1928863094424853 0.9855982449700049 0.7377421642073801
 0.1923647948360110 0.9861718268535828 0.7380336283720449
 0.1918316653187052 0.9867578377836903 0.7383288778680117
 0.1912086876179638 0.9874421710078221 0.7386704484040099
 0.1906368618027590 0.9880699034595947 0.7389807449874015
 0.1901041481887625 0.9886543495029018 0.7392670586101711
 0.1895651283382076 0.9892453737945566 0.7395540589522107
 0.1889564698500177 0.9899123481289832 0.7398748619606663
 0.1883637521389153 0.9905614437474212 0.7401839085140448
 0.1878171302152118 0.9911597039045689 0.7404659811037166
 0.1872679903660618 0.9917603804344993 0.7407465242157844
 0.1866566439011560 0.9924287058780442 0.7410555450627873
 0.1860455750030982 0.9930963159178352 0.7413609947324667
 0.1854838645181128 0.9937096413408616 0.7416387803803457
 0.1849189628030886 0.9943261081299937 0.7419152680772056
 0.1842887189524175 0.9950134801300562 0.7422203267297179
 0.1836682792649020 0.9956897506306525 0.7425171082028218
 0.1830912707288465 0.9963183223574816 0.7427899615222532
 0.1825034216062559 0.9969583514775354 0.7430648290946055
 0.1818226227061515 0.9976991426124040 0.7433792805750373
 0.1812001096214682 0.9983761051962092 0.7436632271408788
 0.1806041602191172 0.9990238213916955 0.7439318943544027
 0.1799803353235913 0.9997014626533798 0.7442098351222783
 0.1792736309057297  1.000468679839928 0.7445206306156161
 0.1786482546109466  1.001147208661885 0.7447920444704914
 0.1780227782570713  1.001825478822662 0.7450601170585786
 0.1773039594957695  1.002604522687948 0.7453640655269033
 0.1766549764321330  1.003307474519668 0.7456347608218082
 0.1760136638946769  1.004001745406380 0.7458988468181206
 0.1753111541141237  1.004761847892774 0.7461842780474703
 0.1746537551977391  1.005472749810566 0.7464477257404358
 0.1740131421832145  1.006165140735354 0.7467010260096199
 0.1733140923030795  1.006920293250543 0.7469735680675218
 0.1726542246654400  1.007632742937457 0.7472271537614427
 0.1720259481031715  1.008310749764222 0.7474653208772636
 0.1713443171541060  1.009045970503701 0.7477201503823631
 0.1706693255333467  1.009773662371493 0.7479688782523551
 0.1700515925335080  1.010439309245181 0.7481933523799985
 0.1694201848032688  1.011119384012596 0.7484196611556800
 0.1686102006080655  1.011991351349370 0.7487053031400075
 0.1679808505153705  1.012668519721716 0.7489236168350115
 0.1673734172149281  1.013321826943853 0.7491313447190450
 0.1666823667375963  1.014064737873417 0.7493641598102110
 0.1660430234123659  1.014751754760434 0.7495762949594592
 0.1654486730961867  1.015390163427486 0.7497707507855945
 0.1648392617195982  1.016044492962270 0.7499674408284726
 0.1639980342097543  1.016947304960542 0.7502345838746693
 0.1633770257153559  1.017613468369185 0.7504286343334471
 0.1627865634650852  1.018246625698581 0.7506107190942140
 0.1621407206628847  1.018938905201431 0.7508072341966394
 0.1614934732340260  1.019632418656646 0.7510014339496885
 0.1609053629492272  1.020262335243841 0.7511755134874011
 0.1603177758846650  1.020891473354844 0.7513471649946851
 0.1596485709498512  1.021607739207720 0.7515398685580836
 0.1590210133212512  1.022279179483560 0.7517178632628062
 0.1584398364260857  1.022900783674593 0.7518803586270965
 0.1578506677080931  1.023530730416265 0.7520428005025857
 0.1571452819429230  1.024284670314687 0.7522342822482047
 0.1565286606795580  1.024943500588710 0.7523990109333705
 0.1559510654428273  1.025560437553845 0.7525510787509151
 0.1553561802536352  1.026195647027159 0.7527054459920874
 0.1545214606900710  1.027086619858893 0.7529182090832887
 0.1539085849169988  1.027740558681393 0.7530715923323091
 0.1533290774333534  1.028358710019089 0.7532144431225331
 0.1527075199105097  1.029021520300158 0.7533653344129124
 0.1520416411595804  1.029731372893811 0.7535243542294724
 0.1514524413635208  1.030359295600928 0.7536628229611743
 0.1508729358970649  1.030976718173177 0.7537969854435864
 0.1502404307527425  1.031650420250447 0.7539411450317030
 0.1495892578884237  1.032343804324894 0.7540871069833879
 0.1490021935160155  1.032968751728573 0.7542165920194154
 0.1484196281395666  1.033588750756071 0.7543431364169384
 0.1477747286938510  1.034274907387869 0.7544809897146413
 0.1471319950136667  1.034958572720192 0.7546160806897196
 0.1465453107006476  1.035582458992770 0.7547374138205140
 0.1459583819887340  1.036206454572458 0.7548569318928894
 0.1452961263325935  1.036910356383866 0.7549895754317668
 0.1446599028969145  1.037586414258820 0.7551148233592485
 0.1440724665923883  1.038210480981438 0.7552285952863621
 0.1434791508498042  1.038840650509351 0.7553417071454224
 0.1427883226323156  1.039574211140652 0.7554711630049062
 0.1421573781064835  1.040244019090133 0.7555873133839532
 0.1415681515882364  1.040869399785994 0.7556940091260649
 0.1409649103990606  1.041509517715350 0.7558014860272697
 0.1401987620836333  1.042322304694196 0.7559354543709723
 0.1395708447822091  1.042988284810715 0.7560431621262793
 0.1389770414766239  1.043617951930219 0.7561433049728135
 0.1383517901902761  1.044280831025596 0.7562469678259763
 0.1376168374158825  1.045059839203760 0.7563665009058106
 0.1369990199562279  1.045714547639235 0.7564650647491744
 0.1363976222176592  1.046351732819003 0.7565593455933356
 0.1357403551759840  1.047047975555611 0.7566605333696629
 0.1350665547546926  1.047761587009463 0.7567622905908192
 0.1344553219631300  1.048408809390369 0.7568528971078581
 0.1338433048457650  1.049056745624516 0.7569420235474110
 0.1331411713259656  1.049799946077456 0.7570423358516079
 0.1324847742652000  1.050494601261888 0.7571342700037271
 0.1318719304161879  1.051143050320967 0.7572185215427520
 0.1312421566027979  1.051809299979237 0.7573035348893546
 0.1303481277267564  1.052754917530397 0.7574215472655756
 0.1296937666185646  1.053446897476228 0.7575059719041604
 0.1290679826463310  1.054108548968343 0.7575851902393903
 0.1283701484765039  1.054846257724554 0.7576717978103810
 0.1276897246373330  1.055565439361027 0.7577545076100759
 0.1270596303978672  1.056231319347765 0.7578295941278401
 0.1264154251099781  1.056912009274079 0.7579048974319678
 0.1255409090013138  1.057835891373636 0.7580048250988799
 0.1248709616846999  1.058543533149190 0.7580796528835324
 0.1242284373093805  1.059222110343047 0.7581500672786481
 0.1235108545754899  1.059979845499437 0.7582272032870355
 0.1228137201541726  1.060715877144268 0.7583006824293973
 0.1221656859953778  1.061399972664736 0.7583677532014487
 0.1214974201618598  1.062105330293308 0.7584357305169600
 0.1205870414379915  1.063066086291809 0.7585264933685900
 0.1199022058144335  1.063788704381381 0.7585934313506133
 0.1192338468612290  1.064493844141349 0.7586576860092802
 0.1184211415566888  1.065351152734251 0.7587344155276923
 0.1177217991304785  1.066088772304858 0.7587992241456126
 0.1170529991605814  1.066794088929270 0.7588601595701564
 0.1163226234630643  1.067564245871510 0.7589255546573115
 0.1155826255997221  1.068344447146076 0.7589906008233690
 0.1149014536116063  1.069062537544575 0.7590494072605287
 0.1141989350983591  1.069803043616167 0.7591089840194659
 0.1133153065508315  1.070734328852715 0.7591823675914776
 0.1126027262779380  1.071485242016311 0.7592402840525497
 0.1118954563111765  1.072230473915750 0.7592966600525848
 0.1109553814826522  1.073220877528519 0.7593699011398186
 0.1102200246543536  1.073995503026880 0.7594258604569388
 0.1094981732688684  1.074755818317952 0.7594796589412668
 0.1085719649858441  1.075731261190869 0.7595470395428318
 0.1078210585478457  1.076521988225292 0.7596003047515800
 0.1070813955880415  1.077300794011895 0.7596515851246162
 0.1061285396766235  1.078303958606003 0.7597159288090062
 0.1053588781342088  1.079114163427783 0.7597665060122349
 0.1045917992451083  1.079921568903223 0.7598156785236049
 0.1036063863993585  1.080958671580848 0.7598770352306439
 0.1028172718983777  1.081789088529550 0.7599246995327633
 0.1020078033143122  1.082640843687789 0.7599722436386813
 0.1011304693099329  1.083563919351127 0.7600222483540734
 0.1003285835355264  1.084407533480668 0.7600665790302860
 0.9947827032298623E-01  1.085302014550246 0.7601121588651348
 0.9861272441806826E-01  1.086212437065928 0.7601570437082915
 0.9777843713762943E-01  1.087089904101693 0.7601988655681139
 0.9685024358879213E-01  1.088066052866030 0.7602437446686338
 0.9598204705221944E-01  1.088979026920479 0.7602841685735698
 0.9510281955320811E-01  1.089903526946190 0.7603235887167756
 0.9417945451167030E-01  1.090874360217008 0.7603633475210015
 0.9328606888381979E-01  1.091813600848895 0.7604002161029443
 0.9229674506984094E-01  1.092853624840004 0.7604392181857741
 0.9140463117459070E-01  1.093791389107109 0.7604727619304088
 0.9044236858496228E-01  1.094802822725101 0.7605072369032823
 0.8955064345537032E-01  1.095740053640299 0.7605376180131281
 0.8863280335265418E-01  1.096704674155267 0.7605673293614365
 0.8770250112069414E-01  1.097682334956417 0.7605958587357290
 0.8683120255877128E-01  1.098597939080179 0.7606211781149576
 0.8577180592492838E-01  1.099711145370787 0.7606502289389095
 0.8489640800276485E-01  1.100630959635532 0.7606728828275726
 0.8398924030235821E-01  1.101584112752435 0.7606951554925094
 0.8308883211059558E-01  1.102530122761213 0.7607161351728253
 0.8224213994069833E-01  1.103419660880943 0.7607349128239580
 0.8122398552339193E-01  1.104489294776302 0.7607563609372425
 0.8035950784657170E-01  1.105397446621324 0.7607736595313564
 0.7949819998362126E-01  1.106302237951946 0.7607900997309289
 0.7853123579874303E-01  1.107317985114921 0.7608076436478999
 0.7768513951790910E-01  1.108206738082000 0.7608222268676307
 0.7678229255249541E-01  1.109155074962316 0.7608370225494762
 0.7589058466005554E-01  1.110091684662798 0.7608508817304197
 0.7504752097764499E-01  1.110977177387565 0.7608633125803210
 0.7405798130637120E-01  1.112016490520241 0.7608770880823500
 0.7318481894098146E-01  1.112933549492526 0.7608885292773490
 0.7232171778547747E-01  1.113840021384762 0.7608991982890001
 0.7127747360597138E-01  1.114936713687744 0.7609112810989646
 0.7040771064329437E-01  1.115850141696971 0.7609206756472833
 0.6948513361251683E-01  1.116819017057502 0.7609299940188763
 0.6856861472784138E-01  1.117781512975938 0.7609386064771394
 0.6769752905022651E-01  1.118696281700553 0.7609462043705839
 0.6665835892821721E-01  1.119787546510646 0.7609545134600525
 0.6574752732015919E-01  1.120744024831466 0.7609610893504006
 0.6483510861185120E-01  1.121702157846908 0.7609669508387455
 0.6378427071643898E-01  1.122805632291033 0.7609726856300483
 0.6285499705413307E-01  1.123781443795795 0.7609767488118433
 0.6185582966024328E-01  1.124830641572424 0.7609800136393033
 0.6088456252145463E-01  1.125850536582012 0.7609821549758502
 0.5991150432712378E-01  1.126872308833356 0.7609834570703696
 0.5876826363649089E-01  1.128072780921049 0.7609842333546606
 0.5774712141159249E-01  1.129145041132708 0.7609845247617190
 0.5660876440278426E-01  1.130340383391730 0.7609846412542743
 0.5547264930216188E-01  1.131533371355085 0.7609846735112099
 0.5423277346862056E-01  1.132835314171769 0.7609846810587305
 0.5282448163873248E-01  1.134314103715947 0.7609846822718965
 0.5134804243273725E-01  1.135864452025902 0.7609846823797836
 0.4939944860851809E-01  1.137910590552764 0.7609846823858732
 0.4733125564022986E-01  1.140082315239967 0.7609846823858579
 0.4455847471663098E-01  1.142993898866987 0.7609846823858547
 0.3976793154277806E-01  1.148024251950713 0.7609846823858545
 0.2555372457105745E-01  1.162950008233044 0.7609846823858545
-0.3130310331582500E-01  1.222653033362370 0.7609846823858545
-0.1502111797705020  1.347513531925133 0.7609846823858545
