RUNGE KUTTA: X Z PHI
 0.4997919338387438 0.3973734652027661E-01 0.5235987755982988E-02
 0.4984658050571580 0.1986796517103031 0.1602620178300477E-01
 0.4995145122904022 0.9272047521397876E-01 0.5235987758921525E-02
 0.4996994599892965 0.5739838941817732E-01 0.5235987755982988E-02
 0.4993294355135229 0.1280425603332509 0.5338264349901391E-02
 0.4995761615233669 0.8094644661537828E-01 0.5235987755982988E-02
 0.4993213065948730 0.1294905043425641 0.5363956046706753E-02
 0.4994914353778501 0.9712780038038354E-01 0.5235989182154757E-02
 0.4995479194752129 0.8634023120371520E-01 0.5235987755989819E-02
 0.4995084480872156 0.9387864210909030E-01 0.5235987845491375E-02
 0.4995347623459091 0.8885303483884038E-01 0.5235987756256520E-02
 0.4995072876796816 0.9410026159280079E-01 0.5235987870656490E-02
 0.4994852016323743 0.9831834646054260E-01 0.5235991462756648E-02
 0.4994670778515585 0.1017796932709678 0.5236018019511266E-02
 0.4994503048944445 0.1049830173059953 0.5236131206263459E-02
 0.4994331178573241 0.1082652763253195 0.5236539786813809E-02
 0.4994192168458420 0.1109196766767510 0.5237425361255940E-02
 0.4994071459092115 0.1132240851150985 0.5239042979718917E-02
 0.4993962188183633 0.1153092867367347 0.5241713207298698E-02
 0.4993858028666933 0.1172956547121247 0.5245965269160560E-02
 0.4993745889994170 0.1194318683680428 0.5253343685904019E-02
 0.4993639592795743 0.1214533279150610 0.5264171877626359E-02
 0.4993545859786889 0.1232317008797230 0.5277919232098507E-02
 0.4993455614647616 0.1249387803922996 0.5295896470577276E-02
 0.4993349094022262 0.1269450061392232 0.5324497189699648E-02
 0.4993257461853036 0.1286609609209330 0.5356727941511891E-02
 0.4993170682331267 0.1302754298220365 0.5394716444930739E-02
 0.4993075736770535 0.1320274247570348 0.5445498643962731E-02
 0.4992985759805219 0.1336712699466984 0.5503234113434149E-02
 0.4992901143105673 0.1352002701709557 0.5566477784256186E-02
 0.4992795592840966 0.1370814314999573 0.5657777085257628E-02
 0.4992708055726933 0.1386171610200976 0.5743954647896944E-02
 0.4992623458401795 0.1400784488880112 0.5836032981662288E-02
 0.4992523734560583 0.1417702523004454 0.5955139812086522E-02
 0.4992437733931427 0.1432011939497776 0.6066489396571229E-02
 0.4992345351971788 0.1447083409383342 0.6194348623151950E-02
 0.4992255707197157 0.1461405082182943 0.6325869351300685E-02
 0.4992166159688574 0.1475409571338203 0.6463919285618924E-02
 0.4992072377462759 0.1489752066049757 0.6615091475215116E-02
 0.4991981483376543 0.1503337283546592 0.6767538048504970E-02
 0.4991886350206642 0.1517226431873717 0.6932739264537990E-02
 0.4991793170483767 0.1530508396886076 0.7099446655773812E-02
 0.4991695610692424 0.1544080470159586 0.7278222878948534E-02
 0.4991599202283333 0.1557165828388858 0.7457956573695000E-02
 0.4991500597533368 0.1570225224651953 0.7643722608958363E-02
 0.4991400099841793 0.1583211732702359 0.7834112881923384E-02
 0.4991298829633549 0.1595982210791331 0.8026419021684175E-02
 0.4991193128499856 0.1608989045830029 0.8227203345625321E-02
 0.4991086356308785 0.1621809407933583 0.8429852711309561E-02
 0.4990974737797463 0.1634886476403255 0.8641436615260265E-02
 0.4990861835926658 0.1647792340346852 0.8855142095015003E-02
 0.4990744027073878 0.1660931489137514 0.9077711162978140E-02
 0.4990625858121295 0.1673791410813180 0.9300449950087606E-02
 0.4990501334483504 0.1687014164839272 0.9534625666901907E-02
 0.4990377358096675 0.1699860376591296 0.9767247460096006E-02
 0.4990249237134136 0.1712818842318598 0.1000707286887865E-01
 0.4990118516120518 0.1725724431801741 0.1025116330119589E-01
 0.4989986775486787 0.1738423777522146 0.1049659532351360E-01
 0.4989851326935006 0.1751174961318981 0.1074835729798263E-01
 0.4989716220597548 0.1763600132250778 0.1099883282645519E-01
 0.4989575661942903 0.1776230335211172 0.1125867944688962E-01
 0.4989436308161542 0.1788468098543766 0.1151556950586826E-01
 0.4989290019555917 0.1801024965994314 0.1178444285801945E-01
 0.4989145131033037 0.1813182803147829 0.1204984585385640E-01
 0.4988992577898125 0.1825698226313676 0.1232824885045950E-01
 0.4988843317155268 0.1837673419279358 0.1259959410920056E-01
 0.4988684490373113 0.1850136655572497 0.1288714039758945E-01
 0.4988532159389586 0.1861832142063065 0.1316167234682679E-01
 0.4988376127918845 0.1873562054343718 0.1344154959570111E-01
 0.4988214963495211 0.1885424712866677 0.1372930051832499E-01
 0.4988058562289411 0.1896701867991243 0.1400737238073555E-01
 0.4987884003218722 0.1909027384691775 0.1431647458762277E-01
 0.4987717267649040 0.1920554904707653 0.1461059655055554E-01
 0.4987537210673830 0.1932746069767420 0.1492714241948560E-01
 0.4987358380897116 0.1944601249026934 0.1524055104516583E-01
 0.4987172044993819 0.1956697802093219 0.1556607542466626E-01
 0.4986993118714374 0.1968077924034289 0.1587759140147755E-01
 0.4986801585834295 0.1980015423471228 0.1620988226399472E-01
 0.4986622786414183 0.1990940806672918 0.1651900788097196E-01
 0.4986425215763745 0.2002778286583966 0.1685935320822968E-01
 0.4986239306793825 0.2013701191366917 0.1717835693500963E-01
 0.4986038574154852 0.2025270011201245 0.1752140791130491E-01
 0.4985840889059932 0.2036444296935331 0.1785789336475984E-01
 0.4985639778392328 0.2047598577037365 0.1819886924200381E-01
 0.4985427911849787 0.2059126000802356 0.1855659169378470E-01
 0.4985223154372663 0.2070057771999065 0.1890082959620124E-01
 0.4984997892776100 0.2081857007180360 0.1927790110562571E-01
 0.4984788527481822 0.2092618831486892 0.1962688451426460E-01
 0.4984557851140268 0.2104257141072276 0.2000972955840338E-01
 0.4984343801844821 0.2114859464702138 0.2036336429919911E-01
 0.4984104975076266 0.2126474332274414 0.2075609326829170E-01
 0.4983882754280961 0.2137086276223373 0.2111983635307278E-01
 0.4983649649419792 0.2148023708616732 0.2149970366807530E-01
 0.4983413966782820 0.2158887744173148 0.2188199061331599E-01
 0.4983183324574660 0.2169337579385258 0.2225434874118104E-01
 0.4982923949708987 0.2180882785733317 0.2267108099744004E-01
 0.4982687852508736 0.2191209182852426 0.2304864219987709E-01
 0.4982421962140606 0.2202638456514180 0.2347184922777007E-01
 0.4982177982327279 0.2212946398382475 0.2385827961588934E-01
 0.4981915969306268 0.2223832315726848 0.2427123951919371E-01
 0.4981658996337776 0.2234330755662118 0.2467428000560781E-01
 0.4981404153680096 0.2244574471721203 0.2507211142697744E-01
 0.4981115344746542 0.2255989236484078 0.2552071266080925E-01
 0.4980855919915547 0.2266073201446298 0.2592159517721345E-01
 0.4980560538752734 0.2277367057420102 0.2637567818546474E-01
 0.4980292699131303 0.2287441365182001 0.2678533634258220E-01
 0.4980008525615141 0.2297963282500375 0.2721786782668232E-01
 0.4979724779240371 0.2308304186483659 0.2764756752171558E-01
 0.4979448067789025 0.2318235368346274 0.2806449615270348E-01
 0.4979130164378316 0.2329464798263438 0.2854097103617824E-01
 0.4978846796265080 0.2339317716058167 0.2896351235973153E-01
 0.4978527033550043 0.2350265273482008 0.2943792308295605E-01
 0.4978231217411758 0.2360237309263128 0.2987452334991091E-01
 0.4977932098834172 0.2370173851716917 0.3031376474456265E-01
 0.4977605542087029 0.2380859123405668 0.3079081403331727E-01
 0.4977305792932055 0.2390522755758896 0.3122651897681204E-01
 0.4976956540701165 0.2401613995439745 0.3173159742630171E-01
 0.4976644704261586 0.2411369114165618 0.3218019908669995E-01
 0.4976322138501816 0.2421318077690217 0.3264188987645534E-01
 0.4975985996205762 0.2431537435968153 0.3312055441286596E-01
 0.4975668701685459 0.2441049404913295 0.3357016698795121E-01
 0.4975296269052500 0.2452053417553373 0.3409520402702804E-01
 0.4974966868162545 0.2461645945357741 0.3455710842611803E-01
 0.4974623452519706 0.2471511274071148 0.3503619250600649E-01
 0.4974269708201652 0.2481533510599988 0.3552711931445179E-01
 0.4973934416076136 0.2490906135996309 0.3599011978150723E-01
 0.4973537795965677 0.2501838933781327 0.3653493039106050E-01
 0.4973189225155145 0.2511313719584765 0.3701113609412005E-01
 0.4972828422407830 0.2520993661252767 0.3750148551240609E-01
 0.4972451374536737 0.2530975352439750 0.3801119999522647E-01
 0.4972097810252458 0.2540214675862550 0.3848674334610187E-01
 0.4971675910555341 0.2551091747494123 0.3905117891277379E-01
 0.4971306126154194 0.2560496923774584 0.3954317118754207E-01
 0.4970930121402066 0.2569941262099933 0.4004083106104744E-01
 0.4970521983878108 0.2580060966543976 0.4057812307622289E-01
 0.4970148841670332 0.2589196562304161 0.4106680901068220E-01
 0.4969724345520416 0.2599458384015437 0.4161986791372406E-01
 0.4969332401944209 0.2608813087791345 0.4212777878670982E-01
 0.4968943768679831 0.2617978232529868 0.4262879653537660E-01
 0.4968479740323988 0.2628781589311174 0.4322369310072138E-01
 0.4968083223069069 0.2637896169746758 0.4372928740431822E-01
 0.4967655472615990 0.2647611431505815 0.4427193726147560E-01
 0.4967236812524310 0.2657005742506491 0.4480026650747176E-01
 0.4966832858972097 0.2665965746040441 0.4530740600646791E-01
 0.4966343871848666 0.2676678825569880 0.4591790240652093E-01
 0.4965923981758249 0.2685765159577774 0.4643927572157224E-01
 0.4965493744193842 0.2694970313319844 0.4697085049887197E-01
 0.4965031956970791 0.2704735416193614 0.4753844430414277E-01
 0.4964608621339511 0.2713585619252966 0.4805606900616136E-01
 0.4964136077707525 0.2723352783440138 0.4863083919916671E-01
 0.4963688279156394 0.2732502640135467 0.4917267329747912E-01
 0.4963251955796174 0.2741321632068278 0.4969806987801095E-01
 0.4962719715282967 0.2751954061677371 0.5033561254167858E-01
 0.4962267897580515 0.2760874846440748 0.5087392098176970E-01
 0.4961803730604842 0.2769941769120768 0.5142418255891369E-01
 0.4961307190288118 0.2779534367626157 0.5200981829442616E-01
 0.4960852062295786 0.2788232577033875 0.5254399794574983E-01
 0.4960349210462604 0.2797740689600359 0.5313136504415136E-01
 0.4959865288475884 0.2806792189428133 0.5369382566131015E-01
 0.4959398233774960 0.2815438763706762 0.5423407369618023E-01
 0.4958821522950509 0.2825997414937581 0.5489769126044069E-01
 0.4958333565462651 0.2834831974542715 0.5545629929909750E-01
 0.4957842596786072 0.2843631710293066 0.5601577770471819E-01
 0.4957285070252204 0.2853518470140777 0.5664798481754632E-01
 0.4956794510810134 0.2862126879988529 0.5720148476972876E-01
 0.4956271439154196 0.2871214559302943 0.5778881681178625E-01
 0.4955742365469611 0.2880313060510583 0.5837997271921747E-01
 0.4955244150972990 0.2888797039882487 0.5893406196490100E-01
 0.4954680195909460 0.2898304788530153 0.5955829584871149E-01
 0.4954152304086219 0.2907114681975959 0.6013974339728353E-01
 0.4953639801373897 0.2915586631296206 0.6070156898368602E-01
 0.4953000342780660 0.2926047971085799 0.6139893521186779E-01
 0.4952465553033097 0.2934706123259613 0.6197917070423585E-01
 0.4951928806901252 0.2943314804144156 0.6255889061537064E-01
 0.4951309662292867 0.2953146495014159 0.6322435373934851E-01
 0.4950771915860150 0.2961601994437447 0.6379948370969682E-01
 0.4950206031705984 0.2970417984975489 0.6440186145263878E-01
 0.4949619084526679 0.2979475392901721 0.6502365964456236E-01
 0.4949074801769346 0.2987797320157950 0.6559762916538950E-01
 0.4948478901974410 0.2996825315595888 0.6622319182131114E-01
 0.4947893952442323 0.3005604798391793 0.6683436423278916E-01
 0.4947338026189295 0.3013874527478739 0.6741252636170261E-01
 0.4946704903122363 0.3023206608160963 0.6806780587699608E-01
 0.4946115912980457 0.3031807810154554 0.6867446670746488E-01
 0.4945545775782906 0.3040061560976217 0.6925909813658794E-01
 0.4944850885272810 0.3050027571649279 0.6996823124912668E-01
 0.4944253974424427 0.3058507986488673 0.7057435232745228E-01
 0.4943664496134177 0.3066811553770503 0.7117016636155583E-01
 0.4942923117208505 0.3077156625248462 0.7191568561979940E-01
 0.4942318107249934 0.3085519588539424 0.7252102307901101E-01
 0.4941701072110129 0.3093977087253811 0.7313564880654379E-01
 0.4941021972917103 0.3103203410078450 0.7380890543681067E-01
 0.4940415075122747 0.3111377766796731 0.7440772454783631E-01
 0.4939776000629060 0.3119914611840635 0.7503537839677121E-01
 0.4939103641853091 0.3128819227790139 0.7569257151449460E-01
 0.4938486921138382 0.3136919154583253 0.7629264276058995E-01
 0.4937827062568338 0.3145515283666156 0.7693186012838492E-01
 0.4937150787727624 0.3154251354465379 0.7758395784804699E-01
 0.4936522548920895 0.3162301242672028 0.7818697813293339E-01
 0.4935842758207533 0.3170941925164681 0.7883650711925513E-01
 0.4935158863344382 0.3179563105051136 0.7948692735836203E-01
 0.4934518506101614 0.3187571605502088 0.8009329005004776E-01
 0.4933819643386818 0.3196242748473112 0.8075219935463888E-01
 0.4933126044169552 0.3204778761921742 0.8140320640094621E-01
 0.4932473307009305 0.3212749630289512 0.8201316433783555E-01
 0.4931756605771880 0.3221433447094886 0.8267989743307370E-01
 0.4931051893176864 0.3229903837861972 0.8333249670486223E-01
 0.4930386685718420 0.3237838597524713 0.8394588778749514E-01
 0.4929653887274903 0.3246512591839287 0.8461870514792728E-01
 0.4928936610564029 0.3254936152913857 0.8527430855271873E-01
 0.4928258814834628 0.3262836596206112 0.8589109319941325E-01
 0.4927512019746799 0.3271475705936377 0.8656759232870717E-01
 0.4926780814902444 0.3279869122611362 0.8722691610095959E-01
 0.4926090269969193 0.3287737591513397 0.8784689219522659E-01
 0.4925331496401626 0.3296319530128601 0.8852517780961681E-01
 0.4924584792003560 0.3304700816710858 0.8918966101139263E-01
 0.4923881323790075 0.3312539697541795 0.8981291251973952E-01
 0.4923112570132782 0.3321043910272115 0.9049096434233765E-01
 0.4922348806997294 0.3329429845703024 0.9116155498525137E-01
 0.4921632259494983 0.3337241275991473 0.9178801821697477E-01
 0.4920855260762791 0.3345651481606899 0.9246448176977498E-01
 0.4920072287572925 0.3354064125415409 0.9314315357240160E-01
 0.4919342409069963 0.3361851071302591 0.9377307668195613E-01
 0.4918558658550943 0.3370154525288169 0.9444657431042147E-01
 0.4917753659907033 0.3378621449532151 0.9513525972014694E-01
 0.4917009950182542 0.3386389232018440 0.9576884218344907E-01
 0.4916220098792666 0.3394582649049184 0.9643899520371953E-01
 0.4915389281303897 0.3403139559900780 0.9714086755797154E-01
 0.4914630957091296 0.3410895810797507 0.9777874876905000E-01
 0.4913834783226634 0.3418984700114729 0.9844563881289177E-01
 0.4912973780057671 0.3427670536960508 0.9916363189527830E-01
 0.4912199904489515 0.3435423689599570 0.9980622339860953E-01
 0.4911396285336682 0.3443421933141477 0.1004708299615623
 0.4910500585465646 0.3452274241504263 0.1012083767327610
 0.4909710275188917 0.3460031313253387 0.1018562973071955
 0.4908897540369159 0.3467956944917681 0.1025198060479018
 0.4907964636731465 0.3476991154771582 0.1032779821474811
 0.4907157508860651 0.3484753739351683 0.1039310693669350
 0.4906333817310354 0.3492625235890345 0.1045948883767189
 0.4905364598006415 0.3501823399669776 0.1053725538274015
 0.4904540863151537 0.3509587388636295 0.1060305383340116
 0.4903704825818309 0.3517417956702628 0.1066955644084629
 0.4902703734512808 0.3526730171340990 0.1074882518842142
 0.4901864076438831 0.3534487627771394 0.1081501604875861
 0.4901014916526020 0.3542284452512645 0.1088168987972757
 0.4899985186854411 0.3551675034338478 0.1096218505284159
 0.4899130034842300 0.3559420993652848 0.1102873327311579
 0.4898267438635273 0.3567186888440620 0.1109558338234529
 0.4897211220879973 0.3576632099256296 0.1117706531491174
 0.4896340840636150 0.3584363536464839 0.1124391141873483
 0.4895464671780703 0.3592099808369420 0.1131093649108461
 0.4894381411144277 0.3601601103198361 0.1139343735664125
 0.4893495695608891 0.3609318411318205 0.1146058885669176
 0.4892605771856878 0.3617026673356251 0.1152778155808048
 0.4891496174265444 0.3626574586959658 0.1161117590514786
 0.4890595185640182 0.3634276796211223 0.1167858743802235
 0.4889691357877648 0.3641958417531441 0.1174594504429027
 0.4888555005463793 0.3651553563487009 0.1183025544294922
 0.4887638648631252 0.3659241077903891 0.1189793520971195
 0.4886720809592628 0.3666896991500156 0.1196544666775474
 0.4885558319670726 0.3676531386637049 0.1205056028075174
 0.4884626650392110 0.3684203440173335 0.1211846690428657
 0.4883694707652990 0.3691834518499220 0.1218612811805476
 0.4882505163336173 0.3701513137942431 0.1227210925594197
 0.4881558018581564 0.3709170745373699 0.1234025990044516
 0.4880611836574921 0.3716778115584314 0.1240806549164841
 0.4879395856423722 0.3726493387075465 0.1249480702308334
 0.4878433292360317 0.3734135848091780 0.1256316381906310
 0.4877472768694406 0.3741720413163719 0.1263111322636584
 0.4876229997898012 0.3751472852787321 0.1271864371185679
 0.4875251932827501 0.3759100569478841 0.1278722187149217
 0.4874277090844671 0.3766662189026220 0.1285530190717462
 0.4873006946802846 0.3776454019821510 0.1294360368899818
 0.4872013300085288 0.3784067390237597 0.1301237686591463
 0.4871024037769049 0.3791606922922638 0.1308058766809991
 0.4869724301848953 0.3801452600660865 0.1316981650453220
 0.4868714791472264 0.3809053427102593 0.1323881264216394
 0.4867710828637246 0.3816572915970405 0.1330716032527787
 0.4866386069747350 0.3826435657139509 0.1339694206337399
 0.4865361043088458 0.3834021213803440 0.1346610414936644
 0.4864342515786896 0.3841519785423167 0.1353457109792328
 0.4862985628274889 0.3851450120049488 0.1362538894805523
 0.4861944383392395 0.3859025191519205 0.1369477200103564
 0.4860910786361283 0.3866506360565247 0.1376337847400640
 0.4859532646395262 0.3876422928672690 0.1385444676126051
 0.4858476109390931 0.3883980849465004 0.1392395803832904
 0.4857428057644640 0.3891440470644312 0.1399265736490154
 0.4856024436801322 0.3901373103376350 0.1408427174686157
 0.4854951934751825 0.3908918660600429 0.1415396822305336
 0.4853889648531376 0.3916355385664713 0.1422273771547910
 0.4852463964416558 0.3926279193563112 0.1431462690978065
 0.4851375582183950 0.3933811849214860 0.1438447318617105
 0.4850299608122849 0.3941222328150900 0.1445327329059231
 0.4848851932895817 0.3951136675724802 0.1454545195665871
 0.4847747259390314 0.3958659305500791 0.1461548706414350
 0.4846658154604384 0.3966040270351701 0.1468427552099850
 0.4845188496557857 0.3975944992706948 0.1477669618025838
 0.4844067124726322 0.3983460347996301 0.1484691207758191
 0.4842965319766717 0.3990809580374792 0.1491565537872580
 0.4841473575615881 0.4000705298144724 0.1500834000554684
 0.4840334918115166 0.4008217184845668 0.1507878322411880
 0.4839220791121915 0.4015532895447599 0.1514745168723854
 0.4837745294258247 0.4025169925027512 0.1523800538518667
 0.4836590977489220 0.4032668823189190 0.1530854897348828
 0.4835467460627786 0.4039934058965005 0.1537696646303633
 0.4834075689985043 0.4048888647657121 0.1546139024306609
 0.4832905217957729 0.4056381108347237 0.1553210616292092
 0.4831776893757018 0.4063571084950632 0.1560002740372591
 0.4830492043246173 0.4071719918606178 0.1567707583887542
 0.4829290012768354 0.4079306780406430 0.1574888048937506
 0.4828153881666250 0.4086445499724924 0.1581651046797330
 0.4826938458813090 0.4094048213906981 0.1588861014596114
 0.4825656566837060 0.4102028851250753 0.1596437309824315
 0.4824497579182466 0.4109211293654590 0.1603262201981033
 0.4823312792323735 0.4116521594837412 0.1610214300827716
 0.4821766091804654 0.4126016876694745 0.1619252948756112
 0.4820559184499708 0.4133388829555378 0.1626277635780158
 0.4819368027267429 0.4140632921148944 0.1633187081046961
 0.4817748138332339 0.4150434566038685 0.1642546162089083
 0.4816514851661884 0.4157858974515724 0.1649642440370163
 0.4815313725628450 0.4165058632841623 0.1656529109494994
 0.4813804592972942 0.4174061505866124 0.1665147626928682
 0.4812556639483163 0.4181470573239862 0.1672246655407777
 0.4811352734978250 0.4188587866058698 0.1679071914756002
 0.4809978159097271 0.4196678245822185 0.1686837336347528
 0.4808696759039212 0.4204186164248984 0.1694049913259276
 0.4807486242610137 0.4211248944483549 0.1700839740256934
 0.4806195639603974 0.4218747455302250 0.1708053278775736
 0.4804818377450689 0.4226713994691535 0.1715722684923276
 0.4803581631527312 0.4233836905974913 0.1722585354059790
 0.4802324964401182 0.4241045011598067 0.1729535729817714
 0.4800601306085076 0.4250883904325226 0.1739031850254536
 0.4799307160460798 0.4258235177255708 0.1746133173175933
 0.4798040236005526 0.4265402375390419 0.1753061223396120
 0.4796384615249522 0.4274725122169512 0.1762079579964959
 0.4795073361442395 0.4282074308866408 0.1769194681220831
 0.4793803680044554 0.4289161835681257 0.1776061873313660
 0.4792312320478412 0.4297451201842942 0.1784100407708545
 0.4790975994463661 0.4304846560898174 0.1791277794619705
 0.4789704414177081 0.4311855599619268 0.1798084746370156
 0.4788329572401254 0.4319403433051747 0.1805419548807751
 0.4786913049794662 0.4327147440528148 0.1812950155802827
 0.4785620618147674 0.4334184465999542 0.1819798293897581
 0.4784297002856918 0.4341363316564454 0.1826789739375947
 0.4782531453366390 0.4350895544554307 0.1836081167666389
 0.4781179888855693 0.4358159439333962 0.1843167024534241
 0.4779853081488487 0.4365262589427566 0.1850100060996756
 0.4778149902054967 0.4374340933305616 0.1858966579626329
 0.4776775589355396 0.4381634152199916 0.1866094608479745
 0.4775449070606927 0.4388646784797258 0.1872953046198597
 0.4773929003656812 0.4396650411222782 0.1880786335564110
 0.4772519370260511 0.4404042176436668 0.1888025686042895
 0.4771188761362382 0.4410993015769600 0.1894836904592468
 0.4769776481618003 0.4418342590854448 0.1902042380150246
 0.4768243158869961 0.4426289908898893 0.1909838105968039
 0.4766880669883223 0.4433323985909246 0.1916742165562516
 0.4765507374939400 0.4440387661936940 0.1923679614054424
 0.4763702536459821 0.4449631487995343 0.1932764785655022
 0.4762279415449600 0.4456888969277345 0.1939902324413137
 0.4760903902057152 0.4463877728792119 0.1946778880974273
 0.4759308349739486 0.4471952873524955 0.1954728236649161
 0.4757854173756401 0.4479283265894003 0.1961948387851901
 0.4756477276918850 0.4486198669712215 0.1968763742140618
 0.4755008763511855 0.4493547231293290 0.1976010473223427
 0.4753436019665355 0.4501386804214232 0.1983746268334501
 0.4752028901892076 0.4508374273685789 0.1990644908743511
 0.4750607705045735 0.4515406500251526 0.1997590760074514
 0.4748733778876009 0.4524640656730989 0.2006716029230929
 0.4747261755375690 0.4531864204716060 0.2013858463056971
 0.4745839826288199 0.4538817012304592 0.2020737024093081
 0.4744196359131460 0.4546822883055137 0.2028662128737767
 0.4742691256857608 0.4554126624354178 0.2035896141170831
 0.4741268538509980 0.4561006131849143 0.2042712825682296
 0.4739757536151549 0.4568286770906963 0.2049929612016423
 0.4738116148918151 0.4576165894780163 0.2057742794031445
 0.4736659474869641 0.4583132648892536 0.2064654429424113
 0.4735195074992634 0.4590112241072358 0.2071582180279390
 0.4733344016191278 0.4598900482800416 0.2080309917890362
 0.4731823770525466 0.4606089835392681 0.2087453182447926
 0.4730362441489432 0.4612976765494239 0.2094298287085373
 0.4728729239141731 0.4620646363983532 0.2101923752999643
 0.4727152443549260 0.4628023973250665 0.2109261647548487
 0.4725682282546019 0.4634878907188726 0.2116082608593375
 0.4724153650771507 0.4641982404391375 0.2123154251876139
 0.4722325138191957 0.4650447527257656 0.2131585781281137
 0.4720800542076377 0.4657479358258451 0.2138592821415731
 0.4719296045170129 0.4664395270226681 0.2145486665843630
 0.4717503370871778 0.4672606070985703 0.2153674175801262
 0.4715927276914587 0.4679798376985795 0.2160849111247136
 0.4714426186272392 0.4686625573883655 0.2167662961203236
 0.4712808404068708 0.4693958784733941 0.2174985515463015
 0.4711121499330755 0.4701578268905049 0.2182597718126093
 0.4709594077732352 0.4708453795900231 0.2189469448499976
 0.4708045294004882 0.4715402798812197 0.2196416830566784
 0.4705993098108401 0.4724575656725334 0.2205590872026755
 0.4704390316243885 0.4731712404825816 0.2212731601885944
 0.4702844529860077 0.4738572889323924 0.2219598871830316
 0.4701081207347471 0.4746372141916667 0.2227409429556459
 0.4699437877798627 0.4753615286922419 0.2234666050072256
 0.4697891322649303 0.4760409739407110 0.2241475150460585
 0.4696266299814988 0.4767525995152552 0.2248608413151689
 0.4694418901486803 0.4775587806105361 0.2256691586928025
 0.4692824731553710 0.4782520616393153 0.2263644968825009
 0.4691241386907030 0.4789384596799925 0.2270531697812726
 0.4689360304825723 0.4797511388643158 0.2278688497282352
 0.4687700805521154 0.4804655950505788 0.2285861711112983
 0.4686122183397252 0.4811430829183187 0.2292665156401408
 0.4684429395798935 0.4818672598655954 0.2299938634965432
 0.4682638989046523 0.4826306248771156 0.2307607186961124
 0.4681029569240698 0.4833145863359004 0.2314479836130244
 0.4679406380859670 0.4840022729114040 0.2321392002356572
 0.4677373451911682 0.4848605680787795 0.2330021984762883
 0.4675688630709966 0.4855694025383038 0.2337151197966786
 0.4674073478894767 0.4862468262118819 0.2343965709158681
 0.4672300000527482 0.4869883086745095 0.2351425765135217
 0.4670533445137228 0.4877244772445802 0.2358833825242784
 0.4668903456356385 0.4884016122801094 0.2365649630427972
 0.4667231760912418 0.4890939752536954 0.2372620883015350
 0.4664871154090311 0.4900680798114619 0.2382432554189736
 0.4663151410362688 0.4907751159979800 0.2389556223339246
 0.4661480910845306 0.4914598155402696 0.2396455956398938
 0.4659471153423508 0.4922808632818397 0.2404730975357361
 0.4657732207881960 0.4929889129076532 0.2411868623787246
 0.4656073883203520 0.4936621119598337 0.2418656670516615
 0.4654291846750486 0.4943833480115622 0.2425931129547556
 0.4652425604470732 0.4951362598908940 0.2433527013869025
 0.4650738386770641 0.4958148476858705 0.2440374176032784
 0.4649035871936909 0.4964975849386550 0.2447263767165022
 0.4646910758172899 0.4973469938762142 0.2455835872838932
 0.4645141811300530 0.4980516950867326 0.2462948475915071
 0.4643448664061998 0.4987242198361408 0.2469737480155081
 0.4641605074142875 0.4994543172004268 0.2477109125661438
 0.4639738814661307 0.5001910930232377 0.2484549443590997
 0.4638026482045866 0.5008650829982536 0.2491356288951625
 0.4636285294080075 0.5015484676222041 0.2498258160828642
 0.4633928887320226 0.5024701911629739 0.2507567376115623
 0.4632125350955232 0.5031732514451358 0.2514668833129831
 0.4630391655623302 0.5038471385445596 0.2521476677905432
 0.4628429705452672 0.5046074648852209 0.2529159174304668
 0.4626580421123894 0.5053219282243544 0.2536379306943365
 0.4624846868269066 0.5059897559547992 0.2543128581909080
 0.4623046359081384 0.5066814235137539 0.2550118886344300
 0.4620874021532317 0.5075133017662294 0.2558526448409558
 0.4619071033473344 0.5082015774770474 0.2565483324337068
 0.4617306630089051 0.5088732401835533 0.2572273293066419
 0.4615282192933117 0.5096416143974024 0.2580042260539588
 0.4613406947025017 0.5103512105266153 0.2587217787333673
 0.4611644184098665 0.5110163708326628 0.2593944173429449
 0.4609804079446903 0.5117087954620594 0.2600946080305329
 0.4607646561104451 0.5125181852104371 0.2609130524288410
 0.4605819765576067 0.5132014325695075 0.2616039625470159
 0.4604025634265619 0.5138706288102680 0.2622807168538912
 0.4601968979777528 0.5146355259460447 0.2630543204862549
 0.4600057744505811 0.5153442331277152 0.2637711153382956
 0.4598264348655353 0.5160074136848972 0.2644418250337201
 0.4596395637235680 0.5166965747734616 0.2651387300401222
 0.4594176651631715 0.5175124548982966 0.2659636737313448
 0.4592315268104439 0.5181948100936817 0.2666535638814852
 0.4590491610164975 0.5188615443979757 0.2673276608069597
 0.4588410608707137 0.5196202155435435 0.2680947206768258
 0.4586462962754780 0.5203282110974763 0.2688105201518599
 0.4584639537229641 0.5209892616996159 0.2694787864379588
 0.4582745523591311 0.5216740851170172 0.2701709792950669
 0.4580441828519819 0.5225045623547806 0.2710102578341656
 0.4578543472592541 0.5231868903857473 0.2716997532973796
 0.4576690363143094 0.5238512047545739 0.2723710342348202
 0.4574583455047192 0.5246044177081628 0.2731321452696183
 0.4572600940641332 0.5253111504661784 0.2738462542736216
 0.4570747807410574 0.5259700128278266 0.2745119131728319
 0.4568828135124743 0.5266507648136137 0.2751995704478548
 0.4566428815648002 0.5274991003204650 0.2760563489539703
 0.4564492333032370 0.5281817733430492 0.2767457305459974
 0.4562608696917567 0.5288441027136839 0.2774145374921017
 0.4560472272368885 0.5295932886589079 0.2781710250721195
 0.4558454382976871 0.5302989418398366 0.2788834960327200
 0.4556570308046445 0.5309560897757883 0.2795468894221023
 0.4554622462000849 0.5316337569225824 0.2802308534528351
 0.4552127423062284 0.5324992567931230 0.2811041809450569
 0.4550153038396941 0.5331821432148255 0.2817931128077159
 0.4548238321342747 0.5338427142510253 0.2824594582627332
 0.4546069590253284 0.5345889388110837 0.2832121234906070
 0.4544017349423563 0.5352931585750967 0.2839223000035285
 0.4542102749799896 0.5359484746316180 0.2845829972015574
 0.4540126226102200 0.5366233045767678 0.2852631634989777
 0.4537539438536299 0.5375039332480903 0.2861504383701267
 0.4535528647478864 0.5381864856488525 0.2868379365902744
 0.4533582949009634 0.5388453007136573 0.2875013961904384
 0.4531377353857784 0.5395901786374225 0.2882513850523589
 0.4529293982321883 0.5402919015580906 0.2889577563783482
 0.4527350118993055 0.5409450028555962 0.2896149940026985
 0.4525344035480594 0.5416173688191769 0.2902913963028569
 0.4522689487737671 0.5425045360396514 0.2911835577060453
 0.4520644819259991 0.5431859206387608 0.2918685764683411
 0.4518668233495440 0.5438430105986692 0.2925290545907840
 0.4516426938539799 0.5445862033408296 0.2932759613733881
 0.4514310917968617 0.5452860203526098 0.2939791352866206
 0.4512336755028985 0.5459373257973478 0.2946333987973722
 0.4510300580255359 0.5466074874540167 0.2953064041938007
 0.4507563248454403 0.5475058753899321 0.2962082898946397
 0.4505482925416337 0.5481866982897045 0.2968915679263727
 0.4503475183028783 0.5488421948661865 0.2975493075047308
 0.4501199806865291 0.5495832153456836 0.2982927267721002
 0.4499049539756840 0.5502816940356641 0.2989932941856374
 0.4497044416827391 0.5509314625979220 0.2996448006909476
 0.4494978383229162 0.5515994034199430 0.3003142797080416
 0.4492135620326501 0.5525158800778266 0.3012324481089364
 0.4490018309608660 0.5531965539963444 0.3019141050027293
 0.4487978659927804 0.5538507196838446 0.3025690344055356
 0.4485660753346009 0.5545923056811184 0.3033112818300286
 0.4483481143290223 0.5552878883170901 0.3040072565421823
 0.4481446982207724 0.5559355282763718 0.3046550182716704
 0.4479349725416641 0.5566017256581756 0.3053210654922855
 0.4476477814657416 0.5575114909642165 0.3062301866519211
 0.4474330088844846 0.5581899729716787 0.3069079127302922
 0.4472260857344796 0.5588421515118432 0.3075591914887548
 0.4469914169282885 0.5595800018486753 0.3082958384153725
 0.4467699933024858 0.5602744870695194 0.3089889864677855
 0.4465635551416728 0.5609204778375367 0.3096335132722935
 0.4463510821386082 0.5615838584989892 0.3102951380309781
 0.4460450370659060 0.5625367447988707 0.3112450597499281
 0.4462491676946280 0.5619015195638135 0.3106118660844757
 0.4460471614526045 0.5625301411155366 0.3112384782315786
 0.4458402361068102 0.5631726727409962 0.3118787620200307
 0.4456314698488311 0.5638194964322251 0.3125231575594158
 0.4453956486977360 0.5645484355850247 0.3132491708714973
 0.4451697863904173 0.5652449030398493 0.3139426220259329
 0.4449600335061616 0.5658902265010173 0.3145849079857984
 0.4447451734997238 0.5665498055028286 0.3152411017591922
 0.4444394551427853 0.5674857797904062 0.3161717767609044
 0.4442167818750311 0.5681656561866769 0.3168474809695017
 0.4440039677498194 0.5688139834463581 0.3174916171398596
 0.4437654541147809 0.5695389338338556 0.3182116488523067
 0.4435359773861194 0.5702347631417436 0.3189024998999792
 0.4433231923936659 0.5708785396705118 0.3195414041790826
 0.4431056552255072 0.5715352715109203 0.3201928714980769
 0.4428102576361827 0.5724247739725434 0.3210747774591421
 0.4425848201469474 0.5731018542744817 0.3217457680907415
 0.4423697774336444 0.5737463068074110 0.3223842286662141
 0.4421335541681338 0.5744526601793001 0.3230838215968654
 0.4418970670599178 0.5751581624291778 0.3237823558544512
 0.4416805317828344 0.5758027135608406 0.3244203161050710
 0.4414616537509855 0.5764528583148273 0.3250635648743008
 0.4411957538191793 0.5772408207753510 0.3258428333824514
 0.4409665440480984 0.5779184353477249 0.3265127140684755
 0.4407497691979147 0.5785579167615406 0.3271447223818670
 0.4405212895710076 0.5792304926556473 0.3278092813912976
 0.4402595086809592 0.5799992997783583 0.3285687131928212
 0.4400355360996514 0.5806555562429361 0.3292167433819134
 0.4398157485685827 0.5812982019091953 0.3298510910408963
 0.4395696810303121 0.5820161142990975 0.3305594300448776
 0.4393313031785677 0.5827100159679610 0.3312437947529454
 0.4391108378228047 0.5833504042057930 0.3318751737101244
 0.4388862633582125 0.5840013816927050 0.3325168204346186
 0.4385988164673233 0.5848326385826920 0.3333359135043955
 0.4383654752425785 0.5855058137234762 0.3339989972900512
 0.4381438101661417 0.5861439719607471 0.3346273513402563
 0.4379062844771059 0.5868263604483125 0.3352989832937940
 0.4376519725323026 0.5875553433153649 0.3360161882691168
 0.4374257845568953 0.5882023009900015 0.3366524948807681
 0.4372010042864321 0.5888439270128398 0.3372834191171381
 0.4369444763304995 0.5895745953671132 0.3380017567646458
 0.4367036743899608 0.5902589481663723 0.3386744054576146
 0.4364792307729473 0.5908954911716888 0.3392998938713801
 0.4362487876091865 0.5915477324225347 0.3399406151572451
 0.4359189370822889 0.5924790277632804 0.3408551360690148
 0.4356802670585534 0.5931512035771279 0.3415150174087051
 0.4354524240255289 0.5937915782774703 0.3421435770766301
 0.4351984377836728 0.5945039332664177 0.3428426866621136
 0.4349514330848439 0.5951952017635523 0.3435209726157791
 0.4347232914248421 0.5958323693648766 0.3441460168184723
 0.4344913323063903 0.5964789157696704 0.3447800717993681
 0.4342006880611212 0.5972872226734903 0.3455724852148798
 0.4339591772749223 0.5979573597777774 0.3462292469447802
 0.4337303297589468 0.5985910896114163 0.3468502049526215
 0.4334875331910346 0.5992621045849430 0.3475075930969255
 0.4332173476336315 0.6000071985849643 0.3482374244034754
 0.4329821725746559 0.6006543665647656 0.3488711908910081
 0.4327505982945633 0.6012903807043676 0.3494938743365572
 0.4324917804070239 0.6019997654537137 0.3501881990412693
 0.4322398653197873 0.6026887659834674 0.3508624143750108
 0.4320073000478123 0.6033235687114201 0.3514835086876315
 0.4317710284348886 0.6039672415678413 0.3521132395227826
 0.4314776015722995 0.6047648830857075 0.3528935637144844
 0.4312312531789904 0.6054330692005182 0.3535471835093930
 0.4309980710707538 0.6060643073103220 0.3541645754051232
 0.4307516526408146 0.6067300776058903 0.3548156313764584
 0.4304719472284951 0.6074841737581825 0.3555529380572149
 0.4302314130324555 0.6081313030417640 0.3561855956375689
 0.4299955569129157 0.6087646324130045 0.3568047424379654
 0.4297339709038597 0.6094656542246429 0.3574900590035873
 0.4294754386910243 0.6101570551660602 0.3581659412044346
 0.4292379643931645 0.6107908885141662 0.3587854827727711
 0.4289978848542860 0.6114304636963185 0.3594105417137899
 0.4287095030876938 0.6121971152212408 0.3601596629207803
 0.4284574955896671 0.6128656444090117 0.3608128263649131
 0.4282200304175843 0.6134943880221938 0.3614270984095800
 0.4279721329512932 0.6141495101894049 0.3620671554345285
 0.4276667893484560 0.6149547102185989 0.3628538637662342
 0.4274188864500256 0.6156070360979592 0.3634912005669257
 0.4271787634265340 0.6162376996231466 0.3641073376965566
 0.4269146570379301 0.6169300077938866 0.3647836541016554
 0.4266494407450636 0.6176238145010056 0.3654614181716304
 0.4264071789991210 0.6182563431027953 0.3660793552460688
 0.4261633720403006 0.6188917276473180 0.3667001557201233
 0.4258772088692655 0.6196359962812968 0.3674274513571029
 0.4256192440387353 0.6203055439336780 0.3680818079010428
 0.4253772446706801 0.6209324690202896 0.3686945378543647
 0.4251269089678464 0.6215797901447266 0.3693272037361676
 0.4247808441670830 0.6224726505317545 0.3701998580444243
 0.4245247433117342 0.6231319160783483 0.3708442532286101
 0.4242794234388256 0.6237622514087725 0.3714604502624092
 0.4240079443872276 0.6244584652013915 0.3721411557694797
 0.4237396067747841 0.6251452503931445 0.3728127354903035
 0.4234932991173215 0.6257744572601879 0.3734280581446573
 0.4232447089333550 0.6264083413276476 0.3740479735882964
 0.4229502067997479 0.6271578050526635 0.3747809485942774
 0.4226880624630437 0.6278235690634799 0.3754321310572111
 0.4224417513721988 0.6284479655739550 0.3760429594297007
 0.4221862755927081 0.6290944168746083 0.3766755117072599
 0.4218472353728826 0.6299504762379501 0.3775134104184958
 0.4215877151863388 0.6306043396423057 0.3781535620272544
 0.4213384930037263 0.6312311108505378 0.3787672883735675
 0.4210646399105059 0.6319185379008944 0.3794405090562385
 0.4207894353792433 0.6326080047902903 0.3801158577530380
 0.4205382861268425 0.6332360288292839 0.3807311764002905
 0.4202860549822535 0.6338656327194254 0.3813482249589905
 0.4199940341526490 0.6345931550293035 0.3820614768803695
 0.4197253709929186 0.6352611630593521 0.3827165794446041
 0.4194743534302960 0.6358841572141091 0.3833276688334906
 0.4192164924767883 0.6365229949186640 0.3839544021055395
 0.4188600725255711 0.6374041141329845 0.3848190030772098
 0.4185933864068117 0.6380619694669118 0.3854647067890493
 0.4183400029349342 0.6386858824377996 0.3860772862024553
 0.4180650327522142 0.6393617114600081 0.3867410772376952
 0.4177808070920745 0.6400589413984847 0.3874261443083110
 0.4175243889655764 0.6406867873499769 0.3880432353199795
 0.4172688247328930 0.6413114436330593 0.3886573553555117
 0.4169797608617546 0.6420166645457336 0.3893508791441717
 0.4167036378440472 0.6426890156892040 0.3900123104212040
 0.4164478037749607 0.6433108369351604 0.3906242825968520
 0.4161877023906848 0.6439419238591187 0.3912456574777232
 0.4158691204986554 0.6447133898336869 0.3920056524044751
 0.4155971760553147 0.6453706086545083 0.3926534190075626
 0.4153406695570900 0.6459894160540026 0.3932635569008086
 0.4150725118130433 0.6466351928034823 0.3939004980411749
 0.4147427129198522 0.6474278252802568 0.3946825866548395
 0.4144748517732442 0.6480703145550363 0.3953168103101445
 0.4142160549306660 0.6486899749095738 0.3959287753675965
 0.4139344709975205 0.6493629877746414 0.3965937589266129
 0.4136436352829329 0.6500567968026596 0.3972796378026864
 0.4133811709658918 0.6506817806460978 0.3978977505316545
 0.4131196621552564 0.6513034153032436 0.3985127833402965
 0.4128245450547062 0.6520036587564156 0.3992058692292035
 0.4125415410794735 0.6526738897866046 0.3998695656539156
 0.4122797198761379 0.6532928511186709 0.4004828202480241
 0.4120140483944250 0.6539198355743294 0.4011043898834353
 0.4116931594569174 0.6546756899859888 0.4018542308627735
 0.4114146423649176 0.6553304629877538 0.4025042327102021
 0.4111526020278256 0.6559454237597335 0.4031150521249864
 0.4108804557821827 0.6565830009133207 0.4037486614386046
 0.4105154545566949 0.6574363642076190 0.4045972421607765
 0.4102386443221926 0.6580822070042094 0.4052399069855830
 0.4099735696146251 0.6586995966473247 0.4058546498766483
 0.4096846061663795 0.6593714356870521 0.4065240559261769
 0.4093880444260135 0.6600596551690121 0.4072102433414811
 0.4091197282005528 0.6606812090180199 0.4078303207545612
 0.4088521253825609 0.6613000574414870 0.4084480020212052
 0.4085498770960567 0.6619977666552295 0.4091447450144895
 0.4082605380663344 0.6626644303460275 0.4098108577021039
 0.4079929381686070 0.6632799249635575 0.4104262105131323
 0.4077217428759353 0.6639026344815578 0.4110491739386015
 0.4073979409162433 0.6646447527441280 0.4117921381928235
 0.4071127004394994 0.6652972488140745 0.4124458516199274
 0.4068449952679182 0.6659085772152721 0.4130586957832275
 0.4065685280129397 0.6665388465245089 0.4136908911399368
 0.4061665611900948 0.6674532930916928 0.4146088111028115
 0.4064346323366355 0.6668437030379311 0.4139968130002212
 0.4061700537607959 0.6674453575397359 0.4146008417015697
 0.4059004946733685 0.6680573254497385 0.4152156264985243
 0.4056310502159228 0.6686680158197642 0.4158295687103757
 0.4053379883639595 0.6693310842174610 0.4164966870625381
 0.4050314078607815 0.6700234615610299 0.4171938554990960
 0.4047562926200303 0.6706436703630539 0.4178188062865720
 0.4044832710326351 0.6712581274866495 0.4184383465217354
 0.4041787701051010 0.6719422237660305 0.4191285383129861
 0.4038803567565833 0.6726114131293230 0.4198041571489853
 0.4036063336788221 0.6732248390698365 0.4204239235210958
 0.4033306758957355 0.6738408963027885 0.4210468161490433
 0.4030131792375327 0.6745491847412405 0.4217635638981239
 0.4027187028867016 0.6752049049532370 0.4224276764607033
 0.4024446648007350 0.6758140698371290 0.4230450954338409
 0.4021654819220123 0.6764336393768690 0.4236734946678729
 0.4018254531444407 0.6771868386883804 0.4244380290153816
 0.4015328866552449 0.6778336775899234 0.4250951713690194
 0.4012575195976272 0.6784414577618928 0.4257131584253325
 0.4009715179704530 0.6790716542555747 0.4263545064108726
 0.4005815312554631 0.6799292520948134 0.4272282041266815
 0.4002899315364161 0.6805691960837240 0.4278808114992066
 0.4000112790222783 0.6811796938669431 0.4285038628502544
 0.3997079564455486 0.6818430986926641 0.4291814076584024
 0.3993958452858293 0.6825244870174121 0.4298778684629391
 0.3991142278104780 0.6831382290976796 0.4305056945847231
 0.3988344819235902 0.6837468876805229 0.4311288271188622
 0.3985238429311521 0.6844215931159479 0.4318201821652016
 0.3982159497296115 0.6850891253902038 0.4325047984482221
 0.3979342554479453 0.6856988060789188 0.4331305842710751
 0.3976519464694515 0.6863088136753062 0.4337571622540671
 0.3973319728062297 0.6869989963755360 0.4344666453149607
 0.3970266967883035 0.6876562824438025 0.4351428934661098
 0.3967442127344982 0.6882634608561863 0.4357681418188923
 0.3964581894477465 0.6888772369674110 0.4364007642302423
 0.3961208843131714 0.6895997578395122 0.4371462350463057
 0.3958185163656874 0.6902462497202986 0.4378139400356507
 0.3955356036493777 0.6908501276302923 0.4384381729444904
 0.3952453172863931 0.6914687264975210 0.4390781323608463
 0.3948687571008435 0.6922696440197128 0.4399074603213488
 0.3945677156258232 0.6929087001316292 0.4405698217953108
 0.3942836707929433 0.6935106705070454 0.4411942945165260
 0.3939854561582001 0.6941416243374915 0.4418494254114921
 0.3936246501736249 0.6949035796539875 0.4426413731239097
 0.3933280479529745 0.6955287824017274 0.4432917997282790
 0.3930417872087716 0.6961311924786620 0.4439190056924691
 0.3927339652740471 0.6967778905987447 0.4445928484035292
 0.3924027169319345 0.6974725529620520 0.4453173013266725
 0.3921095943150701 0.6980861833691235 0.4459578407369961
 0.3918209509622086 0.6986894508865480 0.4465881506988942
 0.3915047614526094 0.6993491712020229 0.4472781382932874
 0.3911819293863590 0.7000215482303596 0.4479821007439221
 0.3908897897403043 0.7006289570083416 0.4486186496908623
 0.3905993210373129 0.7012319118875373 0.4492510664307419
 0.3902769516033056 0.7018999466137497 0.4499523458658326
 0.3899569505320563 0.7025618919644304 0.4506478685061485
 0.3896646231008519 0.7031655672631543 0.4512827451187283
 0.3893725129874368 0.7037678194516044 0.4519167007382619
 0.3890460028333397 0.7044398464266446 0.4526247884681346
 0.3887258858297245 0.7050975418189684 0.4533184481657787
 0.3884321073353764 0.7057001050831725 0.4539545057358477
 0.3881373335605154 0.7063037335166036 0.4545921791514531
 0.3878034489922160 0.7069862749525910 0.4553138015034556
 0.3874843903822300 0.7076373447865602 0.4560027587519546
 0.3871894920675565 0.7082381054826514 0.4566390514951209
 0.3868915717553609 0.7088440428706911 0.4572814218105005
 0.3865452328184010 0.7095472250282393 0.4580276505597667
 0.3862283986042126 0.7101893454974308 0.4587097787506420
 0.3859332631890036 0.7107864981847147 0.4593446989105620
 0.3856328023325513 0.7113934470875946 0.4599905563611449
 0.3852727443657226 0.7121194895827145 0.4607638160028618
 0.3849567142990539 0.7127555914280337 0.4614419058992705
 0.3846607873748591 0.7133502501645951 0.4620763684798010
 0.3843573042775491 0.7139591120544428 0.4627265554827902
 0.3839766544307794 0.7147213904299730 0.4635413772073657
 0.3836601564945948 0.7153540190515468 0.4642182540011438
 0.3833621572648366 0.7159486952495447 0.4648550142952985
 0.3830523138541864 0.7165660064926213 0.4655164913122667
 0.3826214072665883 0.7174228264907869 0.4664354406397851
 0.3823046614774893 0.7180513993124112 0.4671102573208331
 0.3820029488143537 0.7186491594239677 0.4677525652744790
 0.3816762994792242 0.7192952504163772 0.4684474583105953
 0.3813345676277687 0.7199699823676823 0.4691738697022261
 0.3810286574933034 0.7205729564949517 0.4698236085020092
 0.3807266733165069 0.7211672414558876 0.4704644824319712
 0.3803971792529501 0.7218145901601695 0.4711631157635979
 0.3800559643641896 0.7224837895491384 0.4718859186760185
 0.3797492416661715 0.7230843236148878 0.4725350863573963
 0.3794461485701107 0.7236768074441600 0.4731760644570815
 0.3791160585963620 0.7243210008885349 0.4738735670823052
 0.3787711225826407 0.7249929866528291 0.4746017827913063
 0.3784618954177709 0.7255943842484899 0.4752540005532990
 0.3781564183099727 0.7261875431482379 0.4758977094083814
 0.3778228992252780 0.7268340832360058 0.4765998184171677
 0.3774774727438872 0.7275025339945982 0.4773262616398942
 0.3771665584194427 0.7281031823426783 0.4779795346697071
 0.3768585170089516 0.7286973342594425 0.4786262635550548
 0.3765194938310539 0.7293501588543332 0.4793374788968891
 0.3761764739520340 0.7300095262641157 0.4800564699499448
 0.3758653499338588 0.7306065823857306 0.4807080386395812
 0.3755562031978796 0.7311989053887544 0.4813548935995242
 0.3752155664441512 0.7318504833585007 0.4820669495511626
 0.3748712800399761 0.7325078963712262 0.4827859027323222
 0.3745590624842346 0.7331030814811371 0.4834372739655964
 0.3742492763886615 0.7336927015694344 0.4840830161460707
 0.3739103607377147 0.7343367069636088 0.4847888491786476
 0.3735602610135756 0.7350008082440078 0.4855172609409988
 0.3732450170664828 0.7355977903569071 0.4861724949627667
 0.3729331725648881 0.7361874044519621 0.4868200205713784
 0.3725928841736313 0.7368297461942006 0.4875258707623312
 0.3722391540840877 0.7374963013921769 0.4882588156604422
 0.3719212186428165 0.7380944015103833 0.4889169554406518
 0.3716065820212202 0.7386853624163131 0.4895677152713361
 0.3712615793226060 0.7393322941371745 0.4902806730732554
 0.3709090034390892 0.7399922810919030 0.4910086082480394
 0.3705903594833965 0.7405877581366220 0.4916658602339738
 0.3702744694622775 0.7411771615755516 0.4923168009106725
 0.3699280256543797 0.7418225162395155 0.4930299478983279
 0.3695740281107773 0.7424808033937854 0.4937578251967132
 0.3692544725594504 0.7430740581429566 0.4944141926972007
 0.3689384427376717 0.7436598516496290 0.4950626945560554
 0.3685950633346008 0.7442953116915728 0.4957666235323375
 0.3682333116099322 0.7449636169553736 0.4965074136319208
 0.3679105125801609 0.7455589638224683 0.4971677078233126
 0.3675929354285910 0.7461437659165908 0.4978166209342881
 0.3672501847681345 0.7467739102752011 0.4985161843382781
 0.3668805256560052 0.7474523507611239 0.4992697792369316
 0.3665538205589087 0.7480509459596703 0.4999350851126328
 0.3662331021230019 0.7486376526636285 0.5005875821095541
 0.3658862235630453 0.7492711932991016 0.5012926344588724
 0.3655168845097629 0.7499445924537350 0.5020425618576521
 0.3651887370585816 0.7505418858154366 0.5027081373541593
 0.3648660702587728 0.7511282863408559 0.5033618986402547
 0.3645163598924986 0.7517628115774597 0.5040696432414494
 0.3641475009999057 0.7524309315485176 0.5048152304864456
 0.3638190181978479 0.7530249284058150 0.5054784471706202
 0.3634963837360412 0.7536074456770343 0.5061291954996555
 0.3631491450027057 0.7542333884828818 0.5068288625981157
 0.3627722144077235 0.7549116883052704 0.5075875254175584
 0.3624410253447810 0.7555066761165936 0.5082533852296728
 0.3621175959982780 0.7560868252109819 0.5089029553308529
 0.3617724022745273 0.7567050382297391 0.5095954769147681
 0.3613814090946026 0.7574040617937833 0.5103789539381364
 0.3610452262089783 0.7580040687461325 0.5110518524770793
 0.3607185612942476 0.7585861829007801 0.5117050683408464
 0.3603700122748884 0.7592063135094165 0.5124013682518244
 0.3599769984937318 0.7599043445149239 0.5131856273597197
 0.3596381579292585 0.7605051325249000 0.5138609892950797
 0.3593083661170366 0.7610889674360962 0.5145175561839440
 0.3589547361923040 0.7617140105754141 0.5152207132849473
 0.3585681804740348 0.7623960794585596 0.5159883109499018
 0.3582298278362496 0.7629920952421073 0.5166593387904930
 0.3578995220646443 0.7635730392495363 0.5173136792746724
 0.3575457019790605 0.7641943606847496 0.5180138320698142
 0.3571563031793890 0.7648769925763660 0.5187834729081362
 0.3568169900170006 0.7654708288256415 0.5194533157236274
 0.3564868174562927 0.7660477830503953 0.5201043688248059
 0.3561360996982011 0.7666596859562175 0.5207951136274414
 0.3557285431516913 0.7673695281585805 0.5215967511631212
 0.3553841963997982 0.7679682525492093 0.5222732067046590
 0.3550517318450536 0.7685454293792640 0.5229256057487223
 0.3547002292776830 0.7691547120642946 0.5236146088064473
 0.3542776634673399 0.7698858921650773 0.5244418526954728
 0.3539283038362163 0.7704893487974399 0.5251248637020832
 0.3535917697588544 0.7710697542999514 0.5257819698690281
 0.3532339073058746 0.7716859814663055 0.5264798052829436
 0.3528263903390578 0.7723865086610066 0.5272733345238083
 0.3524774776599913 0.7729852799162923 0.5279518353790530
 0.3521386776784128 0.7735658045171064 0.5286099136669915
 0.3517762293364066 0.7741858800675415 0.5293131339479847
 0.3513767079258973 0.7748682226451633 0.5300873376492305
 0.3510288259076267 0.7754613853188398 0.5307606371196500
 0.3506902010767031 0.7760378863754299 0.5314152363709258
 0.3503296626943714 0.7766507466263792 0.5321113186133790
 0.3499194826291169 0.7773468055706219 0.5329021337115234
 0.3495689209111896 0.7779406990692070 0.5335770883558266
 0.3492301049025903 0.7785138252260413 0.5342286459780091
 0.3488729844967427 0.7791169931496150 0.5349145818500374
 0.3484296825589696 0.7798644094963673 0.5357648588038018
 0.3480723057554909 0.7804659018107849 0.5364493289890048
 0.3477303181521891 0.7810406166311632 0.5371034595949608
 0.3473696965126869 0.7816457212212690 0.5377923041641542
 0.3469288819923472 0.7823841006459969 0.5386330635061362
 0.3465687273296270 0.7829863271086981 0.5393189982407836
 0.3462223872826511 0.7835645706988229 0.5399778332634320
 0.3458539897105354 0.7841786942648358 0.5406778022018444
 0.3454351070074138 0.7848757955772999 0.5414726455441844
 0.3450761328545190 0.7854722007597537 0.5421528758451921
 0.3447276497957361 0.7860502990722771 0.5428123514516430
 0.3443554880413882 0.7866667275843033 0.5435156483721878
 0.3439420317792455 0.7873504074818460 0.5442957761333188
 0.3435838791706559 0.7879416670281300 0.5449705524332742
 0.3432361836676368 0.7885148036005276 0.5456247700606850
 0.3428674939993453 0.7891216246448735 0.5463175936540785
 0.3424380881678554 0.7898271856608454 0.5471233548932680
 0.3420767679822385 0.7904198845785142 0.5478003721228493
 0.3417290884861124 0.7909893568354932 0.5484509572947927
 0.3413639878345316 0.7915864685210130 0.5491332060365768
 0.3408857961333854 0.7923671558562215 0.5500253478042605
 0.3405162456408463 0.7929694084455163 0.5507137215323543
 0.3401646587356909 0.7935415241481856 0.5513677882077824
 0.3397942616001063 0.7941433427642608 0.5520559653913226
 0.3393359688724336 0.7948866919599940 0.5529061650531130
 0.3389648297639689 0.7954876435645415 0.5535935920679567
 0.3386086439806559 0.7960635152326869 0.5542523622722124
 0.3382305731914083 0.7966738439715474 0.5549505601941568
 0.3377954030637040 0.7973751736142169 0.5557528886553125
 0.3374253037341290 0.7979706473130411 0.5564341866229336
 0.3370666215028725 0.7985468894454834 0.5570935910452854
 0.3366836182397602 0.7991612711996460 0.5577967932959000
 0.3362584522307551 0.7998421619583905 0.5585763097071310
 0.3358899265888848 0.8004313907618756 0.5592510193770505
 0.3355319982501692 0.8010028306761939 0.5599054380591801
 0.3351522123666063 0.8016082592779373 0.5605988324545907
 0.3347120115999931 0.8023088326379005 0.5614012470488645
 0.3343406658662444 0.8028988556610097 0.5620770969842543
 0.3339834906329622 0.8034655303491964 0.5627262716173467
 0.3336092809311321 0.8040583577331392 0.5634054924046550
 0.3330950765561614 0.8048715144260752 0.5643372814280824
 0.3327139894177616 0.8054730810898982 0.5650266728169141
 0.3323534631102818 0.8060413483987526 0.5656779203803161
 0.3319740340585320 0.8066385285157376 0.5663623065101752
 0.3314986054832204 0.8073855296633379 0.5672184132583444
 0.3311172594049474 0.8079836884514578 0.5679039899401173
 0.3307521074063574 0.8085555996798675 0.5685595537170153
 0.3303660459209372 0.8091593625528082 0.5692517073753688
 0.3299045531997303 0.8098798868510731 0.5700777820252533
 0.3295212852898813 0.8104772852767851 0.5707626831846058
 0.3291515997303671 0.8110526615244121 0.5714222678823063
 0.3287576730618532 0.8116648498472812 0.5721239391270194
 0.3283161236700920 0.8123499273764260 0.5729090121511694
 0.3279352507714308 0.8129399164931663 0.5735850317327545
 0.3275654407223402 0.8135119327145895 0.5742404262813544
 0.3271716037236252 0.8141202109405196 0.5749373722915345
 0.3267281504051397 0.8148040111616436 0.5757208698749163
 0.3263475327141949 0.8153899853480744 0.5763922802136091
 0.3259797186589390 0.8159554310380877 0.5770401433692669
 0.3255928911321887 0.8165492432800244 0.5777204574268621
 0.3251016561733502 0.8173020592124067 0.5785828551068039
 0.3247136910125965 0.8178956139142468 0.5792627614190968
 0.3243450380930878 0.8184588074054223 0.5799078719120858
 0.3239606200064946 0.8190452424587914 0.5805795974112450
 0.3234177163002884 0.8198719892942697 0.5815265559449229
 0.3230212499939715 0.8204746619286430 0.5822168008383429
 0.3226479537018633 0.8210412869165549 0.5828656868577869
 0.3222561374777621 0.8216351639294168 0.5835456974097541
 0.3217481493931845 0.8224038179334884 0.5844257389320039
 0.3213512227096454 0.8230033997083408 0.5851121842494955
 0.3209719963695569 0.8235754102126058 0.5857670847725337
 0.3205694066319305 0.8241817726042102 0.5864613512849820
 0.3201047373629035 0.8248805028680360 0.5872613922694854
 0.3197097191470106 0.8254735461923983 0.5879403767503524
 0.3193267458828834 0.8260476746153583 0.5885976060910452
 0.3189173832136664 0.8266604622010528 0.5892989385807266
 0.3184654457838216 0.8273359028659275 0.5900717828572849
 0.3180726436671058 0.8279220474926177 0.5907423122138771
 0.3176907427599994 0.8284911118096869 0.5913932111682141
 0.3172844551766000 0.8290956370725049 0.5920846012351443
 0.3168240072967182 0.8297796595848247 0.5928668320942229
 0.3164306457806237 0.8303631081791858 0.5935339589764131
 0.3160514163730125 0.8309248018507479 0.5941760984332590
 0.3156541298714453 0.8315124080187847 0.5948477126415921
 0.3151075570592423 0.8323194291711783 0.5957698368075734
 0.3147037328265206 0.8329146529648346 0.5964497591954107
 0.3143230272988307 0.8334750042368929 0.5970897080294748
 0.3139256083416329 0.8340591340805711 0.5977566743886976
 0.3133482265805513 0.8349062857506873 0.5987236819291658
 0.3137332387857766 0.8343415800063346 0.5980791207425127
 0.3133547977373987 0.8348966542485284 0.5987126898795253
 0.3129687629707003 0.8354620893845849 0.5993579041452927
 0.3125861601917888 0.8360217259462671 0.5999962979369033
 0.3121841901522304 0.8366088666577980 0.6006658392147596
 0.3116310276356357 0.8374154722489767 0.6015852952441169
 0.3112175005400583 0.8380174290338491 0.6022712533151234
 0.3108252355590782 0.8385876190973269 0.6029208737472479
 0.3104098622930370 0.8391905358384324 0.6036076387386243
 0.3099243843293020 0.8398940890012747 0.6044088092332740
 0.3095143650065768 0.8404873503479996 0.6050841265761864
 0.3091171867750863 0.8410612165489340 0.6057370766837410
 0.3086931402503454 0.8416730215423093 0.6064328348935698
 0.3082258425385709 0.8423461776559782 0.6071979243792460
 0.3078184455005426 0.8429321498187790 0.6078635771202595
 0.3074215167470708 0.8435022661811873 0.6085109490362218
 0.3069978804251391 0.8441098764745070 0.6092006381524807
 0.3065305846509347 0.8447790724125347 0.6099599361185312
 0.3061247062981490 0.8453594381441489 0.6106181718265088
 0.3057314346091488 0.8459210030995228 0.6112548108257786
 0.3053179100082801 0.8465106686981926 0.6119229862337807
 0.3047988320077632 0.8472496645372585 0.6127598871218067
 0.3043856598794187 0.8478369474339624 0.6134245967966480
 0.3039935278251009 0.8483935581378484 0.6140542989775051
 0.3035869682120047 0.8489698633969393 0.6147059970904678
 0.3030692254015442 0.8497026210202477 0.6155341965763873
 0.3026484490259898 0.8502971961731892 0.6162058519849862
 0.3022539270977807 0.8508539047733368 0.6168344160253210
 0.3018503602223344 0.8514226106042857 0.6174761999032740
 0.3013836151551254 0.8520793845837249 0.6182169669602963
 0.3009513468680380 0.8526867278682105 0.6189016255160359
 0.3005491494239320 0.8532510321431380 0.6195374853015436
 0.3001442311217720 0.8538183883824004 0.6201765213196531
 0.2996974613650326 0.8544434972577359 0.6208802830320044
 0.2992437585179154 0.8550773569401211 0.6215934962631517
 0.2988302501857080 0.8556542312523975 0.6222421774300774
 0.2984192867038210 0.8562267738099365 0.6228855499460533
 0.2979715518571607 0.8568496619214641 0.6235849766525099
 0.2975072196478430 0.8574946713373437 0.6243086874453386
 0.2970877185432413 0.8580765605236238 0.6249611317559094
 0.2966719898273805 0.8586524289656424 0.6256064493848003
 0.2962168943061732 0.8592819323869606 0.6263114633600978
 0.2957563384217342 0.8599180390759449 0.6270234224426049
 0.2953381865197181 0.8604947544259435 0.6276684692098836
 0.2949240404858098 0.8610651747663330 0.6283060096737175
 0.2944742457107861 0.8616838308310798 0.6289968884902586
 0.2940095501465493 0.8623220399832424 0.6297089535940008
 0.2935926083624391 0.8628938532718399 0.6303463873711267
 0.2931842895463826 0.8634530999701273 0.6309693308264864
 0.2927523332382596 0.8640439266339990 0.6316269568021062
 0.2922474718042172 0.8647334410623803 0.6323937963842002
 0.2918234709992756 0.8653116648471048 0.6330363258142044
 0.2914180356168423 0.8658638430615706 0.6336494299929638
 0.2909989186085368 0.8664339102695446 0.6342818787727107
 0.2904770111295588 0.8671427355005769 0.6350675159261906
 0.2900403641688513 0.8677348705389002 0.6357231762360910
 0.2896322783323036 0.8682875406014385 0.6363346151342880
 0.2892186147634474 0.8688470442119258 0.6369530977105657
 0.2887549045369006 0.8694733800089642 0.6376448205753437
 0.2882989809719907 0.8700883169482904 0.6383232609960910
 0.2878810252545615 0.8706512793585588 0.6389437187150048
 0.2874670749750223 0.8712081287505022 0.6395568121349398
 0.2870241917325367 0.8718031110927646 0.6402111976623986
 0.2865201229332853 0.8724793050772448 0.6409540632679208
 0.2860844871727424 0.8730628553929179 0.6415944726877915
 0.2856624291703557 0.8736274757285921 0.6422135378393118
 0.2852168392090415 0.8742227872224300 0.6428656493473310
 0.2846794145855752 0.8749397164251524 0.6436501137161349
 0.2842317462984143 0.8755360172555237 0.6443017953800136
 0.2838003560743306 0.8761098713117002 0.6449282077103587
 0.2833401810998766 0.8767211929070726 0.6455946862963696
 0.2828351156553569 0.8773911756996522 0.6463241322075430
 0.2823908941378250 0.8779796088893480 0.6469639731237378
 0.2819569117815723 0.8785537243329491 0.6475875476289686
 0.2814883689756304 0.8791727260893575 0.6482591289534629
 0.2809983495732393 0.8798191789142791 0.6489596567090079
 0.2805597772544366 0.8803969646832457 0.6495850074154592
 0.2801301406957137 0.8809622522642689 0.6501960760077197
 0.2796705758920413 0.8815661254999686 0.6508479746652330
 0.2791703103576932 0.8822225535689239 0.6515555343985859
 0.2787323467020592 0.8827964425132470 0.6521732025482075
 0.2783091412671623 0.8833502961013712 0.6527685018597460
 0.2778674059118796 0.8839276725657647 0.6533882573963485
 0.2772557628532602 0.8847259084428623 0.6542437001101098
 0.2768054140672609 0.8853127424056907 0.6548715476801287
 0.2763839479447497 0.8858612507764104 0.6554575653024513
 0.2759486839044309 0.8864270192930094 0.6560611636596477
 0.2754026242946611 0.8871358062200949 0.6568160903681073
 0.2749489422518693 0.8877238470439812 0.6574413509337440
 0.2745261906548736 0.8882711145026281 0.6580223982787772
 0.2740983022492980 0.8888243638239771 0.6586089544614522
 0.2736219539284042 0.8894394836283194 0.6592600974306969
 0.2731443388648357 0.8900554104668833 0.6599109994236704
 0.2727105664296989 0.8906140825772887 0.6605004149237235
 0.2722834533446394 0.8911635150800654 0.6610791497214861
 0.2718315601699487 0.8917441115068002 0.6616896972455368
 0.2712654431419509 0.8924704344923687 0.6624520379297502
 0.2708078916766206 0.8930566364130265 0.6630661556713033
 0.2703715714993991 0.8936149475678089 0.6636501059871418
 0.2699163485366354 0.8941967318601741 0.6642576082705400
 0.2693172156231991 0.8949613291004129 0.6650543818306991
 0.2688446472206768 0.8955635252336360 0.6656805409669473
 0.2683964611744953 0.8961339351633550 0.6662724690817690
 0.2679248216743727 0.8967334457928778 0.6668933306529383
 0.2673600181534501 0.8974503740798071 0.6676341037645255
 0.2668872804674282 0.8980496016974009 0.6682518966468913
 0.2664299768679619 0.8986285428083023 0.6688476368589793
 0.2659365635168024 0.8992524050956828 0.6694883702645766
 0.2654175992018272 0.8999076893183136 0.6701599770722263
 0.2649524920782488 0.9004942028528621 0.6707598303016387
 0.2644935711139192 0.9010722088541248 0.6713497468254485
 0.2639893911780693 0.9017064129593314 0.6719955513930961
 0.2634845922536347 0.9023405555940488 0.6726397312963921
 0.2630270003646153 0.9029146728159628 0.6732215972227695
 0.2625746628707677 0.9034815255941978 0.6737948761350060
 0.2620833021007977 0.9040965275019613 0.6744154955422842
 0.2615739411674460 0.9047332348996621 0.6750565325654413
 0.2611193225127221 0.9053008088567409 0.6756266630069073
 0.2606756935885066 0.9058540247363174 0.6761811461374242
 0.2602081122740603 0.9064364311694857 0.6767635328709912
 0.2596405119704324 0.9071424875913795 0.6774676497838613
 0.2591767558775580 0.9077186151656008 0.6780406189439372
 0.2587371897216715 0.9082640690765492 0.6785817779180963
 0.2582851764119689 0.9088243400251478 0.6791363230765827
 0.2577434451032982 0.9094949812635095 0.6797983640389186
 0.2572678470904053 0.9100830054613478 0.6803772740013999
 0.2568268966160814 0.9106275713689105 0.6809120734675767
 0.2563850229909262 0.9111726814304493 0.6814461157862691
 0.2559054719551180 0.9117635999418551 0.6820235654804908
 0.2553875090515375 0.9124010695670141 0.6826447854518450
 0.2549321179728485 0.9129608638244016 0.6831888397819827
 0.2544911734674971 0.9135023080732463 0.6837137506851370
 0.2540337484009172 0.9140633772443995 0.6842563179036615
 0.2534708366096003 0.9147529838495297 0.6849212401501658
 0.2529894604084891 0.9153419632318028 0.6854873995658667
 0.2525403589819091 0.9158908413476302 0.6860135405833018
 0.2520860836804498 0.9164454448878442 0.6865437147902315
 0.2515818262061917 0.9170603688178598 0.6871298463940402
 0.2510689596290916 0.9176850393719137 0.6877234521621454
 0.2506038365187206 0.9182509064340438 0.6882596167377449
 0.2501445681271342 0.9188090453500420 0.6887870054082932
 0.2496545748087279 0.9194038638863412 0.6893474390504828
 0.2490800338768779 0.9201004549355810 0.6900015749368067
 0.2485923453161003 0.9206910172712172 0.6905542237398422
 0.2481203664929748 0.9212619248407871 0.6910867532679398
 0.2476196462946371 0.9218669232741126 0.6916492073785888
 0.2470337408773766 0.9225739705955273 0.6923041045875367
 0.2465344774807494 0.9231757203333730 0.6928594443609027
 0.2460480710143710 0.9237613217940511 0.6933981198907085
 0.2455190947689021 0.9243974481258949 0.6939813032222600
 0.2449681022197700 0.9250592505632778 0.6945858081308345
 0.2444703895383631 0.9256563607772152 0.6951292189401440
 0.2439732378796952 0.9262521412713276 0.6956694692386295
 0.2433999531246342 0.9269383491582409 0.6962892657340497
 0.2428736154180347 0.9275676039526044 0.6968553207349349
 0.2423838639305186 0.9281524705650688 0.6973795090080201
 0.2418835526999306 0.9287493064972790 0.6979125431205139
 0.2412237167695928 0.9295354595278241 0.6986117941980183
 0.2407109088819961 0.9301456694916085 0.6991522949881519
 0.2402301025351905 0.9307171930975916 0.6996567001546895
 0.2397290015033099 0.9313122196250033 0.7001799207213842
 0.2391101684305700 0.9320461767666316 0.7008225433934384
 0.2386122065924468 0.9326360838650647 0.7013368153875817
 0.2381403152088084 0.9331945404606735 0.7018218522785759
 0.2376506204008194 0.9337734871701842 0.7023228402629098
 0.2369745311962849 0.9345718374354494 0.7030106326470952
 0.2364745870901664 0.9351614756215382 0.7035163369192954
 0.2360077962130688 0.9357114684997191 0.7039862703201070
 0.2355264631956536 0.9362780485268584 0.7044685603571312
 0.2349195647316140 0.9369916458345577 0.7050733294213815
 0.2344203164927460 0.9375780135633371 0.7055680222341371
 0.2339559128437279 0.9381229302796789 0.7060259160266580
 0.2334862685965779 0.9386734836558950 0.7064867545299205
 0.2329628818329779 0.9392864346783031 0.7069976989596938
 0.2324425154120128 0.9398952218555641 0.7075029445841120
 0.2319709718926494 0.9404463539428366 0.7079584084581754
 0.2315082500069857 0.9409866829383677 0.7084031440497760
 0.2310223797544198 0.9415535208236642 0.7088677677732735
 0.2303161138180485 0.9423765355206353 0.7095388383995779
 0.2307870191676167 0.9418279117352280 0.7090919665727503
 0.2303234337303121 0.9423680113184784 0.7095319094008832
 0.2298525107484923 0.9429161687349552 0.7099765709230894
 0.2293888515778179 0.9434553907117709 0.7104121707532615
 0.2289095098210228 0.9440123530996690 0.7108602092903848
 0.2283414865522053 0.9446717062277420 0.7113881127750853
 0.2278312909508063 0.9452633358683000 0.7118594652000270
 0.2273579692603085 0.9458117034428073 0.7122943678940161
 0.2268837247332787 0.9463606581312302 0.7127278192655577
 0.2263695309030948 0.9469553138696077 0.7131951959573507
 0.2258077117834856 0.9476044075036563 0.7137028098876494
 0.2253148769054167 0.9481732543172333 0.7141454926739260
 0.2248364586972169 0.9487249757497210 0.7145729069256996
 0.2243367793614702 0.9493007089412898 0.7150168679208290
 0.2236714295544144 0.9500665302882568 0.7156041024733498
 0.2231502922767647 0.9506657303047836 0.7160608874141140
 0.2226601763790532 0.9512287595161457 0.7164879230343494
 0.2221533633763331 0.9518104609980929 0.7169269023042553
 0.2215199048543780 0.9525367996279345 0.7174718897665366
 0.2209853485618394 0.9531491153165025 0.7179286449538144
 0.2204816917765244 0.9537255219801306 0.7183563922590109
 0.2199619338679315 0.9543198355749629 0.7187951654803287
 0.2193132026183787 0.9550608876303287 0.7193390072836349
 0.2187639407798697 0.9556876816919583 0.7197961082356332
 0.2182436683683854 0.9562808632126593 0.7202262162234428
 0.2176988920192353 0.9569014331011475 0.7206735881243951
 0.2170233537352804 0.9576701833532214 0.7212241312333143
 0.2164682054948741 0.9583012957059452 0.7216731260577658
 0.2159274739282281 0.9589154714488947 0.7221075205024156
 0.2153217546966303 0.9596028255779474 0.7225906814387330
 0.2147329610164897 0.9602703340505589 0.7230568191339910
 0.2141853520451203 0.9608905912771480 0.7234871825141738
 0.2136192771629166 0.9615312010011134 0.7239288043635921
 0.2129492524791611 0.9622887142633075 0.7244472329028082
 0.2123867221383952 0.9629240887419522 0.7248789257298403
 0.2118389657188352 0.9635422472996928 0.7252961988175504
 0.2112193093207528 0.9642409233350393 0.7257646157416748
 0.2106405013123859 0.9648929490530057 0.7261986765387319
 0.2101044140531488 0.9654963435787648 0.7265976747876910
 0.2095584071941113 0.9661104068040544 0.7270010235801092
 0.2088411772430169 0.9669162810082234 0.7275261552456348
 0.2082825771278585 0.9675433325007513 0.7279314359466101
 0.2077583618706981 0.9681313221713386 0.7283088399502087
 0.2072094396049418 0.9687465478461030 0.7287010278329170
 0.2065615940350667 0.9694720237342510 0.7291599820286756
 0.2060241945289311 0.9700733127348816 0.7295374916564822
 0.2055097020840006 0.9706485450569222 0.7298961792924170
 0.2049693365694168 0.9712522598059204 0.7302700074765368
 0.2043151627478938 0.9719825204293437 0.7307185705687509
 0.2037815576306407 0.9725777032526542 0.7310812135990572
 0.2032733040228393 0.9731442069432135 0.7314239286607229
 0.2027438713031262 0.9737339034983529 0.7317781478724187
 0.2020051886936152 0.9745559700113468 0.7322676728286553
 0.2014664803855500 0.9751549808800857 0.7326212410647813
 0.2009610663160886 0.9757165849547744 0.7329503202169428
 0.2004345468258137 0.9763012473136949 0.7332904140626370
 0.1996924431637990 0.9771246254292174 0.7337650136377784
 0.1991552156295706 0.9777202018183614 0.7341051205457615
 0.1986516108393462 0.9782781354690860 0.7344213062213729
 0.1981279447713429 0.9788579201427087 0.7347473973143591
 0.1973177173743866 0.9797542311102360 0.7352465616471846
 0.1978579187198866 0.9791567354323699 0.7349144780519803
 0.1973542816465368 0.9797138013600224 0.7352241752835244
 0.1968470865564753 0.9802744538245776 0.7355335234874728
 0.1963470176071193 0.9808268892676485 0.7358360352957781
 0.1958260851394567 0.9814020174391209 0.7361485396084819
 0.1951377131986791 0.9821614538839726 0.7365573796700353
 0.1945979614609708 0.9827564930842980 0.7368746867404237
 0.1940938030196382 0.9833119519988270 0.7371684888657901
 0.1935777669973614 0.9838801590589203 0.7374666422433170
 0.1929712999006986 0.9845475069063474 0.7378137327015806
 0.1924224224045122 0.9851510848524636 0.7381247866353454
 0.1919136443856460 0.9857102318106061 0.7384105096428689
 0.1914034410132337 0.9862706244497830 0.7386945204057264
 0.1908455321431878 0.9868830513100074 0.7390022157577082
 0.1902605630139079 0.9875247783889987 0.7393216277833129
 0.1897386159324780 0.9880970227619935 0.7396038682924249
 0.1892286180334811 0.9886558546509876 0.7398771420951369
 0.1886918818020090 0.9892436555612502 0.7401620729363272
 0.1879738780787992 0.9900294469897251 0.7405389495608253
 0.1874278376475248 0.9906266440379958 0.7408222833139499
 0.1869114518747372 0.9911910971909217 0.7410876274309774
 0.1863731052335140 0.9917792368890398 0.7413615750322147
 0.1855800894609360 0.9926450155436504 0.7417601691597199
 0.1861088050175850 0.9920678649221125 0.7414950727467486
 0.1855898611126109 0.9926343515029447 0.7417552932711153
 0.1850638143452439 0.9932082911612575 0.7420165232032966
 0.1845432996031356 0.9937759003979538 0.7422724881265793
 0.1839973462125373 0.9943709381631372 0.7425382761622734
 0.1831915759533735 0.9952485759482866 0.7429255247932902
 0.1837287939211774 0.9946635187901011 0.7426680068720861
 0.1832056781731687 0.9952332217861575 0.7429187988769753
 0.1826729101359183 0.9958131434795372 0.7431716239997163
 0.1821439584862354 0.9963886214448219 0.7434200588794657
 0.1815856129427481 0.9969957692041589 0.7436795343815660
 0.1808603216485808 0.9977839857078827 0.7440124059546728
 0.1802931341259115 0.9984000170051535 0.7442694598139680
 0.1797515516827126 0.9989879432965912 0.7445122644249974
 0.1791790468309541 0.9996091283968095 0.7447661310505485
 0.1784834002535638  1.000363503025695 0.7450707277631483
 0.1779103754428719  1.000984559789571 0.7453184427923536
 0.1773573549894962  1.001583644416278 0.7455547922898096
 0.1767678093180423  1.002221985704092 0.7458038435339842
 0.1760917575836921  1.002953603080101 0.7460857986123016
 0.1755111888144499  1.003581561436789 0.7463248687693611
 0.1749438908707527  1.004194876550158 0.7465557597820913
 0.1743297832741031  1.004858480186179 0.7468026753166769
 0.1736701712772274  1.005570892234041 0.7470643577830073
 0.1730814899080018  1.006206382203697 0.7472947888321002
 0.1724967312820493  1.006837348637861 0.7475207630570350
 0.1718434154825455  1.007541953847196 0.7477697792887564
 0.1711969152718937  1.008238864580508 0.7480126045277808
 0.1705992175971525  1.008882867674520 0.7482338996715815
 0.1699906792933297  1.009538259761370 0.7484560111865612
 0.1692419958792490  1.010344190263331 0.7487247765698619
 0.1685990714825273  1.011035931362115 0.7489515710629695
 0.1679854047116703  1.011695902257405 0.7491646058546786
 0.1673260945671468  1.012404648991758 0.7493898346584756
 0.1666155850955145  1.013168078884933 0.7496285192120000
 0.1659761665822026  1.013854812922889 0.7498399726544009
 0.1653239684910663  1.014554974459201 0.7500526132402958
 0.1644876411520796  1.015452373149153 0.7503211019527787
 0.1638097573666391  1.016179406427836 0.7505354573295432
 0.1631289465316240  1.016909266663680 0.7507478878554011
 0.1623454779247183  1.017748798942882 0.7509888484258566
 0.1616641190787428  1.018478587377553 0.7511953308249284
 0.1609583865251062  1.019234165834878 0.7514061119899994
 0.1602203656251876  1.020023974425760 0.7516230667974803
 0.1595533393829608  1.020737513455900 0.7518160026621097
 0.1588551475361377  1.021484098184289 0.7520146807896859
 0.1581289924505715  1.022260271717515 0.7522177432649821
 0.1574773522695309  1.022956530997992 0.7523968924977102
 0.1568133178823239  1.023665778081411 0.7525765056916685
 0.1560303295737274  1.024501753428970 0.7527845420014219
 0.1553795981618528  1.025196258779969 0.7529543808599651
 0.1547423290282924  1.025876169018658 0.7531180259346956
 0.1539841137942284  1.026684830343200 0.7533092800416805
 0.1533258017262502  1.027386692567921 0.7534723136512661
 0.1527052203885723  1.028048119782975 0.7536234662890186
 0.1520485695812632  1.028747774203251 0.7537807706524982
 0.1513365928722762  1.029506130836356 0.7539483248023698
 0.1507115846100164  1.030171645611298 0.7540928728824681
 0.1500934983130042  1.030829601786586 0.7542335061941077
 0.1493844164725014  1.031584196903490 0.7543920279493499
 0.1487313749256960  1.032278944604623 0.7545353821965359
 0.1481225352159440  1.032926489299929 0.7546667833500125
 0.1474959738967249  1.033592705685625 0.7547997796533986
 0.1466268352673947  1.034516561290195 0.7549805948284626
 0.1459893775616603  1.035193939698993 0.7551105443764156
 0.1453792947382730  1.035842065100841 0.7552328258349262
 0.1446980542730260  1.036565599321805 0.7553669784374797
 0.1440418569862509  1.037262353407548 0.7554938386854322
 0.1434364221919343  1.037905051870130 0.7556088594296501
 0.1428223929611662  1.038556723755754 0.7557235608100594
 0.1420662790451279  1.039358987014813 0.7558621537586887
 0.1414280144963887  1.040036036229102 0.7559769065756099
 0.1408258630083740  1.040674636477355 0.7560833101300497
 0.1401937562997715  1.041344859992202 0.7561930818704332
 0.1394538125552355  1.042129237876110 0.7563190915080698
 0.1388319684911148  1.042788272447418 0.7564229295353603
 0.1382268310853383  1.043429470741812 0.7565221910617501
 0.1375629655699656  1.044132751547054 0.7566290833975687
 0.1368937088325166  1.044841592726765 0.7567347503069343
 0.1362842773305216  1.045486940888218 0.7568291646182322
 0.1356727612249448  1.046134374945543 0.7569221886313232
 0.1349631276123702  1.046885539836437 0.7570280106249939
 0.1343138910840255  1.047572634841680 0.7571228507824540
 0.1337066805216256  1.048215136234273 0.7572098719669567
 0.1330814133018511  1.048876627790657 0.7572978155195381
 0.1320663604194017  1.049950242116295 0.7574370670335826
 0.1327430789806248  1.049234514964255 0.7573447090426617
 0.1321406600796411  1.049871665999039 0.7574270193998086
 0.1315320584686238  1.050515250516894 0.7575086549849229
 0.1309190593947172  1.051163379877051 0.7575893601589273
 0.1302309967591080  1.051890751070701 0.7576781566429113
 0.1295643467572277  1.052595364227485 0.7577624082760125
 0.1289482092587861  1.053246483690698 0.7578387395316695
 0.1283216152016400  1.053908552289192 0.7579148744265810
 0.1275372622039788  1.054737170666318 0.7580080920919517
 0.1268847566832604  1.055426384086118 0.7580839039774948
 0.1262658671163541  1.056079994678531 0.7581543815881293
 0.1256075149007793  1.056775181609557 0.7582278598641903
 0.1248838189862817  1.057539251458468 0.7583069041247781
 0.1242487441199093  1.058209657591092 0.7583748288403133
 0.1236201693689604  1.058873113035662 0.7584407832152197
 0.1229058185118786  1.059626999136394 0.7585142618828320
 0.1222309643837402  1.060339101689422 0.7585822997706694
 0.1216017062768804  1.061003004928387 0.7586445888262279
 0.1209535798857244  1.061686729461065 0.7587076329843164
 0.1200083969849674  1.062683673239933 0.7587976387326729
 0.1206385289024594  1.062019053519232 0.7587378841325427
 0.1200227769089322  1.062668507171646 0.7587962860817488
 0.1193919946724624  1.063333735585789 0.7588551477774550
 0.1187534081105289  1.064007115283396 0.7589137670298840
 0.1180194755958470  1.064780939062054 0.7589799555758179
 0.1173367529384349  1.065500678327924 0.7590404053130119
 0.1166969401825634  1.066175102737597 0.7590960848027314
 0.1160318818038909  1.066876059443951 0.7591529731218297
 0.1152091959712720  1.067743042607888 0.7592219610892469
 0.1145414976488665  1.068446605787055 0.7592768338493823
 0.1138887344498800  1.069134357545793 0.7593295137966591
 0.1131366704460663  1.069926643646218 0.7593890257599157
 0.1124428568754816  1.070657481054692 0.7594428072012515
 0.1117898152829107  1.071345299557223 0.7594924478661497
 0.1111045598654322  1.072066974597216 0.7595435203155726
 0.1103152986605335  1.072898092630712 0.7596010627424796
 0.1096394750185458  1.073609681878411 0.7596492511429230
 0.1089691756857805  1.074315387330814 0.7596960616340768
 0.1081672104889728  1.075159627524197 0.7597507809488468
 0.1074626983704967  1.075901202040013 0.7597976962198901
 0.1067912314975188  1.076607928768756 0.7598414094489852
 0.1060649636981390  1.077372265285222 0.7598875972642858
 0.1053137295818225  1.078162803323301 0.7599341873990472
 0.1046287453654532  1.078883561816674 0.7599756250713458
 0.1039274603178977  1.079621411269467 0.7600170208450230
 0.1029710350568622  1.080627606676857 0.7600718025923215
 0.1022508308483296  1.081385216856210 0.7601117817141749
 0.1015401847968732  1.082132713798305 0.7601501652068313
 0.1004795468557635  1.083248246702743 0.7602055035494014
 0.1011866456915177  1.082504564636441 0.7601688692019027
 0.1005058478206849  1.083220585975305 0.7602041593439490
 0.9980608214774095E-01  1.083956504473971 0.7602394399434824
 0.9908256960524338E-01  1.084717342832083 0.7602748632422428
 0.9805265509716506E-01  1.085800299063702 0.7603234409769069
 0.9730147509322350E-01  1.086590100436883 0.7603575067490741
 0.9655226978944549E-01  1.087377772818540 0.7603903440476159
 0.9565490316433523E-01  1.088321146848953 0.7604281926193320
 0.9490109896454707E-01  1.089113543892477 0.7604587480503927
 0.9413726553331739E-01  1.089916435102432 0.7604885625629010
 0.9320540932554862E-01  1.090895877277984 0.7605233744361195
 0.9243077584116080E-01  1.091710017194856 0.7605510110778125
 0.9164109694835852E-01  1.092539924461192 0.7605779770548511
 0.9073119486354220E-01  1.093496125218996 0.7606075533726718
 0.8993951992872382E-01  1.094328038115966 0.7606319987408872
 0.8911635291267629E-01  1.095193001616627 0.7606561572427494
 0.8821621798795995E-01  1.096138794535684 0.7606811193477130
 0.8740121846210687E-01  1.096995094060162 0.7607024302597006
 0.8652595233217142E-01  1.097914674698282 0.7607239897955262
 0.8562934123775444E-01  1.098856641117536 0.7607447082798255
 0.8477796452625652E-01  1.099751049905218 0.7607631680866941
 0.8377837358016459E-01  1.100801123517238 0.7607834284124663
 0.8286524941192414E-01  1.101760327503982 0.7608006965558168
 0.8193165463306790E-01  1.102741001952229 0.7608172236231066
 0.8090686910661835E-01  1.103817429668379 0.7608341541865401
 0.7994477009517346E-01  1.104827979806922 0.7608489754925641
 0.7877396849338486E-01  1.106057703849714 0.7608656875454327
 0.7775910834809371E-01  1.107123606415280 0.7608790453046158
 0.7659295807343651E-01  1.108348374518428 0.7608931501749104
 0.7554825585506249E-01  1.109445561719817 0.7609046973171261
 0.7440030602045287E-01  1.110651155708193 0.7609162396036133
 0.7334229310039139E-01  1.111762273122950 0.7609258457449807
 0.7219791838267207E-01  1.112964064277265 0.7609351566849922
 0.7114384114670270E-01  1.114071008750331 0.7609427756871091
 0.6998604606611968E-01  1.115286854782923 0.7609501267908457
 0.6893771813643861E-01  1.116387730645804 0.7609558948812877
 0.6768106504697559E-01  1.117707358659839 0.7609617329802745
 0.6661361812330695E-01  1.118828287727961 0.7609658007140528
 0.6517407887598629E-01  1.120339939275374 0.7609700510610418
 0.6405254086946099E-01  1.121517651907482 0.7609724475025393
 0.6259959906067243E-01  1.123043360513026 0.7609745133837349
 0.6139828138670033E-01  1.124304839288471 0.7609755100986894
 0.5970144557535191E-01  1.126086648370991 0.7609761825611824
 0.5835177661156896E-01  1.127503904248788 0.7609763735979789
 0.5671842768330904E-01  1.129219045419966 0.7609764405086911
 0.5517003346884736E-01  1.130844977544064 0.7609764523312218
 0.5340837019273435E-01  1.132694858443277 0.7609764540114963
 0.5150058775112364E-01  1.134698175616419 0.7609764541239198
 0.4921159634979563E-01  1.137101791292484 0.7609764541271008
 0.4642033641698098E-01  1.140032827261684 0.7609764541270363
 0.4232869146859704E-01  1.144329366747642 0.7609764541270321
 0.3355603030587969E-01  1.153541330531897 0.7609764541270321
-0.1534614344989679E-02  1.190389185668919 0.7609764541270321
-0.1418971929484671  1.337780606217005 0.7609764541270321
-0.1614223547812877  1.358283516377274 0.7609764541270321
