RUNGE KUTTA: X Z PHI
 0.4997992501149475 0.3834005346219083E-01 0.5235987755982988E-02
 0.4987261059675072 0.1916974752223683 0.1168864663653197E-01
 0.4995315836015442 0.8946012474511195E-01 0.5235987755989281E-02
 0.4997100279438131 0.5538007722316453E-01 0.5235987755982988E-02
 0.4993531340133286 0.1235401722395902 0.5252456873911262E-02
 0.4995910650489672 0.7810010890446280E-01 0.5235987755982988E-02
 0.4990908454590173 0.1681733427005440 0.8612893843307842E-02
 0.4994338556845873 0.1081245767644849 0.5236141632657079E-02
 0.4995386619880464 0.8810826485812051E-01 0.5235987755999558E-02
 0.4994944265299422 0.9655653779110251E-01 0.5235987946914915E-02
 0.4995239168354179 0.9092435583578155E-01 0.5235987756707585E-02
 0.4994974495393827 0.9597919080906769E-01 0.5235987878219997E-02
 0.4994722532329324 0.1007912857935405 0.5235991736582255E-02
 0.4994890507720834 0.9758322247056657E-01 0.5235988201247899E-02
 0.4994723968225505 0.1007638624684831 0.5235991674631193E-02
 0.4994567766713961 0.1037470582936614 0.5236009363105562E-02
 0.4994418407380657 0.1065995593395233 0.5236074697220603E-02
 0.4994262539436021 0.1095762912419633 0.5236287850847166E-02
 0.4994105024223711 0.1125842679368736 0.5236874428326940E-02
 0.4993970898296420 0.1151451845849641 0.5238000371396732E-02
 0.4993853847616533 0.1173794510480425 0.5239849949438850E-02
 0.4993745400497480 0.1194485704368696 0.5242723334342150E-02
 0.4993627215468138 0.1217018209283959 0.5247756207777671E-02
 0.4993525397347316 0.1236408861708244 0.5254323193119790E-02
 0.4993437575241194 0.1253111103011970 0.5262165134588788E-02
 0.4993353017401415 0.1269165508846456 0.5272074131302388E-02
 0.4993262705988820 0.1286274301541205 0.5285711542691122E-02
 0.4993184978953978 0.1300959607930810 0.5300363477505980E-02
 0.4993101661601960 0.1316651313466112 0.5319447491422286E-02
 0.4993026434089563 0.1330766645302918 0.5339991507377036E-02
 0.4992952539687739 0.1344574816900004 0.5363484627994672E-02
 0.4992878376807681 0.1358368026029721 0.5390571978319903E-02
 0.4992807796698968 0.1371426477983151 0.5419798915039034E-02
 0.4992734341945100 0.1384937633592176 0.5453989393606218E-02
 0.4992665542568457 0.1397511602338079 0.5489694154362281E-02
 0.4992593374415978 0.1410608986361040 0.5531198843467026E-02
 0.4992525326858446 0.1422864314019767 0.5574404306222287E-02
 0.4992454654953929 0.1435487139461277 0.5623843455695995E-02
 0.4992386784709405 0.1447500391996568 0.5676188522419068E-02
 0.4992318027230749 0.1459552580874228 0.5734736689592611E-02
 0.4992250084342286 0.1471335403169961 0.5798922091822076E-02
 0.4992184915005807 0.1482508762099849 0.5867437365134786E-02
 0.4992107563447285 0.1495592048657864 0.5959173375822122E-02
 0.4992042687575148 0.1506401466035101 0.6046075843236916E-02
 0.4991973802587571 0.1517700382645311 0.6149153571257348E-02
 0.4991903493151451 0.1529028783875938 0.6265895213371740E-02
 0.4991836756160278 0.1539579429418001 0.6386592424944299E-02
 0.4991762827690739 0.1551028460762106 0.6529527015818247E-02
 0.4991685890948425 0.1562673351402047 0.6685732632740948E-02
 0.4991611001639605 0.1573745806022604 0.6842358608201489E-02
 0.4991523567605552 0.1586353820231210 0.7028190272269533E-02
 0.4991434557374409 0.1598849896304492 0.7218607964212221E-02
 0.4991338748825665 0.1611937099515380 0.7423577632360348E-02
 0.4991237471798602 0.1625384656892260 0.7639535244277900E-02
 0.4991131533473078 0.1639051172123653 0.7864399598074317E-02
 0.4991026927530723 0.1652168536802264 0.8085323545607075E-02
 0.4990918006035814 0.1665452489012907 0.8314117126520568E-02
 0.4990809736086263 0.1678300477738258 0.8540284022683099E-02
 0.4990697247452659 0.1691294514258963 0.8774016280914568E-02
 0.4990584164463427 0.1704013742127189 0.9007760061234986E-02
 0.4990467600912944 0.1716784427200850 0.9247433495511584E-02
 0.4990349345851254 0.1729407403897463 0.9489336023078465E-02
 0.4990228405437453 0.1741989242627432 0.9735525639478345E-02
 0.4990104803912586 0.1754524121851423 0.9985899932314017E-02
 0.4989979463527854 0.1766919179528905 0.1023849464945309E-01
 0.4989850338600624 0.1779373511513018 0.1049736054005098E-01
 0.4989720293410652 0.1791610718324346 0.1075673911598438E-01
 0.4989585408700416 0.1803996193867710 0.1102436533625725E-01
 0.4989450097382920 0.1816123126727661 0.1129136003900575E-01
 0.4989309169617525 0.1828453102582022 0.1156787270181928E-01
 0.4989167904115326 0.1840521082983721 0.1184351018279616E-01
 0.4989022444225391 0.1852658131460338 0.1212574510361533E-01
 0.4988874424989126 0.1864722909471055 0.1241126229292737E-01
 0.4988724328348713 0.1876677642827850 0.1269906428284916E-01
 0.4988570837819118 0.1888626476487200 0.1299164462909858E-01
 0.4988418429867899 0.1900228426427049 0.1328042075326970E-01
 0.4988259320640715 0.1912075215577410 0.1357986441940749E-01
 0.4988109367207411 0.1923004406268665 0.1385988625339284E-01
 0.4987936461949565 0.1935336836214369 0.1417962113849198E-01
 0.4987780118150543 0.1946252236255127 0.1446522054731796E-01
 0.4987619285983481 0.1957259852781685 0.1475489515843628E-01
 0.4987420318171462 0.1970584844000535 0.1510696766688924E-01
 0.4987234106334168 0.1982779596974565 0.1543062830684211E-01
 0.4987053894336375 0.1994341822844414 0.1573992451431347E-01
 0.4986884747866116 0.2004989910250606 0.1602843296583904E-01
 0.4986708461706568 0.2015885478678491 0.1632903184399059E-01
 0.4986525767181346 0.2026967058229063 0.1664195021230034E-01
 0.4986360071925003 0.2036838203544718 0.1692766909276607E-01
 0.4986186377189016 0.2047007995423732 0.1722916138938582E-01
 0.4985992023705547 0.2058177854977104 0.1756829618196901E-01
 0.4985815496006154 0.2068137612296159 0.1787714594011751E-01
 0.4985623001518591 0.2078803884733702 0.1821398487137088E-01
 0.4985423085900554 0.2089674665839724 0.1856317910386095E-01
 0.4985224137510033 0.2100291968809435 0.1890953550379830E-01
 0.4984996060935685 0.2112227547166473 0.1930475536846660E-01
 0.4984785476936056 0.2123033212123683 0.1966771345070191E-01
 0.4984546339687642 0.2135065414248233 0.2007760412379108E-01
 0.4984332479595922 0.2145620012911900 0.2044216412850645E-01
 0.4984090851255527 0.2157321464194247 0.2085178383379489E-01
 0.4983872135650739 0.2167717258221211 0.2122046687815554E-01
 0.4983626362550413 0.2179186292553495 0.2163244783669404E-01
 0.4983397849339170 0.2189656063200108 0.2201339984556405E-01
 0.4983162768894710 0.2200239754315204 0.2240323673179105E-01
 0.4982917771206274 0.2211076191181124 0.2280726739868971E-01
 0.4982683455504761 0.2221262461339988 0.2319152437985921E-01
 0.4982411706857937 0.2232867285194997 0.2363460582822575E-01
 0.4982170047703445 0.2243006269338846 0.2402640205894018E-01
 0.4981894579276350 0.2254364507004279 0.2447048202803847E-01
 0.4981642684144400 0.2264572205398074 0.2487417733806666E-01
 0.4981383385200408 0.2274908741413718 0.2528738872214111E-01
 0.4981112728403164 0.2285519839265188 0.2571625821246645E-01
 0.4980855332653832 0.2295448496771094 0.2612188300699831E-01
 0.4980554743359208 0.2306850430189888 0.2659283733888191E-01
 0.4980288779033566 0.2316772239020516 0.2700707354133145E-01
 0.4979997676870753 0.2327459278638076 0.2745786502098926E-01
 0.4979718900462703 0.2337530969611749 0.2788713777173318E-01
 0.4979441302919299 0.2347407504885908 0.2831230797738044E-01
 0.4979123807963443 0.2358523737383215 0.2879579637334980E-01
 0.4978841619665291 0.2368248593882967 0.2922302326756569E-01
 0.4978512556008260 0.2379411325621161 0.2971834024006259E-01
 0.4978218763993711 0.2389221788197202 0.3015806787546101E-01
 0.4977917160859529 0.2399145690374766 0.3060710740521251E-01
 0.4977598755097804 0.2409466036796998 0.3107854950336570E-01
 0.4977300235748625 0.2419000887405113 0.3151811453088108E-01
 0.4976946973525814 0.2430114310819525 0.3203533808083983E-01
 0.4976636091038001 0.2439747350853044 0.3248798022766081E-01
 0.4976312439429293 0.2449634763741120 0.3295675293864300E-01
 0.4975978777895917 0.2459682112893965 0.3343738112385941E-01
 0.4975662224555523 0.2469081929587889 0.3389087934805428E-01
 0.4975284795929160 0.2480126718087003 0.3442850454708050E-01
 0.4974955466125360 0.2489624248671037 0.3489498093057405E-01
 0.4974612750993003 0.2499374170383743 0.3537786252174838E-01
 0.4974258760932136 0.2509306381730148 0.3587387871222066E-01
 0.4973924219657045 0.2518567712423592 0.3634006436451263E-01
 0.4973522996965588 0.2529519917647613 0.3689594411683186E-01
 0.4973173694098397 0.2538921579515900 0.3737713462538581E-01
 0.4972815330270355 0.2548442374799952 0.3786820223697156E-01
 0.4972434152147372 0.2558434969029890 0.3838762741161655E-01
 0.4972080841758315 0.2567577204205950 0.3886639433958743E-01
 0.4971670403623054 0.2578057582850812 0.3941940221333957E-01
 0.4971299629458236 0.2587399736787956 0.3991614982826658E-01
 0.4970928404447358 0.2596637673385294 0.4041089524308803E-01
 0.4970500466923179 0.2607147834220702 0.4097799260955491E-01
 0.4970125345100465 0.2616242090086490 0.4147224235011485E-01
 0.4969713668470415 0.2626098859399391 0.4201163868492506E-01
 0.4969318088984601 0.2635451890111346 0.4252708111988850E-01
 0.4968932825162264 0.2644452831501005 0.4302647218236425E-01
 0.4968462395088358 0.2655303139385491 0.4363279213175474E-01
 0.4968063476644205 0.2664386746738885 0.4414394500772718E-01
 0.4967648338959632 0.2673728824755820 0.4467299706910871E-01
 0.4967217999170918 0.2683297098064308 0.4521843025618414E-01
 0.4966815006639875 0.2692153377489359 0.4572654298531499E-01
 0.4966350079020452 0.2702249471117615 0.4630960180685460E-01
 0.4965926022983387 0.2711347927822760 0.4683845967853728E-01
 0.4965506542147459 0.2720247816926807 0.4735886583906897E-01
 0.4964989680040494 0.2731080450029341 0.4799644817293406E-01
 0.4964559484999731 0.2739987630160796 0.4852418840844958E-01
 0.4964104365144388 0.2749306137252899 0.4907967473096343E-01
 0.4963646059268826 0.2758584009255538 0.4963610905844367E-01
 0.4963211640200957 0.2767282885154206 0.5016082080991816E-01
 0.4962703501794151 0.2777343315062738 0.5077129533017439E-01
 0.4962246648933182 0.2786285715140123 0.5131726380692961E-01
 0.4961794479575697 0.2795043306657333 0.5185503189086441E-01
 0.4961233303732980 0.2805786802665629 0.5251887316509789E-01
 0.4960769642965554 0.2814561530186048 0.5306437225935319E-01
 0.4960282951775885 0.2823675658509117 0.5363410335717052E-01
 0.4959785944247648 0.2832883662799505 0.5421299352468049E-01
 0.4959319369112228 0.2841438841950832 0.5475385172672831E-01
 0.4958791161884113 0.2851022759244777 0.5536317334552993E-01
 0.4958297173917473 0.2859890860666477 0.5593013500818674E-01
 0.4957816518100769 0.2868433779463921 0.5647911066704241E-01
 0.4957215370499324 0.2879002206934651 0.5716206062475810E-01
 0.4956714815338461 0.2887706312944456 0.5772775262609720E-01
 0.4956208819832730 0.2896418768243270 0.5829691187498422E-01
 0.4955642070402673 0.2906076912275579 0.5893120650383699E-01
 0.4955139138995895 0.2914560868639044 0.5949122351382404E-01
 0.4954603591373010 0.2923507682885563 0.6008464156986144E-01
 0.4954057927083129 0.2932533086991545 0.6068627763712243E-01
 0.4953546571830078 0.2940910152424389 0.6124744320214878E-01
 0.4952976223548461 0.2950163566373235 0.6187038308698680E-01
 0.4952431198118493 0.2958919482212267 0.6246273368552626E-01
 0.4951906919885065 0.2967264068124809 0.6302982937234701E-01
 0.4951282346134759 0.2977107536280724 0.6370202091738482E-01
 0.4950731914217294 0.2985696757339774 0.6429147554778818E-01
 0.4950189816486908 0.2994079260758031 0.6486939125247865E-01
 0.4949504009297100 0.3004577574970707 0.6559681080553870E-01
 0.4948945055523692 0.3013048237335778 0.6618659425528302E-01
 0.4948374854903430 0.3021611875379491 0.6678540208928768E-01
 0.4947751317801680 0.3030889058972416 0.6743702745153844E-01
 0.4947190954269849 0.3039150108540241 0.6801988521173376E-01
 0.4946596217116976 0.3047840763022274 0.6863570469448801E-01
 0.4945981554312265 0.3056740964586726 0.6926912452966864E-01
 0.4945411578170944 0.3064921620221345 0.6985372066791642E-01
 0.4944791988039295 0.3073736998821243 0.7048620865434527E-01
 0.4944175089476819 0.3082435770524873 0.7111294519553937E-01
 0.4943593473017507 0.3090567026806364 0.7170118135944852E-01
 0.4942947453452113 0.3099520747686905 0.7235157305989659E-01
 0.4942324515964897 0.3108078567293209 0.7297573589272555E-01
 0.4941730246628132 0.3116174514458199 0.7356842122313038E-01
 0.4941054216860417 0.3125305296189311 0.7423942826239111E-01
 0.4940423380363879 0.3133751446693678 0.7486258897505040E-01
 0.4939815423506703 0.3141824897559904 0.7546050689490677E-01
 0.4939100917836797 0.3151231790086626 0.7615994054232265E-01
 0.4938460915105389 0.3159584636646325 0.7678342410797913E-01
 0.4937837625182470 0.3167654312524160 0.7738788330584240E-01
 0.4937055112169559 0.3177696531943994 0.7814301015441197E-01
 0.4936403990413501 0.3185978750350592 0.7876828852212552E-01
 0.4935760399684267 0.3194100687005432 0.7938369245993199E-01
 0.4934940271299017 0.3204359565499100 0.8016411825738554E-01
 0.4934280517140477 0.3212539976806957 0.8078883200153339E-01
 0.4933611011761973 0.3220776745888380 0.8141996170256173E-01
 0.4932860023229777 0.3229940191818995 0.8212461197596205E-01
 0.4932198397740564 0.3237948181186608 0.8274262318463106E-01
 0.4931511500834311 0.3246198853483052 0.8338152465676124E-01
 0.4930760374127511 0.3255148800836335 0.8407698237841703E-01
 0.4930087928197228 0.3263098500972999 0.8469672753693690E-01
 0.4929385668473265 0.3271338648266710 0.8534106364764570E-01
 0.4928624700780110 0.3280197546142578 0.8603601269388171E-01
 0.4927939941823866 0.3288108130639785 0.8665856451436199E-01
 0.4927223744463917 0.3296321157245022 0.8730691700271592E-01
 0.4926448374810677 0.3305144078451319 0.8800562686471242E-01
 0.4925750530236113 0.3313024980129868 0.8863160155744289E-01
 0.4925021342928547 0.3321200418350296 0.8928279994084065E-01
 0.4924228913233706 0.3330017374301149 0.8998722035860801E-01
 0.4923517531711524 0.3337873766031209 0.9061680949454963E-01
 0.4922776095701235 0.3346003998793760 0.9127025981189175E-01
 0.4921964093357913 0.3354841294588405 0.9198270037420551E-01
 0.4921238787808682 0.3362677155948002 0.9261622281614761E-01
 0.4920485649606474 0.3370756985758612 0.9327122275716296E-01
 0.4919651746773852 0.3379637115138259 0.9399318423450218E-01
 0.4918912123706964 0.3387456165475312 0.9463073880125890E-01
 0.4918147532525103 0.3395483770976705 0.9528712737147101E-01
 0.4917289242996833 0.3404429268685740 0.9602069614010630E-01
 0.4916534884632243 0.3412235074387128 0.9666256024762863E-01
 0.4915758804322357 0.3420211521833648 0.9732010153531209E-01
 0.4914874194611652 0.3429237694899375 0.9806620408894370E-01
 0.4914104741961443 0.3437032947554550 0.9871233823913228E-01
 0.4913316835404784 0.3444962221936652 0.9937128852494466E-01
 0.4912404460472199 0.3454078394651184 0.1001309435142055
 0.4911619647264713 0.3461864598710955 0.1007814424256574
 0.4910819400684052 0.3469752100369378 0.1014419255152686
 0.4909879302185906 0.3478952394656871 0.1022142922046618
 0.4909079084874026 0.3486728867651636 0.1028688192179359
 0.4908265989480970 0.3494579717824733 0.1035311980237914
 0.4907298683990285 0.3503854066732333 0.1043156854144399
 0.4906483125642959 0.3511619186316848 0.1049741057262637
 0.4905656871599116 0.3519436372765066 0.1056383622929487
 0.4904663071707050 0.3528773521525900 0.1064336673607657
 0.4903832267797556 0.3536525581440576 0.1070955797599220
 0.4902992638019138 0.3544311192225758 0.1077618611358048
 0.4901972330678122 0.3553707279385032 0.1085679223422473
 0.4901126283314332 0.3561445537765903 0.1092332924940791
 0.4900273174025156 0.3569200525074097 0.1099014388195027
 0.4899226542032095 0.3578650169709544 0.1107174202873992
 0.4898365262696003 0.3586373932496241 0.1113859146448905
 0.4897498524615284 0.3594099697817343 0.1120559927603171
 0.4896424775215479 0.3603606475317049 0.1128824207773988
 0.4895548134325118 0.3611316299307499 0.1135540730530311
 0.4894667586335245 0.3619014413740206 0.1142259320356466
 0.4893567976550107 0.3628563925992351 0.1150610882008030
 0.4892676066149096 0.3636258569487093 0.1157354572737672
 0.4891781600848687 0.3643930044174635 0.1164090892332029
 0.4890661500666402 0.3653473916210856 0.1172488834378832
 0.4889754656576679 0.3661150438071169 0.1179256850922538
 0.4888846824416688 0.3668791002506616 0.1186004339441854
 0.4887703587474367 0.3678350762764627 0.1194462543769395
 0.4886781290299314 0.3686013454425824 0.1201255532739960
 0.4885860252399285 0.3693622230511067 0.1208012671050421
 0.4884691401271646 0.3703216712060169 0.1216549744413855
 0.4883753187044246 0.3710869056675088 0.1223371103359819
 0.4882818929236641 0.3718446512450967 0.1230136030361502
 0.4881623434784962 0.3728081753255930 0.1238753100650482
 0.4880669097681010 0.3735724980756648 0.1245601197258690
 0.4879721469556476 0.3743272659760452 0.1252374903043487
 0.4878498259739196 0.3752954669370718 0.1261079989746713
 0.4877527641286792 0.3760589515261076 0.1267956315620797
 0.4876566537105624 0.3768108476373810 0.1274737983161404
 0.4875315036315128 0.3777839040720240 0.1283528868332694
 0.4874328053873374 0.3785465638984143 0.1290430978732359
 0.4873353295037537 0.3792957480989467 0.1297221752084616
 0.4872072684030963 0.3802740131985136 0.1306104399556825
 0.4871069177197007 0.3810359158903444 0.1313033786891172
 0.4870080487299444 0.3817826092988242 0.1319833929969642
 0.4868771249010551 0.3827654385835031 0.1328798388227990
 0.4867751250303030 0.3835265106935020 0.1335751553662289
 0.4866748422817828 0.3842708792198373 0.1342562059453982
 0.4865410163193640 0.3852583110355098 0.1351611218665048
 0.4864373613042952 0.3860185487403738 0.1358588975143056
 0.4863356489198582 0.3867607130721913 0.1365409279663819
 0.4861990032805997 0.3877519012091323 0.1374531165586151
 0.4860937021632110 0.3885112007197841 0.1381529732381762
 0.4859905491349491 0.3892512497642662 0.1388360214603851
 0.4858509822198359 0.3902467058700145 0.1397562255150762
 0.4857440255447359 0.3910050959029539 0.1404583012408574
 0.4856394245374563 0.3917430837742140 0.1411422817808350
 0.4854974083713182 0.3927392789989757 0.1420668247456869
 0.4853888308002154 0.3934965006505222 0.1427706040780818
 0.4852828079287234 0.3942322697764356 0.1434553273483938
 0.4851411666813434 0.3952096960864271 0.1443662526053912
 0.4850311005062766 0.3959649322266874 0.1450710498342978
 0.4849238927604148 0.3966969925286949 0.1457549489881780
 0.4847881835465131 0.3976187032394594 0.1466170435286472
 0.4846766910349455 0.3983718424827009 0.1473223655583587
 0.4845687723490947 0.3990973701482703 0.1480026287597050
 0.4844425260688625 0.3999418383298524 0.1487953853894741
 0.4843287627076664 0.4006989129504258 0.1495069247974309
 0.4842202274916939 0.4014178000718329 0.1501832332562029
 0.4841015289824345 0.4022002584562923 0.1509200550795934
 0.4839825413380957 0.4029807471000497 0.1516557899776496
 0.4838724499060670 0.4036994709643498 0.1523340287931639
 0.4837577961069737 0.4044445393525954 0.1530378855412099
 0.4836257607353707 0.4052982685826024 0.1538453020023640
 0.4835123404272452 0.4060280145500947 0.1545361655387246
 0.4833986340635878 0.4067562871468595 0.1552262394030131
 0.4832471139140799 0.4077216657741765 0.1561419335596863
 0.4831295846615458 0.4084665318171850 0.1568492679930296
 0.4830148335873915 0.4091905088694444 0.1575374793157017
 0.4828692139426755 0.4101046326068378 0.1584074297794378
 0.4827499280874052 0.4108496581686727 0.1591172012552768
 0.4826346747578896 0.4115662997370199 0.1598005120703859
 0.4825013997048969 0.4123911310335617 0.1605876770695541
 0.4823794227887017 0.4131424483346697 0.1613053765269507
 0.4822636059852189 0.4138526861794479 0.1619844850775107
 0.4821387219951680 0.4146151461906352 0.1627142381959198
 0.4820094415883108 0.4154007966649412 0.1634669075369261
 0.4818915585316266 0.4161139865674003 0.1641507247894022
 0.4817705260189390 0.4168430957062065 0.1648503212826861
 0.4816204273233144 0.4177429461509546 0.1657144813520993
 0.4814980536746863 0.4184730602567637 0.1664162861560025
 0.4813771852158535 0.4191911266894701 0.1671071131660154
 0.4812219951730111 0.4201086807345070 0.1679907079556702
 0.4810963446452608 0.4208479947738363 0.1687032846813286
 0.4809749864915282 0.4215590428456488 0.1693890919251603
 0.4808347559788211 0.4223770269916731 0.1701786094310128
 0.4807062639819575 0.4231231551712676 0.1708993507918821
 0.4805844261470412 0.4238276909292985 0.1715804726350930
 0.4804536537717780 0.4245807297513695 0.1723091019558632
 0.4803165344505191 0.4253668424288176 0.1730703748318788
 0.4801923421106867 0.4260758105789086 0.1737574461024865
 0.4800656010889585 0.4267963900233220 0.1744562266133287
 0.4799043647723901 0.4277088535153417 0.1753417702070105
 0.4797750921041601 0.4284370442596612 0.1760490874626000
 0.4796483738758572 0.4291479572592942 0.1767401875630738
 0.4794927615569133 0.4300171053077071 0.1775858616331665
 0.4793605615023303 0.4307521791071179 0.1783016673874035
 0.4792337389913691 0.4314545291840485 0.1789860558095232
 0.4790928429878958 0.4322316144160703 0.1797437656981045
 0.4789555107579381 0.4329858351350048 0.1804797189806944
 0.4788275484412133 0.4336857777565077 0.1811632310542878
 0.4786940473117882 0.4344131502807416 0.1818740822140914
 0.4785403080053454 0.4352472032332310 0.1826898456000257
 0.4784082970289085 0.4359603492868231 0.1833878408804757
 0.4782768505840875 0.4366676971281770 0.1840805561173791
 0.4781112055671196 0.4375552160878301 0.1849502702608576
 0.4779743325250587 0.4382853657021274 0.1856662824496364
 0.4778427361654262 0.4389846591291008 0.1863525080617176
 0.4776948469443537 0.4397673983356514 0.1871211662750173
 0.4775534744704321 0.4405125801095951 0.1878534263275449
 0.4774210552957154 0.4412078802421378 0.1885370355954491
 0.4772821643782534 0.4419343977771690 0.1892516835640058
 0.4771253937222886 0.4427510792361267 0.1900554682802605
 0.4769890594536491 0.4434584326261861 0.1907520860411978
 0.4768529322803303 0.4441620795844630 0.1914454912200204
 0.4766813963629647 0.4450450522594936 0.1923162169789903
 0.4765396241478378 0.4457717355275584 0.1930332682957924
 0.4764034339512837 0.4464672095499850 0.1937198528685730
 0.4762510525152481 0.4472423814294487 0.1944854865813215
 0.4761042745374834 0.4479860994733703 0.1952204620721562
 0.4759671669891179 0.4486782316478654 0.1959048695994624
 0.4758240207548864 0.4493982093879346 0.1966172586911667
 0.4756594502775173 0.4502226487122540 0.1974335385804308
 0.4755179232201849 0.4509288598972427 0.1981331512943598
 0.4753773734736172 0.4516276691985011 0.1988257425148595
 0.4752057547258203 0.4524775769949043 0.1996685057081032
 0.4750588360480518 0.4532022454733441 0.2003874919459079
 0.4749183901349463 0.4538924983492067 0.2010727263831735
 0.4747646952179589 0.4546451064313167 0.2018203067735956
 0.4746102467598606 0.4553985285150604 0.2025691129217887
 0.4744681021235078 0.4560894092813261 0.2032560661535236
 0.4743220483247977 0.4567967980632062 0.2039596964916502
 0.4741393900539532 0.4576779580188535 0.2048365576024337
 0.4739912437912747 0.4583897890835769 0.2055452755631899
 0.4738463219181983 0.4590836919820458 0.2062364890392590
 0.4736750096086330 0.4599008807549969 0.2070509371535132
 0.4735226036294891 0.4606251117787895 0.2077730684767395
 0.4733778254344370 0.4613107036258807 0.2084569022965499
 0.4732224663052623 0.4620438343893941 0.2091883776672484
 0.4730592088834994 0.4628114022987240 0.2099544915309370
 0.4729116783908154 0.4635025553089440 0.2106446326290699
 0.4727623323761487 0.4641998451567835 0.2113412234225439
 0.4725594726004373 0.4651432114643073 0.2122841440756877
 0.4724044517948586 0.4658612088189968 0.2130021295380447
 0.4722549153674784 0.4665514479731194 0.2136925805763185
 0.4720810463119998 0.4673511224292201 0.2144927762659572
 0.4719231415199120 0.4680747153389981 0.2152171451760164
 0.4717737667100027 0.4687569145792633 0.2159003927605092
 0.4716151005557557 0.4694791158344099 0.2166240608156560
 0.4714437396140192 0.4702563130541119 0.2174032160160108
 0.4712908440104454 0.4709473422444983 0.2180962605995899
 0.4711374425869329 0.4716383862914924 0.2187895374282079
 0.4709463449214515 0.4724960939399100 0.2196503200997496
 0.4707863770920465 0.4732114198578674 0.2203685144598430
 0.4706333564200785 0.4738934331400291 0.2210535618100310
 0.4704654687644021 0.4746392041438339 0.2218029899694137
 0.4702979793938661 0.4753806192479614 0.2225483465570514
 0.4701433642857195 0.4760627728761446 0.2232343353190457
 0.4699848240945406 0.4767600000245489 0.2239356488929670
 0.4697834663729510 0.4776422871158551 0.2248233555694113
 0.4696217440182271 0.4783483028664282 0.2255339557883745
 0.4694644988249577 0.4790325726503510 0.2262229152121811
 0.4692829912530186 0.4798197503788255 0.2270157814251325
 0.4691164334504376 0.4805395964730130 0.2277410516027384
 0.4689592436497967 0.4812167843707716 0.2284234792046944
 0.4687935198608118 0.4819284756539225 0.2291407911067994
 0.4686102238977835 0.4827129510509816 0.2299316182130642
 0.4684486928479428 0.4834019659377594 0.2306263963824984
 0.4682878973645929 0.4840857130386882 0.2313160700392084
 0.4680960025995947 0.4848989467861980 0.2321366174288097
 0.4679272996684285 0.4856114411542923 0.2328557070131186
 0.4677668975359459 0.4862867682297033 0.2335373977103461
 0.4675952594991933 0.4870071433023342 0.2342646623743788
 0.4674141506782280 0.4877647601695826 0.2350296685871067
 0.4672505423033224 0.4884469751709345 0.2357187160101338
 0.4670859149293677 0.4891313557966955 0.2364101576543369
 0.4668809741468041 0.4899804317457845 0.2372682745323501
 0.4667096262286160 0.4906878909302136 0.2379834513416410
 0.4665456957317017 0.4913626640089320 0.2386656919001452
 0.4663669812779993 0.4920960148239895 0.2394072581748333
 0.4661868781195757 0.4928326833429069 0.2401523126492478
 0.4660209735610680 0.4935091797217767 0.2408366731843484
 0.4658520234979827 0.4941960463014738 0.2415317112859712
 0.4656262275124308 0.4951108228034599 0.2424576341267875
 0.4654518377912167 0.4958148551311182 0.2431703807855140
 0.4652836023045768 0.4964920130665266 0.2438559765498784
 0.4650924020588932 0.4972592077770702 0.2446327812918114
 0.4649137728878979 0.4979736762736816 0.2453562788723814
 0.4647455051442160 0.4986447008937401 0.2460358957016158
 0.4645701116772574 0.4993420927988389 0.2467423528394109
 0.4643656697725310 0.5001523691993611 0.2475633055569576
 0.4641916929919621 0.5008397025882214 0.2482597583327422
 0.4640202784151282 0.5015149534600958 0.2489439792080995
 0.4638231400459598 0.5022891532742249 0.2497284690819412
 0.4636419184148970 0.5029986144143852 0.2504474038037647
 0.4634707155834330 0.5036669071579506 0.2511247056211922
 0.4632913325321797 0.5043651198324903 0.2518324423646859
 0.4630867421152111 0.5051589556805395 0.2526372200627330
 0.4629102759611127 0.5058415516570778 0.2533292675348435
 0.4627356987155639 0.5065149306447063 0.2540119670322897
 0.4625346203782890 0.5072881948758576 0.2547959244252258
 0.4623502678971685 0.5079949609145059 0.2555124940470507
 0.4621761146080535 0.5086607283514756 0.2561875690045496
 0.4619934970583436 0.5093568898057438 0.2568935609488650
 0.4617847504743073 0.5101502165425024 0.2576981857832061
 0.4616051194402028 0.5108308239787605 0.2583885111825364
 0.4614275109442228 0.5115019034768996 0.2590691495449395
 0.4612237650059091 0.5122694766996182 0.2598476160793756
 0.4610358668784418 0.5129752196340419 0.2605633695056180
 0.4608586933817339 0.5136388271687273 0.2612364259081204
 0.4606733335014867 0.5143311862454769 0.2619386984211314
 0.4604572995667675 0.5151356742694279 0.2627547432263014
 0.4602739637444677 0.5158163505317668 0.2634451677536802
 0.4600934171906870 0.5164848492788716 0.2641231633921172
 0.4598876049896871 0.5172447107909632 0.2648937109813101
 0.4596959202548657 0.5179503354219407 0.2656091852172660
 0.4595156979139010 0.5186119519039467 0.2662800137634380
 0.4593277866226146 0.5192999387585356 0.2669775775519798
 0.4591020952518668 0.5201237625853578 0.2678128394637569
 0.4589148330775246 0.5208052701182914 0.2685037281619268
 0.4587313501227532 0.5214712432597141 0.2691787525184482
 0.4585231049526176 0.5222249757891700 0.2699425800197619
 0.4583277674901544 0.5229299593413108 0.2706568966192148
 0.4581445415586899 0.5235894597853921 0.2713250772161780
 0.4579540944848912 0.5242731478906966 0.2720177368474535
 0.4577194826894005 0.5251128761013946 0.2728684228916212
 0.4575284772063940 0.5257945004747486 0.2735588361305485
 0.4573420785760203 0.5264579451679424 0.2742306986406423
 0.4571312012896556 0.5272064609716746 0.2749885386949472
 0.4569322196628118 0.5279107679790921 0.2757014854478163
 0.4567459385959225 0.5285683878047608 0.2763671005110029
 0.4565528913136629 0.5292481393512007 0.2770550703534954
 0.4563111538929344 0.5300968386512847 0.2779139447323822
 0.4561164267803816 0.5307784889377881 0.2786036434376193
 0.4559270667763224 0.5314396507220049 0.2792724600636374
 0.4557138443077841 0.5321821381025865 0.2800233514523414
 0.4555109030705176 0.5328868798014552 0.2807359097608401
 0.4553214791916302 0.5335429829364076 0.2813991894005236
 0.4551259793174287 0.5342184252526537 0.2820819392808104
 0.4548747789392569 0.5350837863483232 0.2829565123339588
 0.4546760167148972 0.5357665079689876 0.2836463172792866
 0.4544836601154418 0.5364255625010560 0.2843120010084648
 0.4542679716095002 0.5371626247999928 0.2850562129464106
 0.4540611146303603 0.5378676034128194 0.2857677923756745
 0.4538685852743983 0.5385220905625424 0.2864282385117617
 0.4536705710826585 0.5391935635411451 0.2871056800415041
 0.4534094078685731 0.5400766243618338 0.2879963453753511
 0.4532067465917468 0.5407598902369694 0.2886852492658023
 0.4530114184280448 0.5414168047511759 0.2893473382115939
 0.4527927924647644 0.5421501919758074 0.2900862084165837
 0.4525822946463857 0.5428544501230043 0.2907954762074531
 0.4523866860936095 0.5435072675711013 0.2914527637310953
 0.4521858688108301 0.5441758507217546 0.2921257861916439
 0.4519165469099528 0.5450699541971742 0.2930256010314353
 0.4517102278318975 0.5457529361085285 0.2937127247285879
 0.4515118532163828 0.5464080264117980 0.2943715670928113
 0.4512899655122996 0.5471389271860833 0.2951063895333863
 0.4510758538232718 0.5478423888255428 0.2958133932202735
 0.4508771417685847 0.5484936633584377 0.2964677865628578
 0.4506734941878014 0.5491595352327309 0.2971367131287213
 0.4503998776235270 0.5500516898268707 0.2980327243484680
 0.4501899766328957 0.5507341681002363 0.2987179075378397
 0.4499886767788320 0.5513871225297239 0.2993731969050970
 0.4497647404108318 0.5521117237132097 0.3001000765563074
 0.4495462330953512 0.5528169649714885 0.3008072394640179
 0.4493442849484585 0.5534671976619435 0.3014590220902920
 0.4491382260013932 0.5541291293872619 0.3021223372349435
 0.4488749081649756 0.5549727536725575 0.3029674248768764
 0.4486619210155940 0.5556533005306269 0.3036488560159425
 0.4484584633308089 0.5563018843032544 0.3042979905362915
 0.4482375188101457 0.5570045490719538 0.3050009135146436
 0.4480101977476190 0.5577256982243852 0.3057219887417744
 0.4478040757492081 0.5583780335883247 0.3063740086198507
 0.4475967577286428 0.5590326657242263 0.3070281233731323
 0.4473511167083050 0.5598063890100055 0.3078009813165142
 0.4471334331034275 0.5604903251710613 0.3084838883349881
 0.4469277509373202 0.5611350743430585 0.3091273985404033
 0.4467117831201550 0.5618105288929480 0.3098012530003365
 0.4464598315312881 0.5625965498794162 0.3105850416364360
 0.4462467284844858 0.5632597253766536 0.3112460693923557
 0.4460379119997787 0.5639081059335183 0.3118921533191629
 0.4458031924809796 0.5646352082880142 0.3126164552542355
 0.4455775336516574 0.5653325504870393 0.3133108522445429
 0.4453681782449562 0.5659780377444668 0.3139533375018156
 0.4451539512237057 0.5666370872432910 0.3146090129130651
 0.4448741147570937 0.5674957730275130 0.3154628331165920
 0.4446530490277165 0.5681723662212583 0.3161352579652222
 0.4444417897579857 0.5688175104425189 0.3167761902962970
 0.4442113303026336 0.5695196991536327 0.3174735420696318
 0.4439766609216038 0.5702330228593667 0.3181816529572580
 0.4437630868930760 0.5708807490691381 0.3188243388737246
 0.4435479992364090 0.5715316557636512 0.3194698531447636
 0.4432924979661527 0.5723030377079283 0.3202344198106576
 0.4430666127121540 0.5729833663604902 0.3209083963035495
 0.4428533350627452 0.5736243202834823 0.3215431203727319
 0.4426297136845174 0.5742949060729061 0.3222069624310682
 0.4423661423358967 0.5750833944249589 0.3229872169298394
 0.4421449147756560 0.5757436349593830 0.3236402716166685
 0.4419287256674364 0.5763874601938730 0.3242768016277385
 0.4416873031575211 0.5771048325340186 0.3249857056979558
 0.4414523844599476 0.5778012698403249 0.3256736139910703
 0.4412352742360140 0.5784435102615109 0.3263077672676143
 0.4410141310818234 0.5790963047826064 0.3269521563637536
 0.4407372585773650 0.5799116628947935 0.3277567513275700
 0.4405078757350864 0.5805855429148380 0.3284214720091675
 0.4402896606732367 0.5812252556065389 0.3290522255196239
 0.4400562969199616 0.5819079212434489 0.3297250254146089
 0.4398047124747295 0.5826422132652384 0.3304483720308173
 0.4395817325016785 0.5832915749356430 0.3310878067358896
 0.4393604693663551 0.5839346046656785 0.3317208106908517
 0.4391087909540912 0.5846644235507702 0.3324390214847999
 0.4388712433894816 0.5853517106613755 0.3331151233087502
 0.4386500373170313 0.5859903684708416 0.3337431259465143
 0.4384230657029590 0.5866443284548841 0.3343858898232225
 0.4381194168936817 0.5875170999097787 0.3352432872752003
 0.4378854454513375 0.5881879600926528 0.3359020504106777
 0.4376618517520232 0.5888277402961883 0.3365301174625368
 0.4374167748174354 0.5895275140928832 0.3372169063820708
 0.4371699663750838 0.5902306799488544 0.3379068277739936
 0.4369445956725993 0.5908714170343207 0.3385352921291762
 0.4367174641459394 0.5915158624800859 0.3391671739682502
 0.4364477190563885 0.5922795346554898 0.3399156797448496
 0.4362086149205120 0.5929549426726816 0.3405774647699674
 0.4359833349103842 0.5935900048742667 0.3411995837491818
 0.4357482184665829 0.5942514625571015 0.3418474476785252
 0.4354596213291949 0.5950615284052727 0.3426406933583818
 0.4352244513313369 0.5957201309184927 0.3432854338201347
 0.4349961697267108 0.5963581634884140 0.3439098360376526
 0.4347432256500516 0.5970636637599025 0.3446000181939154
 0.4344935535031221 0.5977585397693482 0.3452795765717140
 0.4342640803897593 0.5983958939070367 0.3459027193240639
 0.4340318398484280 0.5990396693361058 0.3465320125851949
 0.4337518309001061 0.5998141775775560 0.3472889294408199
 0.4335085707023270 0.6004855546104076 0.3479448757007814
 0.4332788491109374 0.6011183075469186 0.3485628952144660
 0.4330379807089825 0.6017804581719143 0.3492094149521075
 0.4327522261464360 0.6025642789867706 0.3499744800687088
 0.4325135884974983 0.6032174351516059 0.3506118533824417
 0.4322810031776295 0.6038527865699649 0.3512317666634343
 0.4320233581006621 0.6045551732731342 0.3519170129388239
 0.4317686411622924 0.6052481182719981 0.3525929592919166
 0.4315346944673082 0.6058832880936589 0.3532124397245331
 0.4312981495909182 0.6065242819131669 0.3538374735114589
 0.4310141881738193 0.6072921418524624 0.3545860547776211
 0.4307658486265010 0.6079622327005881 0.3552392211087449
 0.4305316948102059 0.6085928194165520 0.3558538399310515
 0.4302870489827244 0.6092503963114341 0.3564947482639758
 0.4299876123961678 0.6100534941156194 0.3572774514073185
 0.4297431951106213 0.6107076092686070 0.3579148819792606
 0.4295060705183093 0.6113409955106994 0.3585320123970733
 0.4292443599805481 0.6120386755307868 0.3592116610927051
 0.4289838071252846 0.6127318411118932 0.3598868089125851
 0.4287451499692838 0.6133655126760198 0.3605039628081419
 0.4285044738044973 0.6140033473964513 0.3611251614840020
 0.4282192001457553 0.6147578243388169 0.3618599581226196
 0.4279655313045519 0.6154273108665506 0.3625119551735880
 0.4277270633811444 0.6160554807010258 0.3631236617788768
 0.4274793857848390 0.6167066877795846 0.3637577339445343
 0.4271656421716692 0.6175298205870348 0.3645591396460982
 0.4269152818679619 0.6181852440870508 0.3651972659439666
 0.4266739300996273 0.6188158991647756 0.3658113294434490
 0.4264092685096737 0.6195061329717196 0.3664834866643658
 0.4261421033553137 0.6202014922401333 0.3671607081744288
 0.4258985871031445 0.6208340775729099 0.3677768233124853
 0.4256539605914824 0.6214683795422188 0.3683946123965274
 0.4253689932483417 0.6222058151881008 0.3691128510954054
 0.4251093829308489 0.6228762646277078 0.3697658807401850
 0.4248663503131968 0.6235027263830261 0.3703761342085649
 0.4246158797225013 0.6241471774588466 0.3710040057821717
 0.4242771574712898 0.6250167963070702 0.3718513926646353
 0.4240196146738939 0.6256765449405159 0.3724943385301509
 0.4237737044748481 0.6263053285513124 0.3731071229128747
 0.4235051482272267 0.6269907230480252 0.3737750857804685
 0.4232319513775081 0.6276865818101738 0.3744532865204102
 0.4229837387810994 0.6283176034332271 0.3750683788002486
 0.4227349953070109 0.6289488343182154 0.3756837954163058
 0.4224477789363185 0.6296762839568366 0.3763931888833153
 0.4221827902572244 0.6303460997470541 0.3770465223003078
 0.4219353892953519 0.6309703068374430 0.3776554649285548
 0.4216814772754461 0.6316097905980763 0.3782793903601194
 0.4213487767633863 0.6324459495008317 0.3790953494515726
 0.4210864123245705 0.6331039394049344 0.3797376094995061
 0.4208369207001429 0.6337285084802005 0.3803474279105835
 0.4205691358673994 0.6343976448846210 0.3810009764992381
 0.4202826446197484 0.6351121244200184 0.3816990408832723
 0.4200280527117580 0.6357458415867516 0.3823183575738535
 0.4197759310739166 0.6363722943416810 0.3829306890336497
 0.4194935954340631 0.6370725092928192 0.3836152447330784
 0.4192195126045901 0.6377509378808250 0.3842786539907191
 0.4189667641089420 0.6383754124224276 0.3848894779681104
 0.4187109586272310 0.6390063256554326 0.3855068021806559
 0.4184055135677087 0.6397582074341562 0.3862427645515324
 0.4181364135328709 0.6404193108191738 0.3868900940489639
 0.4178834422420798 0.6410396753692191 0.3874976945371391
 0.4176210179738742 0.6416820849336212 0.3881270384563109
 0.4172837720355294 0.6425059654296685 0.3889344204618888
 0.4170173741114511 0.6431554286417550 0.3895711406286166
 0.4167615959103205 0.6437778956907138 0.3901816616346614
 0.4164833418400531 0.6444538355595935 0.3908449510294783
 0.4161967520335318 0.6451486963795044 0.3915271452115368
 0.4159377944415951 0.6457754065917600 0.3921426927152232
 0.4156794923713836 0.6463994438557563 0.3927558340090858
 0.4153867962691919 0.6471052688337917 0.3934495934778146
 0.4151082456247842 0.6477757004468777 0.3941088474598184
 0.4148501227762447 0.6483958541194175 0.3947189467986088
 0.4145878906156332 0.6490247908174874 0.3953379953003006
 0.4142701357811083 0.6497854275858614 0.3960870912130117
 0.4139951931278877 0.6504422914356331 0.3967343268505095
 0.4137362532333090 0.6510598340576758 0.3973430702929907
 0.4134666237366140 0.6517017522684565 0.3979760870754589
 0.4131292450291141 0.6525033649785735 0.3987669636862281
 0.4128577870556766 0.6531470655241789 0.3994024056179025
 0.4125963956576494 0.6537658180301812 0.4000135755164133
 0.4123125205049909 0.6544366005209126 0.4006765621535663
 0.4120184768327573 0.6551301071562801 0.4013624694067053
 0.4117535758975834 0.6557537492426646 0.4019796525916781
 0.4114900344410758 0.6563731315072210 0.4025929501724353
 0.4111942825635742 0.6570669627382155 0.4032803562027799
 0.4109076129804015 0.6577382278333538 0.4039458298380429
 0.4106432339698245 0.6583562032997056 0.4045588835773905
 0.4103760049408116 0.6589797780146402 0.4051779182155011
 0.4100613952799683 0.6597125511617558 0.4059059024256604
 0.4097786453925060 0.6603698652872049 0.4065593859122800
 0.4095137088059251 0.6609846967940020 0.4071709884867897
 0.4092407336187063 0.6616171032266213 0.4078004015389780
 0.4088681687087137 0.6624784699855817 0.4086582305668308
 0.4085870043702614 0.6631271798359389 0.4093047297095945
 0.4083198209459759 0.6637425695592576 0.4099184241262410
 0.4080315991678651 0.6644052590405508 0.4105797472014487
 0.4077279381926377 0.6651021533762413 0.4112757091117490
 0.4074564965695086 0.6657239862928636 0.4118971196770030
 0.4071877081121076 0.6663387047374613 0.4125117796773010
 0.4068896206299895 0.6670192287263129 0.4131926587776036
 0.4065936089916740 0.6676937686304154 0.4138680244181964
 0.4063225975957362 0.6683102554585884 0.4144857282311060
 0.4060503407873413 0.6689285364564743 0.4151057118468446
 0.4057373626307338 0.6696380120135754 0.4158177502608906
 0.4054460968801579 0.6702970422832653 0.4164797212516384
 0.4051749793649644 0.6709094260274051 0.4170952850421015
 0.4048984173200449 0.6715330603212515 0.4177225747602583
 0.4045551549949258 0.6723056356510050 0.4185002632344954
 0.4042668831034793 0.6729531965759847 0.4191526440435798
 0.4039952226835486 0.6735624035267548 0.4197668700381726
 0.4037118535254037 0.6741967977032844 0.4204070150469950
 0.4033598323422328 0.6749833713682831 0.4212014572972853
 0.4030749763384185 0.6756186435231500 0.4218436502707607
 0.4028011247529418 0.6762283458201361 0.4224604439622551
 0.4025064236611796 0.6768833455740357 0.4231235488365634
 0.4021912782901070 0.6775825028678668 0.4238319484413297
 0.4019114025196729 0.6782023074473545 0.4244605076418898
 0.4016350447220075 0.6788133038461177 0.4250806934664285
 0.4013299093774189 0.6794867541070873 0.4257649361085925
 0.4010243459249241 0.6801599231949326 0.4264495717047438
 0.4007456427240096 0.6807728521789191 0.4270734948391192
 0.4004667223496834 0.6813852444980324 0.4276973669341851
 0.4001507937467315 0.6820776704499786 0.4284033567156763
 0.3998495817400481 0.6827366387520578 0.4290758285033497
 0.3995710741541771 0.6833448951312864 0.4296970962977206
 0.3992895255848244 0.6839587800009721 0.4303246687580320
 0.3989611890005154 0.6846733991700802 0.4310559242471711
 0.3986618817579382 0.6853236386069599 0.4317219271209775
 0.3983824628393655 0.6859296438617705 0.4323431242531523
 0.3980966863602495 0.6865484152221887 0.4329778854549312
 0.3977384583341585 0.6873226064324502 0.4337727778490288
 0.3974406978595656 0.6879648906056711 0.4344328721425195
 0.3971598031079950 0.6885697778972851 0.4350551107099179
 0.3968659729104672 0.6892014681882684 0.4357055527042929
 0.3965098240027322 0.6899656966794162 0.4364933318462851
 0.3962165851370055 0.6905937539514904 0.4371414216333035
 0.3959341093378214 0.6911977566050027 0.4377652344348147
 0.3956311449100764 0.6918444796754502 0.4384337452087854
 0.3953026269955215 0.6925444811516095 0.4391580155661887
 0.3950132843334284 0.6931599187095367 0.4397954122663900
 0.3947291975327697 0.6937631873975978 0.4404207982441006
 0.3944203067032934 0.6944180195512966 0.4411003085780412
 0.3940976830485489 0.6951007356279880 0.4418094698592078
 0.3938081770468497 0.6957123051543210 0.4424453080400079
 0.3935214152425450 0.6963170881277738 0.4430745965895808
 0.3932047176181715 0.6969838657085050 0.4437689677481388
 0.3928870848813621 0.6976514143819093 0.4444647777588002
 0.3925976070268186 0.6982587508269977 0.4450984268560578
 0.3923082657270306 0.6988648122869450 0.4457313572253634
 0.3919822506970843 0.6995465114287267 0.4464440304248625
 0.3916685036353227 0.7002013816687261 0.4471293925519582
 0.3913792708198832 0.7008040657983232 0.4477607471547227
 0.3910879779660838 0.7014100582289896 0.4483961311126897
 0.3907542797713530 0.7021030591785274 0.4491234318284558
 0.3904415447584787 0.7027513569625143 0.4498045063491545
 0.3901514269707980 0.7033517622173594 0.4504358942604761
 0.3898575788934507 0.7039589025455729 0.4510749989352601
 0.3895146981143879 0.7046661041053280 0.4518202297421945
 0.3892020208540551 0.7053098418033136 0.4524992899348678
 0.3889102766693986 0.7059094812609887 0.4531323922150138
 0.3886124163336755 0.7065206977826231 0.4537782431551718
 0.3882467028467623 0.7072697823687438 0.4545704972214896
 0.3879353344914137 0.7079063686019448 0.4552444322596469
 0.3876425317034425 0.7085040078992377 0.4558777329444719
 0.3873390385314809 0.7091224579334517 0.4565337253764252
 0.3869407260067343 0.7099325747531973 0.4573940050467326
 0.3866312110023331 0.7105608757604654 0.4580619472842197
 0.3863369016574740 0.7111573297279621 0.4586965942095902
 0.3860240401255720 0.7117903377607878 0.4593707161298325
 0.3856718451556789 0.7125016456252904 0.4601289484935941
 0.3853681355964416 0.7131139431482363 0.4607822848602540
 0.3850723608170605 0.7137092793478242 0.4614181225812369
 0.3847546882057851 0.7143476352507683 0.4621005689675274
 0.3844085749247407 0.7150419010571372 0.4628435345206668
 0.3841042949303649 0.7156511886518219 0.4634961554130083
 0.3838058149576070 0.7162478974413024 0.4641358020938424
 0.3834818055741051 0.7168945656641386 0.4648295442746177
 0.3831421240349197 0.7175713124136796 0.4655561782461462
 0.3828381202232443 0.7181759402726963 0.4662059590821618
 0.3825377581310490 0.7187723653530026 0.4668475019289086
 0.3822084968478711 0.7194250826964127 0.4675502738360414
 0.3818724867400090 0.7200900047603243 0.4682669034548406
 0.3815687134142785 0.7206901171612982 0.4689142725526658
 0.3812674433343539 0.7212843336625917 0.4695558018532249
 0.3809367488379086 0.7219354998394415 0.4702593952223277
 0.3805989466121972 0.7225994922375139 0.4709774854398643
 0.3802934720884057 0.7231989264081816 0.4716263382869164
 0.3799905338030680 0.7237924357523231 0.4722693407774195
 0.3796584984464379 0.7244418706339596 0.4729735718515196
 0.3793174225838126 0.7251078152906932 0.4736963627273197
 0.3790093722870733 0.7257082603029877 0.4743485840627440
 0.3787037218137216 0.7263030762385351 0.4749951397539410
 0.3783669436896774 0.7269573751709500 0.4757068539336681
 0.3780266749586950 0.7276172956485234 0.4764252388385265
 0.3777176611341072 0.7282155933884950 0.4770770675078611
 0.3774100597895575 0.7288102079621962 0.4777254178239558
 0.3770687581663076 0.7294688638357565 0.4784442393083605
 0.3767298161336078 0.7301218211078144 0.4791574945749159
 0.3764205726488741 0.7307165734650165 0.4798077026812332
 0.3761123121541750 0.7313084965380928 0.4804552911274282
 0.3757712481546622 0.7319623206559197 0.4811711349483083
 0.3754291963773016 0.7326168941329444 0.4818883712659472
 0.3751179914518983 0.7332114449900041 0.4825403598614996
 0.3748085190098008 0.7338017518859878 0.4831882028380349
 0.3744685072873523 0.7344492410233581 0.4838993797272102
 0.3741208897335001 0.7351100596531038 0.4846257836204784
 0.3738064275156447 0.7357068483329205 0.4852822636256512
 0.3734943660167021 0.7362981434175024 0.4859330951157941
 0.3731512667039517 0.7369471750433289 0.4866479162305708
 0.3728022837902743 0.7376061867764773 0.4873742259773141
 0.3724860816809230 0.7382022983315547 0.4880316885732122
 0.3721718413521902 0.7387937750850443 0.4886845264786074
 0.3718246436184725 0.7394462038866013 0.4894052231149160
 0.3714764740170777 0.7400993224451032 0.4901272794692239
 0.3711598995959796 0.7406921883868810 0.4907832047730565
 0.3708451563161609 0.7412806987998146 0.4914347283931810
 0.3704990501753144 0.7419267893645771 0.4921504529135411
 0.3701469797012140 0.7425828761156079 0.4928777421375621
 0.3698284919777787 0.7431753962079709 0.4935350105075614
 0.3695131615956573 0.7437611238388916 0.4941851733514371
 0.3691701726632547 0.7443971932297507 0.4948916942587147
 0.3688093094088429 0.7450652512682587 0.4956342458643053
 0.3684868516356563 0.7456612082631078 0.4962970400655618
 0.3681691638319848 0.7462474282460005 0.4969493211609103
 0.3678248820625503 0.7468816925606145 0.4976554007993053
 0.3674594903291348 0.7475536812868963 0.4984038878350252
 0.3671341398686325 0.7481510235869652 0.4990696330611697
 0.3668137054741721 0.7487384161774673 0.4997247005037580
 0.3664652041426502 0.7493762214451499 0.5004364735155883
 0.3661011602399197 0.7500413217467969 0.5011792319633148
 0.3657752291260329 0.7506357973967850 0.5018435365887458
 0.3654539108691688 0.7512209440657439 0.5024977640042183
 0.3651053289042619 0.7518547159122487 0.5032067227965128
 0.3647379457046950 0.7525215216149898 0.5039530496225797
 0.3644106446434659 0.7531145876910892 0.5046172255824832
 0.3640892820910807 0.7536959888304549 0.5052687116815523
 0.3637442439450891 0.7543192290673967 0.5059675002110413
 0.3633652960834360 0.7550025382092519 0.5067341185054532
 0.3630338539023496 0.7555991756159817 0.5074038729799732
 0.3627106199275618 0.7561801321470418 0.5080563323499798
 0.3623656587717220 0.7567991570996077 0.5087518710799241
 0.3619787590053221 0.7574922375988272 0.5095310443742316
 0.3616431386456890 0.7580924318488644 0.5102062012708252
 0.3613165031118291 0.7586756465273936 0.5108626575552397
 0.3609670776255187 0.7592985606564943 0.5115642474889430
 0.3605820872269530 0.7599836919744455 0.5123364205023710
 0.3602452672405477 0.7605820847886003 0.5130112170947279
 0.3599166915990260 0.7611649220482514 0.5136687614341203
 0.3595645081337041 0.7617886426596019 0.5143727078761730
 0.3591802053101557 0.7624680792438506 0.5151398551559661
 0.3588432082164906 0.7630628815210611 0.5158117346411953
 0.3585148057538563 0.7636416193132396 0.5164657546662453
 0.3581650563085552 0.7642570085565357 0.5171615182290963
 0.3577714211335896 0.7649484255478433 0.5179436276389118
 0.3574314852603419 0.7655445099704712 0.5186182011395546
 0.3571023039032996 0.7661208471455212 0.5192706670622987
 0.3567544868464686 0.7667288650595597 0.5199592451660815
 0.3563447502534084 0.7674438806842745 0.5207693449069958
 0.3559992412515091 0.7680457736468026 0.5214516100709022
 0.3556666201191797 0.7686243183021945 0.5221077271933207
 0.3553153971020802 0.7692342662331800 0.5227998054718729
 0.3549044816237125 0.7699466417767975 0.5236085226446255
 0.3545560542073896 0.7705496452346292 0.5242933727150524
 0.3542199511162573 0.7711304179452405 0.5249531796037683
 0.3538632149102058 0.7717458786571422 0.5256525821515451
 0.3534611975056116 0.7724382743287700 0.5264396446018297
 0.3531136025936543 0.7730359282516844 0.5271192425448256
 0.3527767501333847 0.7736142214634362 0.5277770667845180
 0.3524189550584213 0.7742275117689901 0.5284749873134781
 0.3520157840311170 0.7749174041122542 0.5292604331799842
 0.3516677771788263 0.7755119030082975 0.5299375474900480
 0.3513312954386089 0.7760858371630476 0.5305914512148175
 0.3509766084038964 0.7766898943564975 0.5312798815375325
 0.3505547346415964 0.7774071377303670 0.5320975862080228
 0.3502017053639697 0.7780063065292321 0.5327809332122723
 0.3498633859787015 0.7785796324293937 0.5334350440527126
 0.3495090028486184 0.7791792631993475 0.5341194167925849
 0.3490653884278174 0.7799285592355573 0.5349749277082241
 0.3487062400289500 0.7805341171638972 0.5356665301483003
 0.3483637475591163 0.7811107040663564 0.5363251699916177
 0.3480034216841459 0.7817163816285079 0.5370171507981910
 0.3475770238656743 0.7824318909227602 0.5378347777647071
 0.3472178433461635 0.7830335771349749 0.5385225223168393
 0.3468721840248383 0.7836117268688373 0.5391835699501470
 0.3465059283052776 0.7842233809542828 0.5398831736744892
 0.3460916892711226 0.7849140003745432 0.5406733969492808
 0.3457339317626603 0.7855094599529034 0.5413549532583208
 0.3453878797528426 0.7860845634713898 0.5420133572171563
 0.3450217824089193 0.7866920489724545 0.5427089556838471
 0.3446017515467764 0.7873878542921925 0.5435058244266393
 0.3442426923140073 0.7879816649501545 0.5441860157410436
 0.3438972469857076 0.7885521015088693 0.5448395659383820
 0.3435353156261538 0.7891488605906666 0.5455234226644941
 0.3430842769706258 0.7898912559225417 0.5463743660163571
 0.3427189190770915 0.7904915818285095 0.5470625896002255
 0.3423714469615395 0.7910616577242343 0.5477162049941759
 0.3420088305427492 0.7916556875135290 0.5483973462523140
 0.3415364368792549 0.7924281901423014 0.5492832514074362
 0.3411652697762891 0.7930340810193012 0.5499782262921140
 0.3408129951157177 0.7936082591405370 0.5506369757232868
 0.3404427745521299 0.7942107746714702 0.5513284057054629
 0.3400021248076962 0.7949266952456525 0.5521501722338235
 0.3396317886163165 0.7955273605678757 0.5528397521954438
 0.3392759246372232 0.7961036807602310 0.5535014247280462
 0.3388996385356750 0.7967121483527975 0.5542000173434426
 0.3384714788613818 0.7974033439488090 0.5549936077887211
 0.3381026454939071 0.7979977861841118 0.5556761607277813
 0.3377465127497367 0.7985709011308508 0.5563343099622796
 0.3373702702872449 0.7991754657232460 0.5570286975400331
 0.3369381830213006 0.7998686122399467 0.5578249924677123
 0.3365688582538230 0.8004601035322716 0.5585046243156948
 0.3362138382392843 0.8010278430337886 0.5591570422053130
 0.3358423983303451 0.8016209603942643 0.5598386849840414
 0.3353732361907582 0.8023688393213957 0.5606982787093471
 0.3349970399688232 0.8029674941115893 0.5613864523874578
 0.3346403963820850 0.8035341911050128 0.5620379871673736
 0.3342696394131554 0.8041224470648218 0.5627144134715550
 0.3337566054163236 0.8049349930714157 0.5636488863247827
 0.3333726946321601 0.8055419350158872 0.5643469537652713
 0.3330111913639723 0.8061125961320444 0.5650032911060613
 0.3326321707506499 0.8067100216587272 0.5656903918999533
 0.3321732769976427 0.8074321341165925 0.5665208883946574
 0.3317916435710684 0.8080316631388365 0.5672104395135771
 0.3314258091444646 0.8086055174217683 0.5678705291010389
 0.3310396682755955 0.8092103198083395 0.5685663040837895
 0.3305960515016433 0.8099040022880060 0.5693644101217739
 0.3302149247223950 0.8104989970347063 0.5700489849874831
 0.3298472029578915 0.8110722160880921 0.5707084582997630
 0.3294583796505791 0.8116774260072974 0.5714046413419585
 0.3290172072331075 0.8123629985196167 0.5721931311120373
 0.3286369577367798 0.8129529468331259 0.5728715445860968
 0.3282708369351034 0.8135201457599254 0.5735237430383022
 0.3278870835287593 0.8141137914391433 0.5742063205579175
 0.3274184486583214 0.8148375412465448 0.5750384611953556
 0.3270337336448482 0.8154307022591726 0.5757204162435308
 0.3266680191309039 0.8159937479131883 0.5763676964390816
 0.3262885425706827 0.8165771393925468 0.5770383044712304
 0.3257760212156421 0.8173637127441541 0.5779423873652059
 0.3253824335119703 0.8179667037570022 0.5786354324137047
 0.3250132096661963 0.8185315398903446 0.5792846286038599
 0.3246308245403459 0.8191156675432374 0.5799560096217442
 0.3241257993266372 0.8198858302130878 0.5808412018607522
 0.3237276298955088 0.8204919919625561 0.5815378364436991
 0.3233529161986060 0.8210616063771063 0.5821923776294836
 0.3229630873654338 0.8216533375579443 0.5828722226440471
 0.3224579250007474 0.8224188367411018 0.5837515709957153
 0.3220581845917232 0.8230235487796401 0.5844461634619016
 0.3216783361574881 0.8235973244361864 0.5851052262608508
 0.3212771805327904 0.8242023950032550 0.5858002681606171
 0.3208241093362528 0.8248846748723975 0.5865840289273765
 0.3204309197140395 0.8254758403697804 0.5872631024466217
 0.3200510383135290 0.8260461713654488 0.5879181722639397
 0.3196498370744522 0.8266476330908546 0.5886088779209313
 0.3191926400327331 0.8273319462297078 0.5893945528915134
 0.3187995760780185 0.8279193390042696 0.5900688105121406
 0.3184221274216823 0.8284825912811301 0.5907152555536073
 0.3180283991170264 0.8290692995278247 0.5913885305372907
 0.3175180982748563 0.8298284490216884 0.5922595501510787
 0.3171177508605341 0.8304230284698920 0.5929416121939218
 0.3167403122295600 0.8309827845150348 0.5935835901880339
 0.3163497333011572 0.8315612134013313 0.5942468272292314
 0.3158454916208122 0.8323067507838077 0.5951014406244653
 0.3154389643379807 0.8329068166761722 0.5957891300268060
 0.3150580937512116 0.8334682063949669 0.5964323777145289
 0.3146672499863362 0.8340434895832511 0.5970914287688200
 0.3142003297192982 0.8347296827303755 0.5978773567834027
 0.3137855432531588 0.8353382886310280 0.5985742026841760
 0.3133980128333712 0.8359060804801366 0.5992240858053666
 0.3130038089763310 0.8364828383769838 0.5998839765771883
 0.3125470043159558 0.8371501674422902 0.6006471775154099
 0.3121246282669081 0.8377662307493033 0.6013514861735630
 0.3117307251112237 0.8383399276138289 0.6020071800824192
 0.3113310733326006 0.8389211745968782 0.6026713574402376
 0.3108647778235504 0.8395983039571039 0.6034449119084064
 0.3104416375830222 0.8402117969915180 0.6041455518733666
 0.3100463283776215 0.8407841096114438 0.6047989153527182
 0.3096451380187202 0.8413641206895656 0.6054607679638750
 0.3091756718494673 0.8420418002011881 0.6062336412055798
 0.3087534413699705 0.8426503407921663 0.6069272624572795
 0.3083603314669055 0.8432161027070845 0.6075718024732851
 0.3079639502356625 0.8437857862292314 0.6082205213031232
 0.3075176188666392 0.8444263169754592 0.6089495882872211
 0.3070892335068748 0.8450401589117120 0.6096479480919306
 0.3066953310254038 0.8456037850518194 0.6102888759502162
 0.3063046370729170 0.8461620615829319 0.6109234163297806
 0.3058851885580176 0.8467605887353227 0.6116033589882452
 0.3054252698149408 0.8474158712066182 0.6123473733054728
 0.3050209370246148 0.8479911012294780 0.6130001670918167
 0.3046300869188896 0.8485463925910216 0.6136300590810437
 0.3042232283238207 0.8491236396794375 0.6142845734139250
 0.3036825760914681 0.8498894732151896 0.6151524424138133
 0.3032591152151095 0.8504883222106391 0.6158306582754506
 0.3028616231799923 0.8510496641946033 0.6164660299689092
 0.3024508250465303 0.8516290040491873 0.6171213928270732
 0.3019291367770829 0.8523635726873131 0.6179518279638780
 0.3014988735921750 0.8529684389770713 0.6186352424382309
 0.3010936223219025 0.8535373445146951 0.6192777439988175
 0.3006738207225165 0.8541258621217247 0.6199421206039744
 0.3001109653992681 0.8549136311228318 0.6208309538787024
 0.2996764933718460 0.8555207054723880 0.6215154613927106
 0.2992648008941689 0.8560951420470494 0.6221627374239258
 0.2988291659421923 0.8567021322848222 0.6228461913335732
 0.2983502015622502 0.8573684868705644 0.6235958761237222
 0.2979280496002555 0.8579549295851761 0.6242551480121162
 0.2975181873477972 0.8585235210955430 0.6248939321283280
 0.2970841437207222 0.8591248256521782 0.6255690461997853
 0.2966016722580871 0.8597922181709330 0.6263178572221142
 0.2961811349460231 0.8603730816431641 0.6269691255799630
 0.2957754709527445 0.8609326482477048 0.6275960743282238
 0.2953524223083880 0.8615154101185591 0.6282485132840012
 0.2948017950690683 0.8622727201688142 0.6290955735118007
 0.2943725512150592 0.8628621510760843 0.6297542324684726
 0.2939683954153482 0.8634163871861781 0.6303730723652049
 0.2935521064061126 0.8639865103005308 0.6310091618049519
 0.2930415986879112 0.8646846322348004 0.6317873769871520
 0.2926068712711327 0.8652782272269247 0.6324484586356612
 0.2922007696835789 0.8658319930773722 0.6330646501952911
 0.2917898925531058 0.8663915441191021 0.6336867427154949
 0.2913315662972654 0.8670148544016486 0.6343790866302046
 0.2908776012966207 0.8676313440522108 0.6350632145618884
 0.2904610903327610 0.8681961952180732 0.6356894983191651
 0.2900491666970713 0.8687540982491654 0.6363075761949092
 0.2896097005116168 0.8693485104399782 0.6369655332255296
 0.2891111971498397 0.8700217868277024 0.6377100197690443
 0.2886768952912032 0.8706075004805595 0.6383569562572240
 0.2882568835131897 0.8711731902826857 0.6389810873466907
 0.2878148031241308 0.8717678078965577 0.6396363861696612
 0.2872924721979461 0.8724693197386020 0.6404085241571683
 0.2868485009252291 0.8730647042849327 0.6410630817151453
 0.2864197696051843 0.8736388811226350 0.6416937003120483
 0.2859647484722734 0.8742474420065992 0.6423614363192728
 0.2854670444712569 0.8749121203174243 0.6430899665034899
 0.2850261173463621 0.8755001323820093 0.6437337342870189
 0.2845948666250972 0.8760744788536518 0.6443618192177412
 0.2841339135662267 0.8766875544755180 0.6450314207327846
 0.2836455401108489 0.8773361694557754 0.6457388760393787
 0.2832093980845908 0.8779146097877188 0.6463689684937448
 0.2827825945553631 0.8784799322781695 0.6469840495192624
 0.2823308411495702 0.8790775160376896 0.6476334795048366
 0.2818255724648501 0.8797449367456601 0.6483578969732114
 0.2813886847558229 0.8803212233201966 0.6489826029477125
 0.2809672480172002 0.8808764217827066 0.6495837159597336
 0.2805300760161635 0.8814516190324201 0.6502056845918588
 0.2799520765966130 0.8822109691313378 0.6510254907551865
 0.2795034633307880 0.8827994492302487 0.6516597977324049
 0.2790828733944800 0.8833504672949530 0.6522529123447850
 0.2786530974362990 0.8839128215083003 0.6528574165660244
 0.2781543346295710 0.8845645624934982 0.6535569659798001
 0.2776978423060252 0.8851602419316473 0.6541953368414416
 0.2772734174027822 0.8857133713606473 0.6547872224919544
 0.2768495540494449 0.8862650938464355 0.6553767353055545
 0.2763928817986645 0.8868587703487946 0.6560101039177044
 0.2758940829374700 0.8875063247792903 0.6566998180116762
 0.2754536190415102 0.8880773807801762 0.6573070901497884
 0.2750262270418354 0.8886308051911033 0.6578947604110523
 0.2745810608538836 0.8892065318763613 0.6585052124765146
 0.2740037635947195 0.8899520628823321 0.6592942904340489
 0.2735403631655274 0.8905496286272064 0.6599255383555200
 0.2731024656229069 0.8911135936046243 0.6605202470985735
 0.2726497393842101 0.8916959300782634 0.6611332436722093
 0.2720757253947150 0.8924332212850531 0.6619077853164120
 0.2716038372844550 0.8930384570023149 0.6625423276273330
 0.2711549064240580 0.8936135146589862 0.6631441972836503
 0.2706864971422948 0.8942127642635789 0.6637703177301575
 0.2701262785343461 0.8949284553948756 0.6645166217354898
 0.2696554792939971 0.8955290625629110 0.6651415994838168
 0.2691990157997361 0.8961106449828591 0.6657455603178394
 0.2687124619812611 0.8967297713387418 0.6663871384097265
 0.2681995088062264 0.8973816071624897 0.6670610693977459
 0.2677390692308476 0.8979659433541880 0.6676638918352884
 0.2672848844903831 0.8985416334179126 0.6682566115415994
 0.2667952622737297 0.8991614572799016 0.6688934913750542
 0.2662904439239508 0.8997996706998587 0.6695478870970992
 0.2658361993892598 0.9003732145845773 0.6701347533825338
 0.2653899431996741 0.9009360002527393 0.6707094468615573
 0.2649150661581012 0.9015341526055294 0.6713189437524810
 0.2643860786729552 0.9021995830811428 0.6719953648100921
 0.2639295438287241 0.9027731320818870 0.6725769962797474
 0.2634898677280533 0.9033248556402922 0.6731352835107018
 0.2630326764707487 0.9038978892871683 0.6737138835666128
 0.2624504313461433 0.9046266809843155 0.6744479094128569
 0.2619820070001075 0.9052122099623717 0.6750361238575076
 0.2615437232654110 0.9057594254349631 0.6755845944659710
 0.2610969992110043 0.9063165475213733 0.6761417193645836
 0.2605919581209327 0.9069456345171405 0.6767692341112808
 0.2601092354113214 0.9075461675896631 0.6773666905645275
 0.2596652290980730 0.9080978882710381 0.6779142215660182
 0.2592250664731430 0.9086442238065170 0.6784551162346244
 0.2587582918053778 0.9092229313809064 0.6790266453925513
 0.2581905902671164 0.9099258586731744 0.6797188623917341
 0.2577247468424526 0.9105019238860039 0.6802844901213100
 0.2572804876282334 0.9110506786586863 0.6808218916292659
 0.2568220898365331 0.9116162670917218 0.6813743339969766
 0.2562793628150102 0.9122850806419310 0.6820257261159712
 0.2557944963453224 0.9128818404855089 0.6826052512429498
 0.2553402124175690 0.9134403206522872 0.6831461751378003
 0.2548811555041127 0.9140040432468696 0.6836907746647292
 0.2543751069056399 0.9146247471038723 0.6842887625833752
 0.2538614178679426 0.9152540495754385 0.6848932013982671
 0.2533909342549708 0.9158297432081182 0.6854444797946915
 0.2529237553061028 0.9164007540128393 0.6859896656309845
 0.2524213594928374 0.9170141019099359 0.6865734851130076
 0.2518803608773670 0.9176737635235054 0.6871993512994320
 0.2513943653268655 0.9182656417522008 0.6877591501112718
 0.2509136204116859 0.9188504625195034 0.6883106673783459
 0.2503938115209653 0.9194820664445399 0.6889045031321492
 0.2498581191173948 0.9201321725191253 0.6895137304083789
 0.2493670786832260 0.9207273829605848 0.6900696603998305
 0.2488739653190872 0.9213244296926263 0.6906254607718255
 0.2483215842049823 0.9219924359760658 0.6912450823563074
 0.2478033222710668 0.9226184172794990 0.6918235762844211
 0.2473172953748749 0.9232047956892742 0.6923636123760318
 0.2468189308427801 0.9238053917869837 0.6929149070750469
 0.2462151741596515 0.9245320999700578 0.6935794926274582
 0.2457093733742574 0.9251401501155735 0.6941334609883331
 0.2452315926597698 0.9257138883969265 0.6946543664529292
 0.2447355920233893 0.9263088648104151 0.6951926547773800
 0.2440902380836973 0.9270820263542539 0.6958892029278503
 0.2435915384493623 0.9276787424609838 0.6964245015716036
 0.2431214342510180 0.9282406502087017 0.6969267699231769
 0.2426323890225394 0.9288245910360898 0.6974469049454670
 0.2419736045319198 0.9296102358266866 0.6981437989970646
 0.2414784932577638 0.9301999597553531 0.6986647157214713
 0.2410140357986011 0.9307526066518255 0.6991511596103679
 0.2405338260128236 0.9313234246202838 0.6996518237952010
 0.2399340083070455 0.9320356065739137 0.7002739173189965
 0.2394389477411915 0.9326227320194429 0.7007846203668414
 0.2389768430115612 0.9331702254901889 0.7012590953932881
 0.2385083213759380 0.9337247850691214 0.7017379709036698
 0.2379823663808578 0.9343466850872284 0.7022729340531906
 0.2374682469408503 0.9349539404187416 0.7027931874160872
 0.2369997416192357 0.9355067621150472 0.7032649769532502
 0.2365381387722931 0.9360509234243060 0.7037276586250676
 0.2360507073675135 0.9366249804023157 0.7042139009792544
 0.2354057288847991 0.9373837170961696 0.7048536329038934
 0.2349123425492331 0.9379634627872023 0.7053401879454085
 0.2344470570100001 0.9385096670254985 0.7057967954754526
 0.2339668701205998 0.9390728359555194 0.7062657439520419
 0.2333943921906827 0.9397435482989014 0.7068217706296632
 0.2328879414039532 0.9403362760852960 0.7073108715745930
 0.2324157324846246 0.9408884015376400 0.7077645196517726
 0.2319399307969067 0.9414442165011666 0.7082192864083764
 0.2314181774004003 0.9420531244300667 0.7087152914014644
 0.2308729746527042 0.9426887479139213 0.7092306166168655
 0.2303836517701459 0.9432586614146711 0.7096905609073203
 0.2299036736897425 0.9438171773813799 0.7101393751301894
 0.2293970464316828 0.9444061547325967 0.7106105795130266
 0.2287267310387076 0.9451845677820965 0.7112299947267628
 0.2282093882787282 0.9457846750450235 0.7117048768634249
 0.2277162469501287 0.9463561744943224 0.7121549544199824
 0.2271988155197929 0.9469552664619028 0.7126244964207148
 0.2265328286024828 0.9477255252723840 0.7132248255608792
 0.2260038920902754 0.9483366126596938 0.7136984467260765
 0.2254947749919152 0.9489242518592172 0.7141516995975868
 0.2249560619877082 0.9495454676153022 0.7146284968551131
 0.2243471643093657 0.9502468990615750 0.7151638986980030
 0.2238132493309751 0.9508613308649758 0.7156302508498908
 0.2232865469687694 0.9514668973570710 0.7160874180292296
 0.2227160957899827 0.9521221350158009 0.7165793285117253
 0.2221378670436529 0.9527856446619020 0.7170745601271630
 0.2216008301739165 0.9534012952217149 0.7175315141345244
 0.2210531944110231 0.9540285135115927 0.7179945554651727
 0.2204036531803753 0.9547716893728101 0.7185399360186758
 0.2198457071457151 0.9554094156650104 0.7190050644675055
 0.2193071024717744 0.9560244693594571 0.7194510905625935
 0.2187265894132011 0.9566867625870168 0.7199285069903031
 0.2181430254533511 0.9573518962740367 0.7204049604695160
 0.2176098605830031 0.9579590295392579 0.7208372485216339
 0.2170744359320422 0.9585682053960368 0.7212685092167519
 0.2164602626990582 0.9592663272138743 0.7217597087442361
 0.2159048253935078 0.9598970917324077 0.7222007281584856
 0.2153861396876411 0.9604856159741283 0.7226097949403162
 0.2148571780721937 0.9610853017801807 0.7230241709270656
 0.2142231783230190 0.9618034126553098 0.7235170640147508
 0.2136785644504534 0.9624197118831967 0.7239371662047144
 0.2131692432295225 0.9629956027203880 0.7243272931663884
 0.2126493246253063 0.9635830108929676 0.7247228169729999
 0.2120278390314936 0.9642845587175926 0.7251920325705408
 0.2114870115168450 0.9648945203929936 0.7255971982529447
 0.2109835966788001 0.9654618412749173 0.7259716921580947
 0.2104740994451311 0.9660355826280087 0.7263480975161981
 0.2098939164069759 0.9666883953870359 0.7267734975628485
 0.2093460532907196 0.9673043311062985 0.7271720306845234
 0.2088430233579500 0.9678694295507134 0.7275352401609203
 0.2083430161003310 0.9684307244090758 0.7278937067516364
 0.2078032205086724 0.9690362317401309 0.7282778504299672
 0.2072191815316530 0.9696908433490966 0.7286901667210551
 0.2067075592755577 0.9702638431684404 0.7290485356786772
 0.2062120159159147 0.9708184426856906 0.7293931268777062
 0.2056948004197255 0.9713968885402421 0.7297501434957918
 0.2049709583012052 0.9722057282861384 0.7302452453401953
 0.2044390073555289 0.9727996326832243 0.7306057207518313
 0.2039416633225501 0.9733545116594405 0.7309401668359485
 0.2034278248303065 0.9739274027230230 0.7312830968037338
 0.2027804314720477 0.9746486374590942 0.7317113964777383
 0.2022460198096103 0.9752435378731527 0.7320617933669812
 0.2017471184036948 0.9757985318885569 0.7323863328295716
 0.2012400054288401 0.9763622910132574 0.7327136699133767
 0.2006638909222244 0.9770023111219193 0.7330824437356772
 0.2001117247154241 0.9776152830956739 0.7334328032349626
 0.1996048950220261 0.9781775475456334 0.7337517494375760
 0.1991017558348052 0.9787353626998311 0.7340658744070874
 0.1985624025038807 0.9793329378780994 0.7343998455711681
 0.1979487918791117 0.9800123008056540 0.7347763161276790
 0.1974237147124696 0.9805932370736469 0.7350955225956248
 0.1969176644660069 0.9811527711151307 0.7354005930964800
 0.1963901908205147 0.9817356292245868 0.7357159045619196
 0.1956871919570168 0.9825118716373982 0.7361319279370068
 0.1951403406817973 0.9831152514285354 0.7364522428834239
 0.1946267357055643 0.9836815961510876 0.7367504660407945
 0.1940963867054027 0.9842660497416370 0.7370557527074751
 0.1934409952764793 0.9849878096374036 0.7374292766965016
 0.1928849798216997 0.9855997077659933 0.7377429106462046
 0.1923634693579031 0.9861732842383244 0.7380343658132018
 0.1918302466364342 0.9867593967229091 0.7383296599082069
 0.1912067101638948 0.9874443424702660 0.7386715267589196
 0.1906350399478321 0.9880719028106530 0.7389817286937562
 0.1901023640911366 0.9886563062925215 0.7392680130351471
 0.1895632565421357 0.9892474255882581 0.7395550508459461
 0.1889541132403840 0.9899149296929476 0.7398760972744174
 0.1883617007593328 0.9905636895511660 0.7401849723556184
 0.1878151515336752 0.9911618688935546 0.7404669970451401
 0.1872659244868541 0.9917626395583570 0.7407475743033048
 0.1866541140033457 0.9924314707086054 0.7410568166991258
 0.1860434265399960 0.9930986624536157 0.7413620626667435
 0.1854818026541019 0.9937118920382575 0.7416397947895723
 0.1849167982461676 0.9943284696140234 0.7419163219577495
 0.1842860339902333 0.9950164075707314 0.7422216186184848
 0.1836659309137542 0.9956923095364874 0.7425182248391597
 0.1830889816426072 0.9963208153189926 0.7427910379327076
 0.1825010056039477 0.9969609812073634 0.7430659523350985
 0.1818192394940727 0.9977028227895113 0.7433808329546697
 0.1811969030187145 0.9983795912750155 0.7436646809983890
 0.1806009169289670 0.9990273454547556 0.7439333480837401
 0.1799767501416209 0.9997053560331690 0.7442114227440785
 0.1792714615250780  1.000471034242605 0.7445215779970291
 0.1786463058573148  1.001149322469377 0.7447928849299337
 0.1780207547970622  1.001827672483599 0.7450609788335972
 0.1773011219592110  1.002607597023992 0.7453652567184141
 0.1766522029808082  1.003310477790956 0.7456359101642411
 0.1760107273681741  1.004004923581425 0.7459000483142909
 0.1753075417829381  1.004765755245747 0.7461857353352672
 0.1746503561692579  1.005476424498009 0.7464490786544959
 0.1740096197057428  1.006168946948753 0.7467024094432487
 0.1733099224023188  1.006924796573524 0.7469751817326327
 0.1726504219118195  1.007636847668695 0.7472286048782287
 0.1720221215900285  1.008314878169094 0.7474667617346374
 0.1713398846961780  1.009050750214603 0.7477217954272880
 0.1706656635381421  1.009777609290901 0.7479702178568438
 0.1700480790491545  1.010443094394550 0.7481946204703233
 0.1694163619544348  1.011123500577545 0.7484210216403194
 0.1686123149083441  1.011989075902775 0.7487045643778288
 0.1679835305120133  1.012665636724807 0.7489226938730145
 0.1673762619396128  1.013318768015687 0.7491303786579475
 0.1666862596258696  1.014060553808903 0.7493628586186377
 0.1660465573036246  1.014747958160641 0.7495751308944865
 0.1654521377052411  1.015386442711475 0.7497696248279124
 0.1648430185379368  1.016040460027093 0.7499662365318600
 0.1640094841471889  1.016935020033343 0.7502309811373297
 0.1633886104428379  1.017601043657290 0.7504250384539317
 0.1627985134016393  1.018233813974087 0.7506070570738528
 0.1621552754959420  1.018923306859437 0.7508028356780168
 0.1615053996617557  1.019619642149547 0.7509978803139643
 0.1609166484516415  1.020250249566501 0.7511721943624824
 0.1603295415163100  1.020878877839430 0.7513437503217112
 0.1596643858459169  1.021590815334928 0.7515353489689316
 0.1590351761556463  1.022264028933587 0.7517138752697500
 0.1584536042459214  1.022886060486415 0.7518765351743995
 0.1578652456333943  1.023515145980938 0.7520388088132828
 0.1571684625033734  1.024259898742348 0.7522280414084014
 0.1565505622186570  1.024920103560772 0.7523932022630813
 0.1559727746907532  1.025537253017883 0.7525454022070036
 0.1553796511304681  1.026170588892717 0.7526993987491923
 0.1545903707689050  1.027013080149828 0.7529008135661740
 0.1539779198860655  1.027666588291378 0.7530543595072384
 0.1533998904245076  1.028283184410709 0.7531971002540599
 0.1527887867538780  1.028934871145732 0.7533457413458154
 0.1520919080972510  1.029677794262006 0.7535124439830291
 0.1514967270340954  1.030312105466480 0.7536524878321403
 0.1509180180087991  1.030928692275917 0.7537866200887469
 0.1502938663726497  1.031593511719764 0.7539290572318829
 0.1496298648526107  1.032300570995489 0.7540780770103285
 0.1490398499997639  1.032928670142970 0.7542083458117367
 0.1484584270452719  1.033547463641669 0.7543347683389160
 0.1478222057584456  1.034224399444451 0.7544709202585393
 0.1471709531597349  1.034917138831164 0.7546079571512107
 0.1465821967897873  1.035543238395670 0.7547298404982273
 0.1459967383488832  1.036165680409973 0.7548491778367811
 0.1453452748804153  1.036858123524743 0.7549798114127904
 0.1447025340061112  1.037541119273217 0.7551064971431168
 0.1441135179426234  1.038166874429321 0.7552207025245371
 0.1435223078422205  1.038794817627280 0.7553335399771034
 0.1428484422333924  1.039510380273284 0.7554599922312167
 0.1422121610424587  1.040185867929676 0.7555773066325818
 0.1416218341578348  1.040812428846173 0.7556843588869533
 0.1410222703358267  1.041448657224774 0.7557913424091578
 0.1403041132018653  1.042210553314438 0.7559171995836945
 0.1396728698828887  1.042880084956125 0.7560257887518371
 0.1390795147755224  1.043509298575794 0.7561261414377465
 0.1384652294664833  1.044160575143204 0.7562282954314945
 0.1374750971491178  1.045210054478898 0.7563892676540666
 0.1381352041606193  1.044510419324921 0.7562824527153005
 0.1375455549444695  1.045135384690480 0.7563779620197605
 0.1369483326271255  1.045768255880273 0.7564730740264466
 0.1363469548494274  1.046405409777794 0.7565672143950646
 0.1356780819929152  1.047113934223955 0.7566700212370321
 0.1350150265556344  1.047816153751544 0.7567699910052679
 0.1344062024876090  1.048460815954906 0.7568601088859767
 0.1337916230313569  1.049111455352022 0.7569494774416190
 0.1330665842137684  1.049878886960466 0.7570528716083981
 0.1324157998197152  1.050567588486432 0.7571438282095561
 0.1318036573595582  1.051215283178766 0.7572278139606007
 0.1311676237084345  1.051888142261797 0.7573134923505087
 0.1303273906001515  1.052776848623267 0.7574242478635590
 0.1296803148916779  1.053461121311643 0.7575076903225443
 0.1290546114548816  1.054122685402915 0.7575868668222775
 0.1283528998049156  1.054864490378923 0.7576739155811536
 0.1276746139685673  1.055581409404970 0.7577563251361369
 0.1270449134030145  1.056246870990822 0.7578313308413717
 0.1263995328471233  1.056928800303779 0.7579067367374926
 0.1254852097847000  1.057894728549577 0.7580111023336751
 0.1248142089553436  1.058603474205922 0.7580859249454230
 0.1241691245876133  1.059284746365756 0.7581565024087461
 0.1234318836330484  1.060063228148518 0.7582355979728812
 0.1227429644399807  1.060790574703463 0.7583080623381639
 0.1220959784687097  1.061473553773046 0.7583748993517451
 0.1214204346075832  1.062186582749177 0.7584434867111001
 0.1206130913981477  1.063038597233631 0.7585239248181405
 0.1199385816960902  1.063750324067980 0.7585899040548206
 0.1192732141249154  1.064452312946500 0.7586539303233872
 0.1184861598167538  1.065282570945234 0.7587283331851997
 0.1177841981189646  1.066022961910364 0.7587934870534674
 0.1171165352235022  1.066727087472525 0.7588544142063300
 0.1163988607725473  1.067483860861425 0.7589187843607528
 0.1156433138657155  1.068280465557770 0.7589853118816288
 0.1149594981173550  1.069001350409681 0.7590444360814341
 0.1142623373861257  1.069736216569810 0.7591036520148335
 0.1132445479708015  1.070808897759531 0.7591881689993305
 0.1139230843362272  1.070093786538580 0.7591320788498978
 0.1132586564927804  1.070794029567319 0.7591870131462218
 0.1125732938143049  1.071516255917766 0.7592426520617830
 0.1118656855260404  1.072261840775974 0.7592990089825151
 0.1108738905828085  1.073306724399371 0.7593761598876103
 0.1101369652706493  1.074082992417979 0.7594321079098444
 0.1094083007280514  1.074850474014545 0.7594862783309360
 0.1084223801219913  1.075888785288927 0.7595577475336357
 0.1076719683179451  1.076678974733179 0.7596107355817961
 0.1069187870469483  1.077471997101602 0.7596627018029343
 0.1060234558296679  1.078414582781718 0.7597229075069807
 0.1052643987112785  1.079213614094773 0.7597726290443887
 0.1044878871341110  1.080030937760904 0.7598222447958263
 0.1035928883113773  1.080972876831368 0.7598778615245650
 0.1028136209825200  1.081792930351883 0.7599249170276120
 0.1020042893283500  1.082644541068161 0.7599724470746962
 0.1011281173524085  1.083566393809344 0.7600223802909449
 0.1003263368809846  1.084409896941438 0.7600667013957371
 0.9947565815594853E-01  1.085304762276082 0.7601122966203864
 0.9861045180069189E-01  1.086214827406311 0.7601571595519563
 0.9777617323378174E-01  1.087092285077775 0.7601989771369936
 0.9684724576886271E-01  1.088069205427427 0.7602438868234105
 0.9597909006103021E-01  1.088982136293946 0.7602843037047314
 0.9509963770756898E-01  1.089906872497382 0.7603237286082662
 0.9417683053408069E-01  1.090877118978337 0.7603634581104065
 0.9328329667054601E-01  1.091816515245030 0.7604003280647398
 0.9229310518869251E-01  1.092857451106504 0.7604393581640093
 0.9140089413150122E-01  1.093795317247011 0.7604728992305955
 0.9043807145091790E-01  1.094807339284804 0.7605073869110096
 0.8954655073177709E-01  1.095744355090051 0.7605377539963414
 0.8862801207346384E-01  1.096709709486816 0.7605674803488971
 0.8769861529126793E-01  1.097686418484350 0.7605959746201826
 0.8682726290337528E-01  1.098602078962691 0.7606212896126869
 0.8576584900558966E-01  1.099717404677250 0.7606503871240228
 0.8489049070682093E-01  1.100637177025233 0.7606730319866989
 0.8398210260638840E-01  1.101591612099718 0.7606953261048545
 0.8308279768261724E-01  1.102536462674213 0.7607162721781597
 0.8223603283190932E-01  1.103426076912901 0.7607350450797455
 0.8121246564142097E-01  1.104501396861172 0.7607565968514337
 0.8034810212953311E-01  1.105409428356596 0.7607738823568184
 0.7948555200353020E-01  1.106315524250204 0.7607903353755092
 0.7852436643577806E-01  1.107325200908175 0.7608077648999412
 0.7767896474114007E-01  1.108213224070943 0.7608223307171742
 0.7677465676044824E-01  1.109163095364749 0.7608371443782754
 0.7588399191731750E-01  1.110098609286117 0.7608509814549692
 0.7504082837977807E-01  1.110984206717800 0.7608634086850627
 0.7404699693467007E-01  1.112028027242425 0.7608772361325499
 0.7317414626396984E-01  1.112944758589749 0.7608886650555893
 0.7231011727079813E-01  1.113852204693447 0.7608993374324604
 0.7127611071998873E-01  1.114938145008803 0.7609112962905732
 0.7040743876311277E-01  1.115850427223801 0.7609206784906563
 0.6948480533925326E-01  1.116819361801554 0.7609299972179223
 0.6856833249464449E-01  1.117781809364797 0.7609386090314170
 0.6769724114591176E-01  1.118696584040370 0.7609462067871723
 0.6665786258722370E-01  1.119788067729469 0.7609545172279010
 0.6574703886350022E-01  1.120744537764018 0.7609610926896314
 0.6483456895574702E-01  1.121702724537788 0.7609669540738817
 0.6378395313277546E-01  1.122805965780635 0.7609726871852710
 0.6285470540164205E-01  1.123781750052989 0.7609767499316392
 0.6185546574210523E-01  1.124831023711521 0.7609800146242351
 0.6088422338563993E-01  1.125850892696437 0.7609821555637929
 0.5991113103355006E-01  1.126872700814603 0.7609834574379991
 0.5876811275007241E-01  1.128072939360837 0.7609842334193117
 0.5774698475391175E-01  1.129145184631384 0.7609845247853546
 0.5660860135441190E-01  1.130340554602159 0.7609846412627511
 0.5547248824082725E-01  1.131533540478996 0.7609846735132629
 0.5423257470058223E-01  1.132835522889942 0.7609846810591605
 0.5282431171777460E-01  1.134314282142982 0.7609846822719326
 0.5134784349373789E-01  1.135864660923594 0.7609846823797863
 0.4939915971959337E-01  1.137910893903186 0.7609846823858735
 0.4733090761815366E-01  1.140082680683688 0.7609846823858581
 0.4455795908899136E-01  1.142994440306442 0.7609846823858549
 0.3976688494643949E-01  1.148025350938642 0.7609846823858547
 0.2554925400347312E-01  1.162954702592873 0.7609846823858547
-0.3132126976839238E-01  1.222672109209800 0.7609846823858547
-0.8545446789460287E-01  1.279515162334218 0.7609846823858547
