RUNGE KUTTA: X Z PHI
 0.4998048523195537 0.3727012097354685E-01 0.5235987755982988E-02
 0.4988066503532187 0.1863485507277914 0.1065854135828062E-01
 0.4995446554122921 0.8696361560494263E-01 0.5235987755983108E-02
 0.4997181200171332 0.5383461918401210E-01 0.5235987755982988E-02
 0.4993711899940706 0.1200926120216143 0.5243037497106045E-02
 0.4996024769472391 0.7592061679796579E-01 0.5235987755982988E-02
 0.4991126710465967 0.1642644431829963 0.8016374132833768E-02
 0.4994482861581013 0.1053686136164174 0.5236031965718767E-02
 0.4995510800272862 0.8573661573750074E-01 0.5235987755983453E-02
 0.4994921297753654 0.9699518158027561E-01 0.5235988019095032E-02
 0.4995314299434121 0.8948947101842622E-01 0.5235987756102595E-02
 0.4995019279666640 0.9512388203272883E-01 0.5235987813425659E-02
 0.4994787751851132 0.9954569671939828E-01 0.5235989545830090E-02
 0.4994543329411282 0.1042137699440320 0.5236015302593313E-02
 0.4994706277811110 0.1011017211276653 0.5235992579132112E-02
 0.4994559258338889 0.1039095541027988 0.5236011288667733E-02
 0.4994413086590803 0.1067011762853193 0.5236078755126240E-02
 0.4994260769728143 0.1096100879146171 0.5236291783488024E-02
 0.4994105648775343 0.1125723420046896 0.5236870871644213E-02
 0.4993971860172129 0.1151268213190391 0.5237989153237333E-02
 0.4993854735940849 0.1173624979340042 0.5239831683844696E-02
 0.4993746027571413 0.1194366096791535 0.5242702548955265E-02
 0.4993626558751870 0.1217143350010206 0.5247791193680846E-02
 0.4993524584804387 0.1236563502103632 0.5254385720347581E-02
 0.4993436710547194 0.1253275422963427 0.5262253992394532E-02
 0.4993352310002752 0.1269299684844924 0.5272168042012696E-02
 0.4993261494455017 0.1286503504143690 0.5285918258524635E-02
 0.4993183724787156 0.1301196218926441 0.5300623917471796E-02
 0.4993101057625609 0.1316764851954368 0.5319599511774546E-02
 0.4993025791777442 0.1330886925382938 0.5340181248486078E-02
 0.4992952008344016 0.1344673881161997 0.5363665959748003E-02
 0.4992877721685768 0.1358489553029747 0.5390827509286664E-02
 0.4992807202071927 0.1371536188123647 0.5420059963985813E-02
 0.4992733563319010 0.1385080389824883 0.5454373185716501E-02
 0.4992664814485757 0.1397644223391951 0.5490091751829385E-02
 0.4992592424809920 0.1410780657467360 0.5531773854310285E-02
 0.4992524438635215 0.1423023643494810 0.5574995873395939E-02
 0.4992453540384010 0.1435685309446925 0.5624663032005426E-02
 0.4992385768042478 0.1447679487931992 0.5677011906277799E-02
 0.4992316818978549 0.1459763248760382 0.5735820170123631E-02
 0.4992249056526435 0.1471512628097895 0.5799946891702725E-02
 0.4992183829760817 0.1482693701635186 0.5868642420961339E-02
 0.4992107357786658 0.1495626559103126 0.5959433899864083E-02
 0.4992042581741242 0.1506418970166433 0.6046225547624788E-02
 0.4991973675654727 0.1517721024376762 0.6149353964553818E-02
 0.4991903383756354 0.1529046242195773 0.6266085554189543E-02
 0.4991836644914778 0.1539596847497008 0.6386800810392418E-02
 0.4991762688296213 0.1551049808340079 0.6529804063132686E-02
 0.4991685769416840 0.1562691528540697 0.6685983821544777E-02
 0.4991610875138508 0.1573764293310382 0.6842625713502877E-02
 0.4991523389691286 0.1586379133507716 0.7028570180718221E-02
 0.4991434381637780 0.1598874240194302 0.7218984213323307E-02
 0.4991338539264201 0.1611965327319169 0.7424025385262371E-02
 0.4991237293038013 0.1625408055261076 0.7639915598494274E-02
 0.4991131303233102 0.1639080446843280 0.7864887096017386E-02
 0.4991026707731893 0.1652195720346017 0.8085786537597251E-02
 0.4990917830381529 0.1665473615291016 0.8314485054548801E-02
 0.4990809572781770 0.1678319598562512 0.8540624241413497E-02
 0.4990697113218764 0.1691309812648878 0.8774294466389131E-02
 0.4990584035585699 0.1704028048940517 0.9008025758741467E-02
 0.4990467490683193 0.1716796346752540 0.9247659552194712E-02
 0.4990349237673263 0.1729418803376229 0.9489556766866893E-02
 0.4990228310470591 0.1741998996894885 0.9735718490606296E-02
 0.4990104709692779 0.1754533556732235 0.9986090306022381E-02
 0.4989979379131168 0.1766927422248205 0.1023866428892414E-01
 0.4989850254679146 0.1779381505686856 0.1049752834960796E-01
 0.4989720218095265 0.1791617719698668 0.1075688895240560E-01
 0.4989585334261568 0.1804002945760644 0.1102451262805781E-01
 0.4989450031335640 0.1816128975809782 0.1129148999930344E-01
 0.4989309105226719 0.1828458668651503 0.1156799868741961E-01
 0.4989167849063391 0.1840525731023992 0.1184361730545742E-01
 0.4989022377804790 0.1852663608813853 0.1212587360658822E-01
 0.4988874367231257 0.1864727562877239 0.1241137337055558E-01
 0.4988724260104490 0.1876683016468136 0.1269919475290372E-01
 0.4988570779596785 0.1888630957737292 0.1299175528296049E-01
 0.4988418363692337 0.1900233409052233 0.1328054574469205E-01
 0.4988259269416539 0.1912078987400448 0.1357996045762372E-01
 0.4988109314780874 0.1923008188622506 0.1385998374052712E-01
 0.4987936399537509 0.1935341237433503 0.1417973585982477E-01
 0.4987780056662066 0.1946256486722616 0.1446533212913396E-01
 0.4987619216809564 0.1957264540622926 0.1475501877825723E-01
 0.4987420226049415 0.1970590941487832 0.1510712909313545E-01
 0.4987234007882139 0.1982785976732360 0.1543079817082057E-01
 0.4987053803180310 0.1994347613728858 0.1574008030482238E-01
 0.4986884658772484 0.2004995468222408 0.1602858477250460E-01
 0.4986708362325737 0.2015891564249323 0.1632920156897601E-01
 0.4986525688799736 0.2026971767656397 0.1664208491339370E-01
 0.4986359997627651 0.2036842592215772 0.1692779764197203E-01
 0.4986186292669079 0.2047012900549942 0.1722930852316723E-01
 0.4985991970974731 0.2058180856136064 0.1756838836416580E-01
 0.4985815446065087 0.2068140405562058 0.1787723335394883E-01
 0.4985622937990207 0.2078807372227686 0.1821409597054802E-01
 0.4985423030718365 0.2089677638159576 0.1856327535113047E-01
 0.4985224076979408 0.2100295169482436 0.1890964067012883E-01
 0.4984996032155695 0.2112229037803111 0.1930480510295364E-01
 0.4984785449167100 0.2123034623845419 0.1966776118743625E-01
 0.4984546306945077 0.2135067044827113 0.2007766008295013E-01
 0.4984332445293590 0.2145621690694215 0.2044222245145936E-01
 0.4984090813170492 0.2157323290390696 0.2085184820554987E-01
 0.4983872098275100 0.2167719019255529 0.2122052971306252E-01
 0.4983626311432784 0.2179188655187280 0.2163253327700160E-01
 0.4983397800446326 0.2189658283886302 0.2201348114276955E-01
 0.4983162713256332 0.2200242237391817 0.2240332874855511E-01
 0.4982917726178114 0.2211078165125444 0.2280734144264413E-01
 0.4982683408747226 0.2221264477122609 0.2319160085065354E-01
 0.4982411654231327 0.2232869511452246 0.2363469137621503E-01
 0.4982169993782027 0.2243008513159664 0.2402648924961328E-01
 0.4981894495030831 0.2254367949047865 0.2447061742382222E-01
 0.4981642601612685 0.2264575522672437 0.2487430923376098E-01
 0.4981383288137353 0.2274912578981434 0.2528754296359228E-01
 0.4981112649458778 0.2285522908404865 0.2571638295044723E-01
 0.4980855250259376 0.2295451650276792 0.2612201250533060E-01
 0.4980554652338047 0.2306853852143548 0.2659297949898886E-01
 0.4980288688892542 0.2316775575882224 0.2700721354557062E-01
 0.4979997553512430 0.2327463770133998 0.2745805549144951E-01
 0.4979718785473213 0.2337535091917597 0.2788731436035265E-01
 0.4979441176351179 0.2347411974103420 0.2831250131222677E-01
 0.4979123747871986 0.2358525823616419 0.2879588759944384E-01
 0.4978841564530646 0.2368250480028227 0.2922310651387361E-01
 0.4978512498841380 0.2379413248674822 0.2971842602896141E-01
 0.4978218710413665 0.2389223564296566 0.3015814786097826E-01
 0.4977917101000728 0.2399147645476788 0.3060719628694091E-01
 0.4977598708200963 0.2409467545287155 0.3107861874220979E-01
 0.4977300188008555 0.2419002401588480 0.3151818464184803E-01
 0.4976946922448949 0.2430115904663425 0.3203541264021304E-01
 0.4976636041512862 0.2439748874729091 0.3248805215100038E-01
 0.4976312377063922 0.2449636655392907 0.3295684302548846E-01
 0.4975978724380662 0.2459683712757398 0.3343745799439753E-01
 0.4975662170206897 0.2469083532607645 0.3389095700307978E-01
 0.4975284738011139 0.2480128399689547 0.3442858679765642E-01
 0.4974955410836313 0.2489625832467229 0.3489505904206694E-01
 0.4974612686101457 0.2499376003857503 0.3537795370598235E-01
 0.4974258708534134 0.2509307841719057 0.3587395192488502E-01
 0.4973924166579773 0.2518569172350750 0.3634013813126931E-01
 0.4973522941305370 0.2529521425534108 0.3689602099451220E-01
 0.4973173640654575 0.2538923008701800 0.3737720805595662E-01
 0.4972815271701269 0.2548443920714908 0.3786828227887777E-01
 0.4972434112623965 0.2558435998110384 0.3838768111339906E-01
 0.4972080806105223 0.2567578121067691 0.3886644252357884E-01
 0.4971670347340482 0.2578059009898231 0.3941947781850867E-01
 0.4971299574026873 0.2587401124744041 0.3991622389751146E-01
 0.4970928340022487 0.2596639266760645 0.4041098087915423E-01
 0.4970500453558650 0.2607148160177108 0.4097801026575131E-01
 0.4970125338455041 0.2616242250232323 0.4147225108245043E-01
 0.4969713654673714 0.2626099187607840 0.4201165671032286E-01
 0.4969318074597799 0.2635452228204592 0.4252709981625826E-01
 0.4968932812957546 0.2644453114981776 0.4302648796206728E-01
 0.4968462381851041 0.2655303442572759 0.4363280913899429E-01
 0.4968063462789309 0.2664387060392028 0.4414396271306152E-01
 0.4967648316227881 0.2673729333264667 0.4467302595969965E-01
 0.4967217977801161 0.2683297570331429 0.4521845726771410E-01
 0.4966814983929292 0.2692153873803689 0.4572657154853000E-01
 0.4966350027550441 0.2702250581754896 0.4630966616789343E-01
 0.4965925971904877 0.2711349017549265 0.4683852321154773E-01
 0.4965506487511104 0.2720248969730107 0.4735893344572691E-01
 0.4964989620703072 0.2731081685366558 0.4799652114602583E-01
 0.4964559425969776 0.2739988845710603 0.4852426064430841E-01
 0.4964104296425625 0.2749307536274256 0.4907975838477557E-01
 0.4963645999575661 0.2758585210882470 0.4963618133995784E-01
 0.4963211578615787 0.2767284111877718 0.5016089500968827E-01
 0.4962703422911907 0.2777344867403941 0.5077138983206077E-01
 0.4962246572857469 0.2786287196295609 0.5131735450054285E-01
 0.4961794396887307 0.2795044899833046 0.5185512999818884E-01
 0.4961233212727579 0.2805788533883554 0.5251898049830558E-01
 0.4960769553635788 0.2814563212026551 0.5306447709733994E-01
 0.4960282843812208 0.2823677669543039 0.5363422942354710E-01
 0.4959785852159252 0.2832885359773929 0.5421310051910354E-01
 0.4959319277914301 0.2841440505882697 0.5475395720279547E-01
 0.4958791038056433 0.2851024993599631 0.5536331581628003E-01
 0.4958297056499289 0.2859892957846776 0.5593026943852464E-01
 0.4957816397002547 0.2868435921304978 0.5647924864752038E-01
 0.4957215243726180 0.2879004422300424 0.5716220423258483E-01
 0.4956714694420913 0.2887708405231893 0.5772788895874192E-01
 0.4956208685522083 0.2896421069536374 0.5829706259484244E-01
 0.4955641987029801 0.2906078325385365 0.5893129956251542E-01
 0.4955139059928927 0.2914562196122337 0.5949131134499361E-01
 0.4954603496782580 0.2923509255275519 0.6008474612105665E-01
 0.4954057850947189 0.2932534340032562 0.6068636137769361E-01
 0.4953546494990141 0.2940911405436258 0.6124752733780838E-01
 0.4952976102862871 0.2950165514501226 0.6187051456977938E-01
 0.4952431082390918 0.2958921332546082 0.6246285915654327E-01
 0.4951906792891794 0.2967266080265955 0.6302996641853199E-01
 0.4951282143893995 0.2977110706773224 0.6370223799490438E-01
 0.4950731718589142 0.2985699795973081 0.6429168456681268E-01
 0.4950189604613024 0.2994082522330754 0.6486961662194501E-01
 0.4949503781453808 0.3004581043370665 0.6559705178181352E-01
 0.4948944835034972 0.3013051563783900 0.6618682635781277E-01
 0.4948374604361441 0.3021615621241256 0.6678566457958190E-01
 0.4947751141574949 0.3030891668210489 0.6743721115685561E-01
 0.4947190785695407 0.3039152583024844 0.6802006016835661E-01
 0.4946596029588015 0.3047843490962891 0.6863589841765859E-01
 0.4945981400350076 0.3056743183694940 0.6926928280149830E-01
 0.4945411426900695 0.3064923782224350 0.6985387546508248E-01
 0.4944791822005620 0.3073739350464422 0.7048637773394244E-01
 0.4944174953187008 0.3082437683817256 0.7111308333578235E-01
 0.4943593339442410 0.3090568886552345 0.7170131616269629E-01
 0.4942947258700492 0.3099523434724690 0.7235176865524397E-01
 0.4942324336929357 0.3108081016290611 0.7297591485558375E-01
 0.4941730062918238 0.3116177007078093 0.7356860402986368E-01
 0.4941053961447294 0.3125308730257725 0.7423968114366832E-01
 0.4940423142076918 0.3133754623731321 0.7486282383104539E-01
 0.4939815178671076 0.3141828135947043 0.7546074717166208E-01
 0.4939100534744342 0.3151236810449447 0.7616031460236346E-01
 0.4938460545995372 0.3159589434341679 0.7678378286503555E-01
 0.4937837243604735 0.3167659233382000 0.7738825253457439E-01
 0.4937054278816986 0.3177707174627819 0.7814381217739960E-01
 0.4936403153262834 0.3185989356323359 0.7876909070460131E-01
 0.4935759492687383 0.3194112088413816 0.7938455789493801E-01
 0.4934939741232300 0.3204366163577105 0.8016462128435049E-01
 0.4934280048731380 0.3212545762115093 0.8078927454898738E-01
 0.4933610491184269 0.3220783125469903 0.8142045135151010E-01
 0.4932859716905788 0.3229943913413172 0.8212489870539642E-01
 0.4932198121050083 0.3237951517536196 0.8274288109796554E-01
 0.4931511172119322 0.3246202786635330 0.8338182974076891E-01
 0.4930760170037164 0.3255151222533447 0.8407717088569899E-01
 0.4930087741153670 0.3263100704079312 0.8469689954387576E-01
 0.4929385455821492 0.3271341133998799 0.8534125831819149E-01
 0.4928624534944310 0.3280199468898655 0.8603616378200302E-01
 0.4927939781433848 0.3288109976829892 0.8665871002825436E-01
 0.4927223559978821 0.3296323264935210 0.8730708364601780E-01
 0.4926448261878630 0.3305145358372601 0.8800572838671583E-01
 0.4925750425576947 0.3313026157869056 0.8863169523377000E-01
 0.4925021232121382 0.3321201656130843 0.8928289867571719E-01
 0.4924228851491316 0.3330018058571872 0.8998727511498618E-01
 0.4923517478100042 0.3337874356039192 0.9061685684462725E-01
 0.4922776045541356 0.3346004546841980 0.9127030392516568E-01
 0.4921964069659631 0.3354841551499775 0.9198272111763521E-01
 0.4921238771498034 0.3362677331554153 0.9261623703251504E-01
 0.4920485646939741 0.3370757014266767 0.9327122507136214E-01
 0.4919651745019921 0.3379637133743407 0.9399318574945036E-01
 0.4918912124197787 0.3387456160304021 0.9463073837901644E-01
 0.4918147524158771 0.3395483858512031 0.9528713453891084E-01
 0.4917289261109809 0.3404429080629600 0.9602068069583411E-01
 0.4916534905289441 0.3412234861348833 0.9666254270789545E-01
 0.4915758844533137 0.3420211109958159 0.9732006753922554E-01
 0.4914874247836519 0.3429237153895929 0.9806615930389945E-01
 0.4914104796003236 0.3437032401866270 0.9871229294962373E-01
 0.4913316892123558 0.3444961653040172 0.9937124118663367E-01
 0.4912404462813599 0.3454078371345947 0.1001309415694315
 0.4911619642152778 0.3461864649262038 0.1007814466538124
 0.4910819392503188 0.3469752180738293 0.1014419322529929
 0.4909879309155564 0.3478952326707724 0.1022142864923829
 0.4909079094784169 0.3486728771653960 0.1028688111283408
 0.4908266001811896 0.3494579599147051 0.1035311879989505
 0.4907298645758415 0.3503854431903511 0.1043157163445017
 0.4906483086101502 0.3511619561610315 0.1049741375822863
 0.4905656829233223 0.3519436772318495 0.1056383962810125
 0.4904663058313851 0.3528773646886438 0.1064336780526918
 0.4903832259808251 0.3536525655754865 0.1070955861124449
 0.4902992630518920 0.3544311261556011 0.1077618670756421
 0.4901972369518906 0.3553706923036039 0.1085678917329517
 0.4901126325831354 0.3561445150083760 0.1092332591258869
 0.4900273227114000 0.3569200043961688 0.1099013973268173
 0.4899226528080563 0.3578650295204438 0.1107174311376089
 0.4898365240588340 0.3586374130152754 0.1113859317702070
 0.4897498505403924 0.3594099868543387 0.1120560075832958
 0.4896424728634158 0.3603606886216159 0.1128824565400228
 0.4895548084902914 0.3611316732665644 0.1135541108404194
 0.4894667529596001 0.3619014908306036 0.1142259752384754
 0.4893567944675138 0.3628564201795158 0.1150611123493435
 0.4892676037575391 0.3636258815271788 0.1157354788354615
 0.4891781559197415 0.3643930400357748 0.1164091205392823
 0.4890661482863665 0.3653474067351536 0.1172488967519121
 0.4889754642898244 0.3661150553524930 0.1179256952797672
 0.4888846793417240 0.3668791262657070 0.1186004569373422
 0.4887703572437989 0.3678350888049378 0.1194462654736552
 0.4886781277324831 0.3686013561913436 0.1201255628112608
 0.4885860242426944 0.3693622312660693 0.1208012744068879
 0.4884691399038706 0.3703216730324175 0.1216549760681760
 0.4883753185091157 0.3710869072560129 0.1223371117530813
 0.4882818928729570 0.3718446516552193 0.1230136034025730
 0.4881623422760849 0.3728081849825143 0.1238753187102111
 0.4880669085193962 0.3735725080486765 0.1245601286688278
 0.4879721444288543 0.3743272860464600 0.1252375083313902
 0.4878498154912904 0.3752955496201495 0.1261080733881618
 0.4877527535073835 0.3760590348437332 0.1267957066567242
 0.4876566424326271 0.3768109356301917 0.1274738777367502
 0.4875314949660963 0.3777839712132914 0.1283529475490464
 0.4874327975121119 0.3785466245871433 0.1290431528401575
 0.4873353189327725 0.3792958291307012 0.1297222487140775
 0.4872072638493756 0.3802740478649310 0.1306104714623873
 0.4871069141336835 0.3810359430441332 0.1313034034018926
 0.4870080458541076 0.3817826309615341 0.1319834127381635
 0.4868771156321318 0.3827655079266211 0.1328799021285717
 0.4867751154033211 0.3835265823359774 0.1335752208671723
 0.4866748315474360 0.3842709586930429 0.1342562787106615
 0.4865410164481322 0.3852583100886129 0.1351611209979693
 0.4864373626430610 0.3860185389469817 0.1358588885198675
 0.4863356508785830 0.3867606988161149 0.1365409148574653
 0.4861989937905678 0.3877519698157067 0.1374531797510704
 0.4860936920184332 0.3885112736834728 0.1381530405363117
 0.4859905391246813 0.3892513214017596 0.1388360876247141
 0.4858509858836010 0.3902466798255097 0.1397562014191098
 0.4857440306324548 0.3910050599191904 0.1404582679093081
 0.4856394292792975 0.3917430504014156 0.1411422508328036
 0.4854974136467357 0.3927392421157712 0.1420667904876331
 0.4853888356700642 0.3934964667729821 0.1427705725709834
 0.4852828132502050 0.3942322329361978 0.1434552930423312
 0.4851411775724412 0.3952096211704896 0.1443661827321305
 0.4850311115074426 0.3959648569264436 0.1450709795244025
 0.4849239052237523 0.3966969076262114 0.1457548696302424
 0.4847881959467766 0.3976186192704654 0.1466169649369652
 0.4846767020235566 0.3983717684341985 0.1473222961699447
 0.4845687841498739 0.3990972909977017 0.1480025545042888
 0.4844425540369918 0.3999416517552770 0.1487952101293776
 0.4843287896891403 0.4006987338272398 0.1495067563616365
 0.4842202546407031 0.4014176206603123 0.1501830643935748
 0.4841015613038665 0.4022000459219996 0.1509198548391769
 0.4839825681380506 0.4029805717411475 0.1516556245833467
 0.4838724762943418 0.4036992990798786 0.1523338665048997
 0.4837578255890795 0.4044443482129905 0.1530377048765937
 0.4836257737673830 0.4052981845433887 0.1538452224770502
 0.4835123511548056 0.4060279456857577 0.1545361003147054
 0.4833986469097448 0.4067562050549528 0.1552261615830276
 0.4832471245583433 0.4077215981586315 0.1561418693839755
 0.4831295944207418 0.4084664701080289 0.1568492093626236
 0.4830148429814912 0.4091904497326680 0.1575374230715721
 0.4828692399331636 0.4101044699077481 0.1584072748495959
 0.4827499545542503 0.4108494932392007 0.1591170440608643
 0.4826347030763610 0.4115661240365387 0.1598003444735696
 0.4825014415690165 0.4123908725849456 0.1605874303021088
 0.4823794611220072 0.4131422127548914 0.1613051513790794
 0.4822636436735551 0.4138524555514948 0.1619842644531218
 0.4821387653699528 0.4146148819768407 0.1627139851924795
 0.4820094738825986 0.4154006008690819 0.1634667198760578
 0.4818915888516166 0.4161138035210691 0.1641505492170715
 0.4817705611240456 0.4168428846872042 0.1648501187302695
 0.4816204296509118 0.4177429322339287 0.1657144679804261
 0.4814980517262685 0.4184730718565723 0.1664162973109165
 0.4813771816794755 0.4191911476544553 0.1671071333444401
 0.4812219721793158 0.4201088163192487 0.1679908385882648
 0.4810963207920455 0.4208481348213797 0.1687034197126644
 0.4809749614373401 0.4215591893373332 0.1693892332633668
 0.4808347192400467 0.4223772407870713 0.1701788158698183
 0.4807062298319156 0.4231233530474083 0.1708995420141272
 0.4805843916495900 0.4238278900092440 0.1715806651781512
 0.4804536102364559 0.4245809799039955 0.1723093441031409
 0.4803164977930978 0.4253670521161292 0.1730705779747318
 0.4801923060273216 0.4260760161497916 0.1737576453893890
 0.4800655630198321 0.4267966060208042 0.1744564361455321
 0.4799043436860288 0.4277089725389548 0.1753418857726854
 0.4797750741902364 0.4284371449614834 0.1760491853178727
 0.4796483560763010 0.4291480569187330 0.1767402844845464
 0.4794927303819513 0.4300172790069869 0.1775860307189573
 0.4793605317205037 0.4307523443637807 0.1783018283676611
 0.4792337092100653 0.4314546937923107 0.1789862162576898
 0.4790928009028604 0.4322318460280174 0.1797439916160579
 0.4789554735365250 0.4329860391267589 0.1804799181087007
 0.4788275112243769 0.4336859809366315 0.1811634295408779
 0.4786940057589103 0.4344133762264789 0.1818743031135810
 0.4785402844856981 0.4352473305385756 0.1826899701628036
 0.4784082765860774 0.4359604595075287 0.1833879487911610
 0.4782768289271824 0.4366678134453173 0.1840806700598262
 0.4781111518451269 0.4375555032352895 0.1849505517538921
 0.4779742787358838 0.4382856520741831 0.1856665633741162
 0.4778426800373161 0.4389849568274316 0.1863528002968847
 0.4776947806146489 0.4397677486630193 0.1871215104223972
 0.4775534172512783 0.4405128811126302 0.1878537221967198
 0.4774209988795838 0.4412081759189908 0.1885373263701718
 0.4772821053750153 0.4419347058171128 0.1892519866472030
 0.4771253586916554 0.4427512613293618 0.1900556475554624
 0.4769890282945944 0.4434585939885073 0.1907522450041473
 0.4768528973391254 0.4441622598616778 0.1914456689296679
 0.4766813168719869 0.4450454604854037 0.1923166196873943
 0.4765395446502387 0.4457721422328112 0.1930336697116650
 0.4764033520347895 0.4464676271072328 0.1937202651812655
 0.4762509428527520 0.4472429381609264 0.1944860366109190
 0.4761041774853543 0.4479865902822875 0.1952209472574672
 0.4759670715951028 0.4486787123423826 0.1959053450750854
 0.4758239139446813 0.4493987456080522 0.1966177894267848
 0.4756593956167116 0.4502229219621230 0.1974338092116058
 0.4755178771247547 0.4509290894935137 0.1981333787981401
 0.4753773274785522 0.4516278974755174 0.1988259688098328
 0.4752056587869223 0.4524780510828561 0.1996689759486744
 0.4750587416392542 0.4532027102809211 0.2003879532416495
 0.4749182922082346 0.4538929787887501 0.2010732034675956
 0.4747645716816410 0.4546457102074691 0.2018209066928028
 0.4746101428381744 0.4553990344964516 0.2025696159269847
 0.4744680018516637 0.4560898957960050 0.2032565499939811
 0.4743219393209221 0.4567973250693837 0.2039602207953481
 0.4741393431217937 0.4576781839252858 0.2048367824668298
 0.4739912065363295 0.4583899677730886 0.2055454535155606
 0.4738462832989501 0.4590838765766061 0.2062366729641753
 0.4736749469172084 0.4599011791982006 0.2070512346727558
 0.4735225437154712 0.4606253959798605 0.2077733519056968
 0.4733777645758356 0.4613109913326967 0.2084571893080607
 0.4732223930375410 0.4620441795127849 0.2091887220685400
 0.4730591527023786 0.4628116659422558 0.2099547547313322
 0.4729116253420155 0.4635028034131743 0.2106448804260517
 0.4727622715636203 0.4642001286054098 0.2113415066535616
 0.4725594957495673 0.4651431040594306 0.2122840366920100
 0.4724044838031607 0.4658610608262401 0.2130019815225326
 0.4722549532798034 0.4665512732665660 0.2136924057893763
 0.4720811163824489 0.4673508007745079 0.2144924543355095
 0.4719232081663624 0.4680744104640240 0.2152168399043158
 0.4717738349992676 0.4687566032090637 0.2159000808369835
 0.4716151824097214 0.4694787439013248 0.2166236880352102
 0.4714438037060652 0.4702560229059571 0.2174029250718024
 0.4712909044420586 0.4709470695647328 0.2180959870801832
 0.4711375055475061 0.4716381031299733 0.2187892533089180
 0.4709464682418927 0.4724955415576445 0.2196497656170580
 0.4707864980817864 0.4732108797398316 0.2203679720582351
 0.4706334805318439 0.4738928808587325 0.2210530069492983
 0.4704656166452852 0.4746385483905508 0.2218023308549585
 0.4702981066095254 0.4753800570841766 0.2225477813073334
 0.4701434887409280 0.4760622246579894 0.2232337839513976
 0.4699849578240886 0.4767594128610790 0.2239350582197814
 0.4697835145457724 0.4776420764684496 0.2248231435899150
 0.4696217790101041 0.4783481503546959 0.2255338022591041
 0.4694645339125265 0.4790324202034918 0.2262227616929802
 0.4692830554753497 0.4798194723571613 0.2270155013450245
 0.4691164963222673 0.4805393251950798 0.2277407782492888
 0.4689593058482282 0.4812165168286334 0.2284232095711540
 0.4687935889987949 0.4819281792259886 0.2291404923127339
 0.4686102679686515 0.4827127627711699 0.2299314283844121
 0.4684487326074954 0.4834017966070181 0.2306262256104347
 0.4682879407967798 0.4840855286382515 0.2313158840117585
 0.4680960793758939 0.4848986220107094 0.2321362896820501
 0.4679273742894777 0.4856111265066215 0.2328553894231126
 0.4677669731236299 0.4862864504710108 0.2335370769360354
 0.4675953538239785 0.4870067480527563 0.2342642633129139
 0.4674142243083742 0.4877644526789267 0.2350293580590919
 0.4672506126579968 0.4884466822505305 0.2357184201132834
 0.4670859920137315 0.4891310358317495 0.2364098343384929
 0.4668811475598331 0.4899797146383066 0.2372675496755662
 0.4667097984786480 0.4906871808552325 0.2379827334569108
 0.4665458715054863 0.4913619415595503 0.2386649614095029
 0.4663671965967371 0.4920951326885872 0.2394063660875027
 0.4661870591074790 0.4928319442479638 0.2401515650557920
 0.4660211471066693 0.4935084731123233 0.2408359582668554
 0.4658522074887381 0.4941952994049341 0.2415309554025197
 0.4656262339228194 0.4951107968843680 0.2424576078885247
 0.4654518230472325 0.4958149145635887 0.2431704409566566
 0.4652835852155254 0.4964920817503458 0.2438560460914962
 0.4650923787174965 0.4972593012800718 0.2446328759703500
 0.4649137526509101 0.4979737570919002 0.2453563607181753
 0.4647454870433935 0.4986447729730598 0.2460359687107327
 0.4645700925965398 0.4993421685536079 0.2467424295860127
 0.4643656557304925 0.5001524247568244 0.2475633618500805
 0.4641916800863035 0.5008397535003093 0.2482598099210899
 0.4640202675352552 0.5015149962576110 0.2489440225741025
 0.4638231226647284 0.5022892214218172 0.2497285381365984
 0.4636419018633104 0.5029986791148665 0.2504474693718168
 0.4634707005222634 0.5036669658667253 0.2511247651259493
 0.4632913143157520 0.5043651906323170 0.2518325141357778
 0.4630867289696907 0.5051590066019648 0.2526372716884990
 0.4629102641912433 0.5058415971196636 0.2533293136271011
 0.4627356876104957 0.5065149734190366 0.2540120103982325
 0.4625346115042330 0.5072882289469701 0.2547959589677958
 0.4623502610567483 0.5079949871007174 0.2555125205977090
 0.4621761071412266 0.5086607568569644 0.2561875979104948
 0.4619934863912925 0.5093569304114927 0.2568936021307567
 0.4617847424150126 0.5101502471212855 0.2576982167985548
 0.4616051122291489 0.5108308512626848 0.2583885388557637
 0.4614275031517758 0.5115019328795734 0.2590691793656258
 0.4612237581538695 0.5122695024728821 0.2598476422180099
 0.4610358621466025 0.5129752373812163 0.2605633875048706
 0.4608586888049425 0.5136388442880852 0.2612364432719096
 0.4606733277357262 0.5143312077515986 0.2619387202359273
 0.4604572894358464 0.5151357119345620 0.2627547814322516
 0.4602739539783934 0.5158163867407719 0.2634452044794539
 0.4600934052595916 0.5164848933959886 0.2641232081329298
 0.4598875853045173 0.5172447833580697 0.2648937845641864
 0.4596959005206222 0.5179504079645001 0.2656092587704490
 0.4595156767499145 0.5186120294966665 0.2662800924363338
 0.4593277635748924 0.5193000230259363 0.2669776629919627
 0.4591020815975408 0.5201238123451291 0.2678128899119505
 0.4589148206350969 0.5208053153391508 0.2685037740016070
 0.4587313367426573 0.5214712917604227 0.2691788016736788
 0.4585230982326968 0.5222250000754324 0.2699426046290586
 0.4583277619778937 0.5229299792077802 0.2706569167477023
 0.4581445349135808 0.5235894836727409 0.2713251014174243
 0.4579540887648792 0.5242731683975514 0.2720177576229540
 0.4577194825626068 0.5251128765544699 0.2728684233505788
 0.4575284769106401 0.5257945015287749 0.2735588371980643
 0.4573420771212430 0.5264579503392247 0.2742307038769625
 0.4571311960407539 0.5272064795758081 0.2749885575287834
 0.4569322166300631 0.5279107786990711 0.2757014962985818
 0.4567459381695246 0.5285683893081419 0.2763671020326097
 0.4565528873598733 0.5292481532549461 0.2770550844248549
 0.4563111541121477 0.5300968378829121 0.2779139439548644
 0.4561164276596057 0.5307784858640371 0.2786036403279110
 0.4559270676999863 0.5314396475010424 0.2792724568057837
 0.4557138471207853 0.5321821283209386 0.2800233415612249
 0.4555109050334064 0.5328868729941670 0.2807359028786526
 0.4553214820800720 0.5335429729442089 0.2813991792996264
 0.4551259812214341 0.5342184186828040 0.2820819326403027
 0.4548747831905259 0.5350837717269894 0.2829564975589109
 0.4546760213165353 0.5357664921832589 0.2836463013321721
 0.4544836650404835 0.5364255456476699 0.2843119839884176
 0.4542679867593239 0.5371625731005657 0.2850561607549155
 0.4540611298664277 0.5378675515558481 0.2857677400405940
 0.4538686000885392 0.5385220402644735 0.2864281877612118
 0.4536705869759078 0.5391935097137825 0.2871056257415954
 0.4534094112251026 0.5400766130310840 0.2879963339491431
 0.4532067483670727 0.5407598842590648 0.2886852432396730
 0.4530114232187009 0.5414167886590598 0.2893473219958243
 0.4527927851083859 0.5421502166197355 0.2900862332398713
 0.4525822840736060 0.5428544854504648 0.2907955117809053
 0.4523866746320539 0.5435073057768396 0.2914528021943505
 0.4521858590416883 0.5441758832065792 0.2921258188889000
 0.4519165211384585 0.5450700396150270 0.2930256869805167
 0.4517102015141547 0.5457530231206372 0.2937128122539837
 0.4515118288057713 0.5464081069270544 0.2943716480552288
 0.4512899362499719 0.5471390234492813 0.2951064862957749
 0.4510758278986055 0.5478424738927824 0.2958134787040972
 0.4508771155283225 0.5484937492596245 0.2964678728666623
 0.4506734671454422 0.5491596235482097 0.2971368018403251
 0.4503998407493799 0.5500518098668914 0.2980328448852237
 0.4501899410967356 0.5507342835028186 0.2987180233760739
 0.4499886400473369 0.5513872415367982 0.2993733163134229
 0.4497646869739638 0.5521118963988048 0.3001002497465842
 0.4495461838161836 0.5528171238232742 0.3008073987189683
 0.4493442368071075 0.5534673524892955 0.3014591772637717
 0.4491381752715811 0.5541292921584716 0.3021225003223192
 0.4488747948602296 0.5549731161423981 0.3029677878938205
 0.4486618085788135 0.5556536593649298 0.3036492152367528
 0.4484583484290191 0.5563022501719165 0.3042983566306674
 0.4482373778759540 0.5570049967315260 0.3050013612298372
 0.4480100844511599 0.5577260571923857 0.3057223475965959
 0.4478039665138480 0.5583783789045674 0.3063743537141767
 0.4475966383089967 0.5590330423781888 0.3070284996742823
 0.4473509331721753 0.5598069663403585 0.3078015578899049
 0.4471332578980360 0.5604908749955571 0.3084844372190857
 0.4469275755982994 0.5611356233653539 0.3091279463884370
 0.4467115825452448 0.5618111554766511 0.3098018779574106
 0.4464597554136527 0.5625967870260757 0.3105852780551863
 0.4462466711720706 0.5632599035303477 0.3112462469406582
 0.4460378506703588 0.5639082961522850 0.3118923428370855
 0.4458031183268790 0.5646354377145645 0.3126166837565795
 0.4455774693397418 0.5653327489915804 0.3133110498690926
 0.4453681159547312 0.5659782295884149 0.3139535284100358
 0.4451538818440483 0.5666373004455258 0.3146092249719730
 0.4448739059865093 0.5674964127180403 0.3154634689969832
 0.4446528378013690 0.5681730119639427 0.3161358996036587
 0.4444415702300145 0.5688181801113201 0.3167768554789475
 0.4442110625784622 0.5695205139245320 0.3174743510675842
 0.4439764488367237 0.5702336667643607 0.3181822920043576
 0.4437628876027681 0.5708813528227787 0.3188249377806026
 0.4435477908848919 0.5715322856021594 0.3194704776030890
 0.4432921793644457 0.5723039983640203 0.3202353717092162
 0.4430663109400954 0.5729842742231339 0.3209092955006952
 0.4428530320608654 0.5736252299166718 0.3215440210117455
 0.4426293754889220 0.5742959191165559 0.3222079651141523
 0.4423660431781431 0.5750836906763565 0.3229875100199025
 0.4421448492544457 0.5757438302917596 0.3236404647798916
 0.4419286651730522 0.5763876401602224 0.3242769795139218
 0.4416872180651477 0.5771050850846149 0.3249859552074831
 0.4414523093708272 0.5778014921960616 0.3256738335811140
 0.4412352005513103 0.5784437280028389 0.3263079822354308
 0.4410140537345167 0.5790965328629215 0.3269523814757505
 0.4407371130058639 0.5799120910203368 0.3277571737158816
 0.4405077329963453 0.5805859617954762 0.3284218851113094
 0.4402895169706056 0.5812256764461858 0.3290526403747850
 0.4400561321427439 0.5819084027413589 0.3297254998443224
 0.4398045971030816 0.5826425496001244 0.3304487032803146
 0.4395816285717455 0.5832918772852491 0.3310881044154569
 0.4393603619296719 0.5839349165746114 0.3317211176917413
 0.4391086384307661 0.5846648653239431 0.3324394561523721
 0.4388711031234435 0.5853521160435082 0.3331155220114018
 0.4386499012965311 0.5859907607855087 0.3337435116322037
 0.4384229187013559 0.5866447515626997 0.3343863055934669
 0.4381189840892784 0.5875183421919796 0.3352445073594081
 0.4378850076492313 0.5881892140603038 0.3359032815771594
 0.4376614017170869 0.5888290267046490 0.3365313801651854
 0.4374162243562622 0.5895290841051437 0.3372184470539895
 0.4371695125973056 0.5902319713493418 0.3379080946460655
 0.4369441614553546 0.5908726502892296 0.3385365015558109
 0.4367170050351591 0.5915171638114177 0.3391684497040055
 0.4364470412323280 0.5922814513452928 0.3399175580265094
 0.4362079769454888 0.5929567428902806 0.3405792284626931
 0.4359826971573971 0.5935918009156782 0.3412013430310560
 0.4357475122956935 0.5942534471980730 0.3418493913598571
 0.4354592544035787 0.5950625570398007 0.3426417004880735
 0.4352241440787161 0.5957209905149595 0.3432862751927920
 0.4349958591413298 0.5963590307000425 0.3439106845782447
 0.4347428394777161 0.5970647396839354 0.3446010705666902
 0.4344932218959924 0.5977594616973028 0.3452804780451729
 0.4342637592066748 0.5983967851101893 0.3459035905635496
 0.4340315003964771 0.5990406093756990 0.3465329313892007
 0.4337512980741507 0.5998156496349971 0.3472903678664324
 0.4335080627634330 0.6004869550405731 0.3479462437369066
 0.4332783395474020 0.6011197097521713 0.3485642645486595
 0.4330374103607208 0.6017820244874543 0.3492109440430600
 0.4327520484844770 0.6025647657320681 0.3499749550963520
 0.4325134664740878 0.6032177688021311 0.3506121789446667
 0.4322808826432040 0.6038531155168390 0.3512320876005562
 0.4320232210403165 0.6045555465284356 0.3519173770642379
 0.4317685300379202 0.6052484202650872 0.3525932538525229
 0.4315345890153338 0.6058835741245097 0.3532127186627393
 0.4312980366210768 0.6065245877465716 0.3538377716990140
 0.4310140256856417 0.6072925807314025 0.3545864825963531
 0.4307656966023799 0.6079626424939809 0.3552396205341286
 0.4305315435758749 0.6085932263139224 0.3558542365186205
 0.4302868814864229 0.6092508460788431 0.3564951866246727
 0.4299876149776050 0.6100534872003923 0.3572774446680475
 0.4297432160969366 0.6107075531590834 0.3579148273050523
 0.4295060904716586 0.6113409422631101 0.3585319605207265
 0.4292443810649818 0.6120386193809506 0.3592116063988469
 0.4289838249505985 0.6127317937386116 0.3598867627730711
 0.4287451665939987 0.6133654685760905 0.3605039198583621
 0.4285044936594176 0.6140032948268044 0.3611251102854340
 0.4282192228135785 0.6147577644546401 0.3618598998011773
 0.4279655512677756 0.6154272582311018 0.3625119039151118
 0.4277270814866685 0.6160554330515522 0.3631236153806622
 0.4274794079625012 0.6167066295244773 0.3637576772250813
 0.4271656855042535 0.6175297070370538 0.3645590290950086
 0.4269153244161857 0.6181851328056632 0.3651971575957929
 0.4266739746019216 0.6188157829865895 0.3658112163152715
 0.4264093252657838 0.6195059851012031 0.3664833426575566
 0.4261421475333839 0.6202013773726279 0.3671605962991683
 0.4258986293122714 0.6208339680263544 0.3677767166174720
 0.4256540085761998 0.6214682552350602 0.3683944913259133
 0.4253690678576907 0.6222056223207360 0.3691126632460033
 0.4251094560764743 0.6228760759104529 0.3697656969173575
 0.4248664225297225 0.6235025403997635 0.3703759530243713
 0.4246159655699150 0.6241469567819189 0.3710037907656985
 0.4242771533507396 0.6250168068727264 0.3718514029609027
 0.4240195998226713 0.6256765829488861 0.3724943755712053
 0.4237736868679858 0.6263053735307936 0.3731071667480106
 0.4235051267749092 0.6269907777436600 0.3737751390859240
 0.4232319335447220 0.6276866271867572 0.3744533307480538
 0.4229837227725581 0.6283176440944241 0.3750684184385585
 0.4227349789726815 0.6289488757321161 0.3756838357971216
 0.4224477499417399 0.6296763573168962 0.3763932604312336
 0.4221827663972764 0.6303461600006413 0.3770465810764123
 0.4219353660467657 0.6309703654428783 0.3776555221045140
 0.4216814494461538 0.6316098606231351 0.3782794586860519
 0.4213487408439406 0.6324460396681860 0.3790954374519432
 0.4210863783253656 0.6331040245927947 0.3797376926627278
 0.4208368833165974 0.6337286019821456 0.3803475192187116
 0.4205690952161072 0.6343977463672441 0.3810010756343811
 0.4202826130892382 0.6351122029744537 0.3816991176442760
 0.4200280223628152 0.6357459170622047 0.3823184313415892
 0.4197759027231896 0.6363723647231893 0.3829307578344188
 0.4194935570036185 0.6370726045093972 0.3836153378301393
 0.4192194794409041 0.6377510198915028 0.3842787341968149
 0.4189667315445189 0.6383754928098674 0.3848895566106979
 0.4187109229006388 0.6390064136926805 0.3855068883365961
 0.4184054527743303 0.6397583569249621 0.3862429109054795
 0.4181363558595344 0.6404194523751440 0.3868902326755320
 0.4178833902845501 0.6410398026746414 0.3874978192379950
 0.4176209695488390 0.6416822033706819 0.3881271544993995
 0.4172837882078542 0.6425059259666644 0.3889343817809199
 0.4170173976833610 0.6431553712268192 0.3895710843281999
 0.4167616220826655 0.6437778320524190 0.3901815992032827
 0.4164833652293991 0.6444537787952491 0.3908448953134841
 0.4161967674194635 0.6451486591110985 0.3915271086139626
 0.4159378095629255 0.6457753700281063 0.3921426567962185
 0.4156795094851168 0.6463994025461745 0.3927557934138119
 0.4153868188349358 0.6471052144706950 0.3934495400328452
 0.4151082659111987 0.6477756516657581 0.3941087994808522
 0.4148501432303584 0.6483958050195565 0.3947188984830582
 0.4145879152415610 0.6490247318061719 0.3953379372018647
 0.4142702059739801 0.6497852597359633 0.3960869258616694
 0.4139952638081498 0.6504421227271137 0.3967341605781139
 0.4137363250865679 0.6510596628418213 0.3973429014847035
 0.4134667058897860 0.6517015568561643 0.3979758943340277
 0.4131292749661106 0.6525032939267781 0.3987668935651106
 0.4128578090830873 0.6531470133375197 0.3994023540860579
 0.4125964157887883 0.6537657704173554 0.4000135284727830
 0.4123125462350731 0.6544365397781463 0.4006765020966139
 0.4120185021555132 0.6551300474891032 0.4013624103740099
 0.4117536019640371 0.6557536879283908 0.4019795918958166
 0.4114900622076251 0.6563730663050235 0.4025928855937043
 0.4111943105444469 0.6570668971578307 0.4032802912093583
 0.4109076371912045 0.6577381711935520 0.4039457736679448
 0.4106432563886179 0.6583561509410460 0.4045588316181388
 0.4103760238770324 0.6589797338650132 0.4051778743719670
 0.4100614146255067 0.6597125061482924 0.4059058576889920
 0.4097786620223880 0.6603698266621657 0.4065593475004259
 0.4095137257419356 0.6609846575240822 0.4071709494129055
 0.4092407545137327 0.6616170548605784 0.4078003533893655
 0.4088682548357196 0.6624782710948374 0.4086580324165996
 0.4085870928029459 0.6631269759822662 0.4093045264840891
 0.4083199154694584 0.6637423520309081 0.4099182071249980
 0.4080317063471748 0.6644050128327288 0.4105795014129556
 0.4077280140933027 0.6651019793514716 0.4112755352578587
 0.4074565670740952 0.6657238249139451 0.4118969583598160
 0.4071877821969381 0.6663385354473835 0.4125116103546098
 0.4068897083157370 0.6670190287278609 0.4131924586069650
 0.4065936885286580 0.6676935875507672 0.4138678430483846
 0.4063226748772642 0.6683100798086306 0.4144855521673216
 0.4060504251134562 0.6689283451170692 0.4151055199038152
 0.4057374730674921 0.6696377619107456 0.4158174991419659
 0.4054461988989549 0.6702968116576217 0.4164794895073713
 0.4051750790056384 0.6709092011520557 0.4170950589236306
 0.4048985303104733 0.6715328057486035 0.4177223186106979
 0.4045553641683072 0.6723051653602915 0.4184997896264071
 0.4042670872262687 0.6729527384458103 0.4191521823201402
 0.4039954305307318 0.6735619378072885 0.4197664002949488
 0.4037120819879972 0.6741962866704606 0.4204064991648891
 0.4033598817508956 0.6749832610846096 0.4212013458549239
 0.4030750010178371 0.6756185885315977 0.4218435946592006
 0.4028011468165303 0.6762282967383336 0.4224603942921569
 0.4025064514517006 0.6768832838617824 0.4231234863362284
 0.4021913021177398 0.6775824500556495 0.4238318949064083
 0.4019114252297478 0.6782022571964050 0.4244604566584388
 0.4016350676739979 0.6788132531436910 0.4250806419777042
 0.4013299264167597 0.6794867165345357 0.4257648979146557
 0.4010243591587012 0.6801598940668621 0.4264495420664297
 0.4007456542400296 0.6807728268736363 0.4270734690695395
 0.4004667284863316 0.6813852310356547 0.4276973532141325
 0.4001507993884789 0.6820776580964135 0.4284033441145131
 0.3998495850712008 0.6827366314708928 0.4290758210696406
 0.3995710755342771 0.6833448921196371 0.4296970932203046
 0.3992895219496286 0.6839587879205427 0.4303246768578170
 0.3989611893241927 0.6846733984662766 0.4310559235266228
 0.3986618835632822 0.6853236346883160 0.4317219231056279
 0.3983824633976797 0.6859296426518803 0.4323431230124691
 0.3980966907504371 0.6865484057243468 0.4329778757079485
 0.3977384087858336 0.6873227134031350 0.4337728877361250
 0.3974406452955589 0.6879650038908209 0.4344329886234144
 0.3971597467527379 0.6885698991556009 0.4350552355052568
 0.3968659046624910 0.6892016147863098 0.4357057037298372
 0.3965097747380943 0.6899658022833562 0.4364934407683106
 0.3962165405629725 0.6905938493392207 0.4371415201080630
 0.3959340609957497 0.6911978598882416 0.4377653411500879
 0.3956310926115792 0.6918445912173491 0.4384338605601623
 0.3953026019100595 0.6925445345530654 0.4391580708472538
 0.3950132663666375 0.6931599568936372 0.4397954518316599
 0.3947291719660994 0.6937632416453275 0.4404208545074352
 0.3944202699734359 0.6944180973481114 0.4411003893475113
 0.3940976474243789 0.6951008109444738 0.4418095481316299
 0.3938081460406221 0.6957123705998784 0.4424453761105472
 0.3935213799460176 0.6963171625079576 0.4430746740139925
 0.3932046778997593 0.6969839492570712 0.4437690547929853
 0.3928870526856802 0.6976514819848961 0.4444648482578922
 0.3925975786037792 0.6982588104110792 0.4450984890511773
 0.3923082340049997 0.6988648786786341 0.4457314265948271
 0.3919821805867106 0.6995466578957220 0.4464441836319706
 0.3916684417210458 0.7002015107860249 0.4471295277502053
 0.3913792113579639 0.7008041896008810 0.4477608769047126
 0.3910879097200360 0.7014102000894902 0.4483962799189940
 0.3907541900329033 0.7021032453677173 0.4491236273335424
 0.3904414665924030 0.7027515188593541 0.4498046765176653
 0.3901513546706326 0.7033519117236209 0.4504360515589618
 0.3898575105724896 0.7039590435933485 0.4510751474831418
 0.3895145902166366 0.7046663264364030 0.4518204641597345
 0.3892019186732860 0.7053100519906470 0.4524995117594580
 0.3889101747553599 0.7059096905625583 0.4531326132868009
 0.3886123125686584 0.7065209105363481 0.4537784680557336
 0.3882464832074045 0.7072702318002402 0.4545709728003798
 0.3879351215766565 0.7079068035301381 0.4552448929250070
 0.3876423241373240 0.7085044312225017 0.4558781817407573
 0.3873388208237290 0.7091229012043280 0.4565341957913435
 0.3869407408211175 0.7099325446553371 0.4573939730649687
 0.3866312530043999 0.7105607905700074 0.4580618566771238
 0.3863369478282394 0.7111572362320158 0.4586964946850914
 0.3860240985858687 0.7117902195792373 0.4593705902164833
 0.3856718871478772 0.7125015608968611 0.4601288581284984
 0.3853681730124851 0.7131138677770023 0.4607822043992099
 0.3850723997176222 0.7137092011111056 0.4614180389826215
 0.3847547257540931 0.7143475598627965 0.4621004883328372
 0.3844086135470810 0.7150418236569194 0.4628434516498588
 0.3841043307559673 0.7156511169734696 0.4634960786059311
 0.3838058513042997 0.7162478248365415 0.4641357242354510
 0.3834818486646792 0.7168944797370286 0.4648294520546467
 0.3831421529386113 0.7175712548810640 0.4655561164439572
 0.3828381486266057 0.7181758838274460 0.4662058983946251
 0.3825377913394457 0.7187722994641399 0.4668474310231580
 0.3822085425670425 0.7194249921432839 0.4675501762896838
 0.3818725321568053 0.7200899149660906 0.4682668066305291
 0.3815687594208085 0.7206900263471114 0.4689141745466365
 0.3812674847256964 0.7212842520883692 0.4695557137491963
 0.3809368010914394 0.7219353970372883 0.4702592840951020
 0.3805989867390256 0.7225994134332474 0.4709774001756569
 0.3802935096898070 0.7231988526818955 0.4716262584475699
 0.3799905672653435 0.7237923702458597 0.4722692697772378
 0.3796585329510853 0.7244418032041857 0.4729734986986123
 0.3793174522197061 0.7251077574786300 0.4736962999531224
 0.3790094013293534 0.7257082037398210 0.4743485226002684
 0.3787037505264372 0.7263030204061042 0.4749950790446335
 0.3783669827530624 0.7269572993441829 0.4757067714220676
 0.3780267092657671 0.7276172291716828 0.4764251664425320
 0.3777176922732214 0.7282155331465947 0.4770770018493588
 0.3774100904442123 0.7288101487516768 0.4777253532352130
 0.3770687743625181 0.7294688326072198 0.4784442052112957
 0.3767298290894798 0.7301217961706348 0.4791574673229398
 0.3764205882536559 0.7307165434769499 0.4798076698848042
 0.3761123316980339 0.7313084590395349 0.4804552500878957
 0.3757712701335476 0.7319622785588598 0.4811710888399388
 0.3754292153610410 0.7326168578360891 0.4818883314779674
 0.3751180127062661 0.7332114044161507 0.4825403153505041
 0.3748085481632460 0.7338016963206737 0.4831881418329402
 0.3744685385387544 0.7344491815622443 0.4838993143905357
 0.3741209153665647 0.7351100109677423 0.4846257300827507
 0.3738064542511800 0.7357067976343814 0.4852822078388430
 0.3734943871778216 0.7362981033529350 0.4859330510043185
 0.3731512766898918 0.7369471561695254 0.4866478954367685
 0.3728022820184883 0.7376061901193408 0.4873742296629081
 0.3724860794765777 0.7382023024839368 0.4880316931546340
 0.3721718446445125 0.7387937688929694 0.4886845196415280
 0.3718246680111115 0.7394461580895217 0.4894051725044552
 0.3714765017314169 0.7400992705019735 0.4901272220206918
 0.3711599255119043 0.7406921398910170 0.4907831511013411
 0.3708451829958692 0.7412806489528554 0.4914346731921034
 0.3704990732108427 0.7419267464001513 0.4921504053027501
 0.3701469991519672 0.7425828399005520 0.4928777019781794
 0.3698285087210342 0.7431753650830570 0.4935349759700348
 0.3695131808630094 0.7437610880775517 0.4941851336429716
 0.3691701888457510 0.7443971632448385 0.4948916609413396
 0.3688093231395078 0.7450652258715387 0.4956342176266739
 0.3684868664754504 0.7456611808583355 0.4962970095796708
 0.3681691744312856 0.7462474087026375 0.4969492994101959
 0.3678249113711168 0.7468816386113827 0.4976553407261779
 0.3674595249140624 0.7475536177387353 0.4984038170308975
 0.3671341763834229 0.7481509565990270 0.4990695583792879
 0.3668137387815262 0.7487383551688438 0.4997246324440770
 0.3664652441021884 0.7493761483755174 0.5004363919430890
 0.3661011950937677 0.7500412581256797 0.5011791608893548
 0.3657752627293861 0.7506357361548666 0.5018434681342908
 0.3654539466609235 0.7512208789365473 0.5024976911678357
 0.3651053635438337 0.7518546529853837 0.5032066523856102
 0.3647379802774028 0.7525214589203942 0.5039529794303509
 0.3644106753517644 0.7531145320916250 0.5046171632987676
 0.3640893115895262 0.7536959355036319 0.5052686519090758
 0.3637442836949702 0.7543191573265937 0.5059674197493017
 0.3633653163072702 0.7550025017750801 0.5067340776166064
 0.3630338694491932 0.7555991476517784 0.5074038415811423
 0.3627106355759415 0.7561801040433968 0.5080563007802898
 0.3623656648115714 0.7567991462700919 0.5087518589088224
 0.3619787928814959 0.7574921769695827 0.5095309761925193
 0.3616431750991532 0.7580923667102845 0.5102061279744718
 0.3613165427258727 0.7586755758500950 0.5108625779774362
 0.3609671203706255 0.7592984845182112 0.5115641617063923
 0.3605821230595531 0.7599836282641298 0.5123363486752524
 0.3602452984071045 0.7605820294619152 0.5130111546892032
 0.3599167223853764 0.7611648674804449 0.5136686998597875
 0.3595645319135352 0.7617886005798672 0.5143726603746137
 0.3591802180639467 0.7624680567156734 0.5151398297138355
 0.3588432215619259 0.7630628579847083 0.5158117080491290
 0.3585148165375782 0.7636416003237464 0.5164657332017690
 0.3581650615532430 0.7642569993358973 0.5171615078016812
 0.3577714202107412 0.7649484271673435 0.5179436294712964
 0.3574314833902739 0.7655445132471025 0.5186182048483468
 0.3571022974243325 0.7661208584804338 0.5192706798966777
 0.3567544875269149 0.7667288638710211 0.5199592438198132
 0.3563447543299155 0.7674438735771908 0.5207693368527658
 0.3559992457848356 0.7680457657557679 0.5214516011239997
 0.3556666230285039 0.7686243132456982 0.5221077214574312
 0.3553153911245991 0.7692342766056085 0.5227998172439136
 0.3549044742328897 0.7699466545777874 0.5236085371804641
 0.3545560476816670 0.7705496565194007 0.5242933855336922
 0.3542199420544465 0.7711304335917761 0.5249531973819396
 0.3538632067106864 0.7717458927920018 0.5256525982163869
 0.3534611956133098 0.7724382775849328 0.5264396483038217
 0.3531135999942605 0.7730359327175816 0.5271192476239457
 0.3527767526019811 0.7736142172286615 0.5277770619664068
 0.3524189544201494 0.7742275128621620 0.5284749885577698
 0.3520157739731335 0.7749174213076201 0.5292604527614236
 0.3516677677306165 0.7755119191361126 0.5299375658622383
 0.3513312837369806 0.7760858571074685 0.5305914739415817
 0.3509765848351640 0.7766899344640932 0.5312799272541989
 0.3505547382163853 0.7774071316584144 0.5320975792842382
 0.3502017137492306 0.7780062923086979 0.5327809169909163
 0.3498633927413548 0.7785796209777605 0.5334350309851087
 0.3495090162516883 0.7791792405385082 0.5341193909246131
 0.3490654351800128 0.7799284803447886 0.5349748376183204
 0.3487062858628879 0.7805340399444342 0.5356664419473063
 0.3483637932816419 0.7811106271500622 0.5363250821225709
 0.3480034672317573 0.7817163051270334 0.5370170633886850
 0.3475770440173412 0.7824318571390221 0.5378347391542363
 0.3472178595148273 0.7830335500709608 0.5385224913772799
 0.3468721990407157 0.7836117017721169 0.5391835412500925
 0.3465059347601858 0.7842233701830098 0.5398831613521474
 0.3460916913197652 0.7849139969621005 0.5406733930439670
 0.3457339343459103 0.7855094556565991 0.5413549483402125
 0.3453878792289115 0.7860845643414598 0.5420133582133434
 0.3450217943991739 0.7866920290920044 0.5427089329179784
 0.3446017806188282 0.7873878061759979 0.5435057693162807
 0.3442427212645429 0.7879816171086278 0.5441859609346179
 0.3438972703171718 0.7885520630098344 0.5448395218252827
 0.3435353505632505 0.7891488030301284 0.5455233566957661
 0.3430842540572619 0.7898912936010745 0.5463744092086713
 0.3427188931218860 0.7904916244429294 0.5470626384570977
 0.3423714220476068 0.7910616985689300 0.5477162518263733
 0.3420088159770902 0.7916557113563882 0.5483973735929675
 0.3415364644762456 0.7924281450579760 0.5492831996996147
 0.3411653007217020 0.7930340305435790 0.5499781683885565
 0.3408130250117272 0.7936082104485327 0.5506369198526724
 0.3404428020927525 0.7942107298851923 0.5513283543038288
 0.3400021443888352 0.7949266634615707 0.5521501357468853
 0.3396318045700188 0.7955273347117874 0.5528397225106916
 0.3392759376125349 0.7961036597623085 0.5535014006200616
 0.3388996528030894 0.7967121252998972 0.5541999908758755
 0.3384715061974904 0.7974032998580980 0.5549935571649792
 0.3381026747355196 0.7979977390917952 0.5556761066522237
 0.3377465507826554 0.7985708399703827 0.5563342397216443
 0.3373703035519333 0.7991754123132739 0.5570286361886867
 0.3369382012683009 0.7998685829943812 0.5578249588666216
 0.3365688770536835 0.8004600734461533 0.5585045897440205
 0.3362138514896753 0.8010278218594458 0.5591570178716704
 0.3358424145925996 0.8016209344462641 0.5598386551618915
 0.3353732338240301 0.8023688430905330 0.5606982830418029
 0.3349970336847144 0.8029675041040859 0.5613864638750115
 0.3346403853405442 0.8035342086370481 0.5620380073256223
 0.3342696167253301 0.8041224830351402 0.5627144548362844
 0.3337567431086829 0.8049347752189846 0.5636486357682770
 0.3333728411975234 0.8055417034829014 0.5643466874686990
 0.3330113418046050 0.8061123588219873 0.5650030181709957
 0.3326323451207314 0.8067097470190284 0.5656900760398259
 0.3321733315325587 0.8074320483794269 0.5665207897872673
 0.3317916799493283 0.8080316060336828 0.5672103738307889
 0.3314258416445664 0.8086054664786335 0.5678704704989094
 0.3310397137347876 0.8092102486613617 0.5685662222302992
 0.3305960910247531 0.8099039405401065 0.5693643390767463
 0.3302149598576438 0.8104989422247408 0.5700489219270219
 0.3298472388202047 0.8110721602250471 0.5707083940345909
 0.3294584233766056 0.8116773579990683 0.5714045631173270
 0.3290172279882395 0.8123629662945043 0.5721930940524785
 0.3286369759473800 0.8129529186008309 0.5728715121218806
 0.3282708559671003 0.8135201162964046 0.5735237091603331
 0.3278871070571807 0.8141137550691797 0.5742062787401865
 0.3274185042328107 0.8148374554966807 0.5750383626059304
 0.3270337904581065 0.8154306147287697 0.5757203156138412
 0.3266680804867570 0.8159936535180012 0.5763675879267646
 0.3262886015094999 0.8165770488488792 0.5770382003960597
 0.3257761069570230 0.8173635812856354 0.5779422362726822
 0.3253825143500951 0.8179665800036688 0.5786352901785423
 0.3250133021573468 0.8185313984982100 0.5792844660927660
 0.3246309163151901 0.8191155274515260 0.5799558486033858
 0.3241260703401339 0.8198854173163047 0.5808407273114742
 0.3237279023144856 0.8204915775540892 0.5815373602131556
 0.3233531929484941 0.8210611859801121 0.5821918945915447
 0.3229634049704670 0.8216528558133233 0.5828716692075784
 0.3224578208776687 0.8224189943734771 0.5837517520609571
 0.3220580348744730 0.8230237750952346 0.5844464234139686
 0.3216781774510307 0.8235975639967826 0.5851055014357219
 0.3212769932185738 0.8242026773196431 0.5858005924642674
 0.3208239926670686 0.8248848504151688 0.5865842305796745
 0.3204308192027889 0.8254759913784609 0.5872632759033408
 0.3200509271550573 0.8260463381336259 0.5879183637956097
 0.3196497204223700 0.8266478078392967 0.5886090785776099
 0.3191925719891973 0.8273320479878202 0.5893946697085071
 0.3187995178807280 0.8279194259105963 0.5900689102617895
 0.3184220705269185 0.8284826761237055 0.5907153529208590
 0.3180283448521394 0.8290693803310154 0.5913886232565649
 0.3175181730743469 0.8298283378507322 0.5922594226108432
 0.3171178364421742 0.8304229014610561 0.5929414665129449
 0.3167403978928862 0.8309826575609196 0.5935834446023325
 0.3163498173226107 0.8315610890584380 0.5942466846728648
 0.3158456976075425 0.8323064465059685 0.5951010918791126
 0.3154391692455221 0.8329065144404163 0.5957887836914952
 0.3150582969505976 0.8334679070933965 0.5964320347999353
 0.3146674604898405 0.8340431799624063 0.5970910740977480
 0.3142006939912527 0.8347291478423852 0.5978767442445673
 0.3137858908480070 0.8353377789950026 0.5985736192590165
 0.3133983612160197 0.8359055704014892 0.5992235020893932
 0.3130041832194115 0.8364822912108053 0.5998833506667124
 0.3125475190480048 0.8371494161037178 0.6006463184122729
 0.3121251100339391 0.8377655285899713 0.6013506835588410
 0.3117312043051391 0.8383392301854345 0.6020063830627134
 0.3113315729672361 0.8389204484524049 0.6026705277793774
 0.3108655104128745 0.8395972410089887 0.6034436977709323
 0.3104423287444275 0.8402107956553887 0.6041444085012827
 0.3100470095427846 0.8407831241354981 0.6047977905522978
 0.3096458757864660 0.8413630548325987 0.6054595520138611
 0.3091767929748342 0.8420401831763693 0.6062317976025238
 0.3087545010506761 0.8426488146523685 0.6069255234063270
 0.3083613668192794 0.8432146136542877 0.6075701064657627
 0.3079650384118676 0.8437842233686608 0.6082187419976852
 0.3075190324765635 0.8444242898724879 0.6089472815368273
 0.3070904972156758 0.8450383494605653 0.6096458899957541
 0.3066965435271601 0.8456020512902631 0.6102869048669719
 0.3063058760749212 0.8461602923199874 0.6109214058668936
 0.3058866226764113 0.8467585438111400 0.6116010365093585
 0.3054262612505096 0.8474144597445740 0.6123457711544775
 0.3050218207498850 0.8479898448544638 0.6129987416273427
 0.3046309672765504 0.8485451426775172 0.6136286415454895
 0.3042241894740090 0.8491222769536195 0.6142830286294451
 0.3036852243990750 0.8498857253244612 0.6151481965938392
 0.3032617635999247 0.8504845795990619 0.6158264208768026
 0.3028642904959678 0.8510458999046793 0.6164617704570799
 0.3024537263345783 0.8516249152441596 0.6171167688027419
 0.3019352014403822 0.8523550406922202 0.6179421856103261
 0.3015048832892442 0.8529599965355987 0.6186257058567984
 0.3010996525972963 0.8535288846748006 0.6192681916603086
 0.3006803723624686 0.8541166837619967 0.6199317613683516
 0.3001168723865456 0.8549053714178416 0.6208216377255800
 0.2996819582995804 0.8555130749466706 0.6215068603557933
 0.2992703142750839 0.8560874543836232 0.6221540779436019
 0.2988353898106886 0.8566934664447513 0.6228364375944769
 0.2983543846146047 0.8573626717985470 0.6235893365688110
 0.2979317933029554 0.8579497325102732 0.6242493075034856
 0.2975219553281696 0.8585182973569866 0.6248880653095020
 0.2970883931001945 0.8591189428962953 0.6255624434025026
 0.2966043297977659 0.8597885449336257 0.6263137373644936
 0.2961834588571721 0.8603698739482130 0.6269655303329358
 0.2957777945013606 0.8609294452817058 0.6275924869699503
 0.2953549787780120 0.8615118909072675 0.6282445748860700
 0.2948002693812486 0.8622748166650296 0.6290979172060390
 0.2943706384367451 0.8628647758485427 0.6297571643066672
 0.2939664275748699 0.8634190840084923 0.6303760823906428
 0.2935499829363901 0.8639894165197202 0.6310124030166907
 0.2930377767862225 0.8646898544083678 0.6317931953835010
 0.2926031628346650 0.8652832873424348 0.6324540915337085
 0.2921971102762204 0.8658369798460228 0.6330701967313761
 0.2917860629433996 0.8663967560248131 0.6336925346142872
 0.2913268068984735 0.8670213223045127 0.6343862674222085
 0.2908734773737490 0.8676369403408101 0.6350694220061601
 0.2904571641136234 0.8682015162372406 0.6356953956226431
 0.2900451572771571 0.8687595250019101 0.6363135857861258
 0.2896051568419179 0.8693546518364125 0.6369723279630188
 0.2891084384075904 0.8700255098586384 0.6377141341595878
 0.2886745160683333 0.8706107069984161 0.6383604959779076
 0.2882544988165011 0.8711763999894849 0.6389846266682038
 0.2878121656552911 0.8717713529681500 0.6396402907321016
 0.2872913619073698 0.8724708097009753 0.6404101630574648
 0.2868476318562311 0.8730658689468404 0.6410643614715856
 0.2864189073033397 0.8736400351966189 0.6416949672339602
 0.2859637652416293 0.8742487560962232 0.6423628774639426
 0.2854663669495224 0.8749130244529983 0.6430909569135680
 0.2850255014190415 0.8755009532197894 0.6437346324478522
 0.2845942494000576 0.8760753003455928 0.6443627170377110
 0.2841332033217839 0.8766884984540858 0.6450324510657170
 0.2836450167725543 0.8773368639962101 0.6457396330588180
 0.2832089224398766 0.8779152402055256 0.6463696547921387
 0.2827821137518576 0.8784805687188395 0.6469847415854075
 0.2823303096926439 0.8790782185792680 0.6476342425484868
 0.2818252326349024 0.8797453852968187 0.6483583835026192
 0.2813883868222671 0.8803216160611848 0.6489830284269285
 0.2809669440100319 0.8808768220301316 0.6495841490388270
 0.2805297420727897 0.8814520581257449 0.6502061590713208
 0.2799510622978235 0.8822123005380015 0.6510269268555676
 0.2795024411839513 0.8828007891745308 0.6516612409988994
 0.2790818506300400 0.8833518064010627 0.6522543527976723
 0.2786520141055731 0.8839142381376572 0.6528589383326033
 0.2781528038513156 0.8845665613319176 0.6535591096944223
 0.2776964276275626 0.8851620867303636 0.6541973123308802
 0.2772720413574405 0.8857151635825238 0.6547891388808527
 0.2768481370332954 0.8862669371797179 0.6553787034377810
 0.2763912360347224 0.8868609084452195 0.6560123831528083
 0.2758929628296007 0.8875077778954180 0.6567013644215911
 0.2754526166504361 0.8880786795505947 0.6573084702696262
 0.2750252284774838 0.8886320974325793 0.6578961316314093
 0.2745799822357905 0.8892079259554324 0.6585066895034524
 0.2740021417726416 0.8899541556193913 0.6592965030673855
 0.2735387895930290 0.8905516564599470 0.6599276785697376
 0.2731008885288126 0.8911156234819922 0.6605223857679721
 0.2726480280143025 0.8916981299968227 0.6611355573272482
 0.2720720964747097 0.8924378787008019 0.6619126725743499
 0.2716002223628533 0.8930430903852782 0.6625471810415219
 0.2711512565331951 0.8936181870619937 0.6631490834410387
 0.2706824792153710 0.8942179011718656 0.6637756801929376
 0.2701249021784470 0.8949302123648345 0.6645184517973187
 0.2696544925051405 0.8955303206161910 0.6651429072630771
 0.2691980543418823 0.8961118692184605 0.6657468303554195
 0.2687113507902076 0.8967311843638515 0.6663886010399810
 0.2681986410744591 0.8973827090684501 0.6670622073270445
 0.2677382610231089 0.8979669684006110 0.6676649482363128
 0.2672840532363847 0.8985426864094987 0.6682576946271124
 0.2667943041223786 0.8991626694304460 0.6688947355913611
 0.2662896924574010 0.8998006200974418 0.6695488595128972
 0.2658355033118403 0.9003740929442299 0.6701356512376604
 0.2653892307143858 0.9009368982562999 0.6707103629203740
 0.2649142531645989 0.9015351760059996 0.6713199853817953
 0.2643856013364810 0.9022001831212532 0.6719959739790171
 0.2639291349913025 0.9027736454015897 0.6725775162571066
 0.2634894522239182 0.9033253767332093 0.6731358102437732
 0.2630322260029985 0.9038984535586074 0.6737144526917979
 0.2624495190916559 0.9046278219863403 0.6744490569758873
 0.2619811111542334 0.9052133290910539 0.6750372468007096
 0.2615428346458352 0.9057605342891227 0.6755857046125168
 0.2610960669178068 0.9063177095458753 0.6761428800326209
 0.2605907425528726 0.9069471476729345 0.6767707414537673
 0.2601081566552153 0.9075475087983039 0.6773680231729128
 0.2596641906889301 0.9080991778702572 0.6779154998392616
 0.2592240207842552 0.9086455210094514 0.6784563989813394
 0.2587571213087841 0.9092243817134151 0.6790280758888496
 0.2581903719582894 0.9099261287916007 0.6797191279688852
 0.2577246564509436 0.9105020356001571 0.6802845996646665
 0.2572804061334005 0.9110507792668922 0.6808219900292992
 0.2568219984388252 0.9116163797980114 0.6813744439380142
 0.2562792209719729 0.9122852553217222 0.6820258959827976
 0.2557943631150427 0.9128820043645168 0.6826054101722752
 0.2553400853873272 0.9134404767324185 0.6831463261188364
 0.2548810211080161 0.9140042081937487 0.6836909338080807
 0.2543749301382016 0.9146249637891578 0.6842889710288506
 0.2538612657747836 0.9152542357845735 0.6848933799707176
 0.2533907942326811 0.9158299144460070 0.6854446435290780
 0.2529236110490307 0.9164009302334452 0.6859898336332975
 0.2524211996144964 0.9170142969806052 0.6865736704998141
 0.2518802244462521 0.9176739297734218 0.6871995087701491
 0.2513942380911077 0.9182657966201269 0.6877592963708936
 0.2509134828277114 0.9188506297948268 0.6883108248997889
 0.2503936622933692 0.9194822476567879 0.6889046732363854
 0.2498580171866921 0.9201322961435637 0.6895138460608760
 0.2493669879959040 0.9207274928242433 0.6900697628452833
 0.2488738706756600 0.9213245442192133 0.6906255672062368
 0.2483214617265125 0.9219925839985382 0.6912452193945061
 0.2478032177149349 0.9226185434930421 0.6918236927155137
 0.2473171817575359 0.9232049326902635 0.6923637383418620
 0.2468188207022231 0.9238055244467266 0.6929150286412652
 0.2462150389779452 0.9245322625708285 0.6935796410241648
 0.2457092473269438 0.9251403015584763 0.6941335987187753
 0.2452314688429230 0.9257140370024733 0.6946545011430746
 0.2447354556009504 0.9263090283661485 0.6951928024800182
 0.2440902025625866 0.9270820688799684 0.6958892411474764
 0.2435915178217441 0.9276787671294247 0.6964245236600424
 0.2431214054387835 0.9282406846299278 0.6969268006379300
 0.2426323686357505 0.9288246153659331 0.6974469265783720
 0.2419735869365355 0.9296102567955319 0.6981438175527841
 0.2414784771564244 0.9301999789234221 0.6986647326223725
 0.2410140116691017 0.9307526353487766 0.6991511848259746
 0.2405337890698985 0.9313234685114726 0.6996518622222098
 0.2399339783121169 0.9320356421653543 0.7002739483367770
 0.2394389219864436 0.9326227625479087 0.7007846468709548
 0.2389768209632241 0.9331702516001035 0.7012591179806297
 0.2385082918924102 0.9337248199499819 0.7017380009696282
 0.2379823499541401 0.9343467044999902 0.7022729507181036
 0.2374682394286642 0.9349539492871295 0.7027931949985796
 0.2369997363636425 0.9355067683135191 0.7032649822333261
 0.2365381349403678 0.9360509279394600 0.7037276624570484
 0.2360507060144272 0.9366249819950848 0.7042139023257208
 0.2354056657330055 0.9373837913382780 0.7048536953374640
 0.2349122767760829 0.9379635400348251 0.7053402526452482
 0.2344469842626585 0.9385097523850044 0.7057968666960867
 0.2339667935378444 0.9390729257300705 0.7062658185567676
 0.2333942737504868 0.9397436869848075 0.7068218853203538
 0.2328878329462560 0.9403364029566281 0.7073109760338545
 0.2324156212480996 0.9408885315401306 0.7077646262442083
 0.2319398132975793 0.9414443536966617 0.7082193984243117
 0.2314180325129336 0.9420532934349700 0.7087154287511180
 0.2308728641134423 0.9426888767187588 0.7092307207925593
 0.2303835505278040 0.9432587792766272 0.7096906558212133
 0.2299035645279859 0.9438173043474435 0.7101394769397950
 0.2293969248873135 0.9444062959662021 0.7106106922458598
 0.2287269726594029 0.9451842873721321 0.7112297722880578
 0.2282096577150235 0.9457843626541097 0.7117046302649451
 0.2277165281992588 0.9463558487039125 0.7121546984502388
 0.2271991255779140 0.9469549076407774 0.7126242158823308
 0.2265325879085239 0.9477258034824867 0.7132250417176805
 0.2260035995488366 0.9483369504750621 0.7136987079049096
 0.2254944605932999 0.9489246145820375 0.7141519787042961
 0.2249557032535857 0.9495458810896535 0.7146288133921904
 0.2243469542971015 0.9502471408585674 0.7151640827106492
 0.2238130649193446 0.9508615429868641 0.7156304114178662
 0.2232863639699145 0.9514671076596447 0.7160875763698452
 0.2227158853219559 0.9521223766458593 0.7165795093863921
 0.2221376874611102 0.9527858506275192 0.7170747134099995
 0.2216006473691250 0.9534015046896590 0.7175316691933135
 0.2210529765935364 0.9540287628658718 0.7179947390497480
 0.2204032916916051 0.9547721027445938 0.7185402383778754
 0.2198453513388200 0.9554098221577213 0.7190053600868691
 0.2193067204357053 0.9560249054251607 0.7194514058842177
 0.2187261325041480 0.9566872836125602 0.7199288813956760
 0.2181426392110270 0.9573523362933618 0.7204052746713535
 0.2176094933967574 0.9579594474847519 0.7208375452512759
 0.2170740613009664 0.9585686314448193 0.7212688099705474
 0.2164598056947577 0.9592668464269628 0.7217600728603563
 0.2159044115269176 0.9598975615178591 0.7222010556302628
 0.2153857390356911 0.9604860703845790 0.7226101098746370
 0.2148567442504898 0.9610857934001953 0.7230245096038616
 0.2142225312481621 0.9618041452120797 0.7235175649628810
 0.2136779520887151 0.9624204045543989 0.7239376368511539
 0.2131686406067622 0.9629962838397096 0.7243277531928534
 0.2126486880126933 0.9635837298563791 0.7247232995962457
 0.2120269405269791 0.9642855724916620 0.7251927081263206
 0.2114861726929841 0.9648954660578301 0.7255978243841082
 0.2109827712242421 0.9654627711658949 0.7259723041175437
 0.2104732297435513 0.9660365616216273 0.7263487377731402
 0.2098927654324241 0.9666896898903454 0.7267743380483155
 0.2093450311724808 0.9673054797625669 0.7271727713267514
 0.2088420415217411 0.9678705321314252 0.7275359465582728
 0.2083419998848105 0.9684318647736511 0.7278944327106561
 0.2078020410349011 0.9690375542845487 0.7282786865731061
 0.2072183867067973 0.9696917338473540 0.7286907255053682
 0.2067068477122717 0.9702646398080897 0.7290490322613951
 0.2062113055293898 0.9708192374564771 0.7293936190877842
 0.2056940335196289 0.9713977459213581 0.7297506708531893
 0.2049680418197753 0.9722089856105015 0.7302472294741325
 0.2044360490983698 0.9728029342699060 0.7306077174308346
 0.2039386777215264 0.9733578415220191 0.7309421670401127
 0.2034245896766175 0.9739310084244495 0.7312852475277754
 0.2027743107061904 0.9746554533966354 0.7317154258277556
 0.2022400724325430 0.9752501560637639 0.7320656768209549
 0.2017412100762525 0.9758051023350728 0.7323901613617907
 0.2012337621894985 0.9763692293330811 0.7327176839134328
 0.2006556501284103 0.9770114625896316 0.7330876948286013
 0.2001044448144282 0.9776233617956730 0.7334374023601509
 0.1995979119742872 0.9781852918531388 0.7337561261928903
 0.1990945735026191 0.9787433229868721 0.7340703405428324
 0.1985541938188495 0.9793420295753220 0.7344049063398911
 0.1979443654646520 0.9800171996741762 0.7347790184041001
 0.1974199862563626 0.9805973608419853 0.7350977794956247
 0.1969139578187715 0.9811568682491999 0.7354028183504765
 0.1963861644199294 0.9817400769767868 0.7357183009942310
 0.1956763181738894 0.9825238732441965 0.7361383252754072
 0.1951294537252033 0.9831272598430605 0.7364585906428234
 0.1946157665697721 0.9836936879613429 0.7367568076117770
 0.1940845342712771 0.9842791072359077 0.7370625444683322
 0.1934198478071295 0.9850110896110003 0.7374412601190298
 0.1928645206508776 0.9856222158567112 0.7377543941116415
 0.1923430921808028 0.9861956890042833 0.7380457007021256
 0.1918085138798850 0.9867832777658474 0.7383416375589756
 0.1911758713301134 0.9874782062989939 0.7386883391643400
 0.1906064947628953 0.9881032285244351 0.7389971375384006
 0.1900743530823414 0.9886870281393317 0.7392829939659200
 0.1895337245749686 0.9892797968987102 0.7395706959442383
 0.1889163347987167 0.9899563134683140 0.7398958932507363
 0.1883283899374353 0.9906001568105112 0.7402022417227575
 0.1877829156869439 0.9911971393608008 0.7404835431483524
 0.1872321481914628 0.9917995746506744 0.7407647371751979
 0.1866122655306166 0.9924772043130876 0.7410778430310924
 0.1860073984674434 0.9931380113030487 0.7413799648625526
 0.1854470759333164 0.9937497984762176 0.7416568740967679
 0.1848802694996683 0.9943683209201771 0.7419341006948664
 0.1842399823147285 0.9950666169839348 0.7422437664925563
 0.1836251102329315 0.9957367893098371 0.7425376269452721
 0.1830490791322258 0.9963642708431010 0.7428097938695504
 0.1824587067161560 0.9970070210337315 0.7430856093082001
 0.1817570775864917 0.9977704389844626 0.7434093378421575
 0.1811373713078655 0.9984443097106348 0.7436916561262884
 0.1805403485409347 0.9990931553839782 0.7439604797372845
 0.1799091286088755 0.9997787882842817 0.7442413466590486
 0.1792250039327695  1.000521453033668 0.7445418564945182
 0.1786032986459078  1.001195971361366 0.7448114247325893
 0.1779757756499295  1.001876434019052 0.7450801260395116
 0.1772357549310938  1.002678417059827 0.7453926789787449
 0.1765879484147103  1.003380054825476 0.7456625200928360
 0.1759446492262950  1.004076437308732 0.7459270659491746
 0.1752238235261343  1.004856307636803 0.7462194790937552
 0.1745703895301002  1.005562873502966 0.7464808803062070
 0.1739260114312967  1.006259286779476 0.7467352160490190
 0.1732081869744464  1.007034662179148 0.7470145070167341
 0.1725559977198860  1.007738766280486 0.7472645992684017
 0.1719261730490361  1.008418392646872 0.7475028525811087
 0.1712286483564657  1.009170696006276 0.7477630284456163
 0.1705702390266199  1.009880454640214 0.7480050880167336
 0.1699552455938546  1.010543102311220 0.7482280904576947
 0.1693137396404228  1.011234003347832 0.7484574993827376
 0.1685926776841274  1.012010209694033 0.7487114244830629
 0.1679746390075340  1.012675201708791 0.7489257557920266
 0.1673679431814278  1.013327713147156 0.7491332035083580
 0.1666747133087398  1.014072963723725 0.7493667176178656
 0.1660360550598960  1.014759241112409 0.7495785900627316
 0.1654418328792392  1.015397509254646 0.7497729735177633
 0.1648318497635625  1.016052449650153 0.7499698165295028
 0.1639786560261815  1.016968096101223 0.7502406791731973
 0.1633575275138975  1.017634380142324 0.7504346844925838
 0.1627664103501718  1.018268231973148 0.7506168928080141
 0.1621158453331603  1.018965563649883 0.7508147483923386
 0.1614727076629938  1.019654664117043 0.7510076191045757
 0.1608856101146021  1.020283488418347 0.7511813208816667
 0.1602971140509545  1.020913592353502 0.7513531593390593
 0.1596201564516274  1.021638145810515 0.7515479846706518
 0.1589952810295333  1.022306706034561 0.7517251055745471
 0.1584147258973309  1.022927636367680 0.7518873288163553
 0.1578239501410872  1.023559292332258 0.7520501126070227
 0.1570995906099099  1.024333496793248 0.7522465733518802
 0.1564849216772479  1.024990225378598 0.7524106019795626
 0.1559074812176247  1.025606982821502 0.7525624659831265
 0.1553086890765835  1.026246348946582 0.7527176711855361
 0.1544648310837033  1.027147052130834 0.7529324818485196
 0.1538545439592788  1.027798210801699 0.7530850028644333
 0.1532737455966636  1.028417722373859 0.7532279727398757
 0.1526421427711738  1.029091224906578 0.7533810671115803
 0.1519924704120069  1.029783781879615 0.7535359899494671
 0.1514069726750020  1.030407745324924 0.7536734219580831
 0.1508261394777067  1.031026569264859 0.7538077322029478
 0.1501833578486503  1.031711200939906 0.7539540371223988
 0.1495427067865036  1.032393365283299 0.7540974470288830
 0.1489582137601710  1.033015562971048 0.7542262126635452
 0.1483739760666593  1.033637329651407 0.7543529717023438
 0.1477168909470221  1.034336436051053 0.7544932396580716
 0.1470823751726338  1.035011344865995 0.7546264153587534
 0.1464977161439555  1.035633064913749 0.7547471748788155
 0.1459085061980251  1.036259473348680 0.7548670029167054
 0.1452288105490156  1.036981894904542 0.7550029279177566
 0.1445994654940243  1.037650626900209 0.7551266110833259
 0.1440136011109970  1.038273009285651 0.7552398979927706
 0.1434166982028399  1.038906974119407 0.7553535091784347
 0.1426903649195629  1.039678212861998 0.7554893257861384
 0.1420650074760682  1.040342066315518 0.7556041524364810
 0.1414764612692602  1.040966704126696 0.7557104592789088
 0.1408654067401647  1.041615090938604 0.7558190446954977
 0.1400020572396919  1.042530948781119 0.7559693968956537
 0.1393762477853791  1.043194648771339 0.7560761629142982
 0.1387777595850248  1.043829241627932 0.7561765425814903
 0.1381184259667505  1.044528204080698 0.7562851925477417
 0.1374583564422582  1.045227795702876 0.7563919505205686
 0.1368549284199473  1.045867224626160 0.7564878026469379
 0.1362485096480937  1.046509700108485 0.7565824704203833
 0.1355482082594075  1.047251490187709 0.7566897537747819
 0.1348999837371553  1.047937977444476 0.7567871416792664
 0.1342942081563146  1.048579390156668 0.7568765136174024
 0.1336719134514625  1.049238175294939 0.7569666997151584
 0.1328185286403241  1.050141409989794 0.7570877456301450
 0.1321725028970988  1.050825028752118 0.7571773893083006
 0.1315566971606880  1.051476555741388 0.7572612716561772
 0.1308841331918248  1.052188009484554 0.7573511673802221
 0.1301979808424525  1.052913706634667 0.7574410636173388
 0.1295730976259248  1.053574490935927 0.7575213625037576
 0.1289437642646782  1.054239874633380 0.7576007398913145
 0.1281970750862163  1.055029200910915 0.7576929976500114
 0.1275319684214558  1.055732164640535 0.7577734417240282
 0.1269037646371230  1.056396022014617 0.7578479482373994
 0.1262441764469699  1.057092939436028 0.7579246709804606
 0.1254699293085191  1.057910869761621 0.7580128226276576
 0.1248157197278130  1.058601878569099 0.7580857581148042
 0.1241721460660175  1.059281555612962 0.7581561748555443
 0.1234359751659379  1.060058908076832 0.7582351634906732
 0.1227466860486646  1.060786645789138 0.7583076745212156
 0.1220996647796838  1.061469662643608 0.7583745217727524
 0.1214245398214447  1.062182250036900 0.7584430735002113
 0.1206140635031287  1.063037571423168 0.7585238289356313
 0.1199391484630254  1.063749726068161 0.7585898490717474
 0.1192737799954656  1.064451715969022 0.7586538763122879
 0.1184870536098746  1.065281628159164 0.7587282495045824
 0.1177850472028396  1.066022066401132 0.7587934089256937
 0.1171173909182300  1.066726185101099 0.7588543367664720
 0.1163998691966090  1.067482797566616 0.7589186947204035
 0.1156440864190948  1.068279651076476 0.7589852445017174
 0.1149602296409271  1.069000579276279 0.7590443733832195
 0.1142631299816945  1.069735381156623 0.7591035853028212
 0.1132466860528916  1.070806644555098 0.7591879938634927
 0.1139243254010230  1.070092478503374 0.7591319753229894
 0.1132602455043280  1.070792354993641 0.7591868829373789
 0.1125748986894861  1.071514564814711 0.7592425229897619
 0.1118674268937495  1.072260006053902 0.7592988716410876
 0.1108775896173092  1.073302827661962 0.7593758761011596
 0.1101407010531825  1.074079057409404 0.7594318272356800
 0.1094123736650938  1.074846184336621 0.7594859787239235
 0.1084156564804748  1.075895865709240 0.7595582277062235
 0.1076643727184373  1.076686972531324 0.7596112657135805
 0.1069102996592295  1.077480932979066 0.7596632804951554
 0.1060208438988172  1.078417332401546 0.7597230806717229
 0.1052625011195727  1.079215611519982 0.7597727518322117
 0.1044857998057526  1.080033134686611 0.7598223764632810
 0.1035919139105115  1.080973902280020 0.7598779211583141
 0.1028127839194082  1.081793811184808 0.7599249668897904
 0.1020033593902676  1.082645519539323 0.7599725009075605
 0.1011274469346874  1.083567099145363 0.7600224178970494
 0.1003256861789527  1.084410581474130 0.7600667368347169
 0.9947490183150956E-01  1.085305557849949 0.7601123365033221
 0.9860979543307698E-01  1.086215517774077 0.7601571930074718
 0.9777551932420382E-01  1.087092972802584 0.7601990093608001
 0.9684637972167924E-01  1.088070116178067 0.7602439278875029
 0.9597823370268302E-01  1.088983036782750 0.7602843428361191
 0.9509871448596584E-01  1.089907843218444 0.7603237691944483
 0.9417606935194986E-01  1.090877919259382 0.7603634901884299
 0.9328249275988572E-01  1.091817360386998 0.7604003605295807
 0.9229204632674630E-01  1.092858564188799 0.7604393988796498
 0.9139980631545988E-01  1.093796460689230 0.7604729391922952
 0.9043682084132756E-01  1.094808653754338 0.7605074305616978
 0.8954535979889577E-01  1.095745606759490 0.7605377935598928
 0.8862661376256757E-01  1.096711179022887 0.7605675244058421
 0.8769747622710372E-01  1.097687615500257 0.7605960085846132
 0.8682610548793758E-01  1.098603295201869 0.7606213223641300
 0.8576407568845562E-01  1.099719268011717 0.7606504342033084
 0.8488872676890996E-01  1.100639030420328 0.7606730764407440
 0.8397996878816735E-01  1.101593854033305 0.7606953770958219
 0.8308098857942099E-01  1.102538363360553 0.7607163132428501
 0.8223419782096218E-01  1.103428004746063 0.7607350848101029
 0.8120893543136615E-01  1.104505105483241 0.7607566691165316
 0.8034459928702600E-01  1.105413108100644 0.7607739507614951
 0.7948165922201551E-01  1.106319613491326 0.7607904078686687
 0.7852216279835286E-01  1.107327515677331 0.7608078037866490
 0.7767696419957240E-01  1.108215325440626 0.7608223643550454
 0.7677217379669138E-01  1.109165703393518 0.7608371839820481
 0.7588184138867027E-01  1.110100868072700 0.7608510139761180
 0.7503864251266812E-01  1.110986502564661 0.7608634400650667
 0.7404336730445625E-01  1.112031839388288 0.7608772850303742
 0.7317061231246878E-01  1.112948470160777 0.7608887099932184
 0.7230626815831386E-01  1.113856247179332 0.7608993835763190
 0.7127542824439623E-01  1.114938861753767 0.7609113038973269
 0.7040709867058341E-01  1.115850784386799 0.7609206820473250
 0.6948438733618834E-01  1.116819800777507 0.7609300012912721
 0.6856797212609085E-01  1.117782187807959 0.7609386122927506
 0.6769687350777157E-01  1.118696970111857 0.7609462098729326
 0.6665722893724900E-01  1.119788733139529 0.7609545220378114
 0.6574641482782324E-01  1.120745193069260 0.7609610969554174
 0.6483387931392154E-01  1.121703448728113 0.7609669582077387
 0.6378354639821469E-01  1.122806392886188 0.7609726891769071
 0.6285433023418958E-01  1.123782144007214 0.7609767513719448
 0.6185501206608107E-01  1.124831500102575 0.7609800158518912
 0.6088380242016412E-01  1.125851334737268 0.7609821562934559
 0.5991066769575736E-01  1.126873187347825 0.7609834578941829
 0.5876792510814427E-01  1.128073136396113 0.7609842334997005
 0.5774681461177908E-01  1.129145363290722 0.7609845248147772
 0.5660840031810369E-01  1.130340765702165 0.7609846412732009
 0.5547228860975024E-01  1.131533750103413 0.7609846735158070
 0.5423232838592668E-01  1.132835781534869 0.7609846810596931
 0.5282410037854131E-01  1.134314504061650 0.7609846822719772
 0.5134759591884754E-01  1.135864920891841 0.7609846823797897
 0.4939880012483065E-01  1.137911271498911 0.7609846823858737
 0.4733047440216831E-01  1.140083135586042 0.7609846823858581
 0.4455731721364768E-01  1.142995114313438 0.7609846823858549
 0.3976558199962047E-01  1.148026719109704 0.7609846823858547
 0.2554368731819941E-01  1.162960547940971 0.7609846823858547
-0.2966300899407321E-01  1.220930837521602 0.7609846823858547
