RUNGE KUTTA: X Z PHI
 0.4998263427255531 0.3316579326883395E-01 0.5235987755982988E-02
 0.4990718635695323 0.1658285759556032 0.8429935068591951E-02
 0.4995947996929572 0.7738685096061255E-01 0.5235987755982988E-02
 0.4957443404764613 0.2541911438996435 0.3024811162496122E-01
 0.4992835135695791 0.1363482474913226 0.5585014737226408E-02
 0.4994918916780088 0.9704065437917839E-01 0.5235989064162483E-02
 0.4995604970214615 0.8393811876680196E-01 0.5235987755983117E-02
 0.4995010386239029 0.9529373239002985E-01 0.5235988077530178E-02
 0.4995406775557096 0.8772332330787845E-01 0.5235987756038707E-02
 0.4995096855185269 0.9364231230014704E-01 0.5235987828500255E-02
 0.4994863726262864 0.9809470528784923E-01 0.5235990926399871E-02
 0.4994683690160179 0.1015331026126306 0.5236014257089533E-02
 0.4994521694851817 0.1046269189824714 0.5236110047001017E-02
 0.4994351735501162 0.1078727099426500 0.5236462567739512E-02
 0.4994210181998464 0.1105757356194278 0.5237264871121063E-02
 0.4994089339051119 0.1128827950113050 0.5238731544739108E-02
 0.4993978831270875 0.1149917617470098 0.5241207018366852E-02
 0.4993870096852370 0.1170655964973562 0.5245362818709860E-02
 0.4993736820865612 0.1196044897141081 0.5254103354318729E-02
 0.4993628831850090 0.1216577184407135 0.5265528814334190E-02
 0.4993533571944343 0.1234644676341744 0.5280070958555538E-02
 0.4993444130327178 0.1251555771659521 0.5298569352176158E-02
 0.4993345653242833 0.1270096206967914 0.5325572280604894E-02
 0.4993253108769906 0.1287422109261029 0.5358453573878183E-02
 0.4993166332010317 0.1303560537007757 0.5396826230968956E-02
 0.4993073501949887 0.1320684591685789 0.5446816812953974E-02
 0.4992982874364038 0.1337236915780357 0.5505246369551889E-02
 0.4992898305801871 0.1352512305048299 0.5568751222055322E-02
 0.4992797431715121 0.1370489252270357 0.5656068083220377E-02
 0.4992710332429492 0.1385775168075082 0.5741594596196060E-02
 0.4992625581499805 0.1400420626437688 0.5833619330955156E-02
 0.4992527290369203 0.1417105208354863 0.5950704003865331E-02
 0.4992441547894277 0.1431382989111304 0.6061389633964953E-02
 0.4992347945764238 0.1446664554302271 0.6190648862093873E-02
 0.4992258726133309 0.1460927680558588 0.6321328223649572E-02
 0.4992168862465816 0.1474991306422338 0.6459660115870136E-02
 0.4992074692549803 0.1489401999816192 0.6611282599793568E-02
 0.4991983671393483 0.1503013888617904 0.6763803963797054E-02
 0.4991888437773551 0.1516925239509931 0.6929057022232353E-02
 0.4991795313279467 0.1530206493662936 0.7095564637488851E-02
 0.4991697834945308 0.1543774785270435 0.7274107369176425E-02
 0.4991601581086705 0.1556846777033919 0.7453494813984734E-02
 0.4991503146630235 0.1569891637055039 0.7638904034087428E-02
 0.4991402878500670 0.1582856933437069 0.7828840540569921E-02
 0.4991301800252497 0.1595611983422623 0.8020775623515853E-02
 0.4991196414162397 0.1608589537657173 0.8220963855442999E-02
 0.4991089885705891 0.1621390573122674 0.8423157853499222E-02
 0.4990978727205408 0.1634424625631650 0.8633879228644593E-02
 0.4990866238272931 0.1647294968066899 0.8846815937600302E-02
 0.4990749144532444 0.1660367465664214 0.9068053391535401E-02
 0.4990631669371861 0.1673166225565467 0.9289508259032615E-02
 0.4990508306511305 0.1686282451833492 0.9521528226718520E-02
 0.4990385471460876 0.1699029085188355 0.9752040358869502E-02
 0.4990255931855156 0.1712149446976818 0.9994556000140995E-02
 0.4990126480817189 0.1724946940095661 0.1023630757839950E-01
 0.4989993784995260 0.1737755597966331 0.1048355028060746E-01
 0.4989857490097011 0.1750601272955206 0.1073691523318815E-01
 0.4989721518574011 0.1763118251421237 0.1098902386718006E-01
 0.4989580368255638 0.1775812175085913 0.1124999108741352E-01
 0.4989440426458515 0.1788110367973816 0.1150798805665848E-01
 0.4989293694312514 0.1800713060004821 0.1177769950037397E-01
 0.4989148340336900 0.1812916415483268 0.1204397742610910E-01
 0.4988995417292465 0.1825467873543853 0.1232307694417686E-01
 0.4988845808002193 0.1837475701641625 0.1259507457941848E-01
 0.4988687726515444 0.1849885498424990 0.1288129451414555E-01
 0.4988535170972724 0.1861603293564371 0.1315625725717922E-01
 0.4988379659702828 0.1873299257118323 0.1343522905059344E-01
 0.4988217864235758 0.1885213405349810 0.1372413260073574E-01
 0.4988061648534381 0.1896481509271747 0.1400189577132072E-01
 0.4987887515155857 0.1908782040862461 0.1431026813870393E-01
 0.4987720973785844 0.1920301205199427 0.1460406988976330E-01
 0.4987541291248831 0.1932472658341128 0.1491997986716747E-01
 0.4987362744977238 0.1944314852816259 0.1523291414342078E-01
 0.4987176731032599 0.1956396705583770 0.1555790263978478E-01
 0.4986998117029199 0.1967763061236426 0.1586890365486793E-01
 0.4986806801009235 0.1979693633859081 0.1620085026095520E-01
 0.4986628104222485 0.1990618825914166 0.1650982895587019E-01
 0.4986430513855227 0.2002463979069024 0.1685024403277946E-01
 0.4986244367727923 0.2013406534921521 0.1716968928274337E-01
 0.4986045042945331 0.2024900739153164 0.1751037481729535E-01
 0.4985846800800668 0.2036113195423067 0.1784784980179124E-01
 0.4985646575951397 0.2047224984708851 0.1818736643903471E-01
 0.4985433200507062 0.2058840963518094 0.1854768112507190E-01
 0.4985228796919160 0.2069759198423334 0.1889136267898623E-01
 0.4985004038896928 0.2081538144838540 0.1926763500867949E-01
 0.4984794971936122 0.2092290435622535 0.1961616362171903E-01
 0.4984564515913947 0.2103924016980863 0.1999869335230580E-01
 0.4984350444995029 0.2114533191544464 0.2035241268563630E-01
 0.4984111418925674 0.2126163841968293 0.2074552185257930E-01
 0.4983888740057318 0.2136802833095240 0.2111005917845243E-01
 0.4983656880026356 0.2147687356519843 0.2148794680020541E-01
 0.4983420161541320 0.2158604625991734 0.2187196567497468E-01
 0.4983189986127720 0.2169038219464157 0.2224361810239699E-01
 0.4982931108958824 0.2180566972122968 0.2265960604548187E-01
 0.4982695201940261 0.2190890292015776 0.2303691420996529E-01
 0.4982429346553316 0.2202323828480194 0.2346012473663281E-01
 0.4982185061651633 0.2212649661078755 0.2384709282435335E-01
 0.4981924929004781 0.2223463132246541 0.2425715220754165E-01
 0.4981667054250680 0.2234004167103176 0.2466167074782718E-01
 0.4981412965243392 0.2244223000326994 0.2505838671831578E-01
 0.4981124653176727 0.2255624472352103 0.2550629194505310E-01
 0.4980865479833439 0.2265704377855058 0.2590685733423781E-01
 0.4980570119816319 0.2277003786707532 0.2636098784433102E-01
 0.4980301843116849 0.2287099977579852 0.2677138260366269E-01
 0.4980019753097178 0.2297550751002949 0.2720082007259069E-01
 0.4979734532538652 0.2307951409937874 0.2763283386477992E-01
 0.4979458434174080 0.2317865985521109 0.2804891420143383E-01
 0.4979141049464693 0.2329083408458846 0.2852469961712862E-01
 0.4978857684288953 0.2338941793912808 0.2894731377487134E-01
 0.4978542544714686 0.2349738309140269 0.2941496908624987E-01
 0.4978246023636325 0.2359741661998255 0.2985272303971431E-01
 0.4977948711024927 0.2369625791268002 0.3028942855504928E-01
 0.4977616110929436 0.2380515899389221 0.3077541390036889E-01
 0.4977315995858485 0.2390196045349569 0.3121172202962667E-01
 0.4976966584351711 0.2401297510481670 0.3171711156410456E-01
 0.4976654130992620 0.2411076217921376 0.3216667085072743E-01
 0.4976333137788371 0.2420981147828756 0.3262618515569965E-01
 0.4975994650657741 0.2431276181456276 0.3310826108964157E-01
 0.4975677468439171 0.2440788307625649 0.3355777277289100E-01
 0.4975305065006617 0.2451795488562917 0.3408283790992687E-01
 0.4974975246037185 0.2461403565099975 0.3454538941376022E-01
 0.4974633374046913 0.2471228154743135 0.3502238632975618E-01
 0.4974277758958073 0.2481306961624204 0.3551597466266109E-01
 0.4973942612819375 0.2490678448768878 0.3597882753809290E-01
 0.4973546007780402 0.2501614233049704 0.3652368219010778E-01
 0.4973197022611034 0.2511103106887400 0.3700051024850563E-01
 0.4972837530925486 0.2520750850930643 0.3748913824873935E-01
 0.4972458486727614 0.2530788311174975 0.3800161029680284E-01
 0.4972104939712267 0.2540029499738359 0.3847717703370038E-01
 0.4971685181262827 0.2550854431651339 0.3903881158894310E-01
 0.4971315081530795 0.2560270536895614 0.3953128638503686E-01
 0.4970940284090187 0.2569687547080052 0.4002741440347075E-01
 0.4970528854945058 0.2579891711313517 0.4056910194150642E-01
 0.4970155463550279 0.2589035389446284 0.4105815736857642E-01
 0.4969733905753294 0.2599228778772787 0.4160744607367685E-01
 0.4969341486781984 0.2608597535723365 0.4211603586670129E-01
 0.4968953624117711 0.2617747146167679 0.4261612285795573E-01
 0.4968490079068700 0.2628542510082367 0.4321047685270978E-01
 0.4968093472799786 0.2637661893672498 0.4371624930840043E-01
 0.4967668447435192 0.2647318497654374 0.4425551943132127E-01
 0.4967248323426904 0.2656748934580511 0.4478577741379118E-01
 0.4966844819535062 0.2665701896094282 0.4529242715667409E-01
 0.4966355908772611 0.2676416826912796 0.4590291797041279E-01
 0.4965935413179453 0.2685519140522623 0.4642511546241283E-01
 0.4965506811552423 0.2694692268756010 0.4695474441142393E-01
 0.4965041183261465 0.2704541458690438 0.4752713420211624E-01
 0.4964617532584696 0.2713400306696793 0.4804519957782345E-01
 0.4964148110820966 0.2723105503443750 0.4861624166220437E-01
 0.4963699376862599 0.2732277102808593 0.4915927753319265E-01
 0.4963263642041622 0.2741086647592562 0.4968403025493788E-01
 0.4962731581755361 0.2751718480533015 0.5032143853060439E-01
 0.4962279258854216 0.2760651687314088 0.5086041751008262E-01
 0.4961816763795637 0.2769688509762234 0.5140876952782105E-01
 0.4961316518324841 0.2779355158973160 0.5199884428634690E-01
 0.4960861066412508 0.2788061354181701 0.5253345357150283E-01
 0.4960360987397494 0.2797519212635890 0.5311764251460820E-01
 0.4959875940178134 0.2806593978736726 0.5368147485992851E-01
 0.4959409285850801 0.2815235154830110 0.5422131903142138E-01
 0.4958836078792231 0.2825732496087971 0.5488098796397456E-01
 0.4958347678866823 0.2834577702493378 0.5544017854237071E-01
 0.4957858290763912 0.2843351788043110 0.5599793344983064E-01
 0.4957292593634278 0.2853385792896293 0.5663947590206684E-01
 0.4956801053631764 0.2862012615371894 0.5719411959774685E-01
 0.4956279364113362 0.2871077564896065 0.5777993990780184E-01
 0.4955749003187082 0.2880199483959483 0.5837257382913760E-01
 0.4955250807397178 0.2888684216611324 0.5892667527393423E-01
 0.4954689436089150 0.2898149813578973 0.5954809343705795E-01
 0.4954160902175602 0.2906971874627075 0.6013029538982398E-01
 0.4953648795203081 0.2915438636609157 0.6069173218265335E-01
 0.4953009362309289 0.2925901243570649 0.6138912628005906E-01
 0.4952474040707735 0.2934569344507556 0.6196998240544639E-01
 0.4951938191185187 0.2943164980544715 0.6254877745904994E-01
 0.4951313546809553 0.2953085134679300 0.6322018952929045E-01
 0.4950775124334118 0.2961551771370137 0.6379606004267396E-01
 0.4950209822966551 0.2970359195739204 0.6439783526846259E-01
 0.4949622092205019 0.2979429201840103 0.6502048096754715E-01
 0.4949077760574954 0.2987752278427245 0.6559451569151120E-01
 0.4948482679547807 0.2996768354243071 0.6621923554301273E-01
 0.4947897283595864 0.3005555029401483 0.6683089193540798E-01
 0.4947341406007543 0.3013824465789495 0.6740901926848485E-01
 0.4946709706762893 0.3023136143208241 0.6806284661450220E-01
 0.4946120410362967 0.3031742422508634 0.6866984487267845E-01
 0.4945550454917068 0.3039994106847690 0.6925431035641300E-01
 0.4944859463125720 0.3049905167716822 0.6995950058051695E-01
 0.4944262451307169 0.3058388065855597 0.7056576434932348E-01
 0.4943673639218416 0.3066683294478050 0.7116094582660623E-01
 0.4942932522439389 0.3077026060840004 0.7190625395784581E-01
 0.4942327193118558 0.3085394514409283 0.7251195209989426E-01
 0.4941711362028068 0.3093836632003176 0.7312542164106239E-01
 0.4941028455095638 0.3103115741996473 0.7380249494163843E-01
 0.4940421059966968 0.3111297478996848 0.7440183258269280E-01
 0.4939782984615819 0.3119821706417362 0.7502853518022008E-01
 0.4939108969915633 0.3128748969027718 0.7568737601523130E-01
 0.4938492068423928 0.3136851815666889 0.7628764505361103E-01
 0.4937833233618900 0.3145435224364648 0.7692589558109854E-01
 0.4937155808242176 0.3154186771606305 0.7757912814867809E-01
 0.4936527485425224 0.3162238232300907 0.7818225014185688E-01
 0.4935848827518284 0.3170865095850992 0.7883072145212104E-01
 0.4935163987029760 0.3179498779415937 0.7948206546061981E-01
 0.4934523591463860 0.3187508246431791 0.8008848454613703E-01
 0.4933825976021291 0.3196164495524202 0.8074624206409171E-01
 0.4933131503019013 0.3204711848608252 0.8139809427094917E-01
 0.4932478766495966 0.3212683209116928 0.8200807350533906E-01
 0.4931763529015037 0.3221349899217439 0.8267347166844961E-01
 0.4931057937250186 0.3229831473784772 0.8332691186412672E-01
 0.4930392745202294 0.3237766581544799 0.8394031163190921E-01
 0.4929661571088984 0.3246421999739755 0.8461166605869962E-01
 0.4928943352327029 0.3254857282062218 0.8526816025800915E-01
 0.4928265581897924 0.3262758000665122 0.8588494844062002E-01
 0.4927520598705077 0.3271376847894814 0.8655983899239844E-01
 0.4926788336122083 0.3279783112150001 0.8722014928423666E-01
 0.4926097812840501 0.3287651945350358 0.8784013400312617E-01
 0.4925341018865543 0.3296212238234354 0.8851668452447127E-01
 0.4924593085184230 0.3304608075893271 0.8918229753107054E-01
 0.4923889615689986 0.3312447617997041 0.8980558172460186E-01
 0.4923122876027189 0.3320930326925245 0.9048189508222192E-01
 0.4922357646075836 0.3329333149722583 0.9115381119484620E-01
 0.4921641048559913 0.3337145787095503 0.9178034946743067E-01
 0.4920866001059027 0.3345535651037722 0.9245515127136714E-01
 0.4920081274689804 0.3353967913424536 0.9313538079136577E-01
 0.4919351260964558 0.3361756947332895 0.9376545281961510E-01
 0.4918569238868132 0.3370042828819836 0.9443750224071720E-01
 0.4917762180873735 0.3378532149613285 0.9512798584157660E-01
 0.4917018245862914 0.3386302871889686 0.9576178877131863E-01
 0.4916229812322637 0.3394482235173387 0.9643077076488293E-01
 0.4915396650011792 0.3403063940319437 0.9713465628822332E-01
 0.4914638010021907 0.3410823907100284 0.9777282818455042E-01
 0.4913842891497894 0.3418902600587124 0.9843886165184645E-01
 0.4912979361415357 0.3427614435927533 0.9915898805617163E-01
 0.4912205121492249 0.3435371590825167 0.9980189996229454E-01
 0.4911402176874323 0.3443363489874696 0.1004659674504413
 0.4910504068635216 0.3452239942782127 0.1012055151928815
 0.4909713408711429 0.3460000655177185 0.1018537336509879
 0.4908901018772611 0.3467923134311561 0.1025169723147045
 0.4907966234976227 0.3476975734560278 0.1032766863199357
 0.4907158849394905 0.3484740887457408 0.1039299868342629
 0.4906335290141763 0.3492611205903669 0.1045937038005210
 0.4905365087195507 0.3501818774384579 0.1053721622631277
 0.4904541229351891 0.3509583947858722 0.1060302464258431
 0.4903705246323401 0.3517414030495611 0.1066952306184557
 0.4902703721219503 0.3526730294536474 0.1074882623844679
 0.4901864015713898 0.3534488187067631 0.1081502082622993
 0.4901014859663904 0.3542284972996950 0.1088169433550991
 0.4899985310178540 0.3551673913852043 0.1096217543599185
 0.4899130173092088 0.3559419745196878 0.1102872253662335
 0.4898267601858795 0.3567185423414075 0.1109557075893872
 0.4897211166444714 0.3576632584252812 0.1117706950394390
 0.4896340761224823 0.3584364239746494 0.1124391750553845
 0.4895464573883542 0.3592100670183827 0.1131094396523911
 0.4894381413340387 0.3601601084006607 0.1139343718979956
 0.4893495706346823 0.3609318318034334 0.1146058804425655
 0.4892605786223159 0.3617026549285638 0.1152778047560782
 0.4891496096917846 0.3626575250110975 0.1161118170381006
 0.4890595100809991 0.3634277519279406 0.1167859377241988
 0.4889691270161712 0.3641959160870019 0.1174595156846632
 0.4888554947505476 0.3651554051115249 0.1183025973234995
 0.4887638595700565 0.3659241520675479 0.1189793911102724
 0.4886720750877527 0.3666897479861438 0.1196545097768326
 0.4885558276939396 0.3676531739519231 0.1205056340149169
 0.4884626611159013 0.3684203762333285 0.1211846975825069
 0.4883694669620990 0.3691834829045327 0.1218613087390041
 0.4882504974321963 0.3701514670395112 0.1227212288374711
 0.4881557819649274 0.3709172349240674 0.1234027418533702
 0.4880611622680220 0.3716779830563420 0.1240808078884106
 0.4879396257403759 0.3726490194616235 0.1249477849156456
 0.4878433745345888 0.3734132261412133 0.1256313171249781
 0.4877473272389544 0.3741716446654558 0.1263107766198266
 0.4876229795460037 0.3751474435857918 0.1271865793428716
 0.4875251660050813 0.3759102691035102 0.1278724095936333
 0.4874276780359932 0.3766664590932021 0.1285532354744323
 0.4873006795761798 0.3776455180213523 0.1294361416312119
 0.4872013171184841 0.3784068375238707 0.1301238577046947
 0.4871023889559425 0.3791608049502762 0.1308059786815641
 0.4869724435046487 0.3801451595129665 0.1316980738311763
 0.4868714947217504 0.3809052257554022 0.1323880201853007
 0.4867710986270151 0.3816571738398262 0.1330714961494757
 0.4866385832197276 0.3826437419683954 0.1339695812219942
 0.4865360773538851 0.3834023203377749 0.1346612230251484
 0.4864342221748020 0.3841521944642052 0.1353459082707647
 0.4862986029028838 0.3851447197041131 0.1362536219207821
 0.4861944843566682 0.3859021852329645 0.1369474139710322
 0.4860911302020515 0.3866502637644266 0.1376334431241470
 0.4859531961798063 0.3876427838361881 0.1385449188655025
 0.4858475321610847 0.3883986470574633 0.1392400977120670
 0.4857427186811552 0.3891446653461270 0.1399271434360097
 0.4856023544090484 0.3901379399749871 0.1408432987035564
 0.4854951077612290 0.3908924675919497 0.1415402381742999
 0.4853888711451889 0.3916361929765767 0.1422279826431949
 0.4852463003424020 0.3926285860992285 0.1431468869488827
 0.4851374661886719 0.3933818202865497 0.1438453213741111
 0.4850298608914291 0.3941229193300956 0.1445333706778709
 0.4848850911910090 0.3951143645414855 0.1454551680804380
 0.4847746285448195 0.3958665921737906 0.1461554869405653
 0.4846657097528692 0.3966047417210883 0.1468434216160454
 0.4845187417077290 0.3975952244732380 0.1477676389721612
 0.4844066097281051 0.3983467217320744 0.1484697629493482
 0.4842964204213336 0.3990817003887961 0.1491572485673856
 0.4841472454124754 0.4000712714389925 0.1500840951688260
 0.4840333857552786 0.4008224164917192 0.1507884871222450
 0.4839219655407118 0.4015540335726769 0.1514752155668558
 0.4837742381030365 0.4025188894883265 0.1523818374627662
 0.4836588031555818 0.4032687916227525 0.1530872868057021
 0.4835464337346694 0.4039954209922578 0.1537715632667048
 0.4834069551046049 0.4048928035243560 0.1546176181715656
 0.4832899162848255 0.4056419778355900 0.1553247131118225
 0.4831770609177607 0.4063611042823599 0.1560040503117855
 0.4830483303461592 0.4071775209022914 0.1567759887562753
 0.4829281991078763 0.4079357292802749 0.1574935879520658
 0.4828145838202624 0.4086495929032046 0.1581698845820515
 0.4826929024817316 0.4094107088208059 0.1588916876988971
 0.4825649457269995 0.4102073005640883 0.1596479248426308
 0.4824490865189531 0.4109252810782292 0.1603301668762413
 0.4823305441765656 0.4116566848569708 0.1610257354797988
 0.4821770870714081 0.4125987621782077 0.1619225085007048
 0.4820565117595176 0.4133352668689760 0.1626243161959817
 0.4819374510480200 0.4140593577567134 0.1633149537185214
 0.4817767783944270 0.4150316034819305 0.1642432916621994
 0.4816534887960354 0.4157738615569554 0.1649527356196899
 0.4815335062265394 0.4164931005097588 0.1656406987077113
 0.4813844587945915 0.4173823524554198 0.1664919701401796
 0.4812595999680752 0.4181237382302366 0.1672023130520626
 0.4811393630973099 0.4188346579241058 0.1678840432957886
 0.4810034127050061 0.4196349575196699 0.1686521726646588
 0.4808747805288086 0.4203887699806899 0.1693763083881167
 0.4807537249434974 0.4210951924452874 0.1700554109562706
 0.4806254762762974 0.4218404650765292 0.1707723393518502
 0.4804859907895900 0.4226474300047986 0.1715491840053550
 0.4803620089065875 0.4233615849860113 0.1722372292515824
 0.4802366423792928 0.4240807676541692 0.1729306789609235
 0.4800643435556969 0.4250644076921299 0.1738800261480805
 0.4799347164746425 0.4258008393759445 0.1745914028375379
 0.4798082858130788 0.4265161725142945 0.1752828532073536
 0.4796479521159888 0.4274192026728741 0.1761563674825991
 0.4795168258715491 0.4281543451370103 0.1768680545269228
 0.4793903052518328 0.4288608135500038 0.1775525189433740
 0.4792457160180898 0.4296647818487295 0.1783321021243748
 0.4791111157668697 0.4304099931306484 0.1790552941610373
 0.4789840603204071 0.4311106213281241 0.1797356769339116
 0.4788489953566700 0.4318524561575317 0.1804565235749160
 0.4787033841439893 0.4326488365896289 0.1812309025430705
 0.4785734338345659 0.4333566369551590 0.1819196585140317
 0.4784420080351501 0.4340696970262560 0.1826140561984979
 0.4782602732723581 0.4350511662222133 0.1835706818027137
 0.4781241648286543 0.4357828140314312 0.1842843753114196
 0.4779918217819241 0.4364914513640866 0.1849760233259817
 0.4778280365232545 0.4373647101891576 0.1858288704744447
 0.4776904714085309 0.4380950125736846 0.1865425871066941
 0.4775583168065980 0.4387939074388921 0.1872260684638976
 0.4774109130876989 0.4395703768874418 0.1879859538235675
 0.4772681922868606 0.4403191272484255 0.1887192109659445
 0.4771350144128438 0.4410151348313935 0.1894011967858258
 0.4769959954360973 0.4417389402362714 0.1901107676583654
 0.4768348523725374 0.4425744859504986 0.1909303301421733
 0.4766973352392486 0.4432846320317192 0.1916273195509207
 0.4765605567223898 0.4439883467424586 0.1923184282489135
 0.4763911743622578 0.4448562277488904 0.1931713570226016
 0.4762487525526239 0.4455829381976116 0.1938860021451909
 0.4761120411504627 0.4462779359555978 0.1945697942938493
 0.4759602165975991 0.4470468392120888 0.1953266556683715
 0.4758120174222459 0.4477944447407352 0.1960629396487897
 0.4756741516410372 0.4484873444802223 0.1967457375418823
 0.4755308958478958 0.4492047282223449 0.1974530936299054
 0.4753600138783379 0.4500570195716432 0.1982940254627585
 0.4752171539702657 0.4507667095407845 0.1989946579236860
 0.4750758489781064 0.4514661593378388 0.1996854865172855
 0.4749041845386088 0.4523125560774280 0.2005218422355986
 0.4747566757576484 0.4530369654512044 0.2012380373704025
 0.4746155907555913 0.4537273573565020 0.2019209732122910
 0.4744612288531838 0.4544799795252700 0.2026658993183842
 0.4743060299331388 0.4552338259925274 0.2034124538867343
 0.4741632296024647 0.4559249442646474 0.2040971941166544
 0.4740165299402865 0.4566324597244542 0.2047984384592258
 0.4738219259474786 0.4575671841067414 0.2057252768953864
 0.4736723923747856 0.4582824920278358 0.2064349065976387
 0.4735260770138821 0.4589799640969649 0.2071271828034281
 0.4733470090778726 0.4598303125371095 0.2079716517590457
 0.4731947797212458 0.4605504253378193 0.2086871255735534
 0.4730490307452824 0.4612375086313082 0.2093700179471940
 0.4728891125287411 0.4619887418730637 0.2101169054765995
 0.4727292274546368 0.4627370792085680 0.2108611858961488
 0.4725818668822028 0.4634243936022421 0.2115450653795116
 0.4724303983415817 0.4641284895475525 0.2122459717400892
 0.4722290464187561 0.4650607717540315 0.2131745377647584
 0.4720746291261800 0.4657729139363416 0.2138841767241791
 0.4719236913934550 0.4664666618270958 0.2145757192416061
 0.4717406779284177 0.4673047565414519 0.2154114515894331
 0.4715834332699930 0.4680221746941285 0.2161271560094210
 0.4714331490744724 0.4687055521560553 0.2168092178594558
 0.4712694733459181 0.4694473081842437 0.2175499205393710
 0.4711030910018656 0.4701986670509690 0.2183005826520344
 0.4709507847452751 0.4708841287994636 0.2189856794272133
 0.4707952294982514 0.4715819339644442 0.2196833340934534
 0.4705768402173398 0.4725577604289402 0.2206593202975409
 0.4704163644490384 0.4732719791907165 0.2213739797383527
 0.4702605541445942 0.4739631606656796 0.2220658904829381
 0.4700724265909922 0.4747947470942163 0.2228987468870504
 0.4699101596525638 0.4755094485667908 0.2236148291065529
 0.4697552373346371 0.4761895989163641 0.2242964817948934
 0.4695872245034255 0.4769248113759609 0.2250334895450878
 0.4694146543694681 0.4776773814954017 0.2257880956704569
 0.4692574302199189 0.4783607694616121 0.2264735486339433
 0.4690975281646984 0.4790536079247317 0.2271687236696001
 0.4688805263018224 0.4799903572737658 0.2281090071676432
 0.4687151628914552 0.4807015185753912 0.2288230763018071
 0.4685555272069438 0.4813858731981034 0.2295103558265104
 0.4683716060945740 0.4821717158451500 0.2302996906070703
 0.4682029536064803 0.4828898746079809 0.2310211981845459
 0.4680436641770528 0.4835660349529009 0.2317006975419688
 0.4678754637638946 0.4842777964317105 0.2324161993151606
 0.4676879548434288 0.4850685949817286 0.2332114085899668
 0.4675242105261536 0.4857568881139875 0.2339037096407333
 0.4673610922170379 0.4864404547361881 0.2345913687803602
 0.4671670323065046 0.4872509870850355 0.2354068900418179
 0.4669961847163396 0.4879621632897501 0.2361226068188003
 0.4668336356778509 0.4886367240676120 0.2368016665089858
 0.4666597142960055 0.4893562611540032 0.2375262368816092
 0.4664749910487643 0.4901179985015121 0.2382935457399864
 0.4663091860913436 0.4907995592658594 0.2389802521788080
 0.4661422440729522 0.4914837439979660 0.2396697101096725
 0.4659366395264545 0.4923235796927252 0.2405161542826250
 0.4657630162883949 0.4930303950889462 0.2412286847832210
 0.4655969664568959 0.4937043540353003 0.2419082670466194
 0.4654168068389183 0.4944333607580367 0.2426435636961633
 0.4652327564009030 0.4951757454835569 0.2433925413112929
 0.4650645397748843 0.4958521896496313 0.2440750987293713
 0.4648936674498171 0.4965373031154732 0.2447664580678276
 0.4646679383203956 0.4974392882712083 0.2456767350870503
 0.4644910495455341 0.4981436884992004 0.2463877057053294
 0.4643209849445241 0.4988189230215008 0.2470693594749075
 0.4641305837583725 0.4995726072239556 0.2478303605557994
 0.4639480641361449 0.5002928356104185 0.2485576953548868
 0.4637775384625399 0.5009637559378569 0.2492352836859152
 0.4636012628925781 0.5016553055350992 0.2499337179907158
 0.4633809281676298 0.5025168805148830 0.2508038948629888
 0.4632030444570738 0.5032101907908948 0.2515041977466820
 0.4630294609024256 0.5038848044324652 0.2521857227450222
 0.4628295776076951 0.5046592794569059 0.2529682767775756
 0.4626457375056676 0.5053693912303566 0.2536858974731324
 0.4624724849424500 0.5060366923471163 0.2543602940944769
 0.4622910433218319 0.5067335591975547 0.2550645795666869
 0.4620824995174746 0.5075320430383410 0.2558715868662618
 0.4619034736880039 0.5082154133706597 0.2565623183008998
 0.4617269673353357 0.5088872888394996 0.2572415325696219
 0.4615229764417013 0.5096614814795990 0.2580243150640374
 0.4613358333346564 0.5103695786511858 0.2587403533469050
 0.4611595822128051 0.5110345942899649 0.2594128455304787
 0.4609749998213316 0.5117291165274545 0.2601151566096084
 0.4607623047450708 0.5125269916832614 0.2609219574494733
 0.4605801005682736 0.5132084392345616 0.2616110480361785
 0.4604006380362001 0.5138778005512094 0.2622879699274518
 0.4601941965992367 0.5146455570538115 0.2630644660805379
 0.4600032780340448 0.5153534767656697 0.2637804643032099
 0.4598239555128296 0.5160165697393670 0.2644510845572873
 0.4596368004183448 0.5167067513052023 0.2651490202530034
 0.4594167089196423 0.5175159650873830 0.2659672227413039
 0.4592308342560729 0.5181973454362510 0.2666561272035404
 0.4590484614536131 0.5188640986227948 0.2673302432622751
 0.4588400987442552 0.5196237178798022 0.2680982617214145
 0.4586454193103459 0.5203313945085666 0.2688137385126824
 0.4584630872321419 0.5209923988995651 0.2694819576556271
 0.4582735940772041 0.5216775453168085 0.2701744764466112
 0.4580440183897079 0.5225051542727360 0.2710108559861143
 0.4578542860294609 0.5231871101710895 0.2716999753878118
 0.4576689827448601 0.5238513965449038 0.2723712280368140
 0.4574582699198300 0.5246046875257694 0.2731324179131868
 0.4572600257340544 0.5253113937172023 0.2738465000511492
 0.4570747132352033 0.5259702525316970 0.2745121553302604
 0.4568827364266306 0.5266510378150567 0.2751998461933697
 0.4566428535403028 0.5274991992457756 0.2760564488555352
 0.4564492119308458 0.5281818485888611 0.2767458065289091
 0.4562608465469436 0.5288441839927989 0.2774146195650572
 0.4560471896754133 0.5295934201880856 0.2781711578792135
 0.4558454052908925 0.5302990571087766 0.2788836124074095
 0.4556569995600633 0.5309561986177010 0.2795469992877075
 0.4554622105982362 0.5316338806241462 0.2802309782896801
 0.4552127514068857 0.5324992252757130 0.2811041491463707
 0.4550153175960616 0.5331820956966030 0.2817930648717835
 0.4548238445966654 0.5338426713096940 0.2824594149480713
 0.4546069702467854 0.5345889002540463 0.2832120846036372
 0.4544017436943816 0.5352931285824539 0.2839222697606126
 0.4542102831971097 0.5359484465410924 0.2845829688843907
 0.4540126307577059 0.5366232767944298 0.2852631355014446
 0.4537538993771007 0.5375040844129623 0.2861505906480968
 0.4535528167233264 0.5381866484591664 0.2868381005629003
 0.4533582451628468 0.5388454689218404 0.2875015655699427
 0.4531376681234449 0.5395904054845105 0.2882516134308929
 0.4529293375777643 0.5402921055906250 0.2889579617339399
 0.4527349512578966 0.5409452063545882 0.2896151987581622
 0.4525343411638808 0.5416175776502988 0.2902916063521057
 0.4522689531955917 0.5425045212855883 0.2911835428716405
 0.4520644939380047 0.5431858806585611 0.2918685362788652
 0.4518668391899113 0.5438429580024131 0.2925290017272035
 0.4516427151755311 0.5445861327359105 0.2932758904221410
 0.4514311102973917 0.5452859592446179 0.2939790738928946
 0.4512336948456333 0.5459372620579193 0.2946333347775295
 0.4510300789833708 0.5466074185593006 0.2953063350174996
 0.4507563082180031 0.5475059298727872 0.2962083445799459
 0.4505482725457354 0.5481867636499437 0.2968916335157741
 0.4503474983177767 0.5488422600378746 0.2975493728940337
 0.4501199574988832 0.5495832907608436 0.2982928024228890
 0.4499049338989441 0.5502817591704846 0.2989933595054817
 0.4497044200941557 0.5509315324758397 0.2996448707434307
 0.4494978177828270 0.5515994697466166 0.3003143461743596
 0.4492135867773273 0.5525158004328157 0.3012323683363650
 0.4490018595573648 0.5531964621745322 0.3019140130618657
 0.4487978953333422 0.5538506256897665 0.3025689403136201
 0.4485661184247181 0.5545921679989535 0.3033111440467509
 0.4483481534918392 0.5552877634883436 0.3040071316659823
 0.4481447358480547 0.5559354086134767 0.3046548986101895
 0.4479350143663273 0.5566015929556432 0.3053209328478865
 0.4476477569233350 0.5575115685868486 0.3062302642002007
 0.4474329780481078 0.5581900702713918 0.3069080099075828
 0.4472260523308335 0.5588422566743350 0.3075592964938327
 0.4469913724112748 0.5595801416416476 0.3082959779606303
 0.4467699538346157 0.5602746107106225 0.3089891098503346
 0.4465635151044645 0.5609206029837176 0.3096336381119321
 0.4463510368871057 0.5615839996219387 0.3102952787524742
 0.4460451408086156 0.5625364223167849 0.3112447383509559
 0.4462491720100183 0.5619015061203243 0.3106118526816943
 0.4460473939861643 0.5625294182729207 0.3112377578144563
 0.4458404917381685 0.5631718798394160 0.3118779719981733
 0.4456317386374338 0.5638186645561759 0.3125223289054618
 0.4453960071517656 0.5645473289489870 0.3132480688423082
 0.4451701073993055 0.5652439143456562 0.3139416377935291
 0.4449603483475685 0.5658892589187521 0.3145839451548643
 0.4447455130564557 0.5665487642869550 0.3152400661198116
 0.4444405470295867 0.5674824421598463 0.3161684589907974
 0.4442178908550029 0.5681622740412715 0.3168441201680210
 0.4440051245594355 0.5688104630910198 0.3174881200659552
 0.4437669553384358 0.5695343764309859 0.3182071231757618
 0.4435373003138369 0.5702307563293205 0.3188985225669967
 0.4433244808018008 0.5708746457680699 0.3195375405883998
 0.4431070466996954 0.5715310752825912 0.3201887098677257
 0.4428148721879371 0.5724108987512343 0.3210610244948230
 0.4425895013087741 0.5730878102392242 0.3217318526497135
 0.4423746165284002 0.5737318197831550 0.3223698782090619
 0.4421394919040502 0.5744349253048158 0.3230662589623068
 0.4419019858438536 0.5751435050593866 0.3237678457157859
 0.4416852300904018 0.5757887427557471 0.3244064906841512
 0.4414666333195218 0.5764380826031004 0.3250489487372363
 0.4412041847771104 0.5772158677223547 0.3258181609142246
 0.4409746331225418 0.5778945469876764 0.3264891018268492
 0.4407579049466274 0.5785339404533582 0.3271210289501025
 0.4405304392305979 0.5792035869670381 0.3277826994994302
 0.4402633718180956 0.5799879682784783 0.3285575217689193
 0.4400385870650181 0.5806466260226363 0.3292079267060637
 0.4398188491929060 0.5812891451176327 0.3298421529753595
 0.4395736695325823 0.5820044908803185 0.3305479641141504
 0.4393347842689084 0.5826998938593138 0.3312338135546707
 0.4391142135089528 0.5833406087051647 0.3318655173360452
 0.4388898739031418 0.5839909264559150 0.3325065163649256
 0.4386067191750282 0.5848098144726068 0.3333134274745359
 0.4383732908330854 0.5854832895488740 0.3339768147538155
 0.4381517744126839 0.5861210658374445 0.3346048013983471
 0.4379155225823256 0.5867998478230462 0.3352728937198837
 0.4376583684548384 0.5875370300475563 0.3359981740502485
 0.4374316123390531 0.5881856485542688 0.3366361185109925
 0.4372070574479722 0.5888266654949517 0.3372664470688606
 0.4369526369913047 0.5895513771978315 0.3379789328590521
 0.4367110183862365 0.5902380984360965 0.3386539148893983
 0.4364864255506740 0.5908751057904919 0.3392798653271922
 0.4362565589196000 0.5915257583342540 0.3399190324104795
 0.4359457608931019 0.5924033947648827 0.3407808778709439
 0.4357075384691514 0.5930744691559198 0.3414396926567640
 0.4354806946354489 0.5937121902268269 0.3420656584052297
 0.4352335528828397 0.5944055396922416 0.3427461296065920
 0.4349809589981748 0.5951126482139363 0.3434399778146325
 0.4347515940523154 0.5957533922359507 0.3440685519642385
 0.4345213432694249 0.5963953379244140 0.3446981200394145
 0.4342516283760272 0.5971456985056723 0.3454337645201657
 0.4340079896445910 0.5978220278279170 0.3460966281914307
 0.4337793257576508 0.5984555123396084 0.3467173684674721
 0.4335423351178085 0.5991107693415334 0.3473593401451105
 0.4332303833723225 0.5999712886900327 0.3482022538201592
 0.4329896767116792 0.6006337359749738 0.3488509899495956
 0.4327578987402561 0.6012703489652931 0.3494742650028789
 0.4325010478708576 0.6019743909722276 0.3501633664304281
 0.4322478642279331 0.6026669106852381 0.3508410298662508
 0.4320150263728816 0.6033024987676637 0.3514628945719001
 0.4317792504595599 0.6039448633982382 0.3520913465257244
 0.4314926555355578 0.6047240076091061 0.3528535771176010
 0.4312458530437561 0.6053935065561682 0.3535084855842985
 0.4310127932888895 0.6060244888043899 0.3541256332630935
 0.4307682371055933 0.6066853116595842 0.3547718583492376
 0.4304790673277938 0.6074649988367604 0.3555341912853551
 0.4302370620990036 0.6081161192483603 0.3561707517409299
 0.4300012837283007 0.6087492687524085 0.3567897228875354
 0.4297411215859575 0.6094465106626057 0.3574713445300715
 0.4294814910341642 0.6101408854602729 0.3581501351028591
 0.4292437712156616 0.6107754039954197 0.3587703484353708
 0.4290040350506036 0.6114140946407385 0.3593945454778336
 0.4287193749242286 0.6121709001143204 0.3601340492067583
 0.4284668711559045 0.6128407964433381 0.3607885502009914
 0.4282293969197810 0.6134696101733179 0.3614028907592299
 0.4279824904920442 0.6141221635071071 0.3620404371550615
 0.4276667158454042 0.6149549038185264 0.3628540529201923
 0.4274175899213492 0.6156104444650019 0.3634945305371703
 0.4271773098740674 0.6162415137050514 0.3641110637961433
 0.4269128729902475 0.6169346795830092 0.3647882178650214
 0.4266479604188443 0.6176276830863507 0.3654651973634701
 0.4264057636811776 0.6182600349643474 0.3660829621271699
 0.4261618842285896 0.6188956014114161 0.3667039408394198
 0.4258749801501191 0.6196417865188182 0.3674331099659341
 0.4256171605502064 0.6203109463159312 0.3680870878931381
 0.4253751761799594 0.6209378227410465 0.3686997703821859
 0.4251246455852590 0.6215856372788753 0.3693329184759578
 0.4247835120035363 0.6224657762456628 0.3701931391352344
 0.4245278127258985 0.6231240221097716 0.3708365368735246
 0.4242826449065621 0.6237539814726695 0.3714523652204910
 0.4240119789264768 0.6244481287805150 0.3721310488145430
 0.4237430342142233 0.6251364867518450 0.3728041654598434
 0.4234965879597875 0.6257660632330345 0.3734198491862018
 0.4232481844661892 0.6263994869734929 0.3740393142586843
 0.4229555388181362 0.6271442501977903 0.3747676914598552
 0.4226930764049669 0.6278108471507056 0.3754196868360530
 0.4224467387562513 0.6284353336723608 0.3760306007089204
 0.4221917417100912 0.6290805980244887 0.3766619882636635
 0.4218425710315421 0.6299622388685672 0.3775249252892938
 0.4215821649600281 0.6306183101652179 0.3781672408121380
 0.4213326635872107 0.6312457579066820 0.3787816316121808
 0.4210574300839459 0.6319366178651441 0.3794582169487294
 0.4207834082683138 0.6326230893251518 0.3801306352151604
 0.4205325304042019 0.6332504084668437 0.3807452671609998
 0.4202799994590956 0.6338807343220983 0.3813630277866890
 0.4199852783626842 0.6346149454965987 0.3820828436230794
 0.4197172773117342 0.6352812677097163 0.3827362981441643
 0.4194663611728313 0.6359039749703858 0.3833471096040838
 0.4192078280687108 0.6365444405450607 0.3839754431066978
 0.4188292387303015 0.6374802366600947 0.3848937103657298
 0.4190817271037497 0.6368564112059751 0.3842815411203629
 0.4188346335166948 0.6374669191816698 0.3848806403183752
 0.4185827176382431 0.6380882615874790 0.3854905172850903
 0.4183303892063304 0.6387095330118714 0.3861005112405210
 0.4180534803855714 0.6393900770677226 0.3867689430859749
 0.4177715870617079 0.6400815360626101 0.3874483488569427
 0.4175157031943131 0.6407080353033541 0.3880641222628574
 0.4172597596808943 0.6413335805672068 0.3886791218212080
 0.4169676344155160 0.6420462186603128 0.3893799481118338
 0.4166927851260708 0.6427154159019774 0.3900382872559542
 0.4164372174872326 0.6433365443084101 0.3906495885879228
 0.4161763872113084 0.6439693527618536 0.3912726710326504
 0.4158472785320448 0.6447662207064365 0.3920577131758146
 0.4155758734518645 0.6454220406433225 0.3927041224058735
 0.4153191918190913 0.6460411814945403 0.3933146062832908
 0.4150484710921172 0.6466930309275141 0.3939575551869183
 0.4147362415316856 0.6474433610255006 0.3946979193655430
 0.4144708165753653 0.6480799845783637 0.3953263580805072
 0.4142121208109447 0.6486993865007697 0.3959380723016923
 0.4139297469655556 0.6493742679564897 0.3966049074329068
 0.4136398873200938 0.6500657291274389 0.3972884701840674
 0.4133776473842685 0.6506901636939738 0.3979060430394986
 0.4131159944451818 0.6513121262450304 0.3985214033839438
 0.4128197250056368 0.6520150843528421 0.3992171806743902
 0.4125372724601257 0.6526839895525620 0.3998795696270142
 0.4122755728138549 0.6533026465223554 0.4004925281363646
 0.4120096381458704 0.6539302346092690 0.4011147023646560
 0.4116855876229451 0.6546935064408748 0.4018719122638721
 0.4114073738656474 0.6553475348810729 0.4025211853307198
 0.4111453294506362 0.6559624763244041 0.4031319942972525
 0.4108724499875990 0.6566017397524813 0.4037672886381457
 0.4105188441391071 0.6574284486574316 0.4045893680245525
 0.4102431534245893 0.6580716957212193 0.4052294441459337
 0.4099783221685797 0.6586885366108909 0.4058436337832483
 0.4096903123218174 0.6593581808790556 0.4065108446953814
 0.4093925668680440 0.6600491698606260 0.4071997857336916
 0.4091239737180100 0.6606713825293272 0.4078205151682561
 0.4088565429043245 0.6612898501553184 0.4084378116359521
 0.4085556524052480 0.6619844474260248 0.4091314406486595
 0.4082656270563455 0.6626527153434112 0.4097991489622345
 0.4079978718133629 0.6632685866732633 0.4104148713953626
 0.4077269690831909 0.6638906442476569 0.4110371748940699
 0.4074061742902915 0.6646259013862685 0.4117732581066042
 0.4071204778532558 0.6652794731512774 0.4124280371911115
 0.4068527215693366 0.6658909478038049 0.4130410177724741
 0.4065769174060853 0.6665197369406279 0.4136717177279404
 0.4061964899596335 0.6673852856673275 0.4145405158291977
 0.4059112393191325 0.6680329518665215 0.4151911324732656
 0.4056406076092361 0.6686463715388397 0.4158078013678032
 0.4053492086360758 0.6693057197521136 0.4164711577796965
 0.4050397898120344 0.6700045491985658 0.4171748050035475
 0.4047640495860204 0.6706261976868966 0.4178011945480721
 0.4044912880409502 0.6712400991733685 0.4184201637976141
 0.4041888496993835 0.6719195991258492 0.4191057045926593
 0.4038889544777297 0.6725921498081020 0.4197847018755012
 0.4036145718438161 0.6732064120534846 0.4204052994182038
 0.4033393217993676 0.6738215895238966 0.4210272877997073
 0.4030250613345522 0.6745227020087993 0.4217367533734303
 0.4027294713175910 0.6751809470464674 0.4224034027673094
 0.4024551890978079 0.6757906937125725 0.4230213946994398
 0.4021766809024410 0.6764088063232859 0.4236482992945730
 0.4018440880715440 0.6771456001192034 0.4243961519985592
 0.4015506761311275 0.6777943789217479 0.4250552307011103
 0.4012752632761835 0.6784023246610350 0.4256733521070743
 0.4009909044113044 0.6790289706972977 0.4263110491058919
 0.4005828545894217 0.6799263453850208 0.4272252411175738
 0.4002891316674678 0.6805709499528030 0.4278826007880672
 0.4000102561379730 0.6811819330429419 0.4285061488848143
 0.3997067234487562 0.6818457929885385 0.4291841604389773
 0.3993948646356615 0.6825266259588172 0.4298800556306728
 0.3991133071096544 0.6831402339577011 0.4305077462789552
 0.3988335260565594 0.6837489657007625 0.4311309554407563
 0.3985226478609898 0.6844241864293856 0.4318228406912379
 0.3982149326498352 0.6850913284946976 0.4325070589057775
 0.3979332827147873 0.6857009096639578 0.4331327442212113
 0.3976509298545697 0.6863110085454822 0.4337594175626245
 0.3973306535425157 0.6870018393708267 0.4344695690674574
 0.3970255336492686 0.6876587845607627 0.4351454689229260
 0.3967430807326963 0.6882658920139613 0.4357706464571764
 0.3964569885136337 0.6888798119098074 0.4364034194965585
 0.3961190469968770 0.6896036895980114 0.4371502939218830
 0.3958167936032879 0.6902499299320458 0.4378177427559344
 0.3955338977201998 0.6908537659660154 0.4384419354285854
 0.3952434727959733 0.6914726538087242 0.4390821968971034
 0.3948647821406845 0.6922780892919584 0.4399162098048157
 0.3945637893932851 0.6929170275580436 0.4405784568106457
 0.3942796990159659 0.6935190809111323 0.4412030231965085
 0.3939810091447423 0.6941510251073461 0.4418591909802200
 0.3936237484255917 0.6949054820256040 0.4426433514293091
 0.3933276225915296 0.6955296782602423 0.4432927321089015
 0.3930413964178284 0.6961320141973671 0.4439198615557703
 0.3927335092664554 0.6967788477852451 0.4445938461773782
 0.3924023922919695 0.6974732331310043 0.4453180110040977
 0.3921092974808180 0.6980868042576435 0.4459584891519320
 0.3918206478683144 0.6986900838428117 0.4465888123452151
 0.3915043968690365 0.6993499312214443 0.4472789336002519
 0.3911816384829915 0.7000221535613244 0.4479827348353660
 0.3908895152069393 0.7006295273453420 0.4486192476483181
 0.3905990321151340 0.7012325111469115 0.4492516952291098
 0.3902765915270855 0.7019006921181445 0.4499531288252573
 0.3899566473448994 0.7025625185722008 0.4506485272083189
 0.3896643333464152 0.7031661651406155 0.4512833741814105
 0.3893722111257512 0.7037684413062507 0.4519173556293115
 0.3890456165188916 0.7044406408269320 0.4526256259151064
 0.3887255524347577 0.7050982261905697 0.4533191702912236
 0.3884317880808759 0.7057007593708255 0.4539551966631374
 0.3881369992409235 0.7063044175718272 0.4545929020614877
 0.3878029950059373 0.7069872021622678 0.4553147822361097
 0.3874839853003054 0.7076381706741792 0.4560036330990535
 0.3871890982965344 0.7082389070190694 0.4566399008243508
 0.3868911712317914 0.7088448568305770 0.4572822851225749
 0.3865446302143486 0.7095484473600627 0.4580289484278747
 0.3862278432609225 0.7101904700301399 0.4587109739092290
 0.3859327186145597 0.7107875991500296 0.4593458699849779
 0.3856322205297697 0.7113946214081592 0.4599918064588140
 0.3852717889350348 0.7121214142954096 0.4607658668736503
 0.3849558076424570 0.7127574147801768 0.4614438504708124
 0.3846598896173354 0.7133520527504993 0.4620782925556891
 0.3843563304875950 0.7139610641220940 0.4627286409737871
 0.3839747109618659 0.7147252783800967 0.4635455353696034
 0.3836582554568880 0.7153578156897830 0.4642223178483776
 0.3833602428788606 0.7159525124726567 0.4648591031310103
 0.3830502067701231 0.7165702010210734 0.4655209876084311
 0.3826236128848245 0.7174184458027486 0.4664307397207966
 0.3823072215819079 0.7180463230881918 0.4671048052286049
 0.3820056123968233 0.7186438864464649 0.4677468968086401
 0.3816794568818659 0.7192890106144451 0.4684407439450456
 0.3813369627552771 0.7199652575405407 0.4691687805418068
 0.3810308765080417 0.7205685861279189 0.4698188973108731
 0.3807289557127720 0.7211627533853122 0.4704596407378596
 0.3803999040808400 0.7218092413441172 0.4711573409313076
 0.3800580881630727 0.7224796279946879 0.4718814218834138
 0.3797512208169274 0.7230804517079200 0.4725308992291455
 0.3794481836701028 0.7236728323695737 0.4731717623072292
 0.3791184767118773 0.7243162857917762 0.4738684596302703
 0.3787729775066620 0.7249893762090147 0.4745978686259961
 0.3784636188701958 0.7255910350793259 0.4752503671407153
 0.3781581888511437 0.7261841079084462 0.4758939802284618
 0.3778250363294716 0.7268299439185723 0.4765953217443715
 0.3774791422139044 0.7274993061874405 0.4773227523960293
 0.3771681158405151 0.7281001759900640 0.4779762636298900
 0.3768601167148916 0.7286942511658514 0.4786229062499050
 0.3765214539407679 0.7293463877187250 0.4793333685947712
 0.3761780816869012 0.7300064385069833 0.4800531015275410
 0.3758668686247601 0.7306036702775582 0.4807048595119958
 0.3755577636812966 0.7311959178576174 0.4813516299444260
 0.3752174781832234 0.7318468296904287 0.4820629553398341
 0.3748728356095941 0.7325049286042686 0.4827826559474659
 0.3745605259971943 0.7331002937611764 0.4834342220024619
 0.3742507807209878 0.7336898405863608 0.4840798817208490
 0.3739121661314453 0.7343332792861158 0.4847850909943064
 0.3735616820606052 0.7349981150402828 0.4855143058572390
 0.3732463428919834 0.7355952816041409 0.4861697405899262
 0.3729345390113973 0.7361848228829837 0.4868171846456752
 0.3725945324342333 0.7368266375126722 0.4875224536500511
 0.3722404232579949 0.7374939119180517 0.4882561872431695
 0.3719224007477279 0.7380921794928222 0.4889145094915013
 0.3716078055776061 0.7386830660868663 0.4895651856292008
 0.3712630502356973 0.7393295383114454 0.4902776347467520
 0.3709101731096244 0.7399900934950302 0.4910061944970988
 0.3705914593236088 0.7405857043889144 0.4916635927221660
 0.3702755985398864 0.7411750565259533 0.4923144754282341
 0.3699293936755521 0.7418199700635829 0.4930271334240927
 0.3695751335349722 0.7424787495545676 0.4937555535302689
 0.3692555070067272 0.7430721391958415 0.4944120689735300
 0.3689395034529270 0.7436578870254082 0.4950605189629869
 0.3685963200138157 0.7442929880220186 0.4957640486680694
 0.3682342480545707 0.7449618884799779 0.4965054970905363
 0.3679113715041397 0.7455573809301511 0.4971659518130819
 0.3675938097369429 0.7461421571638963 0.4978148354045340
 0.3672512018105664 0.7467720420033788 0.4985141097216373
 0.3668812310502292 0.7474510572994343 0.4992683420499567
 0.3665544595993053 0.7480497760217575 0.4999337843942393
 0.3662337586946849 0.7486364524919653 0.5005862469311245
 0.3658869889216507 0.7492697966110932 0.5012910795855599
 0.3655174331958014 0.7499435929471236 0.5020414483911391
 0.3651892394667242 0.7505409720527103 0.5027071188664837
 0.3648665786340672 0.7511273631553259 0.5033608691721883
 0.3645169715116690 0.7517617027636062 0.5040684061845802
 0.3641479688246060 0.7524300849153619 0.5048142854348397
 0.3638194474862299 0.7530241527285049 0.5054775808737332
 0.3634968281074644 0.7536066439781219 0.5061282996481788
 0.3631496597563219 0.7542324613364438 0.5068278259376447
 0.3627725536055329 0.7549110784514123 0.5075868430975955
 0.3624413295066691 0.7555061301110990 0.5082527740329349
 0.3621178991111429 0.7560862819190063 0.5089023468867838
 0.3617727534981788 0.7567044097284760 0.5095947726915394
 0.3613815655471673 0.7574037823424107 0.5103786406271883
 0.3610453540938354 0.7580038406818147 0.5110515966315281
 0.3607186928332223 0.7585859486786378 0.5117048054319130
 0.3603701583827298 0.7592060537692902 0.5124010765191109
 0.3599770877801328 0.7599041860788476 0.5131854492982396
 0.3596382372402845 0.7605049920117900 0.5138608313066195
 0.3593084548072683 0.7610888105468369 0.5145173797189309
 0.3589548350628904 0.7617138359642477 0.5152205168174384
 0.3585682409168974 0.7623959729038251 0.5159881910086617
 0.3582298773260295 0.7629920081328216 0.5166592406974463
 0.3578995787919988 0.7635729395529974 0.5173135669570293
 0.3575457680732659 0.7641942447152396 0.5180137013537276
 0.3571563505619981 0.7648769095869384 0.5187833793164455
 0.3568170349440850 0.7654707502592722 0.5194532270833218
 0.3564868641843950 0.7660477014578089 0.5201042767365404
 0.3561361506665993 0.7666595971019660 0.5207950133056726
 0.3557285648565327 0.7673694903902686 0.5215967085005853
 0.3553842150036307 0.7679682202275528 0.5222731701786822
 0.3550517464854552 0.7685454039818732 0.5229255770349386
 0.3547002534569506 0.7691546701861013 0.5236145614380270
 0.3542776883843153 0.7698858490915103 0.5244418039514951
 0.3539283280426060 0.7704893070181134 0.5251248164077151
 0.3535917904557314 0.7710697186319655 0.5257819294825458
 0.3532339328628846 0.7716859374933215 0.5264797554801511
 0.3528264088966346 0.7723864767893768 0.5272732984145898
 0.3524774962839749 0.7729852479804633 0.5279517991840734
 0.3521386976300612 0.7735657703563177 0.5286098749345609
 0.3517762532193219 0.7741858392416719 0.5293130876371904
 0.3513767095162894 0.7748682199313403 0.5300873345693353
 0.3510288268624801 0.7754613836920022 0.5307606352727059
 0.3506902036457949 0.7760378820048836 0.5314152314075946
 0.3503296604404774 0.7766507504546039 0.5321113229620545
 0.3499194871992484 0.7773467978222978 0.5329021249069529
 0.3495689272744242 0.7779406882974299 0.5335770761118883
 0.3492301079840607 0.7785138200174345 0.5342286400556633
 0.3488729884620099 0.7791169864576065 0.5349145742384853
 0.3484296927173931 0.7798643923856333 0.5357648393348919
 0.3480723158102587 0.7804658849010251 0.5364493097443792
 0.3477303298035960 0.7810405970653772 0.5371034373235456
 0.3473697132707185 0.7816456931241587 0.5377922721756303
 0.3469288674804653 0.7823841249306939 0.5386330911622387
 0.3465687094070108 0.7829863570543714 0.5393190323542938
 0.3462223653141298 0.7835646073497033 0.5399778750297282
 0.3458539775551072 0.7841787145120240 0.5406778252835448
 0.3454351155279596 0.7848757814102276 0.5414726293878904
 0.3450761442229489 0.7854721818865976 0.5421528543170727
 0.3447276638860349 0.7860502757153087 0.5428123248048548
 0.3443555074934392 0.7866666953905695 0.5435156116394212
 0.3439420245493988 0.7873504194263956 0.5442957897639552
 0.3435838676377082 0.7879416860529139 0.5449705741472923
 0.3432361620280586 0.7885148392446153 0.5456248107516247
 0.3428674650212356 0.7891216723023149 0.5463176480723660
 0.3424380586580662 0.7898272341047142 0.5471234102238279
 0.3420767404355898 0.7904199297308198 0.5478004237029013
 0.3417290601479530 0.7909894032172835 0.5484510102863970
 0.3413639584260966 0.7915865165808209 0.5491332609523603
 0.3408858277265447 0.7923671043293957 0.5500252889149728
 0.3405162824789156 0.7929693484572179 0.5507136529586353
 0.3401647014491435 0.7935414546941364 0.5513677087962793
 0.3397943046342802 0.7941432728965017 0.5520558854892637
 0.3393360117731943 0.7948866224412700 0.5529060855344442
 0.3389648712983039 0.7954875763634583 0.5535935151942076
 0.3386086873338530 0.7960634451919630 0.5542522821481711
 0.3382306301261677 0.7966737521320152 0.5549504551315979
 0.3377954272879329 0.7973751346088520 0.5557528440309312
 0.3374253216720288 0.7979706184736547 0.5564341536245559
 0.3370666444983345 0.7985468525291781 0.5570935487970223
 0.3366836615312341 0.7991612018094377 0.5577967138645503
 0.3362585002101974 0.7998420851873438 0.5585762218058028
 0.3358899736618048 0.8004313155542929 0.5592509332528615
 0.3355320456239644 0.8010027550979315 0.5599053515025757
 0.3351522632196986 0.8016081782738119 0.5605987396782486
 0.3347120062668767 0.8023088411179250 0.5614012567619995
 0.3343406565392437 0.8028988704693706 0.5620771139475367
 0.3339834747039737 0.8034655556030812 0.5627263005495987
 0.3336092698407442 0.8040583752894478 0.5634055125207681
 0.3330951068201195 0.8048714666163269 0.5643372266399151
 0.3327140229728588 0.8054730281617197 0.5650266121604067
 0.3323534981510500 0.8060412932066650 0.5656778571286806
 0.3319740986820381 0.8066384268821885 0.5663621900346010
 0.3314986100192975 0.8073855225429074 0.5672184050976570
 0.3311172590255977 0.8079836890460335 0.5679039906216226
 0.3307521036169057 0.8085556056107235 0.5685595605157655
 0.3303660369515271 0.8091593765694074 0.5692517234447914
 0.3299045512681085 0.8098798898641539 0.5700777854797581
 0.3295212870116210 0.8104772825951341 0.5707626801102907
 0.3291516122673821 0.8110526420260210 0.5714222455318768
 0.3287576812528339 0.8116648371277561 0.5721239245496019
 0.3283161230777043 0.8123499282947402 0.5729090132034395
 0.3279352480440183 0.8129399207149158 0.5735850365699386
 0.3275654382793778 0.8135119364906082 0.5742404306077573
 0.3271716170013727 0.8141201904487926 0.5749373488124551
 0.3267281726851934 0.8148039768354995 0.5757208305437255
 0.3263475549818892 0.8153899510913588 0.5763922409627187
 0.3259797343202861 0.8159554069787301 0.5770401158039812
 0.3255929075251897 0.8165492181341147 0.5777204286191562
 0.3251016580757803 0.8173020562996819 0.5785828517702497
 0.3247136919846325 0.8178956124282133 0.5792627597169042
 0.3243450391578956 0.8184588057798509 0.5799078700500854
 0.3239606182729479 0.8190452451014026 0.5805796004381761
 0.3234176044777590 0.8198721594046922 0.5815267507825247
 0.3230211326446823 0.8204748401784981 0.5822170049781421
 0.3226478293146120 0.8210414755901722 0.5828659029092502
 0.3222559965168982 0.8216353774262202 0.5835459418572561
 0.3217482644970857 0.8224036439323125 0.5844255397225112
 0.3213513591851832 0.8230031937073611 0.5851119484022326
 0.3209721325210735 0.8235752049927471 0.5857668498081849
 0.3205695511621586 0.8241815550831673 0.5864611022248125
 0.3201047808377550 0.8248804375509070 0.5872613174832715
 0.3197097467184333 0.8254735048296840 0.5879403293965513
 0.3193267701539879 0.8260476382555909 0.5885975644725259
 0.3189174104402178 0.8266604214757073 0.5892988919764323
 0.3184654668895952 0.8273358713487580 0.5900717467995179
 0.3180726593999934 0.8279220240327974 0.5907422853787845
 0.3176907538533207 0.8284910952913275 0.5913931922754315
 0.3172844593077393 0.8290956309302666 0.5920845942106405
 0.3168240095930691 0.8297796561763363 0.5928668281966119
 0.3164306477684289 0.8303631052329170 0.5935339556078623
 0.3160514177577105 0.8309247998012269 0.5941760960904461
 0.3156541255356697 0.8315124144269688 0.5948477199650277
 0.3151076317861198 0.8323193189455265 0.5957697108822448
 0.3147038112489843 0.8329145374571848 0.5964496272664606
 0.3143231095724962 0.8334748832235613 0.5970895698402459
 0.3139256887408538 0.8340590159937606 0.5977565395706130
 0.3133482717983181 0.8349062194746979 0.5987236062911828
 0.3137333074689854 0.8343414791973744 0.5980790056635200
 0.3133537796141682 0.8348981465510447 0.5987143929888122
 0.3129676344567585 0.8354637412004241 0.5993597887272792
 0.3125850000353241 0.8360234217522203 0.5999982320701760
 0.3121829111499948 0.8366107334973951 0.6006679676880335
 0.3116288399807347 0.8374186590701928 0.6015889272185716
 0.3112153458867473 0.8380205631710776 0.6022748244025469
 0.3108230399788752 0.8385908083262955 0.6029245068977466
 0.3104074120784259 0.8391940897115805 0.6036116863791008
 0.3099234010427619 0.8398955127543823 0.6044104302255284
 0.3095136084482018 0.8404884442291802 0.6050853714921942
 0.3091164316726429 0.8410623068027112 0.6057383168827429
 0.3086922712911034 0.8416742743247522 0.6064342591918567
 0.3082252837534989 0.8423469819446869 0.6071988382461738
 0.3078179496967192 0.8429328624425428 0.6078643864680285
 0.3074210106631053 0.8435029925771723 0.6085117737108439
 0.3069972973258906 0.8441107121830480 0.6092015865777479
 0.3065302081529059 0.8447796111444663 0.6099605472565475
 0.3061243736863292 0.8453599134126567 0.6106187107507562
 0.3057311026482821 0.8459214767956287 0.6112553477265552
 0.3053175531162812 0.8465111772467495 0.6119235623439327
 0.3047988789746378 0.8472495977313553 0.6127598114895683
 0.3043857537906696 0.8478368140426920 0.6134244458557783
 0.3039936244295275 0.8483934211045966 0.6140541439833107
 0.3035870792850328 0.8489697060578273 0.6147058192071704
 0.3030694330293678 0.8497023274239958 0.6155338648359056
 0.3026486505374790 0.8502969116313380 0.6162055306372304
 0.3022541286688799 0.8508536205262999 0.6168340951702581
 0.3018505750837593 0.8514223080275187 0.6174758585330784
 0.3013838827349187 0.8520790083574188 0.6182165427374864
 0.3009515860035543 0.8526863921224763 0.6189012471182296
 0.3005493774290686 0.8532507124548180 0.6195371251494209
 0.3001444678652393 0.8538180568902778 0.6201761480252890
 0.2996977274050314 0.8544431252978724 0.6208798643809506
 0.2992439793251855 0.8550770486866103 0.6215931495289410
 0.2988304561108349 0.8556539441683647 0.6222418547180664
 0.2984194953018658 0.8562264833942292 0.6228852237181692
 0.2979717989239540 0.8568493184557865 0.6235845911312354
 0.2975074205946867 0.8574943924124622 0.6243083746029408
 0.2970879025960412 0.8580763053997102 0.6249608457837579
 0.2966721786508222 0.8586521675845818 0.6256061565624006
 0.2962171264973747 0.8592816114504565 0.6263111040359332
 0.2957565315533480 0.8599177725277320 0.6270231242117579
 0.2953383713179190 0.8604944997249431 0.6276681844315124
 0.2949242385975843 0.8610649020815991 0.6283057050210447
 0.2944745087422901 0.8616834693150873 0.6289964849507682
 0.2940097619339345 0.8623217493335197 0.6297086294588602
 0.2935928032606224 0.8628935861581877 0.6303460897220965
 0.2931845003907345 0.8634528113795105 0.6309690094849457
 0.2927525825557545 0.8640435858544193 0.6316265776374890
 0.2922475740720981 0.8647333015022783 0.6323936412429346
 0.2918235474262345 0.8653115606913145 0.6330362101208217
 0.2914181143499106 0.8658637359007896 0.6336493110556466
 0.2909990052104714 0.8664337925548288 0.6342817482321544
 0.2904771838360659 0.8671425011331229 0.6350672563001364
 0.2900405334457744 0.8677346411405822 0.6357229223398595
 0.2896324376428740 0.8682873249852541 0.6363343766886276
 0.2892187871716078 0.8688468111707305 0.6369528402136915
 0.2887551240806281 0.8694730836843225 0.6376444934803717
 0.2882991729725216 0.8700880581667544 0.6383229756417012
 0.2878812077862853 0.8706510336579673 0.6389434480589752
 0.2874672660979925 0.8712078718146999 0.6395565293927583
 0.2870244200084084 0.8718028046294959 0.6402108607830926
 0.2865202798822280 0.8724790946977155 0.6409538322789829
 0.2860846297875813 0.8730626644825117 0.6415942632745781
 0.2856625741608235 0.8736272818884606 0.6422133254027259
 0.2852170014332233 0.8742225706368703 0.6428654122123566
 0.2846794747202178 0.8749396362705049 0.6436500260671819
 0.2842317901367920 0.8755359589017461 0.6443017316441076
 0.2838004005760278 0.8761098121521751 0.6449281431712202
 0.2833402289547145 0.8767211293781407 0.6455946170804873
 0.2828351503167508 0.8773911297552429 0.6463240822199933
 0.2823909246783847 0.8779795684610207 0.6469639291887145
 0.2819569444023476 0.8785536812068591 0.6475875008127947
 0.2814884069495787 0.8791726759561527 0.6482590745931287
 0.2809983742958749 0.8798191463229171 0.6489596214137046
 0.2805597983486276 0.8803969369112766 0.6495849773755220
 0.2801301668574641 0.8809622178641678 0.6501960388454500
 0.2796705923551983 0.8815661038818162 0.6508479513446079
 0.2791703276794270 0.8822225308567129 0.6515555099367728
 0.2787323619245395 0.8827964225791181 0.6521731811082409
 0.2783091522102578 0.8833502817888499 0.6527684864862839
 0.2778674136240848 0.8839276624918834 0.6533882465903628
 0.2772558320567213 0.8847258182075538 0.6542436034995248
 0.2768054849752221 0.8853126500679743 0.6548714489600800
 0.2763840222422279 0.8858611541420829 0.6554574621315788
 0.2759487519500065 0.8864269309006275 0.6560610694260498
 0.2754027848687493 0.8871355979570047 0.6568158687531155
 0.2749490998358736 0.8877236429230673 0.6574411340592514
 0.2745263512525517 0.8882709067277511 0.6580221778359924
 0.2740984608990563 0.8888241588178705 0.6586087372713644
 0.2736221475216686 0.8894392338047062 0.6592598331959902
 0.2731445068448912 0.8900551939871731 0.6599107708484223
 0.2727107273224344 0.8906138754833108 0.6605001966096699
 0.2722836124865503 0.8911633104841805 0.6610789343876949
 0.2718317363049469 0.8917438853493292 0.6616894596233373
 0.2712654095670936 0.8924704775347687 0.6624520830594514
 0.2708078327007602 0.8930567119234155 0.6630662347119344
 0.2703715026885445 0.8936150355645652 0.6636501979516358
 0.2699162755801338 0.8941968250417572 0.6642577054876938
 0.2693171470399373 0.8949614165527606 0.6650544728533423
 0.2688445854570830 0.8955636038885691 0.6656806226691782
 0.2683963930787392 0.8961340217765956 0.6662725588735252
 0.2679247471385159 0.8967335404764469 0.6668934286061595
 0.2673600030911945 0.8974503931843905 0.6676341234805215
 0.2668872752738766 0.8980496082764051 0.6682519034230905
 0.2664299663998582 0.8986285560526900 0.6688476504750891
 0.2659365582418303 0.8992524117608657 0.6694883771031515
 0.2654175985063077 0.8999076901959225 0.6701599779707118
 0.2649524894883872 0.9004942061167400 0.6707598336362928
 0.2644935563434979 0.9010722274460498 0.6713497657801772
 0.2639893757885406 0.9017064323048792 0.6719955710687067
 0.2634845815618750 0.9023405690164660 0.6726397449147550
 0.2630269877661979 0.9029146886131254 0.6732216132158586
 0.2625746510140483 0.9034815404438733 0.6737948911372851
 0.2620832992541182 0.9040965310626837 0.6744154991314656
 0.2615739456501676 0.9047332292998820 0.6750565269343134
 0.2611193280751188 0.9053008019163539 0.6756266560429457
 0.2606756866491048 0.9058540333850036 0.6761811547962404
 0.2602080965215448 0.9064364507786900 0.6767635524556812
 0.2596405043100275 0.9071424971135406 0.6774676592655456
 0.2591767516042860 0.9077186204712048 0.6780406242139281
 0.2587371886619580 0.9082640703908091 0.6785817792204859
 0.2582851591247247 0.9088243614405543 0.6791363442477499
 0.2577434175456233 0.9094950153557030 0.6797983976454481
 0.2572678241104607 0.9100830338566928 0.6803773019208721
 0.2568268774260534 0.9106275950553004 0.6809120967012147
 0.2563849978630047 0.9111727124121829 0.6814461461020177
 0.2559054411383742 0.9117636378928663 0.6820236025172235
 0.2553874808250259 0.9124011042840436 0.6826448192353370
 0.2549320940001629 0.9129608932767127 0.6831888683700127
 0.2544911510730241 0.9135023355571208 0.6837137772969684
 0.2540337219730060 0.9140634096424455 0.6842563491927147
 0.2534707826193807 0.9147530499465053 0.6849213037768337
 0.2529894144252556 0.9153420194613001 0.6854874535391331
 0.2525403198547759 0.9158908891419731 0.6860135863354786
 0.2520860395014089 0.9164454987948296 0.6865437662515875
 0.2515817465446828 0.9170604659041970 0.6871299387938419
 0.2510688863336851 0.9176851285915999 0.6877235368153910
 0.2506037631044692 0.9182509957007732 0.6882597012020676
 0.2501444981461149 0.9188091303507797 0.6887870856152408
 0.2496544987552586 0.9194039561573981 0.6893475258560336
 0.2490799986794781 0.9201004975815816 0.6900016149094690
 0.2485923185635769 0.9206910496487414 0.6905542539893175
 0.2481203478500765 0.9212619473790977 0.6910867742572909
 0.2476196109414019 0.9218669659654527 0.6916492469998178
 0.2470337210179827 0.9225739945450960 0.6923041267268036
 0.2465344604931388 0.9231757407965571 0.6928594632145764
 0.2460480624224854 0.9237613321324526 0.6933981293853801
 0.2455190861666430 0.9243974584645069 0.6939813126836049
 0.2449681067337779 0.9250592451447870 0.6945858031909196
 0.2444703921426044 0.9256563576546071 0.6951292161034363
 0.2439732611164455 0.9262521134399626 0.6956694440474237
 0.2433999542493615 0.9269383478128151 0.6962892645214126
 0.2428736112812064 0.9275676088954818 0.6968553251728257
 0.2423838615659734 0.9281524733873310 0.6973795115330483
 0.2418835647840424 0.9287492920895823 0.6979125302756873
 0.2412237768976123 0.9295353879398611 0.6986117306716902
 0.2407109693046408 0.9301455976317683 0.6991522314551842
 0.2402301589447825 0.9307171260790780 0.6996566411121687
 0.2397290565459174 0.9313121542999691 0.7001798633890554
 0.2391101711350204 0.9320461735611483 0.7008225405935604
 0.2386122023420130 0.9326360888976865 0.7013368197665063
 0.2381403013936583 0.9331945568020805 0.7018218664459274
 0.2376506044289327 0.9337735060435257 0.7023228565644242
 0.2369744868866575 0.9345718897213995 0.7030106775764005
 0.2364745428322156 0.9351615277929952 0.7035163815778596
 0.2360077525903318 0.9357115198734247 0.7039863141349748
 0.2355264241440823 0.9362780944722546 0.7044685993916820
 0.2349195482166729 0.9369916652411066 0.7050733458275242
 0.2344203044060987 0.9375780277520129 0.7055680341798404
 0.2339558988537946 0.9381229466874221 0.7060259297875418
 0.2334862623705341 0.9386734909511418 0.7064867606244334
 0.2329628761914725 0.9392864412817922 0.7069977044521469
 0.2324425099796230 0.9398952282077780 0.7075029498442993
 0.2319709715293997 0.9404463543671996 0.7079584088081643
 0.2315082382602659 0.9409866966490628 0.7084031553120711
 0.2310223716705532 0.9415535302502323 0.7088677754835135
 0.2303163223988371 0.9423762926252769 0.7095386409654574
 0.2307870832677108 0.9418278370222221 0.7090919055897756
 0.2303234625233578 0.9423679777880927 0.7095318821444295
 0.2298525375021613 0.9429161376075009 0.7099765457254662
 0.2293888658570694 0.9434553741127285 0.7104121573717603
 0.2289095130611543 0.9440123493365599 0.7108602062697370
 0.2283414995087507 0.9446716911959893 0.7113881007711813
 0.2278313019712088 0.9452633230949752 0.7118594550474200
 0.2273579790762170 0.9458116920755639 0.7122943588986461
 0.2268837400123268 0.9463606404529339 0.7127278053377493
 0.2263695411921170 0.9469553019761541 0.7131951866319356
 0.2258077233437788 0.9476043941543957 0.7137027994752969
 0.2253148856466055 0.9481732442323610 0.7141454848437593
 0.2248364625097915 0.9487249713548784 0.7145729035286952
 0.2243367891301406 0.9493006976908157 0.7150168592660250
 0.2236714419749319 0.9500665160006355 0.7156040915532612
 0.2231503047667567 0.9506657159504919 0.7160608765000124
 0.2226601819087679 0.9512287531665232 0.7164879182303314
 0.2221533602141141 0.9518104646259642 0.7169269050350098
 0.2215199434137429 0.9525367554391313 0.7174718567159859
 0.2209853897235580 0.9531490681888868 0.7179286098927377
 0.2204817311407835 0.9537254769493859 0.7183563589261738
 0.2199619865528771 0.9543197753593600 0.7187951211412476
 0.2193133333813547 0.9550607383403145 0.7193388980932823
 0.2187640657203473 0.9556875391808807 0.7197960046118420
 0.2182437994946912 0.9562807137755404 0.7202261081740060
 0.2176990280895348 0.9569012781695075 0.7206734767637236
 0.2170233477752166 0.9576701901319045 0.7212241360702446
 0.2164681856430995 0.9583013182639468 0.7216731420587343
 0.2159274486115595 0.9589155001915889 0.7221075407727328
 0.2153217436802138 0.9596028380730036 0.7225906901928957
 0.2147329484195925 0.9602703483248118 0.7230568290691644
 0.2141853313042617 0.9608906147594048 0.7234871987558803
 0.2136192455120867 0.9615312368034759 0.7239288289630197
 0.2129492370890901 0.9622887316538646 0.7244472447576097
 0.2123867075358738 0.9629241052282437 0.7248789368941881
 0.2118389386712557 0.9635422778108338 0.7252962193475245
 0.2112193066400454 0.9642409263561696 0.7257646177597887
 0.2106405010020502 0.9648929494024439 0.7261986767705536
 0.2101044129430328 0.9654963448277560 0.7265976756108856
 0.2095584018348733 0.9661104128288420 0.7270010275239662
 0.2088412192679643 0.9669162338142213 0.7275261246333632
 0.2082826219364388 0.9675432822217740 0.7279314035663040
 0.2077584039600654 0.9681312749794152 0.7283088097613174
 0.2072094900757732 0.9687464913012770 0.7287009919132516
 0.2065615732532147 0.9694720469956267 0.7291599966835420
 0.2060241669446999 0.9700733435867920 0.7295375109590784
 0.2055096710042519 0.9706485797933526 0.7298962008791549
 0.2049692960578269 0.9712523050498458 0.7302700353908821
 0.2043151584572876 0.9719825252168299 0.7307185734964038
 0.2037815589703685 0.9725777017588653 0.7310812126922174
 0.2032733017343528 0.9731442094930997 0.7314239301979504
 0.2027438669196541 0.9737339083790446 0.7317781507935349
 0.2020052477965496 0.9745559042690725 0.7322676338790315
 0.2014665426756169 0.9751549116419062 0.7326212003496725
 0.2009611269156160 0.9757165176402695 0.7329502809135698
 0.2004346040177389 0.9763011838278197 0.7332903772723428
 0.1996923088119279 0.9771247744241792 0.7337650990568050
 0.1991550687357871 0.9777203646108242 0.7341052131434789
 0.1986514619631130 0.9782783003537148 0.7344213993167955
 0.1981277829366375 0.9788580992617473 0.7347474976678412
 0.1973163451552535 0.9797557483613264 0.7352474015266405
 0.1978573535718411 0.9791573607293659 0.7349148269825591
 0.1973539902875983 0.9797141235278464 0.7352243537194353
 0.1968468527924662 0.9802747121466006 0.7355336654782613
 0.1963467768048205 0.9808271552056195 0.7358361803712883
 0.1958258297257328 0.9814022993365920 0.7361486921719586
 0.1951370320473032 0.9821622050460469 0.7365577819079185
 0.1945972836405711 0.9827572400965607 0.7368750834161785
 0.1940931234124219 0.9833127005382641 0.7371688832345987
 0.1935770390227876 0.9838809603913706 0.7374670610175141
 0.1929702129777020 0.9845487025240872 0.7378143515578424
 0.1924214158072713 0.9851521914200190 0.7381253544009924
 0.1919126703724871 0.9857113019435866 0.7384110542341459
 0.1914024346136945 0.9862717295344998 0.7386950781478754
 0.1908443418068108 0.9868843575602516 0.7390028690484630
 0.1902596687408851 0.9875257591162725 0.7393221135796304
 0.1897377944119436 0.9880979231928649 0.7396043104799632
 0.1892277783817876 0.9886567744496279 0.7398775899692871
 0.1886909519462184 0.9892446735914594 0.7401625641822487
 0.1879744848054731 0.9900287832316400 0.7405386331619657
 0.1874285847332958 0.9906258271920791 0.7408218975944696
 0.1869122263906752 0.9911902508045679 0.7410872313363536
 0.1863739555720015 0.9917783081552102 0.7413611444709600
 0.1855825195713073 0.9926423635149549 0.7417589566587437
 0.1861101817951230 0.9920663616177740 0.7414943790319368
 0.1855924584249423 0.9926315169753767 0.7417539971072603
 0.1850664644112010 0.9932054005783295 0.7420152136227935
 0.1845459922670941 0.9937729648596726 0.7422711704340962
 0.1840003010391081 0.9943677185334786 0.7425368450586128
 0.1831999081182588 0.9952395041100184 0.7429215510699855
 0.1837335406951123 0.9946583479661828 0.7426657196079978
 0.1832086472945174 0.9952299890509001 0.7429173825495614
 0.1826755115702972 0.9958103125139243 0.7431703958360055
 0.1821465731594170 0.9963857774907839 0.7434188371250813
 0.1815885208993448 0.9969926078950330 0.7436781902930093
 0.1808596758740273 0.9977846872748423 0.7440127002429012
 0.1802921109030824 0.9984011280569659 0.7442699209817054
 0.1797504631483292 0.9989891246902175 0.7445127498463872
 0.1791778299142215 0.9996104484519477 0.7447666676036985
 0.1784831846003152  1.000363736813560 0.7450708215302264
 0.1779102893690138  1.000984653055150 0.7453184797856783
 0.1773572779937096  1.001583727805733 0.7455548250115205
 0.1767677255757401  1.002222076354980 0.7458038786993311
 0.1760917219436308  1.002953641638584 0.7460858133748957
 0.1755111627566857  1.003581589614801 0.7463248794364665
 0.1749438586599602  1.004194911365724 0.7465557728157953
 0.1743297386347848  1.004858528411430 0.7468026931500851
 0.1736701441697956  1.005570921503678 0.7470643684615724
 0.1730814636504017  1.006206410542615 0.7472947990445319
 0.1724967086188732  1.006837373086358 0.7475207717584745
 0.1718433821239509  1.007541989815687 0.7477697919105516
 0.1711968941813889  1.008238887310011 0.7480126123908709
 0.1705991954726479  1.008882891507798 0.7482339078057693
 0.1699906555451435  1.009538285332339 0.7484560197908660
 0.1692419107164653  1.010344281913343 0.7487248068569701
 0.1686278233799666  1.011005003060509 0.7489415078123224
