RUNGE KUTTA: X Z PHI
 0.4997932291431514 0.3948996386188214E-01 0.5235987755982988E-02
 0.4984462654170009 0.1974420937315224 0.1532237263527017E-01
 0.4995175346673532 0.9214324901105833E-01 0.5235987757387583E-02
 0.4997013309845520 0.5704105891160754E-01 0.5235987755982988E-02
 0.4993336405544462 0.1272454385980591 0.5324205250896784E-02
 0.4995788001064195 0.8044251897790806E-01 0.5235987755982988E-02
 0.4992967684615889 0.1339821981879983 0.5491605716259664E-02
 0.4994853548659176 0.9828908172337458E-01 0.5235991075984192E-02
 0.4995476516937613 0.8639137322640131E-01 0.5235987755990303E-02
 0.4995068867642497 0.9417683009949121E-01 0.5235987875218936E-02
 0.4995340633839629 0.8898652551743148E-01 0.5235987756310179E-02
 0.4995064489640123 0.9426044301866462E-01 0.5235987889677688E-02
 0.4994844231435058 0.9846702541267442E-01 0.5235991861493702E-02
 0.4994660745232719 0.1019713119410645 0.5236021258587267E-02
 0.4994485671600728 0.1053148872966741 0.5236153776976941E-02
 0.4994315462838195 0.1085653885003146 0.5236606136122352E-02
 0.4994176088509404 0.1112266894142930 0.5237583458503253E-02
 0.4994052890650366 0.1135784943327190 0.5239398902174227E-02
 0.4993942644707099 0.1156821058201833 0.5242361911445195E-02
 0.4993840533681915 0.1176291165052629 0.5246897689824379E-02
 0.4993738511882439 0.1195723049006188 0.5253959614314381E-02
 0.4993620097359160 0.1218235796281156 0.5266669765587870E-02
 0.4993523022287724 0.1236642311201659 0.5281989092718498E-02
 0.4993433645716852 0.1253534047284169 0.5301091559477561E-02
 0.4993340310263408 0.1271099307373979 0.5327261765833025E-02
 0.4993245556241708 0.1288831158042142 0.5361491304259264E-02
 0.4993158537504482 0.1305004287932247 0.5400657128445313E-02
 0.4993068380181009 0.1321624643589687 0.5449859691171182E-02
 0.4992975788433328 0.1338523444893956 0.5510230944732105E-02
 0.4992891163429571 0.1353794209925493 0.5574518284286181E-02
 0.4992796900404334 0.1370583183589103 0.5656561431919200E-02
 0.4992709914819219 0.1385847898734409 0.5742027025147090E-02
 0.4992625227090277 0.1400481376592871 0.5834021880657205E-02
 0.4992526566428841 0.1417226853955339 0.5951605999760322E-02
 0.4992440766590097 0.1431511874964377 0.6062433146686594E-02
 0.4992347206180852 0.1446784010434641 0.6191703170696198E-02
 0.4992257861109510 0.1461064506758267 0.6322628630715602E-02
 0.4992168092393272 0.1475110506122538 0.6460873062186179E-02
 0.4992074038786278 0.1489500876371257 0.6612357813949306E-02
 0.4991983057002918 0.1503104715258795 0.6764852177185230E-02
 0.4991887854090074 0.1517009468978135 0.6930086330677146E-02
 0.4991794716031641 0.1530290657828854 0.7096646435219505E-02
 0.4991697217041839 0.1543859722705558 0.7275250505576823E-02
 0.4991600922047997 0.1556935188159034 0.7454730814151606E-02
 0.4991502442276238 0.1569983833385424 0.7640235411472918E-02
 0.4991402112923835 0.1582954711667838 0.7830293144118322E-02
 0.4991300983995398 0.1595713739254979 0.8022326293617654E-02
 0.4991195514444492 0.1608698965719999 0.8222672441612301E-02
 0.4991088922761265 0.1621504879119478 0.8424984475007943E-02
 0.4990977643456106 0.1634550130461087 0.8635932280862296E-02
 0.4990865047496946 0.1647429546810179 0.8849068111602359E-02
 0.4990747768157840 0.1660519222575118 0.9070651009483765E-02
 0.4990630114814105 0.1673333539929111 0.9292435371355929E-02
 0.4990506456579925 0.1686476699845874 0.9525003611190115E-02
 0.4990383335448586 0.1699248065639605 0.9756044172117791E-02
 0.4990254208497692 0.1712321843061477 0.9997778251391087E-02
 0.4990124456915248 0.1725144614706862 0.1024008274752547E-01
 0.4989992031037611 0.1737922871487493 0.1048681462737177E-01
 0.4989855970502606 0.1750742778811743 0.1073973652401692E-01
 0.4989720231269631 0.1763235378564090 0.1099140735105380E-01
 0.4989579237200072 0.1775912699867067 0.1125207921289638E-01
 0.4989439446097090 0.1788195547179144 0.1150979288039209E-01
 0.4989292826159823 0.1800786763178731 0.1177929265481838E-01
 0.4989147587229300 0.1812978938693299 0.1204535457658889E-01
 0.4988994754833141 0.1825521625813884 0.1232428363553863E-01
 0.4988845229874705 0.1837521598380090 0.1259612359241966E-01
 0.4988686980587630 0.1849943400023571 0.1288264203423650E-01
 0.4988534479108861 0.1861655876242051 0.1315750133342049E-01
 0.4988378851376884 0.1873359414916058 0.1343667570320547E-01
 0.4988217204888831 0.1885261443162855 0.1372530731856825E-01
 0.4988060948714687 0.1896531484142203 0.1400313765306764E-01
 0.4987886720794130 0.1908837544262564 0.1431167201239795E-01
 0.4987720137322773 0.1920358474263817 0.1460554297742427E-01
 0.4987540372596616 0.1932534222392639 0.1492159240295929E-01
 0.4987361765616027 0.1944379136666199 0.1523462802224183E-01
 0.4987175682142859 0.1956464114634291 0.1555973204054509E-01
 0.4986997001157459 0.1967833369173384 0.1587084326273913E-01
 0.4986805639867719 0.1979765294780917 0.1620286128265027E-01
 0.4986626922974266 0.1990690363175543 0.1651186795699312E-01
 0.4986429340576308 0.2002533598098689 0.1685226137355130E-01
 0.4986243251126334 0.2013471558211038 0.1717160171937689E-01
 0.4986043626105361 0.2024981639613725 0.1751279148641581E-01
 0.4985845512997997 0.2036185337838374 0.1785003777196999E-01
 0.4985645101832065 0.2047306022043203 0.1818986107142935E-01
 0.4985432071438454 0.2058901827257275 0.1854958351283943E-01
 0.4985227598541961 0.2069822622691785 0.1889337337535638E-01
 0.4985002737463916 0.2081605677700686 0.1926980894314538E-01
 0.4984793610457927 0.2092359828648630 0.1961842866804712E-01
 0.4984563111834261 0.2103994212110224 0.2000101849519335E-01
 0.4984349049419515 0.2114601748719916 0.2035471349715823E-01
 0.4984110069969562 0.2126228853137392 0.2074773498627156E-01
 0.4983887491740081 0.2136861955217822 0.2111209827525864E-01
 0.4983655381355945 0.2147757086530243 0.2149038375631288E-01
 0.4983418890376158 0.2158662732459410 0.2187402289591053E-01
 0.4983188624383285 0.2169099425904549 0.2224581175789055E-01
 0.4982929649439490 0.2180631368395881 0.2266194551016072E-01
 0.4982693707283414 0.2190955158127275 0.2303929946648071E-01
 0.4982427849128800 0.2202387642032595 0.2346250238520647E-01
 0.4982183631185822 0.2212709631777972 0.2384935337960336E-01
 0.4981923125959293 0.2223537443791194 0.2425998732271611E-01
 0.4981665443483593 0.2234069465119862 0.2466419147147016E-01
 0.4981411209454014 0.2244293049770026 0.2506112167688548E-01
 0.4981122761405429 0.2255698620814370 0.2550922290216731E-01
 0.4980863538647182 0.2265779286200183 0.2590985013676287E-01
 0.4980568180448796 0.2277077335122541 0.2636396161953461E-01
 0.4980299998899914 0.2287168845123887 0.2677419706255875E-01
 0.4980017502589528 0.2297633462155835 0.2720423750580620E-01
 0.4979732598139630 0.2308021392059390 0.2763575623949752E-01
 0.4979456385892956 0.2317938987687250 0.2805199324794582E-01
 0.4979138905493213 0.2329158545778988 0.2852790474103502E-01
 0.4978855545541522 0.2339015653354494 0.2895049591425941E-01
 0.4978539558709463 0.2349839785351636 0.2941938835661514E-01
 0.4978243192019983 0.2359836480059982 0.2985689266693572E-01
 0.4977945553815162 0.2369729986137320 0.3029405425858641E-01
 0.4977614218713647 0.2380577361879493 0.3077817128709109E-01
 0.4977314195162527 0.2390253717138199 0.3121433368784532E-01
 0.4976964820905828 0.2401353088801988 0.3171965513331755E-01
 0.4976652481317776 0.2411127483565699 0.3216903843517430E-01
 0.4976331223172129 0.2421039807969279 0.3262891902777948E-01
 0.4975993162771535 0.2431321103628580 0.3311037468945886E-01
 0.4975675967594568 0.2440833013623460 0.3355989474366961E-01
 0.4975303563303320 0.2451839530530559 0.3408494925215897E-01
 0.4974973819310084 0.2461444847549214 0.3454738523314585E-01
 0.4974631692753370 0.2471276139762897 0.3502472605705708E-01
 0.4974276404232795 0.2481345088688288 0.3551785009792352E-01
 0.4973941234884858 0.2490716729714292 0.3598072594244930E-01
 0.4973544630050162 0.2501651936859209 0.3652556944196409E-01
 0.4973195715696765 0.2511138411436839 0.3700229130824548E-01
 0.4972836004519647 0.2520791546679153 0.3749120751689745E-01
 0.4972457309337208 0.2530819278257029 0.3800319789258230E-01
 0.4972103761655301 0.2540060101030429 0.3847875781560064E-01
 0.4971683132695324 0.2550906878303378 0.3904154455984579E-01
 0.4971313052246809 0.2560321842022125 0.3953397960662481E-01
 0.4970937985326068 0.2569744943970275 0.4003044936809970E-01
 0.4970527321470520 0.2579929488710920 0.4057111533600531E-01
 0.4970153991788573 0.2589071214242319 0.4106008032429041E-01
 0.4969731792875841 0.2599279529023312 0.4161019152067660E-01
 0.4969339485087939 0.2608645034231565 0.4211862334726536E-01
 0.4968951457028342 0.2617797965112707 0.4261890978386802E-01
 0.4968487810297704 0.2628594980750613 0.4321337722044079E-01
 0.4968091226383795 0.2637713245545761 0.4371910698654113E-01
 0.4967665629560396 0.2647382126357676 0.4425908528527962E-01
 0.4967245832800369 0.2656804507443617 0.4478891261301837E-01
 0.4966842236098182 0.2665758894093933 0.4529566272164117E-01
 0.4966353315135766 0.2676473287890895 0.4590614690055857E-01
 0.4965932956303992 0.2685572022017976 0.4642815898718570E-01
 0.4965504010950736 0.2694751867422663 0.4695819648118123E-01
 0.4965039239731477 0.2704582319930736 0.4752951679208951E-01
 0.4964615665077795 0.2713439145653582 0.4804747755042894E-01
 0.4964145617201460 0.2723156753332299 0.4861926687045723E-01
 0.4963697088294977 0.2732323618126649 0.4916204013920922E-01
 0.4963261236158601 0.2741135030000388 0.4968692077989256E-01
 0.4962729143328975 0.2751766895229621 0.5032435128031704E-01
 0.4962276928744709 0.2760697460365498 0.5086318710484628E-01
 0.4961814099861259 0.2769740281191327 0.5141192006689477E-01
 0.4961314642707588 0.2779391196055598 0.5200105094828939E-01
 0.4960859263513265 0.2788095640984290 0.5253556495336513E-01
 0.4960358636758053 0.2797563423325409 0.5312038161829995E-01
 0.4959873822883851 0.2806633381745579 0.5368392999928325E-01
 0.4959407095783999 0.2815275505546380 0.5422384659377052E-01
 0.4958831807190777 0.2825810248351917 0.5488589000712552E-01
 0.4958343402776188 0.2834654749867375 0.5544506304735396E-01
 0.4957853535156869 0.2843436619840403 0.5600334091301658E-01
 0.4957290460966353 0.2853423405204471 0.5664188800314090E-01
 0.4956799235967173 0.2862044360762230 0.5719616576622817E-01
 0.4956277165993777 0.2871115564693321 0.5778240213117898E-01
 0.4955747166674869 0.2880230909567429 0.5837462098574436E-01
 0.4955248968886669 0.2888715379919996 0.5892871552861454E-01
 0.4954686879232059 0.2898192699477891 0.5955091663912063E-01
 0.4954158528799897 0.2907011296735967 0.6013290344704200E-01
 0.4953646315062482 0.2915479450062397 0.6069444486144492E-01
 0.4953006877082223 0.2925941674990606 0.6139182909500073E-01
 0.4952471704187825 0.2934606999519683 0.6197251186167747E-01
 0.4951935605034431 0.2943206271832096 0.6255156455452281E-01
 0.4951312543562137 0.2953100982495185 0.6322126502587942E-01
 0.4950774314857443 0.2961564442571433 0.6379692382000157E-01
 0.4950208864991614 0.2970374050939322 0.6439885261590825E-01
 0.4949621343767762 0.2979440696336583 0.6502127196369906E-01
 0.4949077026356812 0.2987763455588610 0.6559528829690327E-01
 0.4948481751031244 0.2996782355494459 0.6622020799580351E-01
 0.4947896463348634 0.3005567284519062 0.6683174694595787E-01
 0.4947340573002587 0.3013836804457509 0.6740988365114924E-01
 0.4946708508788671 0.3023153716861418 0.6806408341674833E-01
 0.4946119279709519 0.3031758861545265 0.6867100682875850E-01
 0.4945549283916832 0.3040010988358565 0.6925550856236909E-01
 0.4944857313188357 0.3049935848253755 0.6996168887357052E-01
 0.4944260325791922 0.3058418136437165 0.7056791777429199E-01
 0.4943671348092156 0.3066715435989681 0.7116325642208844E-01
 0.4942930169429567 0.3077058727182698 0.7190861364217935E-01
 0.4942324922213522 0.3085425776675533 0.7251421933967318E-01
 0.4941708785482990 0.3093871803160429 0.7312798254515369E-01
 0.4941026850527312 0.3103137443657509 0.7380408179449328E-01
 0.4940419582213270 0.3111317303931282 0.7440328742749384E-01
 0.4939781261906652 0.3119844623778042 0.7503022319866913E-01
 0.4939107660840092 0.3128766231666248 0.7568865253879609E-01
 0.4938490805377316 0.3136868339774593 0.7628887141290756E-01
 0.4937831727890600 0.3145454759304760 0.7692735094634211E-01
 0.4937154596760970 0.3154202356219089 0.7758029360055643E-01
 0.4936526296221017 0.3162253411853175 0.7818338913015341E-01
 0.4935847365671736 0.3170883601380460 0.7883211500253644E-01
 0.4935162755018402 0.3179514247142046 0.7948323453901796E-01
 0.4934522369879282 0.3187523466632699 0.8008963891867275E-01
 0.4933824458607854 0.3196183246870424 0.8074766956057518E-01
 0.4933130193005831 0.3204727906831641 0.8139932109518909E-01
 0.4932477455501096 0.3212699159312445 0.8200929599137280E-01
 0.4931761868141905 0.3221369942792330 0.8267501322343856E-01
 0.4931056490057407 0.3229848801081472 0.8332824911739106E-01
 0.4930391293029961 0.3237783840814645 0.8394164799216107E-01
 0.4929659748455862 0.3246443489253131 0.8461333579077424E-01
 0.4928941765100736 0.3254875851293610 0.8526960778659602E-01
 0.4928263992557448 0.3262776460446746 0.8588639164792769E-01
 0.4927518584017143 0.3271400064578784 0.8656165982814386E-01
 0.4926786573115146 0.3279803273981966 0.8722173548353478E-01
 0.4926096049731006 0.3287671965317738 0.8784171372493418E-01
 0.4925338769699580 0.3296237581062430 0.8851869064655450E-01
 0.4924591123778593 0.3304630010556673 0.8918403908850911E-01
 0.4923887649231307 0.3312469455729076 0.8980732028678010E-01
 0.4923120391728172 0.3320957707934336 0.9048408133381056E-01
 0.4922355513232531 0.3329356482930565 0.9115567978435489E-01
 0.4921638923754617 0.3337168872802252 0.9178220346498862E-01
 0.4920863417704612 0.3345563512740862 0.9245739557988271E-01
 0.4920079136850012 0.3353990800898319 0.9313722980325749E-01
 0.4919349159582596 0.3361779292445392 0.9376726270974059E-01
 0.4918566747815030 0.3370069127853043 0.9443963823719227E-01
 0.4917760184034650 0.3378553077147233 0.9512969046294034E-01
 0.4917016303380561 0.3386323094195658 0.9576344039711077E-01
 0.4916227552781298 0.3394505594011563 0.9643268395486342E-01
 0.4915394937961411 0.3403081510256091 0.9713609944079402E-01
 0.4914636373686742 0.3410840589711860 0.9777420182685137E-01
 0.4913841009224859 0.3418921659870345 0.9844043494418456E-01
 0.4912978070379352 0.3427627413014830 0.9916006224471141E-01
 0.4912203916616076 0.3435383623332697 0.9980289847790878E-01
 0.4911400813788507 0.3443377011757239 0.1004670924702515
 0.4910503264390650 0.3452247862253869 0.1012061759112029
 0.4909712685858271 0.3460007727570396 0.1018543250489204
 0.4908900218740370 0.3467930910828959 0.1025176240774277
 0.4907965877757355 0.3476979181102186 0.1032769759473523
 0.4907158550861469 0.3484743749552000 0.1039302279120484
 0.4906334962867082 0.3492614323490518 0.1045939670233777
 0.4905364986898901 0.3501819722690910 0.1053722425441646
 0.4904541153604616 0.3509584659572457 0.1060303068060836
 0.4903705171208024 0.3517414731840066 0.1066952902438573
 0.4902703736037644 0.3526730157209612 0.1074882506797710
 0.4901864038443435 0.3534487977721308 0.1081501903800745
 0.4901014884998669 0.3542284741096600 0.1088169235024829
 0.4899985233803219 0.3551674607775683 0.1096218139176144
 0.4899130089708994 0.3559420498182811 0.1102872901216392
 0.4898267507171857 0.3567186273284933 0.1109557808185350
 0.4897211225738139 0.3576632055971972 0.1117706494105478
 0.4896340835095127 0.3584363585537209 0.1124391184344923
 0.4895464654305960 0.3592099962204231 0.1131093782522920
 0.4894381436340693 0.3601600883007602 0.1139343544243163
 0.4893495724429713 0.3609318160942502 0.1146058667610017
 0.4892605803817633 0.3617026397335624 0.1152777914989727
 0.4891496116189445 0.3626575084883068 0.1161118025904051
 0.4890595120171188 0.3634277354250186 0.1167859232669074
 0.4889691288193568 0.3641959008061194 0.1174595022728512
 0.4888554977469434 0.3651553799015632 0.1183025751476659
 0.4887638626492304 0.3659241263098902 0.1189793684148809
 0.4886720789472729 0.3666897158846920 0.1196544814463792
 0.4885558292721870 0.3676531609185060 0.1205056224887174
 0.4884626624624447 0.3684203651762814 0.1211846877872434
 0.4883694674306692 0.3691834790784784 0.1218613053436902
 0.4882505053944709 0.3701514024845522 0.1227211714299904
 0.4881557904301841 0.3709171666740079 0.1234026810662337
 0.4880611715901670 0.3716779083126588 0.1240807412188737
 0.4879396177101140 0.3726490833957499 0.1249478420545833
 0.4878433650433303 0.3734133012918190 0.1256313843968657
 0.4877473162349520 0.3741717313201065 0.1263108543158074
 0.4876230032042309 0.3751472585777814 0.1271864131302159
 0.4875251926563799 0.3759100618195656 0.1278722230980252
 0.4874277092194729 0.3766662178582202 0.1285530181307794
 0.4873006724122328 0.3776455730592547 0.1294361913104577
 0.4872013058705285 0.3784069234758003 0.1301239354065176
 0.4871023762326322 0.3791609016634201 0.1308060662456637
 0.4869724682949667 0.3801449723663926 0.1316979040660741
 0.4868715227246536 0.3809050154710196 0.1323878291728273
 0.4867711311942414 0.3816569305511214 0.1330712748720288
 0.4866385444205383 0.3826440298453323 0.1339698435114073
 0.4865360321578135 0.3834026539341808 0.1346615274032316
 0.4864341723800015 0.3841525601221864 0.1353462423789153
 0.4862986600652621 0.3851443027736992 0.1362532402806243
 0.4861945508465581 0.3859017027571648 0.1369469717784942
 0.4860912030736936 0.3866497376491794 0.1376329603601714
 0.4859531149333301 0.3876433665051098 0.1385454544009982
 0.4858474375176238 0.3883993223716538 0.1392407192261013
 0.4857426156269561 0.3891453970160570 0.1399278177184816
 0.4856022484235051 0.3901386874975822 0.1408439887622614
 0.4854950062050108 0.3908931803001832 0.1415408968693563
 0.4853887625950730 0.3916369510335347 0.1422286840308733
 0.4852461896514183 0.3926293540769139 0.1431475986120712
 0.4851373601781030 0.3933825521708693 0.1438460004410091
 0.4850297463514708 0.3941237062831562 0.1445341017576028
 0.4848849743646558 0.3951151620448288 0.1454559101400512
 0.4847745168177837 0.3958673511605500 0.1461561939335848
 0.4846655877532504 0.3966055665530136 0.1468441907281332
 0.4845186179770282 0.3975960557005394 0.1477684151449672
 0.4844064921109589 0.3983475080966257 0.1484704980770679
 0.4842962952620066 0.3990825332644550 0.1491580280718448
 0.4841471190267947 0.4000721072035346 0.1500848785190478
 0.4840332661602046 0.4008232036007818 0.1507892256007809
 0.4839218389011239 0.4015548632080994 0.1514759946535476
 0.4837739089636843 0.4025210326941658 0.1523838525838802
 0.4836584698279731 0.4032709519417691 0.1530893201424239
 0.4835460799418196 0.4039977035819922 0.1537737139442600
 0.4834062458574614 0.4048973539520615 0.1546219109720486
 0.4832892155846378 0.4056464526323310 0.1553289385373878
 0.4831763312728667 0.4063657433013095 0.1560084345033423
 0.4830473138933025 0.4071839510425598 0.1567820715907063
 0.4829272639514080 0.4079416177423276 0.1574991638239376
 0.4828136457687910 0.4086554739158540 0.1581754588964284
 0.4826917991377256 0.4094175941416542 0.1588982208349183
 0.4825641051561818 0.4102125208270666 0.1596528831676843
 0.4824482907198716 0.4109302019037987 0.1603348447080231
 0.4823296752168601 0.4116620344511505 0.1610308250610148
 0.4821776045889742 0.4125955940480006 0.1619194910364648
 0.4820571626772429 0.4133312995839361 0.1626205340191050
 0.4819381601047679 0.4140550547179932 0.1633108475386408
 0.4817788059162409 0.4150193696163093 0.1642316035123913
 0.4816555510388313 0.4157614726786267 0.1649408898369545
 0.4815356999281558 0.4164799776117737 0.1656281420380940
 0.4813883580025878 0.4173591478781832 0.1664697466247959
 0.4812634120112598 0.4181011506121117 0.1671806623021430
 0.4811433104473363 0.4188113652998997 0.1678616978339665
 0.4810086637170396 0.4196041153612083 0.1686225571813869
 0.4808795026330065 0.4203611555243618 0.1693497711787886
 0.4807584171799495 0.4210678643894863 0.1700291314868474
 0.4806308530605876 0.4218092838479842 0.1707423341709120
 0.4804894775955441 0.4226273032226564 0.1715298007739318
 0.4803651752745105 0.4233433824295172 0.1722196853985059
 0.4802400337013578 0.4240613515844459 0.1729119501210773
 0.4800698057843366 0.4250333084039192 0.1738499960201973
 0.4799401087876236 0.4257702658632912 0.1745618598316602
 0.4798140190164273 0.4264837969333251 0.1752515491504827
 0.4796588290098235 0.4273580865261550 0.1760972254491020
 0.4795275357081419 0.4280944151353521 0.1768100158590759
 0.4794014155553902 0.4287988870554315 0.1774924995307644
 0.4792606230657527 0.4295820593575485 0.1782518573656130
 0.4791245654397626 0.4303356676625075 0.1789831414642202
 0.4789974256618685 0.4310370477603202 0.1796642098301195
 0.4788642645335593 0.4317687431842839 0.1803751559600176
 0.4787128679150118 0.4325970736473845 0.1811805518588325
 0.4785819501744997 0.4333103349218227 0.1818745866995277
 0.4784510886080846 0.4340205189219411 0.1825661481441563
 0.4782839898884254 0.4349233802595681 0.1834460785580036
 0.4781481318268298 0.4356541903954716 0.1841588764296472
 0.4780170828592044 0.4363563991847361 0.1848441799307137
 0.4778675139113043 0.4371546029576842 0.1856236194537410
 0.4777279948209493 0.4378960931331283 0.1863481383097589
 0.4775964514702313 0.4385925020232067 0.1870290572687880
 0.4774570621329791 0.4393276264256939 0.1877483284949617
 0.4773049833493519 0.4401263970923940 0.1885304257480138
 0.4771702069046297 0.4408314633580727 0.1892211928423732
 0.4770344663932203 0.4415389175943467 0.1899146439531451
 0.4768562745454224 0.4424636213962834 0.1908215565979788
 0.4767155931518509 0.4431904996377898 0.1915349065959612
 0.4765795896061110 0.4438905793912888 0.1922223859059204
 0.4764216561886248 0.4447003351604230 0.1930181041698007
 0.4762779362413029 0.4454342517037599 0.1937397537510696
 0.4761417816236302 0.4461269581172218 0.1944212247466060
 0.4759963551530008 0.4468640958235369 0.1951467396791796
 0.4758413363416526 0.4476467712702263 0.1959174695344994
 0.4757022828583631 0.4483461603145119 0.1966065790560958
 0.4755616058898483 0.4490511634831162 0.1973016382747086
 0.4753723626159389 0.4499955534080126 0.1982333599130653
 0.4752266942227583 0.4507193960797091 0.1989479381959347
 0.4750857034567604 0.4514174609958118 0.1996373790965946
 0.4749198048662719 0.4522356896149943 0.2004458689740028
 0.4747716224924678 0.4529636833229270 0.2011655686626869
 0.4746308024912794 0.4536530350027592 0.2018474352179223
 0.4744795309703124 0.4543908925620578 0.2025777004780937
 0.4743206852567473 0.4551627624672718 0.2033420617851905
 0.4741772174986125 0.4558573516775293 0.2040302138623147
 0.4740316936203450 0.4565594425543743 0.2047260568986284
 0.4738327919259742 0.4575151067207198 0.2056736257820203
 0.4736821795953276 0.4582357513347616 0.2063885264132986
 0.4735363575760314 0.4589310359695331 0.2070786078924619
 0.4733638600487804 0.4597504430855175 0.2078923147257585
 0.4732110009085547 0.4604738129249381 0.2086109938775961
 0.4730655738548517 0.4611596379923581 0.2092926118550349
 0.4729091035351646 0.4618949824313535 0.2100236745136398
 0.4727453803924757 0.4626615994805153 0.2107861013660846
 0.4725973165302205 0.4633524413300751 0.2114734582165714
 0.4724471424216774 0.4640507731619413 0.2121685906608540
 0.4722448794655884 0.4649876146592879 0.2131016530789662
 0.4720894764840323 0.4657045467399090 0.2138160388531157
 0.4719392960114185 0.4663950459735378 0.2145043209239686
 0.4717649116121837 0.4671939731941279 0.2153009599211133
 0.4716065042541483 0.4679170683975124 0.2160222805717444
 0.4714565344511114 0.4685993591952288 0.2167032076777175
 0.4712971197603599 0.4693222014913963 0.2174249646538990
 0.4711240503229765 0.4701041646658209 0.2182061495139471
 0.4709704897669032 0.4707955701547967 0.2188971552274607
 0.4708163532136646 0.4714873094660332 0.2195887176090194
 0.4706256972281805 0.4723398407497923 0.2204413240751820
 0.4704653454706034 0.4730542355152943 0.2211560692540907
 0.4703117463975898 0.4737363153150138 0.2218387719947713
 0.4701431208109242 0.4744826323767789 0.2225861083903108
 0.4699746189613228 0.4752258225239978 0.2233306277069222
 0.4698193978720186 0.4759081766965898 0.2240144185780895
 0.4696601767631754 0.4766058837677096 0.2247137616099292
 0.4694367042950845 0.4775813679059941 0.2256918095288267
 0.4692731584545589 0.4782925017611677 0.2264050642406454
 0.4691139053601928 0.4789827482088435 0.2270976135250498
 0.4689189209813549 0.4798249072192092 0.2279429052409843
 0.4687535644287691 0.4805365741110932 0.2286574439009850
 0.4685953912678746 0.4812151758793113 0.2293389189937634
 0.4684230133796866 0.4819523483992862 0.2300793327355353
 0.4682482533736619 0.4826972069246786 0.2308276141528946
 0.4680881312672361 0.4833774856437301 0.2315111967304792
 0.4679247285092251 0.4840695618625457 0.2322068463780759
 0.4676938309576561 0.4850438555574247 0.2331865276814400
 0.4675248889606450 0.4857540406997205 0.2339008453926837
 0.4673613791265360 0.4864392542330924 0.2345901610028356
 0.4671675356141434 0.4872488886832362 0.2354047784986532
 0.4669966707146257 0.4879601434299177 0.2361205737903800
 0.4668341280979589 0.4886346836109674 0.2367996121263347
 0.4666602883973195 0.4893538897665378 0.2375238485150085
 0.4664754103483941 0.4901162723343070 0.2382918067086191
 0.4663095758513366 0.4907979594977203 0.2389786401954287
 0.4661426574493309 0.4914820523682467 0.2396680053259941
 0.4659374100677547 0.4923204379879222 0.2405129875292690
 0.4657637709483398 0.4930273275865686 0.2412255920999094
 0.4655977398054024 0.4937012197516540 0.2419051061806183
 0.4654177347059681 0.4944296120788477 0.2426397821567078
 0.4652335099615867 0.4951727107721404 0.2433894793552540
 0.4650652579588524 0.4958493058241138 0.2440721887056795
 0.4648944374396742 0.4965342203555617 0.2447633471151168
 0.4646700608334960 0.4974308231837318 0.2456681916660045
 0.4644931950454183 0.4981351574490845 0.2463790943732355
 0.4643232141028988 0.4988100847931421 0.2470604363706027
 0.4641334748425903 0.4995611811860208 0.2478188225287545
 0.4639506375974342 0.5002826959167396 0.2485474551148195
 0.4637800679509275 0.5009538177526023 0.2492252466012360
 0.4636040370386243 0.5016444378450416 0.2499227420590243
 0.4633803231153191 0.5025192421584193 0.2508062801821684
 0.4632020779516356 0.5032139522905916 0.2515079974594744
 0.4630284171570506 0.5038888550811208 0.2521898152571131
 0.4628280761834221 0.5046650874663992 0.2529741458848552
 0.4626443431722897 0.5053747690519776 0.2536913323866655
 0.4624710941301992 0.5060420417361771 0.2543657004150279
 0.4622894807682673 0.5067395518023248 0.2550706359977602
 0.4620817318884486 0.5075349773172818 0.2558745525810621
 0.4619028361108536 0.5082178436687539 0.2565647749466386
 0.4617263077978206 0.5088897959062898 0.2572440672321297
 0.4615220375821042 0.5096650389912043 0.2580279123220823
 0.4613349604150350 0.5103728767324518 0.2587436885054981
 0.4611587124036942 0.5110378717069044 0.2594161597656675
 0.4609740241811924 0.5117327823239498 0.2601188634460996
 0.4607618346957392 0.5125287521021138 0.2609237375685063
 0.4605797130057868 0.5132098867236407 0.2616125118100860
 0.4604002373444153 0.5138792930316225 0.2622894793345109
 0.4601936365185929 0.5146476367669024 0.2630665695301989
 0.4600027609670826 0.5153553912989961 0.2637824006507631
 0.4598234417134163 0.5160184671181418 0.2644530033757383
 0.4596362266583337 0.5167088642616220 0.2651511568107331
 0.4594164867640780 0.5175167805713995 0.2659680472440112
 0.4592306648147567 0.5181979657327999 0.2666567543455535
 0.4590482869225888 0.5188647358616497 0.2673308875442243
 0.4588398606380230 0.5196245846274867 0.2680991380484344
 0.4586452032060966 0.5203321789676638 0.2688145315838729
 0.4584628730174756 0.5209931744750763 0.2694827416406075
 0.4582733571135571 0.5216784009466476 0.2701753412133713
 0.4580439677035533 0.5225053366975496 0.2710110403321954
 0.4578542599034811 0.5231872039506640 0.2717000701509387
 0.4576689580479346 0.5238514849652446 0.2723713173845849
 0.4574582407833618 0.5246047915350038 0.2731325230117717
 0.4572599986024327 0.5253114903041017 0.2738465976412368
 0.4570746844477572 0.5259703547518354 0.2745122585966983
 0.4568827059673788 0.5266511456871800 0.2751999551497639
 0.4566428797077551 0.5274991068757573 0.2760563555739467
 0.4564492435989443 0.5281817370949268 0.2767456939427919
 0.4562608793290586 0.5288440688697482 0.2774145033176170
 0.4560472329706750 0.5295932685808767 0.2781710047990127
 0.4558454430932912 0.5302989250922435 0.2788834791244703
 0.4556570351186012 0.5309560747479206 0.2795468742528920
 0.4554622512219303 0.5316337394737601 0.2802308358438739
 0.4552127236316945 0.5324993214667826 0.2811042461958867
 0.4550152830517139 0.5331822150221255 0.2817931852462373
 0.4548238079266394 0.5338427976626143 0.2824595423994978
 0.4546069282607150 0.5345890445185674 0.2832122301026249
 0.4544017062699767 0.5352932568335179 0.2839223990818604
 0.4542102462637179 0.5359485727992142 0.2845830961611874
 0.4540125959806898 0.5366233953815158 0.2852632550070708
 0.4537539584103560 0.5375038837733097 0.2861503885310354
 0.4535528831257840 0.5381864233450520 0.2868378738416807
 0.4533583136549492 0.5388452372899584 0.2875013323250845
 0.4531377650210535 0.5395900786902503 0.2882512844304367
 0.4529294245487787 0.5402918130329133 0.2889576672791193
 0.4527350397612563 0.5409449093570744 0.2896148999268773
 0.4525344349604085 0.5416172636662341 0.2902912905365403
 0.4522689306661574 0.5425045964583191 0.2911836184536925
 0.4520644590540280 0.5431859967647436 0.2918686529928015
 0.4518668018137876 0.5438430821058410 0.2925291264613933
 0.4516426647830071 0.5445862996074190 0.2932760581121758
 0.4514310667289377 0.5452861031529428 0.2939792184741145
 0.4512336504629327 0.5459374083106350 0.2946334816736624
 0.4510300285307438 0.5466075844122512 0.2953065015483150
 0.4507563618614837 0.5475057541000188 0.2962081681540243
 0.4505483350190801 0.5481865594443728 0.2968914285942231
 0.4503475614449138 0.5488420541793677 0.2975491663481382
 0.4501200353701155 0.5495830374935042 0.2982925483642251
 0.4499050028668857 0.5502815354182303 0.2989931351176190
 0.4497044892086567 0.5509313087659875 0.2996446464747056
 0.4494978906604252 0.5515992344151077 0.3003141103473682
 0.4492134764238346 0.5525161556243851 0.3012327240967843
 0.4490017344861515 0.5531968637712137 0.3019144151792080
 0.4487977645468283 0.5538510446711996 0.3025693597311369
 0.4485659462828188 0.5545927180288340 0.3033116944805156
 0.4483479993345373 0.5552882548536680 0.3040076232180451
 0.4481445846881841 0.5559358893342476 0.3046553793252207
 0.4479348470175309 0.5566021239244976 0.3053214635840681
 0.4476479877673119 0.5575108384735413 0.3062295347861425
 0.4474332408034065 0.5581892411841081 0.3069071818633304
 0.4472263288924124 0.5588413859926281 0.3075584271152932
 0.4469917432022447 0.5595789772763961 0.3082948156583959
 0.4467702882714454 0.5602735630177873 0.3089880643481438
 0.4465638464328369 0.5609195673334444 0.3096326049981732
 0.4463513957451898 0.5615828804724344 0.3102941627862928
 0.4460440306847646 0.5625398730955526 0.3112481775370877
 0.4462490421740112 0.5619019105907241 0.3106122559272604
 0.4460472340558055 0.5625299154249168 0.3112382532982866
 0.4458403318590924 0.5631723757427243 0.3118784661004489
 0.4456315730202809 0.5638191771263382 0.3125228394903222
 0.4453957853577223 0.5645480136824166 0.3132487507253036
 0.4451699103447607 0.5652445212659546 0.3139422419749764
 0.4449601563897901 0.5658898488508782 0.3145845321901904
 0.4447453123517089 0.5665493797279068 0.3152406782647031
 0.4444398881567598 0.5674844561772100 0.3161704610245916
 0.4442172209786017 0.5681643170217953 0.3168461502564416
 0.4440044248928539 0.5688125922924800 0.3174902351868841
 0.4437660468239129 0.5695371345004637 0.3182098620462426
 0.4435364992615156 0.5702331825199637 0.3189009309085481
 0.4433236997740258 0.5708770062419255 0.3195398826886011
 0.4431062041732206 0.5715336160722123 0.3201912297099481
 0.4428120778261468 0.5724193010276659 0.3210693527504418
 0.4425866667765922 0.5730963142464742 0.3217402788007099
 0.4423716896093021 0.5737405823204028 0.3223785581530945
 0.4421359151680886 0.5744456084507026 0.3230768383702670
 0.4418990321799144 0.5751523066984087 0.3237765589570312
 0.4416824115558438 0.5757971239774660 0.3244147847024057
 0.4414636464212449 0.5764469456148341 0.3250577160460803
 0.4411991952635602 0.5772306353993413 0.3258327625748983
 0.4409698548092040 0.5779086583530568 0.3265030501114780
 0.4407531014354170 0.5785480967782026 0.3271350182806015
 0.4405250466873711 0.5792194446812224 0.3277983664062266
 0.4402612441237756 0.5799942093632541 0.3285636857113045
 0.4400369506245211 0.5806514159399312 0.3292126557271381
 0.4398171905379826 0.5812939900108653 0.3298469343630133
 0.4395715413433112 0.5820106929704574 0.3305540821807337
 0.4393329323007288 0.5827052789437712 0.3312391236792629
 0.4391124205507390 0.5833458115147891 0.3318706462544470
 0.4388879559608501 0.5839964803814783 0.3325119899943762
 0.4386025876898986 0.5848217469786920 0.3333251832625059
 0.4383692109116562 0.5854950478972195 0.3339883947921172
 0.4381476213385564 0.5861330107819220 0.3346165606436634
 0.4379107120273484 0.5868136540099922 0.3352864796568274
 0.4376550841270674 0.5875464341046559 0.3360074245610745
 0.4374286294863197 0.5881941719339903 0.3366445006006215
 0.4372039580289402 0.5888355040805662 0.3372751374448947
 0.4369484864021977 0.5895631863895492 0.3379905415422276
 0.4367072950961842 0.5902486690902402 0.3386643034729838
 0.4364827839792444 0.5908854238287110 0.3392900027768329
 0.4362526295043525 0.5915368693024661 0.3399299455286071
 0.4359313755690858 0.5924439581530272 0.3408207041702509
 0.4356928935539292 0.5931156782891952 0.3414801449234985
 0.4354655469589745 0.5937547295750899 0.3421074105601247
 0.4352149892620703 0.5944575592604404 0.3427971785367155
 0.4349656358910837 0.5951554937841814 0.3434820147025666
 0.4347369863072840 0.5957941568556467 0.3441085363696190
 0.4345059097501112 0.5964383215835704 0.3447402678323582
 0.4342273484372554 0.5972131615668086 0.3454998922155259
 0.4339850272461966 0.5978856979197456 0.3461590224875409
 0.4337564048472295 0.5985189440122247 0.3467795183621898
 0.4335169726039215 0.5991808165070679 0.3474279613108552
 0.4332306884486459 0.5999704482410316 0.3482014306705800
 0.4329929738668809 0.6006246709305963 0.3488421136386015
 0.4327615926953506 0.6012602126333321 0.3494643423509836
 0.4325056832987794 0.6019616983541078 0.3501509447815362
 0.4322518127220701 0.6026561217393563 0.3508304732913892
 0.4320188225939502 0.6032921458550431 0.3514527656185533
 0.4317832885913739 0.6039338721206591 0.3520805935346765
 0.4314995262276998 0.6047053501944384 0.3528353253615636
 0.4312524490571788 0.6053756311642560 0.3534910007870176
 0.4310194159303772 0.6060065752959669 0.3541081138772194
 0.4307756346391505 0.6066653417798403 0.3547523312494543
 0.4304808275797727 0.6074602581862177 0.3555295564793297
 0.4302380601187280 0.6081134366582147 0.3561681292008479
 0.4300022463225602 0.6087466862756060 0.3567871982520253
 0.4297423075133758 0.6094433356325364 0.3574682406639901
 0.4294824874503422 0.6101382233164109 0.3581475328180204
 0.4292447235319478 0.6107728644732525 0.3587678663388785
 0.4290050445385217 0.6114114077620940 0.3593919197887659
 0.4287209679903288 0.6121666694646852 0.3601299156004594
 0.4284683767708857 0.6128368059574191 0.3607846515414339
 0.4282308978987496 0.6134656393624000 0.3613990113283871
 0.4279841457022893 0.6141177931042091 0.3620361671837966
 0.4276663812927617 0.6149557849964221 0.3628549138640547
 0.4274170416830880 0.6156118856856533 0.3634959386075847
 0.4271767198333446 0.6162430619435816 0.3641125763198370
 0.4269121547841896 0.6169365602922895 0.3647900550864343
 0.4266473674937027 0.6176292325849013 0.3654667110572798
 0.4264051996040640 0.6182615063502697 0.3660843996449735
 0.4261612880341795 0.6188971536899716 0.3667054575975407
 0.4258740745266189 0.6196441393109805 0.3674354092739688
 0.4256163102583362 0.6203131510561003 0.3680892426858065
 0.4253743306148587 0.6209400112303451 0.3687019093303281
 0.4251237244172075 0.6215880169600151 0.3693352442748962
 0.4247845074741729 0.6224632111545644 0.3701906320232089
 0.4245289688175476 0.6231210488079734 0.3708336304739546
 0.4242838602180869 0.6237508615550050 0.3714493150603040
 0.4240134842138019 0.6244442721810095 0.3721272778360604
 0.4237442985648224 0.6251332538700040 0.3728010040025936
 0.4234977990979829 0.6257629720253871 0.3734168261332046
 0.4232494601195318 0.6263962370306594 0.3740361358993570
 0.4229574725880826 0.6271393341108421 0.3747628833567241
 0.4226948898225501 0.6278062458382747 0.3754151859709908
 0.4224485431700303 0.6284307633929160 0.3760261292819083
 0.4221937176067270 0.6290756026406623 0.3766570996849155
 0.4218399916831418 0.6299687433519672 0.3775312927855710
 0.4215792226708238 0.6306257160010922 0.3781744920154062
 0.4213295763925885 0.6312535145782414 0.3787892274092858
 0.4210535820790297 0.6319462670633637 0.3794676676102260
 0.4207801510122300 0.6326312412524202 0.3801386212313592
 0.4205294108965431 0.6332582017501233 0.3807529039229586
 0.4202767079971090 0.6338889424828198 0.3813710736013253
 0.4199804281099650 0.6346270157041218 0.3820946792067894
 0.4197127636159356 0.6352924792031226 0.3827472944654827
 0.4194618971238092 0.6359150436293121 0.3833579677506374
 0.4192029731064739 0.6365564566902815 0.3839872325877032
 0.4188219114025332 0.6374983239765095 0.3849114617326174
 0.4190760492630587 0.6368704515795091 0.3842953178112003
 0.4188295275850054 0.6374795236109713 0.3848930105584694
 0.4185778646797993 0.6381002205771383 0.3855022573188625
 0.4183253878766853 0.6387218360772717 0.3861125930630752
 0.4180473842689847 0.6394050445216953 0.3867836470108285
 0.4177666129369967 0.6400937250882128 0.3874603275285568
 0.4175109885233153 0.6407195682459649 0.3880754593347119
 0.4172548286679850 0.6413456215657740 0.3886909613952826
 0.4169608890854985 0.6420626570638995 0.3893961168602791
 0.4166866776724851 0.6427302719747566 0.3900529052764851
 0.4164312370914957 0.6433510660769360 0.3906638838327635
 0.4161699698845223 0.6439849079429425 0.3912879909172150
 0.4158329365551347 0.6448009065313982 0.3920918944167219
 0.4155616866998433 0.6454562883688794 0.3927378858144336
 0.4153047971746104 0.6460758711523442 0.3933488168535079
 0.4150321456687369 0.6467323019738713 0.3939962969565307
 0.4147276736154278 0.6474639288357059 0.3947182186079519
 0.4144635824742677 0.6480973198626366 0.3953434743710831
 0.4142047644594128 0.6487169844344050 0.3959554560287550
 0.4139208423342112 0.6493955297363232 0.3966259212750224
 0.4136327055836855 0.6500828443682833 0.3973053940693785
 0.4133708639428929 0.6507063018139998 0.3979220069793391
 0.4131089116832357 0.6513289474622233 0.3985380492004528
 0.4128102480853483 0.6520375476915481 0.3992394198476402
 0.4125287906192436 0.6527040571743706 0.3998994471654827
 0.4122673031386182 0.6533221787894976 0.4005118861661798
 0.4120008095972003 0.6539510507677854 0.4011353455874982
 0.4116693802290113 0.6547316393469612 0.4019097571212879
 0.4113916667099166 0.6553844243330759 0.4025578179140632
 0.4111295531354292 0.6559994654981987 0.4031687448253368
 0.4108549602513923 0.6566426739092552 0.4038079799241313
 0.4105214973414048 0.6574222526247837 0.4045832044493020
 0.4102480312428425 0.6580603245735358 0.4052181255298132
 0.4099835581487087 0.6586763511670686 0.4058314969011267
 0.4096965690227160 0.6593436466567860 0.4064963584567363
 0.4093974301413301 0.6600378939965027 0.4071885397665000
 0.4091285216298262 0.6606608558383003 0.4078100109531161
 0.4088612684095184 0.6612789309155515 0.4084269105627648
 0.4085617603489531 0.6619703605346621 0.4091173696342016
 0.4082709724639539 0.6626404096558409 0.4097868499908686
 0.4080030373773867 0.6632567150194925 0.4104029990176378
 0.4077324339761912 0.6638781059885083 0.4110246275876380
 0.4074144804597460 0.6646068823707395 0.4117542104829757
 0.4071282649758397 0.6652616744345166 0.4124101999649999
 0.4068604276360809 0.6658733637181914 0.4130233854984751
 0.4065852509501443 0.6665007535857118 0.4136526713070778
 0.4062184293179818 0.6673354246534042 0.4144904469229985
 0.4059332485277884 0.6679830202487727 0.4151409563086281
 0.4056631413564217 0.6685953351338970 0.4157564770795484
 0.4053753773884202 0.6692465560590357 0.4164116126654568
 0.4050577235080848 0.6699640817783419 0.4171340433448411
 0.4047802913680150 0.6705896101542314 0.4177643168226731
 0.4045079786457589 0.6712025632059727 0.4183823073545054
 0.4042094123215376 0.6718734399892846 0.4190591205099919
 0.4039060172188468 0.6725539175021858 0.4197460898450270
 0.4036307906166317 0.6731701314293004 0.4203686319808612
 0.4033562523276554 0.6737837797940955 0.4209890455429306
 0.4030474939538259 0.6744726991650734 0.4216861340241656
 0.4027494124028945 0.6751365774540883 0.4223584501444151
 0.4024745446052714 0.6757476982117493 0.4229778037698827
 0.4021971723899789 0.6763633633811688 0.4236021951640631
 0.4018749607874249 0.6770772695383419 0.4243267682203045
 0.4015795358504377 0.6777306161298168 0.4249904307733452
 0.4013038086426843 0.6783393600990097 0.4256093090381721
 0.4010217389117890 0.6789610715403934 0.4262419246140477
 0.4006653043863169 0.6797451989292381 0.4270406087566210
 0.4003717760113822 0.6803896921127441 0.4276977026163167
 0.4000946903405334 0.6809970541837495 0.4283174209824989
 0.3998041131574962 0.6816329204495403 0.4289666936501441
 0.3994529990275811 0.6823998050117897 0.4297503853531738
 0.3991643140692651 0.6830291480734700 0.4303940736415680
 0.3988856175752283 0.6836357036447130 0.4310149605392177
 0.3985854914368524 0.6842877906737982 0.4316830275983480
 0.3982646924220892 0.6849835281163610 0.4323964595164396
 0.3979799787931500 0.6855999135550022 0.4330290480575836
 0.3976993385313555 0.6862064798670706 0.4336520170836421
 0.3973917384465387 0.6868701793985430 0.4343341802572429
 0.3970775766544246 0.6875468143877070 0.4350302255992845
 0.3967929578704618 0.6881587576587629 0.4356602827080259
 0.3965093264249034 0.6887675767771848 0.4362876930505765
 0.3961914249813856 0.6894487731125578 0.4369903868722150
 0.3958823543174130 0.6901098516516738 0.4376730151917984
 0.3955979512875727 0.6907171307041639 0.4383006500949595
 0.3953116303861425 0.6913275042832762 0.4389319891659618
 0.3949822986846723 0.6920283305058818 0.4396574958402022
 0.3946761012916375 0.6926787436118338 0.4403314115663083
 0.3943915863938806 0.6932820819103872 0.4409570966530166
 0.3941026930998486 0.6938937054503618 0.4415919343068898
 0.3937603759624432 0.6946171349787419 0.4423435537774081
 0.3934551779078137 0.6952609359191040 0.4430130817783520
 0.3931694844748712 0.6958625854374878 0.4436392841511573
 0.3928762755192582 0.6964790528704254 0.4442813989659455
 0.3924983924257797 0.6972720444605892 0.4451081235997676
 0.3921937600377333 0.6979100920882915 0.4457739674838330
 0.3919060377640797 0.6985117201057057 0.4464023903707542
 0.3916033985892057 0.6991434929674126 0.4470629456952051
 0.3912448468432768 0.6998906023173384 0.4478449468116877
 0.3909458560233688 0.7005124622523452 0.4484965233025603
 0.3906566400301123 0.7011130063416902 0.4491263097889446
 0.3903457778526165 0.7017574208752426 0.4498026741160607
 0.3900107199720340 0.7024507480817668 0.4505310413287125
 0.3897148447950144 0.7030619256580265 0.4511737061518604
 0.3894243202332592 0.7036610778061686 0.4518042975843546
 0.3891092429946570 0.7043097792904787 0.4524876864730012
 0.3887771943538972 0.7049922040382880 0.4532073073715148
 0.3884805316154861 0.7056008499442369 0.4538496990634716
 0.3881875704635513 0.7062009289529431 0.4544835422571126
 0.3878666120313752 0.7068572499664202 0.4551773402416455
 0.3875379676382792 0.7075280945054732 0.4558871072748363
 0.3872407174998213 0.7081338194281263 0.4565285561446174
 0.3869451438337598 0.7087351555784945 0.4571659424371080
 0.3866165467829830 0.7094025423723004 0.4578740441472511
 0.3862917425662614 0.7100610560263508 0.4585734447361489
 0.3859946495924885 0.7106623725870556 0.4592126801328874
 0.3856974457514834 0.7112629467284585 0.4598516469238568
 0.3853639770705076 0.7119356558550387 0.4605679569448481
 0.3850398713431759 0.7125883187565464 0.4612635339350293
 0.3847420462940295 0.7131870563135896 0.4619021967524218
 0.3844433373513587 0.7137866091820381 0.4625422855007762
 0.3841072820365698 0.7144599744649105 0.4632618436129610
 0.3837816134027165 0.7151113726901914 0.4639585704841044
 0.3834818322291831 0.7157099899200080 0.4645993610796554
 0.3831804779143061 0.7163107845115758 0.4652429504234818
 0.3828380438648285 0.7169923087882930 0.4659735810567066
 0.3825124796581625 0.7176391092655224 0.4666675684899296
 0.3822112969665428 0.7182364772444249 0.4673090669992703
 0.3819069233029854 0.7188392073356358 0.4679568976209491
 0.3815534073227494 0.7195380346936920 0.4687087557770870
 0.3812295285843452 0.7201771324741334 0.4693970260098592
 0.3809280481882742 0.7207710537529514 0.4700371822265638
 0.3806215987684054 0.7213738003021664 0.4706873453060048
 0.3802586341412710 0.7220864525350860 0.4714566814092543
 0.3799349933214429 0.7227207543695123 0.4721420124895095
 0.3796326820655100 0.7233122841941073 0.4727816443225065
 0.3793241477758021 0.7239150294418712 0.4734339300157626
 0.3789531014890709 0.7246386152602471 0.4742176823030602
 0.3786283048959419 0.7252708641819109 0.4749030861181818
 0.3783239297991600 0.7258623945773366 0.4755448000549279
 0.3780113681612016 0.7264688655837606 0.4762031502569985
 0.3776144104953350 0.7272376818423328 0.4770383629478893
 0.3772891993605572 0.7278663698607469 0.4777219130295672
 0.3769826253381415 0.7284580665527010 0.4783657585483674
 0.3766625868450950 0.7290747567240153 0.4790373644254591
 0.3762497109784012 0.7298688441216713 0.4799030139106085
 0.3759272272672317 0.7304879135641859 0.4805784975647854
 0.3756189419519483 0.7310787738923092 0.4812236673989902
 0.3752897261515937 0.7317087251257052 0.4819119903861884
 0.3749261239540190 0.7324032491914686 0.4826714237447649
 0.3746094988353657 0.7330069976918865 0.4833320884859164
 0.3743008466095080 0.7335946113990189 0.4839755571356821
 0.3739707671509641 0.7342220038190230 0.4846630942187440
 0.3736030654655628 0.7349196757218330 0.4854282430352295
 0.3732839906765837 0.7355240367527255 0.4860915233294362
 0.3729729700623236 0.7361122094882818 0.4867374196630218
 0.3726395528542482 0.7367417173795734 0.4874291122165218
 0.3722725845204291 0.7374333568388222 0.4881895791241000
 0.3719517609699428 0.7380369865055020 0.4888537563879717
 0.3716378645492507 0.7386266480243326 0.4895030376965914
 0.3712988024023784 0.7392625487246878 0.4902037812514467
 0.3709375208289739 0.7399389423226279 0.4909497570193911
 0.3706168215941181 0.7405383419460122 0.4916113018789515
 0.3703016331129773 0.7411265144700290 0.4922608515031254
 0.3699604103098998 0.7417622369522798 0.4929633185687377
 0.3695990011163917 0.7424344017021864 0.4937065033097487
 0.3692776476042853 0.7430310650331581 0.4943666126623750
 0.3689621653214368 0.7436159109657153 0.4950140364145444
 0.3686228121670449 0.7442439992333548 0.4957097654505753
 0.3682530447169337 0.7449271922112093 0.4964670263391835
 0.3679284628137435 0.7455258823487332 0.4971310087639750
 0.3676112232418692 0.7461101143842304 0.4977792720894778
 0.3672713381601037 0.7467350503241985 0.4984730330906992
 0.3668945013960110 0.7474267230127841 0.4992413041443526
 0.3665663247310487 0.7480280530017059 0.4999096333758459
 0.3662458325544999 0.7486143815585885 0.5005616935624005
 0.3659010754363072 0.7492440894847129 0.5012624613491747
 0.3655273490044230 0.7499255294918339 0.5020213255924271
 0.3651982474422709 0.7505245882811997 0.5026888575076905
 0.3648757763217449 0.7511106602003722 0.5033422433997807
 0.3645277700730959 0.7517421253504665 0.5040465646612023
 0.3641558127046375 0.7524158893831784 0.5047984398154786
 0.3638266167612043 0.7530111983957566 0.5054631132238999
 0.3635041222775715 0.7535934841854393 0.5061135944515195
 0.3631580818204156 0.7542172916474178 0.5068108645443483
 0.3627781098734587 0.7549010885321843 0.5075756661755165
 0.3624462854517697 0.7554972335103485 0.5082428152464131
 0.3621229141859339 0.7560772929107050 0.5088922799462225
 0.3617784451675953 0.7566942245593443 0.5095833604621749
 0.3613845692675466 0.7573984171378944 0.5103726253661649
 0.3610478801627757 0.7579993357718389 0.5110465429761900
 0.3607212294825595 0.7585814318185414 0.5116997353732623
 0.3603730550916787 0.7592009041696361 0.5123952926504152
 0.3599786701217632 0.7599013782495536 0.5131822936681861
 0.3596395816378533 0.7605026101726592 0.5138581532448914
 0.3593098090640082 0.7610864149161012 0.5145146851769172
 0.3589564018345150 0.7617110689444264 0.5152174034481503
 0.3585692696683390 0.7623941593131884 0.5159861495772751
 0.3582307963453175 0.7629903905202551 0.5166574191184100
 0.3579005122334014 0.7635712990554409 0.5173117187816001
 0.3575468500794127 0.7641923462121872 0.5180115614404707
 0.3571570207973918 0.7648757356849046 0.5187820554438689
 0.3568176225033593 0.7654697227618354 0.5194520678385240
 0.3564874557340177 0.7660466685433499 0.5201031109533006
 0.3561368228915640 0.7666584251965337 0.5207936901547923
 0.3557288663687593 0.7673689657324199 0.5215961158548061
 0.3553844530821429 0.7679678065979543 0.5222727027452417
 0.3550519769594230 0.7685450041677018 0.5229251250130582
 0.3547004926085315 0.7691542559782916 0.5236140929276790
 0.3542777128411448 0.7698858068133907 0.5244417561076753
 0.3539283250500418 0.7704893121831705 0.5251248222545791
 0.3535917849111406 0.7710697281872447 0.5257819403018857
 0.3532339265227124 0.7716859484021235 0.5264797678352084
 0.3528264144484841 0.7723864672543800 0.5272732876118364
 0.3524775021182488 0.7729852379760347 0.5279517878453930
 0.3521387073570270 0.7735657537020164 0.5286098560514594
 0.3517762627719533 0.7741858229122410 0.5293130691139109
 0.3513767116770561 0.7748682162442441 0.5300873303848770
 0.3510288254372785 0.7754613861201978 0.5307606380294300
 0.3506901979383069 0.7760378917144763 0.5314152424341179
 0.3503296685495161 0.7766507366814481 0.5321113073164276
 0.3499195038181221 0.7773467696462203 0.5329020928899257
 0.3495689469727506 0.7779406549518201 0.5335770382089835
 0.3492301352241112 0.7785137739736179 0.5342285877024184
 0.3488730238552227 0.7791169267260424 0.5349145062992411
 0.3484297186217212 0.7798643487526798 0.5357647896885053
 0.3480723393137009 0.7804658453737556 0.5364492647592595
 0.3477303534671926 0.7810405573279593 0.5371033920910872
 0.3473697275798250 0.7816456691330056 0.5377922448617313
 0.3469289104248829 0.7823840530659776 0.5386330093206636
 0.3465687541311268 0.7829862823278990 0.5393189472273980
 0.3462224140191078 0.7835645260934166 0.5399777824323878
 0.3458540205058626 0.7841786429693249 0.5406777437252042
 0.3454351288691916 0.7848757592278280 0.5414726040908195
 0.3450761517693212 0.7854721693585860 0.5421528400266926
 0.3447276652149515 0.7860502735124154 0.5428123222916831
 0.3443555037569531 0.7866667015745699 0.5435156186953096
 0.3439420335706047 0.7873504045223119 0.5442957727560181
 0.3435838763033636 0.7879416717580248 0.5449705578317590
 0.3432361703757730 0.7885148254945037 0.5456247950546314
 0.3428674732578448 0.7891216587563781 0.5463176326047552
 0.3424380603171088 0.7898272313811988 0.5471234071131409
 0.3420767418197380 0.7904199274620353 0.5478004211111377
 0.3417290551803308 0.7909894113479202 0.5484510195757192
 0.3413639462741638 0.7915865364397356 0.5491332836442482
 0.3408858019837401 0.7923671463145940 0.5500253368992664
 0.3405162571353428 0.7929693897275104 0.5507137001354590
 0.3401646775308057 0.7935414935864628 0.5513677532645004
 0.3397942781453042 0.7941433159024516 0.5520559346716606
 0.3393360314791148 0.7948865905087250 0.5529060490085508
 0.3389648929982935 0.7954875412536425 0.5535934750308181
 0.3386087065836536 0.7960634140922961 0.5542522465712812
 0.3382306546498032 0.7966737125737664 0.5549504098777631
 0.3377954627289754 0.7973750775423990 0.5557527787436225
 0.3374253590987367 0.7979705583014327 0.5564340847747625
 0.3370666895981064 0.7985467801271965 0.5570934659377536
 0.3366837043771297 0.7991611331334222 0.5577966352507402
 0.3362585094196991 0.7998420704513862 0.5585762049334212
 0.3358899787712983 0.8004313073909466 0.5592509239045791
 0.3355320526035409 0.8010027439629958 0.5599053387502002
 0.3351522749032771 0.8016081596629868 0.5605987183627362
 0.3347120069612825 0.8023088400137743 0.5614012554972890
 0.3343406563756730 0.8028988707290726 0.5620771142450290
 0.3339834838789930 0.8034655410569693 0.5627262838847644
 0.3336092776684162 0.8040583628980860 0.5634054983226778
 0.3330951540474894 0.8048713920084769 0.5643371411421320
 0.3327140712872886 0.8054729519528805 0.5650265248239013
 0.3323535484348517 0.8060412140055396 0.5656777663620313
 0.3319741426090331 0.8066383577980831 0.5663621108618168
 0.3314986214360133 0.8073855046217179 0.5672183845582706
 0.3311172646532443 0.8079836802254863 0.5679039805114831
 0.3307521063827991 0.8085556012818359 0.5685595555534073
 0.3303660442868094 0.8091593651064795 0.5692517103030411
 0.3299045421154760 0.8098799041410902 0.5700778018482957
 0.3295212753086059 0.8104773008228516 0.5707627010070274
 0.3291515849193559 0.8110526845594692 0.5714222942867114
 0.3287576622208553 0.8116648666819349 0.5721239584206468
 0.3283161206687585 0.8123499320290775 0.5729090174825044
 0.3279352528978825 0.8129399132016407 0.5735850279613995
 0.3275654387129496 0.8135119358204511 0.5742404298399180
 0.3271716211515999 0.8141201840436944 0.5749373414735980
 0.3267281492653301 0.8148040129177118 0.5757208718870330
 0.3263475295033038 0.8153899902877237 0.5763922858733928
 0.3259797150989815 0.8159554365069851 0.5770401496350906
 0.3255928893123022 0.8165492460716255 0.5777204606249802
 0.3251016938329511 0.8173020015535257 0.5785827890579813
 0.3247137317581699 0.8178955516231214 0.5792626900670463
 0.3243450851690946 0.8184587355376868 0.5799077895916068
 0.3239606794249881 0.8190451518814171 0.5805794936610620
 0.3234178347894464 0.8198718090421351 0.5815263494914070
 0.3230213666302294 0.8204744847617808 0.5822165979388284
 0.3226480687831730 0.8210411123583371 0.5828654869699571
 0.3222562525134680 0.8216349896983096 0.5835454979203013
 0.3217480575536564 0.8224039567661384 0.5844258978779500
 0.3213511117161706 0.8230035672457202 0.5851123760603923
 0.3209718834654709 0.8235755803917590 0.5857672796173928
 0.3205692746683736 0.8241819712120448 0.5864615786896533
 0.3201046645979460 0.8248806121909402 0.5872615174410296
 0.3197096588875156 0.8254736365938199 0.5879404802457575
 0.3193266892009791 0.8260477595286958 0.5885977032854880
 0.3189173333934007 0.8266605367219561 0.5892990238591691
 0.3184654207026329 0.8273359403195651 0.5900718257067707
 0.3180726233230285 0.8279220778283302 0.5907423469141277
 0.3176907180224873 0.8284911486447389 0.5913932532981028
 0.3172844271658682 0.8290956787192572 0.5920846488640045
 0.3168240018389412 0.8297796676858352 0.5928668413577409
 0.3164306441018186 0.8303631106674630 0.5935339618213294
 0.3160514125292500 0.8309248075399789 0.5941761049366359
 0.3156541174724654 0.8315124263442195 0.5948477335843602
 0.3151076900136419 0.8323192330571818 0.5957696127606315
 0.3147038733502254 0.8329144459888789 0.5964495227944330
 0.3143231641225028 0.8334748029879320 0.5970894782164521
 0.3139257639200163 0.8340589055739143 0.5977564135057867
 0.3133484587477520 0.8349059454615312 0.5987232935715219
 0.3137334198697543 0.8343413142224390 0.5980788173355097
 0.3133544764775889 0.8348971251320229 0.5987132272814567
 0.3129683882352168 0.8354626378889696 0.5993585299425408
 0.3125857760943824 0.8360222873839647 0.5999969382788569
 0.3121837727065393 0.8366094759650566 0.6006665339154036
 0.3116303116843568 0.8374165151989875 0.6015864838798484
 0.3112167944139211 0.8380184561605322 0.6022724236405698
 0.3108245164659210 0.8385886636315810 0.6029220636748361
 0.3104090616109134 0.8391916971779273 0.6036089614327393
 0.3099240771316347 0.8398945338097191 0.6044093156632512
 0.3095141311325532 0.8404876884985478 0.6050845114161111
 0.3091169548500449 0.8410615514139419 0.6057374576036637
 0.3086928755572115 0.8416734031519946 0.6064332687488141
 0.3082256582556438 0.8423464429042510 0.6071982257656445
 0.3078182790563826 0.8429323890507634 0.6078638488231056
 0.3074213463240544 0.8435025107940899 0.6085112267443685
 0.3069976923705990 0.8441101459979099 0.6092009440280769
 0.3065304588161872 0.8447792524698557 0.6099601403757509
 0.3061245931556640 0.8453595998133310 0.6106183551490952
 0.3057313219930128 0.8459211637987228 0.6112549929668919
 0.3053177988162477 0.8465108271398840 0.6119231657247638
 0.3047988520936576 0.8472496359669909 0.6127598547768611
 0.3043856958850785 0.8478368962916337 0.6134245389257883
 0.3039935646912402 0.8483935058432855 0.6140542398286967
 0.3035870089003140 0.8489698057604311 0.6147059319282090
 0.3030692989760992 0.8497025169821283 0.6155340790215708
 0.3026485208501452 0.8502970947547868 0.6162057374479731
 0.3022539986110483 0.8508538039283757 0.6168343021925989
 0.3018504313242102 0.8514225104757019 0.6174760869371935
 0.3013836754439871 0.8520792998155622 0.6182168713779738
 0.3009513964333408 0.8526866582786590 0.6189015470860555
 0.3005491985189958 0.8532509633064720 0.6195374077520434
 0.3001442753340888 0.8538183264756037 0.6201764516062128
 0.2996974865496954 0.8544434620461899 0.6208802434004462
 0.2992437754037048 0.8550773333670663 0.6215934697473676
 0.2988302670907225 0.8556542076848122 0.6222421509376884
 0.2984193009178489 0.8562267540207988 0.6228855277166511
 0.2979715524838568 0.8568496610502490 0.6235849756746188
 0.2975072228731194 0.8574946668604911 0.6243086824240971
 0.2970877229993416 0.8580765543468244 0.6249611248322444
 0.2966719852724077 0.8586524352709155 0.6256064564485290
 0.2962169147804081 0.8592819040873227 0.6263114316755052
 0.2957563566152587 0.8599180139663845 0.6270233943484582
 0.2953382064830919 0.8604947269111204 0.6276684384458683
 0.2949240623709262 0.8610651446432608 0.6283059760192005
 0.2944742847899390 0.8616837771198961 0.6289968285355693
 0.2940095846583269 0.8623219926204803 0.6297089007746383
 0.2935926363728934 0.8628938148827053 0.6303463445935040
 0.2931843178624930 0.8634530612128112 0.6309692876707734
 0.2927523646327841 0.8640438837224138 0.6316269090570158
 0.2922474782764560 0.8647334322300266 0.6323937865657602
 0.2918234728249997 0.8653116623589819 0.6330363230504659
 0.2914180465908741 0.8658638281252086 0.6336494134151566
 0.2909989266252557 0.8664338993727259 0.6342818666886081
 0.2904770555965588 0.8671426751576548 0.6350674490799089
 0.2900404093900291 0.8677348092567141 0.6357231084094634
 0.2896323212536195 0.8682874825103247 0.6363345508924847
 0.2892186562333231 0.8688469881578087 0.6369530357740565
 0.2887549482104593 0.8694733210614916 0.6376447555067817
 0.2882990184722645 0.8700882664048055 0.6383232052625831
 0.2878810584019423 0.8706512347398545 0.6389436695644547
 0.2874671025999941 0.8712080916129342 0.6395567712673188
 0.2870242240922738 0.8718030676494190 0.6402111499073745
 0.2865201452893388 0.8724792751104619 0.6409540303655067
 0.2860845089735867 0.8730628262093689 0.6415944406758117
 0.2856624566017188 0.8736274390551609 0.6422134976475437
 0.2852168674490544 0.8742227495191879 0.6428656080668499
 0.2846794544907574 0.8749396632347537 0.6436500555525376
 0.2842317874231239 0.8755359625139439 0.6443017355894669
 0.2838003902969825 0.8761098258169024 0.6449281580785354
 0.2833402212240010 0.8767211396409298 0.6455946282619744
 0.2828351357746151 0.8773911490311531 0.6463241031921968
 0.2823909139261199 0.8779795826944253 0.6469639446567037
 0.2819569337450391 0.8785536952962888 0.6475875161077858
 0.2814883779852485 0.8791727141948615 0.6482591160560474
 0.2809983575035670 0.8798191684598859 0.6489596453872661
 0.2805597863069789 0.8803969527649458 0.6495849945238638
 0.2801301581608061 0.8809622292994105 0.6501960511988888
 0.2796705879649136 0.8815661096468024 0.6508479575635974
 0.2791703357855638 0.8822225202279709 0.6515554984892582
 0.2787323764178243 0.8827964035998881 0.6521731606953025
 0.2783091733522618 0.8833502541371376 0.6527684567848335
 0.2778674441992919 0.8839276225537678 0.6533882037497923
 0.2772558151897048 0.8847258402006833 0.6542436270465058
 0.2768054641938612 0.8853126771298677 0.6548714778924776
 0.2763839963377114 0.8858611878345567 0.6554574981030826
 0.2759487422500198 0.8864269435010816 0.6560610828591767
 0.2754027639213376 0.8871356251256095 0.6568158976635248
 0.2749490790526926 0.8877236698438395 0.6574411626620520
 0.2745263243456765 0.8882709415388031 0.6580222147694597
 0.2740984333575419 0.8888241944068315 0.6586087749754653
 0.2736221082272776 0.8894392845124069 0.6592598868287811
 0.2731444716173518 0.8900552393857134 0.6599108187835602
 0.2727106869363460 0.8906139274664997 0.6605002514092493
 0.2722835804072637 0.8911633517259346 0.6610789777939688
 0.2718316982222048 0.8917439342476107 0.6616895110004583
 0.2712654267796067 0.8924704554686197 0.6624520599232249
 0.2708078566000923 0.8930566813236474 0.6630662026815741
 0.2703715304441612 0.8936150000701075 0.6636501608567487
 0.2699163092213422 0.8941967820745003 0.6642576606595838
 0.2693171524154738 0.8949614096982738 0.6650544657190149
 0.2688445845672356 0.8955636050217779 0.6656806238462878
 0.2683963944609333 0.8961340200185401 0.6662725570509510
 0.2679247480883413 0.8967335392698781 0.6668934273579230
 0.2673600040610281 0.8974503919542809 0.6676341222110419
 0.2668872772334478 0.8980496057940930 0.6682519008663734
 0.2664299712454994 0.8986285499219205 0.6688476441722498
 0.2659365680677427 0.8992523993453486 0.6694883643646508
 0.2654176082325260 0.8999076779233208 0.6701599654061940
 0.2649524990939820 0.9004941940112664 0.6707598212683199
 0.2644935661914269 0.9010722150501993 0.6713497531424326
 0.2639893657311299 0.9017064449476433 0.6719955839271701
 0.2634845771226519 0.9023405745894630 0.6726397505691053
 0.2630269886475336 0.9029146875080208 0.6732216120970457
 0.2625746538468720 0.9034815368959709 0.6737948875529206
 0.2620832843801610 0.9040965496675419 0.6744155178850098
 0.2615739330711688 0.9047332450134646 0.6750565427358639
 0.2611193149840816 0.9053008182504737 0.6756266724325495
 0.2606756780270100 0.9058540441308617 0.6761811655546802
 0.2602080828495488 0.9064364677980050 0.6767635694537149
 0.2596405113561555 0.9071424883549490 0.6774676505441843
 0.2591767621467866 0.9077186073818574 0.6780406112124426
 0.2587372050616631 0.9082640500518180 0.6785817590652177
 0.2582851747284070 0.9088243421107425 0.6791363251383907
 0.2577434539664087 0.9094949702987642 0.6797983532303716
 0.2572678588771773 0.9100829908969318 0.6803772596810652
 0.2568269116879357 0.9106275527656111 0.6809120552198676
 0.2563850290388237 0.9111726739736314 0.6814461084897422
 0.2559054814695044 0.9117635882248293 0.6820235540457382
 0.2553875113789340 0.9124010667044475 0.6826447826662515
 0.2549321222564384 0.9129608585616785 0.6831888346736937
 0.2544911891967881 0.9135022887692921 0.6837137319936809
 0.2540337723344381 0.9140633479042308 0.6842562895678101
 0.2534708836793252 0.9147529262248923 0.6849211846791746
 0.2529895078254104 0.9153419052491478 0.6854873439097736
 0.2525404190845493 0.9158907679314009 0.6860134703039957
 0.2520861382189170 0.9164453783403439 0.6865436512618119
 0.2515818758199886 0.9170603083517375 0.6871297888467063
 0.2510689885607933 0.9176850041544595 0.6877234187471798
 0.2506038625752334 0.9182508747510961 0.6882595867592795
 0.2501445986849510 0.9188090082337316 0.6887869703852216
 0.2496546271058484 0.9194038004374104 0.6893473793598086
 0.2490800720903094 0.9201004086352805 0.6900015315389110
 0.2485923820286192 0.9206909728394989 0.6905541822284399
 0.2481204106744833 0.9212618714275963 0.6910867035255952
 0.2476196716625458 0.9218668926407040 0.6916491789481499
 0.2470337211256521 0.9225739944152540 0.6923041266067748
 0.2465344577069695 0.9231757441527643 0.6928594663068021
 0.2460480523225423 0.9237613442854664 0.6933981405465667
 0.2455190728001995 0.9243974745289516 0.6939813273849201
 0.2449680977766679 0.9250592558966546 0.6945858129931535
 0.2444703859421503 0.9256563650892429 0.6951292228573708
 0.2439732293315054 0.9262521515097556 0.6956694785058105
 0.2433999287931021 0.9269383782641700 0.6962892919673545
 0.2428735892038874 0.9275676352745128 0.6968553488568452
 0.2423838434759499 0.9281524949791462 0.6973795308508521
 0.2418835184572100 0.9287493473243319 0.6979125795188620
 0.2412235719560050 0.9295356319417407 0.6986119471960185
 0.2407107611432796 0.9301458451952387 0.6991524503317302
 0.2402299496521258 0.9307173747332488 0.6996568601734400
 0.2397287997345677 0.9313124590857911 0.7001801308832535
 0.2391101390958743 0.9320462115359262 0.7008225737632168
 0.2386122007213063 0.9326360908166476 0.7013368214362073
 0.2381403125682574 0.9331945435840806 0.7018218549864449
 0.2376506282897688 0.9337734778481274 0.7023228322111472
 0.2369745727399575 0.9345717884133580 0.7030105905224091
 0.2364746289756920 0.9351614262467012 0.7035162946546130
 0.2360078365892351 0.9357114209494366 0.7039862297660916
 0.2355264944053853 0.9362780118076290 0.7044685291609908
 0.2349196070499458 0.9369915961066864 0.7050732873818233
 0.2344203550093927 0.9375779683481282 0.7055679841666266
 0.2339559520788365 0.9381228842637581 0.7060258774339129
 0.2334863072827059 0.9386734383261605 0.7064867166610618
 0.2329629349386900 0.9392863725170433 0.7069976472570495
 0.2324425611703791 0.9398951683492777 0.7075029002762353
 0.2319710156478688 0.9404463028260278 0.7079583663002144
 0.2315082794984440 0.9409866485161255 0.7084031157745131
 0.2310224178069613 0.9415534764507232 0.7088677314794635
 0.2303159646670850 0.9423767092090394 0.7095389795795624
 0.2307869948515029 0.9418279400773052 0.7090919897063861
 0.2303233122293450 0.9423681528100584 0.7095320244176405
 0.2298523841521129 0.9429163160277336 0.7099766901562741
 0.2293887138809317 0.9434555507786976 0.7104122997928998
 0.2289093689577892 0.9440125166990241 0.7108603406115346
 0.2283412603941364 0.9446719686087212 0.7113883223043989
 0.2278310792486475 0.9452635812440532 0.7118596602315654
 0.2273577644699306 0.9458119405987762 0.7122945555651737
 0.2268835043720735 0.9463609130953795 0.7127280201383138
 0.2263692735016392 0.9469556114091613 0.7131954292517925
 0.2258075714897285 0.9476045695079741 0.7137029362500786
 0.2253147607926960 0.9481733882786045 0.7141455966850937
 0.2248363474328301 0.9487251040066799 0.7145730060621988
 0.2243366514900557 0.9493008562094041 0.7150169812116903
 0.2236712136753631 0.9500667786190665 0.7156042922734184
 0.2231500812117347 0.9506659728740419 0.7160610718483393
 0.2226599614268787 0.9512290063398277 0.7164881097768231
 0.2221531216809714 0.9518107382843661 0.7169271110215937
 0.2215194795353322 0.9525372870408230 0.7174722543210388
 0.2209849362050280 0.9531495874392868 0.7179289961936475
 0.2204812803708913 0.9537259926074118 0.7183567406278271
 0.2199615027714184 0.9543203282911451 0.7187955282854454
 0.2193123683738057 0.9550618400733343 0.7193397038945881
 0.2187631231310888 0.9556886143273868 0.7197967863775048
 0.2182428460131927 0.9562818004028849 0.7202268938486022
 0.2176979828393686 0.9569024683057840 0.7206743321972653
 0.2170231477287908 0.9576704176548775 0.7212242984190236
 0.2164680959263153 0.9583014202110730 0.7216732143723973
 0.2159273617374861 0.9589155988220578 0.7221076103302205
 0.2153216322418565 0.9596029644687871 0.7225907787469931
 0.2147328547649005 0.9602704544502163 0.7230569029345781
 0.2141852423086683 0.9608907155178844 0.7234872684463090
 0.2136191387502913 0.9615313575688496 0.7239289119395711
 0.2129491778598307 0.9622887985820735 0.7244472903812336
 0.2123866571861966 0.9629241620731885 0.7248789753889860
 0.2118388986247141 0.9635423229855138 0.7252962497441128
 0.2112192507937254 0.9642409892944449 0.7257646598025034
 0.2106404565973020 0.9648929994024433 0.7261987099410907
 0.2101043702223174 0.9654963928928851 0.7265977072899820
 0.2095583543368753 0.9661104662255069 0.7270010624776790
 0.2088409501942758 0.9669165359838263 0.7275263206346402
 0.2082823467555045 0.9675435909977540 0.7279316024217029
 0.2077581245390566 0.9681315882749824 0.7283090101776372
 0.2072091707560446 0.9687468490499822 0.7287012191699764
 0.2065614848222476 0.9694721459774686 0.7291600590429085
 0.2060241123231392 0.9700734046789271 0.7295375491815449
 0.2055096170319323 0.9706486401157767 0.7298962383661255
 0.2049692215742814 0.9712523882341384 0.7302700867134221
 0.2043151506943443 0.9719825338787779 0.7307185787933728
 0.2037815586647057 0.9725777020996796 0.7310812128991158
 0.2032733106857382 0.9731441995192482 0.7314239241851027
 0.2027438748341688 0.9737338995667815 0.7317781455193549
 0.2020051892833826 0.9745559693553283 0.7322676724399906
 0.2014664802132867 0.9751549810715647 0.7326212411773787
 0.2009610585597282 0.9757165935706101 0.7329503252475257
 0.2004345392983415 0.9763012556695627 0.7332904189048897
 0.1996925405163500 0.9771245174661373 0.7337649517422838
 0.1991553185742280 0.9777200877317295 0.7341050556522094
 0.1986517159351758 0.9782780190724707 0.7344212405026184
 0.1981280653846967 0.9788577866475368 0.7347473225220116
 0.1973190906858172 0.9797527126488361 0.7352457210805251
 0.1978584567461411 0.9791561401433405 0.7349141458638423
 0.1973556803927514 0.9797122547059282 0.7352233186426941
 0.1968485406090716 0.9802728470152189 0.7355326402680584
 0.1963484843476329 0.9808252694226398 0.7358351516202032
 0.1958276812630887 0.9814002558120972 0.7361475861988689
 0.1951418971972719 0.9821568398286347 0.7365549088081080
 0.1946021254924156 0.9827519039757149 0.7368722497566436
 0.1940979672962734 0.9833073653287291 0.7371660722820486
 0.1935821974481192 0.9838752821378296 0.7374640934737970
 0.1929778005879907 0.9845403561046679 0.7378100311963535
 0.1924284308097531 0.9851444796955395 0.7381213974232216
 0.1919195002937984 0.9857037979914807 0.7384072352879278
 0.1914095229168520 0.9862639461426049 0.7386911496340244
 0.1908527495254344 0.9868751310689654 0.7389982543600954
 0.1902660143902398 0.9875187999776749 0.7393186662646293
 0.1897436282573791 0.9880915289658802 0.7396011702442921
 0.1892336787327140 0.9886503108772671 0.7398744425525324
 0.1886974746733103 0.9892375323196578 0.7401591180303638
 0.1879696996296577 0.9900340181954506 0.7405411284643423
 0.1874227915807134 0.9906321612715527 0.7408248884534668
 0.1869062434158052 0.9911967889459897 0.7410902909379350
 0.1863673864605853 0.9917854828725141 0.7413644705052977
 0.1855630967634395 0.9926635598384028 0.7417686461161302
 0.1860993293603634 0.9920782113419342 0.7414998467512227
 0.1855821058332311 0.9926428150361619 0.7417591630963483
 0.1850566102072913 0.9932161491001623 0.7420200829370699
 0.1845360350320297 0.9937838201839370 0.7422760428115932
 0.1839893645059766 0.9943796351211243 0.7425421415191157
 0.1831987681666960 0.9952407452630646 0.7429220947663248
 0.1837258687769574 0.9946667052383682 0.7426694162683725
 0.1832035684023578 0.9952355188677181 0.7429198052283881
 0.1826709885352107 0.9958152346235271 0.7431725311670856
 0.1821420218619951 0.9963907278872683 0.7434209637627859
 0.1815834623194610 0.9969981071926552 0.7436805283736003
 0.1808606413171168 0.9977836384210771 0.7440122602760123
 0.1802937241083221 0.9983993763807592 0.7442691939040091
 0.1797521735635348 0.9989872683646706 0.7445119870985837
 0.1791797373786095 0.9996083793219339 0.7447658265740380
 0.1784834817162961  1.000363414712623 0.7450706923426508
 0.1779103787977477  1.000984556154386 0.7453184413504744
 0.1773573437594153  1.001583656578898 0.7455547970623788
 0.1767678021696930  1.002221993442168 0.7458038465357454
 0.1760918090277280  1.002953547423516 0.7460857773034694
 0.1755112464144583  1.003581499150023 0.7463248451899830
 0.1749439454399883  1.004194817568097 0.7465557377012969
 0.1743298472988675  1.004858411018221 0.7468026497387538
 0.1736702083533631  1.005570852200551 0.7470643431774111
 0.1730815194366614  1.006206350334437 0.7472947773474407
 0.1724967619256895  1.006837315580228 0.7475207512915201
 0.1718434565330849  1.007541909584958 0.7477697637565694
 0.1711969589118182  1.008238817549209 0.7480125882576670
 0.1705992571818678  1.008882825032501 0.7482338851180470
 0.1699907206227040  1.009538215259771 0.7484559962123305
 0.1692420742469318  1.010344105926027 0.7487247486992913
 0.1685991533121271  1.011035843339227 0.7489515424328437
 0.1679854938407911  1.011695806423478 0.7491645751542885
 0.1673261963030011  1.012404539652139 0.7493898001880231
 0.1666156696495747  1.013167988054762 0.7496284910458152
 0.1659762433187235  1.013854730525466 0.7498399474590722
 0.1653240455624010  1.014554891737540 0.7500525882854268
 0.1644876005103549  1.015452416746965 0.7503211148904521
 0.1638097052968903  1.016179462260893 0.7505354736851897
 0.1631288863281495  1.016909331190835 0.7507479065153126
 0.1623454745324660  1.017748802577002 0.7509888494610253
 0.1616641262514698  1.018478579696590 0.7511953286665343
 0.1609583739763037  1.019234179267172 0.7514061157094467
 0.1602203433220736  1.020023998288731 0.7516230732990761
 0.1595533207619068  1.020737533371588 0.7518160080057735
 0.1588551398822021  1.021484106367107 0.7520146829492261
 0.1581289992404154  1.022260264461451 0.7522177413832337
 0.1574773643759497  1.022956518064939 0.7523968891961464
 0.1568133447692521  1.023665749368964 0.7525764984785379
 0.1560303389799858  1.024501743388251 0.7527845395264063
 0.1553796052008500  1.025196251268742 0.7529543790377715
 0.1547423461433227  1.025876150761408 0.7531180215752958
 0.1539841117672490  1.026684832504627 0.7533092805479770
 0.1533257962584251  1.027386698396517 0.7534723149938302
 0.1527052191249183  1.028048121129597 0.7536234665943240
 0.1520485773248178  1.028747765953874 0.7537807688132572
 0.1513366078936309  1.029506114839151 0.7539483212999103
 0.1507116009583909  1.030171628205907 0.7540928691323543
 0.1500935085171136  1.030829590925783 0.7542335038912806
 0.1493844201966848  1.031584192940894 0.7543920271246369
 0.1487313766620665  1.032278942757625 0.7545353818187089
 0.1481225373566057  1.032926487023480 0.7546667828917866
 0.1474959666522520  1.033592713387577 0.7547997811782176
 0.1466268420716814  1.034516554058847 0.7549805934293947
 0.1459893852545384  1.035193931525411 0.7551105428216667
 0.1453793017965871  1.035842057603312 0.7552328244319414
 0.1446980686832702  1.036565584018974 0.7553669756262710
 0.1440418705745205  1.037262338981273 0.7554938360822293
 0.1434364374249359  1.037905035701417 0.7556088565598658
 0.1428224096076738  1.038556706090767 0.7557235577268029
 0.1420663245321182  1.039358938758205 0.7558621455079966
 0.1414280595475891  1.040035988445805 0.7559768985475778
 0.1408259122744292  1.040674584234735 0.7560833014978046
 0.1401938192133632  1.041344793292157 0.7561930710425839
 0.1394538424181652  1.042129206223872 0.7563190864764263
 0.1388319936302827  1.042788245807520 0.7564229253752783
 0.1382268591141265  1.043429441045698 0.7565221865046450
 0.1375629901495611  1.044132725510888 0.7566290794783367
 0.1368937230285398  1.044841577692678 0.7567347480876742
 0.1362842902062918  1.045486927254904 0.7568291626415582
 0.1356727761320824  1.046134359164288 0.7569221863844223
 0.1349631472061196  1.046885519098155 0.7570280077344207
 0.1343139085554136  1.047572616353246 0.7571228482553595
 0.1337066963023549  1.048215119537825 0.7572098697262147
 0.1330814319700106  1.048876608042707 0.7572978129187705
 0.1320665449849667  1.049950046929670 0.7574370421027163
 0.1327431529425280  1.049234436731649 0.7573446988441098
 0.1321408816756426  1.049871431646296 0.7574269893990907
 0.1315322883767988  1.050515007413222 0.7575086244312265
 0.1309193012096199  1.051163124224602 0.7575893286204608
 0.1302313109428704  1.051890418967250 0.7576781165248817
 0.1295646226767292  1.052595072619941 0.7577623737642533
 0.1289484790003566  1.053246198655930 0.7578387064340953
 0.1283219051501858  1.053908245948519 0.7579148395405944
 0.1275378709364435  1.054736527639455 0.7580080206348314
 0.1268853557261582  1.055425751390790 0.7580838350907968
 0.1262664731140854  1.056079354728014 0.7581543132494910
 0.1256082150804727  1.056774442309067 0.7582277825215434
 0.1248842658936028  1.057538779656030 0.7583068558579149
 0.1242491445912550  1.058209234868877 0.7583747864210599
 0.1236205875391068  1.058872671689576 0.7584407397484856
 0.1229063715769236  1.059626415505120 0.7585142055834223
 0.1222314598257664  1.060338578937062 0.7585822502965601
 0.1216021918565685  1.061002492645924 0.7586445411757361
 0.1209541082537518  1.061686172107645 0.7587075820366597
 0.1200070768459013  1.062685065548381 0.7587977628864288
 0.1206384411404667  1.062019146090087 0.7587378925241826
 0.1200226885193141  1.062668600393612 0.7587962943976903
 0.1193919076545633  1.063333827350224 0.7588551558313377
 0.1187533146837439  1.064007213794734 0.7589137755355356
 0.1180193480031858  1.064781073580839 0.7589799669736523
 0.1173366352293659  1.065500802411582 0.7590404156427609
 0.1166968229741580  1.066175226279700 0.7590960949171404
 0.1160317537082320  1.066876194446249 0.7591529839824085
 0.1152092031394507  1.067743035054260 0.7592219604947826
 0.1145415203574194  1.068446581860041 0.7592768320001421
 0.1138887611661618  1.069134329398980 0.7593295116600878
 0.1131367108347176  1.069926601100015 0.7593890225978610
 0.1124428943406288  1.070657441592417 0.7594428043261211
 0.1117898542775155  1.071345258488044 0.7594924449302877
 0.1111046053435676  1.072066926704471 0.7595435169604705
 0.1103153130502975  1.072898077478686 0.7596010617058193
 0.1096394849240020  1.073609671449244 0.7596492504439375
 0.1089691855558519  1.074315376939878 0.7596960609520066
 0.1081672250580352  1.075159612187974 0.7597507799674976
 0.1074627109311151  1.075901188819234 0.7597976953930546
 0.1067912440795371  1.076607915526612 0.7598414086390034
 0.1060649760312742  1.077372252306219 0.7598875964895392
 0.1053137387686770  1.078162793656247 0.7599341868366298
 0.1046287531396224  1.078883553636826 0.7599756246066870
 0.1039274689059601  1.079621402234003 0.7600170203444467
 0.1029709898108992  1.080627654274719 0.7600718051382428
 0.1022507815626772  1.081385268699594 0.7601117844127889
 0.1015401319700535  1.082132769362359 0.7601501680210052
 0.1004793757952555  1.083248426606852 0.7602055122874134
 0.1011865534549727  1.082504661648610 0.7601688740478960
 0.1005059851051995  1.083220441592972 0.7602041523238011
 0.9980624694467462E-01  1.083956331169029 0.7602394317529387
 0.9908275104520980E-01  1.084717152038410 0.7602748544931964
 0.9805237685572751E-01  1.085800591620750 0.7603234538078165
 0.9730116129891068E-01  1.086590430353505 0.7603575207399553
 0.9655191970765101E-01  1.087378140862841 0.7603903591272455
 0.9565482957237301E-01  1.088321224211016 0.7604281956574119
 0.9490105885829699E-01  1.089113586050782 0.7604587496461459
 0.9413722278186397E-01  1.089916480038600 0.7604885641993258
 0.9320539131763604E-01  1.090895896204830 0.7605233750922995
 0.9243076193329738E-01  1.091710031811621 0.7605510115634410
 0.9164108189256706E-01  1.092539940283542 0.7605779775574333
 0.9073120104299032E-01  1.093496118725308 0.7606075531772026
 0.8993952852552942E-01  1.094328029082435 0.7606319984819002
 0.8911636197654876E-01  1.095192992092763 0.7606561569837696
 0.8821622638430654E-01  1.096138785713663 0.7606811191218941
 0.8740122714720003E-01  1.096995084935145 0.7607024300390258
 0.8652596169969966E-01  1.097914664856688 0.7607239895719571
 0.8562935049813847E-01  1.098856631388912 0.7607447080727394
 0.8477797337941802E-01  1.099751040604751 0.7607631679006394
 0.8377838420378131E-01  1.100801112357317 0.7607834282048688
 0.8286525945454920E-01  1.101760316954747 0.7608006963720640
 0.8193166645211791E-01  1.102740989537367 0.7608172234207212
 0.8090687799795765E-01  1.103817420329134 0.7608341540448692
 0.7994477915708836E-01  1.104827970288790 0.7608489753576695
 0.7877397593805147E-01  1.106057696030512 0.7608656874436548
 0.7775911633760305E-01  1.107123598024049 0.7608790452034772
 0.7659296419980727E-01  1.108348368084198 0.7608931501042179
 0.7554826155948501E-01  1.109445555728878 0.7609046972568180
 0.7440031022719007E-01  1.110651151290265 0.7609162395634711
 0.7334229637839874E-01  1.111762269680443 0.7609258457167212
 0.7219791983666690E-01  1.112964062750333 0.7609351566738581
 0.7114384238776889E-01  1.114071007447029 0.7609427756786653
 0.6998604657699975E-01  1.115286854246432 0.7609501267878317
 0.6893771880042772E-01  1.116387729948536 0.7609558948778962
 0.6768106253715134E-01  1.117707361295424 0.7609617329907885
 0.6661361524200801E-01  1.118828290753609 0.7609658007239570
 0.6517409269806761E-01  1.120339924760947 0.7609700510267494
 0.6405255634788948E-01  1.121517635653820 0.7609724474745984
 0.6259959392766172E-01  1.123043365903100 0.7609745133892241
 0.6139827452491317E-01  1.124304846493884 0.7609755101029106
 0.5970146237703310E-01  1.126086630727934 0.7609761825574294
 0.5835179588413335E-01  1.127503884011120 0.7609763735964553
 0.5671843349391287E-01  1.129219039318388 0.7609764405085965
 0.5517003992657943E-01  1.130844970762953 0.7609764523312056
 0.5340837581182052E-01  1.132694852542808 0.7609764540114956
 0.5150059426270531E-01  1.134698168778761 0.7609764541239202
 0.4921160399564774E-01  1.137101783263756 0.7609764541271012
 0.4642034659828002E-01  1.140032816570543 0.7609764541270367
 0.4232870820243967E-01  1.144329349175830 0.7609764541270325
 0.3355607771707843E-01  1.153541280746520 0.7609764541270325
-0.1534444224366535E-02  1.190389007029280 0.7609764541270325
-0.1418965319901464  1.337779912160321 0.7609764541270325
-0.1479056286219254  1.344089922261166 0.7609764541270325
