RUNGE KUTTA: X Z PHI
 0.4997919338387438 0.3973734652027661E-01 0.5235987755982988E-02
 0.4986385158401999 0.1986831631135278 0.1354224834289778E-01
 0.4995145122904022 0.9272047521397876E-01 0.5235987756541722E-02
 0.4996994599892965 0.5739838941817732E-01 0.5235987755982988E-02
 0.4993295260783880 0.1280425608080643 0.5278169667959633E-02
 0.4995761615233669 0.8094644661537828E-01 0.5235987755982988E-02
 0.4993124206784318 0.1312428158386180 0.5307537728724406E-02
 0.4994883769927875 0.9771190370176114E-01 0.5235988201025341E-02
 0.4995469000132836 0.8653493231083981E-01 0.5235987755984738E-02
 0.4995064399967357 0.9426215564737606E-01 0.5235987780937466E-02
 0.4995334133411091 0.8911067342301859E-01 0.5235987756056443E-02
 0.4995051846873296 0.9450189989142428E-01 0.5235987788371525E-02
 0.4994823798944704 0.9885725442434570E-01 0.5235988876250190E-02
 0.4994636008776017 0.1024437466867122 0.5235998352891855E-02
 0.4994464481012107 0.1057196378656089 0.5236045683744682E-02
 0.4994304937312193 0.1087665986414184 0.5236206020767273E-02
 0.4994141620354630 0.1118854450330086 0.5236685932238479E-02
 0.4993992145194048 0.1147395490720813 0.5237764964918045E-02
 0.4993866623721979 0.1171356214825341 0.5239594331613084E-02
 0.4993750922583687 0.1193432409900502 0.5242542165590710E-02
 0.4993618128153463 0.1218749769794244 0.5248248119111682E-02
 0.4993513795790345 0.1238616653740275 0.5255232650329664E-02
 0.4993424897606994 0.1255519983929098 0.5263492423795152E-02
 0.4993342112087342 0.1271233708452336 0.5273543462749841E-02
 0.4993233476850683 0.1291801419281677 0.5290885579624430E-02
 0.4993153237576395 0.1306944269266494 0.5307201556506070E-02
 0.4993077936759150 0.1321108747572398 0.5325573405273469E-02
 0.4992996260417989 0.1336412296215132 0.5349175616598152E-02
 0.4992924531954824 0.1349791968518592 0.5373290503926464E-02
 0.4992824200870923 0.1368397801413329 0.5412696243388839E-02
 0.4992891168880503 0.1355993913251417 0.5385640330738408E-02
 0.4992827774209179 0.1367737537833415 0.5411174257084397E-02
 0.4992758494555205 0.1380504469455093 0.5442309695530690E-02
 0.4992686262517655 0.1393733450483464 0.5478554800958707E-02
 0.4992617720963395 0.1406201549196157 0.5516716749055990E-02
 0.4992545891504175 0.1419170738771061 0.5560911013985839E-02
 0.4992478283212414 0.1431279313692775 0.5606767356589284E-02
 0.4992405855305366 0.1444136140064875 0.5660964973824360E-02
 0.4992339056605370 0.1455879631131207 0.5716191960351920E-02
 0.4992265103566005 0.1468742109015350 0.5784137887845746E-02
 0.4992200001158121 0.1479933983097232 0.5850911732024395E-02
 0.4992117869841952 0.1493860682529904 0.5946235066919757E-02
 0.4992052130585662 0.1504837925221312 0.6032824494381204E-02
 0.4991984987262913 0.1515878907227443 0.6131646508782060E-02
 0.4991912384162726 0.1527608101518831 0.6250512833842087E-02
 0.4991845565130861 0.1538198377246752 0.6370162835057613E-02
 0.4991773604023939 0.1549375377708120 0.6508186235116424E-02
 0.4991694790346597 0.1561340436054571 0.6667371256478653E-02
 0.4991620121113575 0.1572411152256591 0.6823121317342271E-02
 0.4991535854704600 0.1584602319285562 0.7001965147199014E-02
 0.4991446315810103 0.1597218171282960 0.7193433412582745E-02
 0.4991352366538158 0.1610099141561552 0.7394474893655176E-02
 0.4991248221568582 0.1623975449638299 0.7616657070942303E-02
 0.4991144768979896 0.1637365235720148 0.7836366475026722E-02
 0.4991039936633924 0.1650556860986082 0.8057911473751848E-02
 0.4990927783208866 0.1664275092617047 0.8293632470503201E-02
 0.4990818937779046 0.1677221846884403 0.8521109443488255E-02
 0.4990704563957323 0.1690459931004039 0.8758850997825959E-02
 0.4990591052141468 0.1703248521139661 0.8993557960370517E-02
 0.4990473361553413 0.1716161101875360 0.9235618176241783E-02
 0.4990354927843845 0.1728818829710491 0.9477944308847585E-02
 0.4990233252581232 0.1741491124385945 0.9725681475069407E-02
 0.4990109572400852 0.1754046385049171 0.9976264099422922E-02
 0.4989983689621946 0.1766506257431281 0.1022999933861111E-01
 0.4989854512141619 0.1778975787941685 0.1048901441955806E-01
 0.4989724005803498 0.1791265490574893 0.1074935293451893E-01
 0.4989589055595076 0.1803665295808301 0.1101714869218109E-01
 0.4989453302075301 0.1815839241399234 0.1128505378801423E-01
 0.4989312310981287 0.1828181483189143 0.1156172599295269E-01
 0.4989170603027123 0.1840293162023457 0.1183825823085466E-01
 0.4989025665784513 0.1852392396900230 0.1211951198818393E-01
 0.4988877215777215 0.1864498013052142 0.1240589485349544E-01
 0.4988727592576340 0.1876420548723685 0.1269282329440910E-01
 0.4988573578324792 0.1888415502348479 0.1298643590498949E-01
 0.4988421513484323 0.1899996196466407 0.1327459606959137E-01
 0.4988261667172804 0.1911902403243867 0.1357546473203360E-01
 0.4988111755263854 0.1922832089831813 0.1385544533904134E-01
 0.4987939295476762 0.1935136981939846 0.1417441219163953E-01
 0.4987782902016249 0.1946059763708269 0.1446016808361624E-01
 0.4987622381436088 0.1957050037093768 0.1474936244395938E-01
 0.4987424017604412 0.1970339927503886 0.1510048395970912E-01
 0.4987238021142232 0.1982525857821527 0.1542387295569655E-01
 0.4987057535115458 0.1994110487659128 0.1573370182419448E-01
 0.4986888284581359 0.2004769235062967 0.1602240673694407E-01
 0.4986712526835788 0.2015636496838808 0.1632208968767167E-01
 0.4986528802294239 0.2026784669241987 0.1663673460654847E-01
 0.4986362959408127 0.2036667616944219 0.1692267346631316E-01
 0.4986189679682596 0.2046816301940949 0.1722341263907755E-01
 0.4985994099967028 0.2058059672635931 0.1756466658614831E-01
 0.4985817453698486 0.2068028105362204 0.1787371931660931E-01
 0.4985625435048412 0.2078670276129770 0.1820972903648782E-01
 0.4985425204400017 0.2089560543845178 0.1855948400739047E-01
 0.4985226468032866 0.2100168724394529 0.1890548633112780E-01
 0.4984997282566893 0.2112164270204738 0.1930264424390487E-01
 0.4984786694865148 0.2122971291509626 0.1966561971478110E-01
 0.4984547777674760 0.2134993798037668 0.2007514646713288E-01
 0.4984333988302189 0.2145546214913556 0.2043959888419768E-01
 0.4984092521467131 0.2157241371160765 0.2084896076361918E-01
 0.4983873802093267 0.2167638734858476 0.2121766524239875E-01
 0.4983628777359608 0.2179074670518311 0.2162841150091741E-01
 0.4983400182913418 0.2189550063988740 0.2200951955984523E-01
 0.4983165503532551 0.2200117698003928 0.2239871394239345E-01
 0.4982919967529957 0.2210979900960945 0.2280365568606018E-01
 0.4982685745550119 0.2221163726141834 0.2318777896696059E-01
 0.4982414284897111 0.2232758216831797 0.2363041493598747E-01
 0.4982172646352609 0.2242898122625125 0.2402219993339357E-01
 0.4981898513390207 0.2254203748543171 0.2446415900450737E-01
 0.4981646524001210 0.2264417846979134 0.2486804051293586E-01
 0.4981387874483929 0.2274731223673405 0.2528025451803467E-01
 0.4981116293508732 0.2285381222276985 0.2571062486867760E-01
 0.4980859006501898 0.2295307870667747 0.2611610864091940E-01
 0.4980558789381001 0.2306698300920109 0.2658651784204214E-01
 0.4980292787783414 0.2316623824663377 0.2700084701125134E-01
 0.4980003012157582 0.2327264990164440 0.2744962666776091E-01
 0.4979723850628214 0.2337353484303803 0.2787953546391041E-01
 0.4979446736587050 0.2347215609096485 0.2830400751618625E-01
 0.4979126312064974 0.2358436795015520 0.2879199474934009E-01
 0.4978843856119423 0.2368172080693036 0.2921964643213711E-01
 0.4978514867548234 0.2379333562382061 0.2971487129550278E-01
 0.4978220935639246 0.2389149797381999 0.3015482592922708E-01
 0.4977919677626449 0.2399063482845224 0.3060337028147322E-01
 0.4977600687330692 0.2409403881403641 0.3107569668958984E-01
 0.4977302182988099 0.2418939123462416 0.3151525476894228E-01
 0.4976949048820586 0.2430049548494912 0.3203230861848382E-01
 0.4976638082524882 0.2439686070500942 0.3248508802367632E-01
 0.4976314803635838 0.2449563049361853 0.3295333777037254E-01
 0.4975980709935205 0.2459624351210977 0.3343460585170344E-01
 0.4975664198047124 0.2469023718702092 0.3388805951366842E-01
 0.4975286905803435 0.2480065456859658 0.3442550821926552E-01
 0.4974957499473309 0.2489565999425387 0.3489210820148651E-01
 0.4974615153848345 0.2499306275735829 0.3537448601360655E-01
 0.4974260709012646 0.2509252099372847 0.3587115672930219E-01
 0.4973926198812498 0.2518513272258631 0.3633731369123595E-01
 0.4973525089644344 0.2529463222768392 0.3689305366958684E-01
 0.4973175686946951 0.2538868285075529 0.3737439645566653E-01
 0.4972817627574975 0.2548381735488893 0.3786506262980179E-01
 0.4972435866501583 0.2558390330582697 0.3838529802945118E-01
 0.4972082538527861 0.2567533568432660 0.3886410118065216E-01
 0.4971673056743919 0.2577990309722070 0.3941583816866998E-01
 0.4971302208680534 0.2587335152308675 0.3991270332050319E-01
 0.4970931258787074 0.2596567075595659 0.4040710106382610E-01
 0.4970501729465677 0.2607117040583198 0.4097632461883072E-01
 0.4970126436620236 0.2616215785436749 0.4147080803982706E-01
 0.4969715108020437 0.2626064613288219 0.4200975789257787E-01
 0.4969319404765247 0.2635420968313426 0.4252537118122381E-01
 0.4968934214466924 0.2644420561222220 0.4302467590740571E-01
 0.4968463896026572 0.2655268761141245 0.4363086371324264E-01
 0.4968064937219263 0.2664353680887916 0.4414207850259343E-01
 0.4967650071824080 0.2673690059631112 0.4467079468449311E-01
 0.4967219398421878 0.2683266174289875 0.4521666157652556E-01
 0.4966816406008115 0.2692122795257437 0.4572478297683003E-01
 0.4966352179792239 0.2702204138629944 0.4630697484626103E-01
 0.4965928039940071 0.2711304896186198 0.4683595089348816E-01
 0.4965508728001907 0.2720201694992673 0.4735616104027469E-01
 0.4964992085777841 0.2731030363740904 0.4799348955714434E-01
 0.4964561865930229 0.2739938600323917 0.4852127478639781E-01
 0.4964107275846095 0.2749246877092735 0.4907613136830274E-01
 0.4963648534409783 0.2758534182974535 0.4963311190484385E-01
 0.4963214150826707 0.2767232874100491 0.5015779588356031E-01
 0.4962707447637271 0.2777265660239236 0.5076656805788904E-01
 0.4962250468262032 0.2786211351370489 0.5131271050207754E-01
 0.4961798612025792 0.2794963681963831 0.5185012875175495E-01
 0.4961237829972321 0.2805700694432438 0.5251353471494025E-01
 0.4960774106429270 0.2814477490861079 0.5305913378323864E-01
 0.4960288309965766 0.2823575845822696 0.5362784656311498E-01
 0.4959790358370750 0.2832802316861036 0.5420786478845439E-01
 0.4959323784084771 0.2841358285686559 0.5474874542382123E-01
 0.4958797317429149 0.2850911680914643 0.5535609082140523E-01
 0.4958302918426301 0.2859788253087109 0.5592355801157616E-01
 0.4957822555492868 0.2868326990613452 0.5647223139494081E-01
 0.4957221757299726 0.2878890590117440 0.5715482547307432E-01
 0.4956720909101284 0.2887600863572526 0.5772088180462358E-01
 0.4956215651300755 0.2896301709263510 0.5828924553149531E-01
 0.4955645959019780 0.2906011000543895 0.5892686604604577E-01
 0.4955142669340661 0.2914501594426559 0.5948730177973183E-01
 0.4954607847220658 0.2923436934493268 0.6007993746963251E-01
 0.4954061444460219 0.2932475196303994 0.6068240887455193E-01
 0.4953550075965864 0.2940853009419093 0.6124360629869402E-01
 0.4952980887195506 0.2950088281781063 0.6186530209635865E-01
 0.4952435445879748 0.2958851563438343 0.6245812820307352E-01
 0.4951911298795490 0.2967194683921602 0.6302510372928766E-01
 0.4951289656037268 0.2976992932962991 0.6369417449757560E-01
 0.4950739044043926 0.2985586005121984 0.6428385744981593E-01
 0.4950197459739132 0.2993961593430914 0.6486126088993260E-01
 0.4949512207173946 0.3004452772290921 0.6558814009252460E-01
 0.4948952997648936 0.3012928409036909 0.6617823350716359E-01
 0.4948383878798113 0.3021476948976891 0.6677594748650113E-01
 0.4947757192947608 0.3030802066641460 0.6743090283326969E-01
 0.4947196438282021 0.3039069605879445 0.6801419345053419E-01
 0.4946602728300288 0.3047746041546245 0.6862897826448704E-01
 0.4945986754446032 0.3056666010340933 0.6926377872142772E-01
 0.4945416680828127 0.3064848688587439 0.6984849893121443E-01
 0.4944798349085269 0.3073646898915576 0.7047973074997775E-01
 0.4944180563955068 0.3082358914463747 0.7110739627242790E-01
 0.4943598963076697 0.3090490586500632 0.7169564070621041E-01
 0.4942954614848210 0.3099421935014191 0.7234438043888902E-01
 0.4942330940217097 0.3107990687024082 0.7296931408664069E-01
 0.4941736787715375 0.3116085759364861 0.7356191212779485E-01
 0.4941063339648244 0.3125182631213731 0.7423039559649543E-01
 0.4940431849742745 0.3133638519472791 0.7485424128395977E-01
 0.4939824176470115 0.3141709117230669 0.7545191664034141E-01
 0.4939114509088962 0.3151053662969319 0.7614666907772173E-01
 0.4938473947193078 0.3159415231024060 0.7677075694035169E-01
 0.4937851326836298 0.3167477599245554 0.7737462441866433E-01
 0.4937083119681904 0.3177338786278923 0.7811605293824722E-01
 0.4936431970855036 0.3185624200013535 0.7874147428533754E-01
 0.4935790628745670 0.3193720621024587 0.7935484564247133E-01
 0.4934964601142474 0.3204056671674512 0.8014102760290272E-01
 0.4934303210101897 0.3212259658516425 0.8076739028845759E-01
 0.4933636393617956 0.3220465649274802 0.8139608580874257E-01
 0.4932873476543293 0.3229776731822884 0.8211201867622861E-01
 0.4932210236776301 0.3237805415628534 0.8273158716590623E-01
 0.4931524915201820 0.3246038335078236 0.8336907409115189E-01
 0.4930769124344585 0.3255044967296455 0.8406890003836859E-01
 0.4930096034706176 0.3263003013538646 0.8468927251677123E-01
 0.4929394957813591 0.3271230057615896 0.8533255952894417E-01
 0.4928631034393491 0.3280124109556408 0.8603024220872341E-01
 0.4927945862097394 0.3288039982381751 0.8665319324467648E-01
 0.4927230515823809 0.3296243793568673 0.8730080037918050E-01
 0.4926453019297963 0.3305091438623343 0.8800145156931076E-01
 0.4925754879369650 0.3312976037822952 0.8862770876398336E-01
 0.4925026320652676 0.3321144812852057 0.8927836446422652E-01
 0.4924232283871677 0.3329980017984870 0.8998423107048645E-01
 0.4923520676278590 0.3337839158726073 0.9061403216273138E-01
 0.4922779673109877 0.3345964911237876 0.9126711361470406E-01
 0.4921966445532769 0.3354815794535280 0.9198064146879147E-01
 0.4921240963666332 0.3362653729651360 0.9261432632498187E-01
 0.4920488118352996 0.3370730593782947 0.9326908035224966E-01
 0.4919653262184617 0.3379621039972829 0.9399187529730818E-01
 0.4918913505198961 0.3387441610220655 0.9462955034854606E-01
 0.4918149095177184 0.3395467421120825 0.9528578864024505E-01
 0.4917290123397618 0.3404420127981078 0.9601994545292636E-01
 0.4916535666737980 0.3412227008482251 0.9666189617149908E-01
 0.4915759685789479 0.3420202493011290 0.9731935629988553E-01
 0.4914874644672590 0.3429233120253536 0.9806582539343181E-01
 0.4914105133101161 0.3437028998006573 0.9871201044578620E-01
 0.4913317265251018 0.3444957910517970 0.9937092976871444E-01
 0.4912404625909052 0.3454076747970345 0.1001308061021613
 0.4911619778551422 0.3461863300436226 0.1007813338363858
 0.4910819547742970 0.3469750655658674 0.1014418043980469
 0.4909879338513667 0.3478952040487471 0.1022142624307174
 0.4909079107864886 0.3486728644943548 0.1028688004506247
 0.4908266019862503 0.3494579425420908 0.1035311733241027
 0.4907298670727143 0.3503854193414978 0.1043156961444813
 0.4906483108037202 0.3511619353415474 0.1049741199100906
 0.4905656858941737 0.3519436492136942 0.1056383724473326
 0.4904663045279581 0.3528773768887369 0.1064336884580805
 0.4903832243219164 0.3536525810061966 0.1070955993029010
 0.4902992619439876 0.3544311363968115 0.1077618758497515
 0.4901972374214448 0.3553706879956234 0.1085678880325279
 0.4901126334543695 0.3561445070642145 0.1092332522882676
 0.4900273227698995 0.3569200038660192 0.1099013968695994
 0.4899226536610394 0.3578650218478003 0.1107174245038906
 0.4898365251340707 0.3586374034019718 0.1113859234410677
 0.4897498509606250 0.3594099831198427 0.1120560043408875
 0.4896424742024971 0.3603606768094245 0.1128824462592761
 0.4895548102138511 0.3611316581535433 0.1135540976623677
 0.4894667548424738 0.3619014744185903 0.1142259609017506
 0.4893567976735625 0.3628563924387038 0.1150610880602458
 0.4892676071783900 0.3636258521017647 0.1157354530217401
 0.4891781604150732 0.3643930015936918 0.1164090867512997
 0.4890661513065575 0.3653473810944926 0.1172488741649766
 0.4889754669440264 0.3661150329495064 0.1179256755116183
 0.4888846827867846 0.3668790973544061 0.1186004313843574
 0.4887703569804547 0.3678350909991462 0.1194462674171096
 0.4886781270620110 0.3686013617458939 0.1201255677397560
 0.4885860233469521 0.3693622386449679 0.1208012809656006
 0.4884691384058579 0.3703216852852226 0.1216549869818504
 0.4883753169495353 0.3710869199405659 0.1223371230689290
 0.4882818904350870 0.3718446713730374 0.1230136210193792
 0.4881623451903829 0.3728081615769089 0.1238752977568185
 0.4880669118232247 0.3735724816620217 0.1245601050074946
 0.4879721494190984 0.3743272464087470 0.1252374727292030
 0.4878498272583343 0.3752954568060746 0.1261079898569316
 0.4877527652049620 0.3760589430833100 0.1267956239525399
 0.4876566542672940 0.3768108432936342 0.1274737943955595
 0.4875314981142654 0.3777839468206857 0.1283529254908402
 0.4874327996782505 0.3785466078942602 0.1290431377210993
 0.4873353211657637 0.3792958120137276 0.1297222331869085
 0.4872072605952359 0.3802740726379334 0.1306104939774235
 0.4871069106592406 0.3810359693530617 0.1313034273457582
 0.4870080413048337 0.3817826652296776 0.1319834439666793
 0.4868771128133128 0.3827655290148954 0.1328799213808003
 0.4867751131119489 0.3835265993879977 0.1335752364574142
 0.4866748286750128 0.3842709799594106 0.1342562981820418
 0.4865410280762072 0.3852582245818990 0.1351610425671987
 0.4864373754564263 0.3860184452141531 0.1358588024338560
 0.4863356644725279 0.3867605998760604 0.1365408238789405
 0.4861989991866882 0.3877519308053673 0.1374531438192529
 0.4860936961448000 0.3885112440056464 0.1381530131629364
 0.4859905421979825 0.3892512994079804 0.1388360673112773
 0.4858509904654197 0.3902466472548587 0.1397561712852529
 0.4857440351924707 0.3910050276676887 0.1404582380349328
 0.4856394342130300 0.3917430156780913 0.1411422186323730
 0.4854974178495387 0.3927392127317691 0.1420667631950301
 0.4853888395955489 0.3934964394649897 0.1427705471737571
 0.4852828174466537 0.3942322038844753 0.1434552659890272
 0.4851411577866233 0.3952097572699612 0.1443663096705953
 0.4850310900427160 0.3959650038471083 0.1450711167082496
 0.4849238816778313 0.3966970680251828 0.1457550195543842
 0.4847881587151914 0.3976188713858185 0.1466172009070722
 0.4846766658754332 0.3983720120239220 0.1473225244298878
 0.4845687474229075 0.3990975373338506 0.1480027856055441
 0.4844424938703931 0.3999420531246125 0.1487955871584538
 0.4843287325940331 0.4006991128669717 0.1495071127859960
 0.4842201960988950 0.4014180075277461 0.1501834285143412
 0.4841014912611526 0.4022005064977109 0.1509202887733268
 0.4839825098177324 0.4029809533455192 0.1516559845034749
 0.4838724196717258 0.4036996679005808 0.1523342147346147
 0.4837577636713171 0.4044447496405055 0.1530380843048078
 0.4836257453853778 0.4052983675696504 0.1538453956726483
 0.4835123275127042 0.4060280974534490 0.1545362440596363
 0.4833986202745250 0.4067563752642395 0.1552263229349261
 0.4832471086326111 0.4077216993236255 0.1561419654023611
 0.4831295803777211 0.4084665589045643 0.1568492937289865
 0.4830148305754732 0.4091905278297513 0.1575374973485760
 0.4828692009903232 0.4101047136878120 0.1584075069886251
 0.4827499148328919 0.4108497407647649 0.1591172799776907
 0.4826346606536782 0.4115663872457853 0.1598005955430815
 0.4825013786374786 0.4123912610933441 0.1605878012510202
 0.4823794032732511 0.4131425682679792 0.1613054911494196
 0.4822635858131741 0.4138528096190199 0.1619846031628789
 0.4821386961499328 0.4146153036244674 0.1627143889500158
 0.4820094179089696 0.4154009402293980 0.1634670451365455
 0.4818915347606583 0.4161141300761532 0.1641508624385448
 0.4817705013001541 0.4168432442922071 0.1648504639070891
 0.4816204351038765 0.4177428996299006 0.1657144366540005
 0.4814980647053594 0.4184729945861551 0.1664162230041060
 0.4813771959889293 0.4191910628225700 0.1671070516952670
 0.4812220142831344 0.4201085680495620 0.1679905993864855
 0.4810963634045199 0.4208478846339536 0.1687031784864375
 0.4809750062874210 0.4215589270990857 0.1693889802504971
 0.4808347820645170 0.4223768751899831 0.1701784628527718
 0.4807062877440962 0.4231230174857787 0.1708992177363102
 0.4805844509583022 0.4238275477468435 0.1715803341541325
 0.4804536793518113 0.4245805827691045 0.1723089596773352
 0.4803165532825465 0.4253667347059886 0.1730702704711566
 0.4801923594123386 0.4260757120094074 0.1737573505461149
 0.4800656172617868 0.4267962982614681 0.1744561375981223
 0.4799043695225268 0.4277088267028037 0.1753417441734487
 0.4797750952354139 0.4284370266575307 0.1760490703580328
 0.4796483771295759 0.4291479390417594 0.1767401698460353
 0.4794927655751639 0.4300170829189749 0.1775858398390864
 0.4793605652020965 0.4307521585774310 0.1783016473889731
 0.4792337431525402 0.4314545061842581 0.1789860333910023
 0.4790928410474909 0.4322316250949476 0.1797437761144500
 0.4789555099146546 0.4329858397566104 0.1804797234921079
 0.4788275474805639 0.4336857830010348 0.1811632361776646
 0.4786940473214779 0.4344131502280463 0.1818740821625738
 0.4785403090756670 0.4352471974398668 0.1826898399314704
 0.4784082982466991 0.4359603427209062 0.1833878344521692
 0.4782768518443004 0.4366676903596862 0.1840805494870726
 0.4781111953796623 0.4375552705404632 0.1849503236412210
 0.4779743218927020 0.4382854223085245 0.1856663379792201
 0.4778427235499553 0.4389847260404326 0.1863525737451299
 0.4776948366400447 0.4397674527589880 0.1871212197382872
 0.4775534670101554 0.4405126193546196 0.1878534649032094
 0.4774210489711926 0.4412079133889677 0.1885370681927239
 0.4772821612734390 0.4419344139865705 0.1892516995125766
 0.4771253975655594 0.4427510592583469 0.1900554486116540
 0.4769890638227514 0.4434584100000478 0.1907520637515007
 0.4768529362828849 0.4441620589334850 0.1914454708631631
 0.4766814067104441 0.4450449991199424 0.1923161645576737
 0.4765396343420060 0.4457716833746966 0.1930332168212101
 0.4764034456601193 0.4464671498658406 0.1937197939340766
 0.4762510670895168 0.4472423074390819 0.1944854134816614
 0.4761042876244699 0.4479860332901784 0.1952203966472965
 0.4759671805457233 0.4486781633354470 0.1959048020287285
 0.4758240354220807 0.4493981357539800 0.1966171858103654
 0.4756594638775705 0.4502225807253961 0.1974334712451360
 0.4755179362703885 0.4509287948955563 0.1981330868850915
 0.4753773887751831 0.4516275932555963 0.1988256672313462
 0.4752057626031542 0.4524775380685180 0.1996684670976264
 0.4750588421937980 0.4532022152156382 0.2003874619168196
 0.4749183948205991 0.4538924753608272 0.2010727035553375
 0.4747646934233690 0.4546451152022718 0.2018203154885199
 0.4746102443523257 0.4553985402370478 0.2025691245748260
 0.4744680995910895 0.4560894215685192 0.2032560783731769
 0.4743220460561843 0.4567968090313866 0.2039597074035852
 0.4741393897017834 0.4576779597140063 0.2048365592897678
 0.4739912433544379 0.4583897911788149 0.2055452776497851
 0.4738463215513137 0.4590836937356968 0.2062364907865490
 0.4736750028587208 0.4599009128880422 0.2070509691870746
 0.4735225969041483 0.4606251436803374 0.2077731002916165
 0.4733778179754708 0.4613107388878870 0.2084569374733368
 0.4732224563046356 0.4620438814968001 0.2091884246760893
 0.4730591993911816 0.4628114468437454 0.2099545360010842
 0.4729116681384451 0.4635026032583298 0.2106446805190733
 0.4727623176601988 0.4641999137482029 0.2113412919613001
 0.4725594858638214 0.4651431499262677 0.2122840825497909
 0.4724044676456163 0.4658611355318519 0.2130020562396303
 0.4722549333626651 0.4665513650481990 0.2136924976132401
 0.4720810907303875 0.4673509185289996 0.2144925721909385
 0.4719231848390912 0.4680745171749474 0.2152169467540928
 0.4717738108824550 0.4687567131715897 0.2159001909949130
 0.4716151550864629 0.4694788680544968 0.2166238124712259
 0.4714437785436879 0.4702561368174417 0.2174030392958106
 0.4712908799811331 0.4709471799374561 0.2180960977927649
 0.4711374805476912 0.4716382155652288 0.2187893661244728
 0.4709464146816866 0.4724957814670130 0.2196500064386589
 0.4707864455066516 0.4732111144440170 0.2203682077547071
 0.4706334271770193 0.4738931182809687 0.2210532454803940
 0.4704655543553894 0.4746388246050173 0.2218026084851792
 0.4702980521196994 0.4753802978739450 0.2225480234188734
 0.4701434359241100 0.4760624573132520 0.2232340179432440
 0.4699849027519319 0.4767596546654101 0.2239353014694616
 0.4697834992586333 0.4776421433152099 0.2248232108593973
 0.4696217692331373 0.4783481929675104 0.2255338451562247
 0.4694645267911544 0.4790324511441073 0.2262227928512374
 0.4692830340202721 0.4798195652372944 0.2270155949128290
 0.4691164762400670 0.4805394118453309 0.2277408655624892
 0.4689592851846787 0.4812166057114571 0.2284232991487816
 0.4687935666428900 0.4819282750765929 0.2291405889284296
 0.4686102516764282 0.4827128323749128 0.2299314985607331
 0.4684487176032046 0.4834018605083438 0.2306262900556794
 0.4682879256895853 0.4840855927790200 0.2313159487184562
 0.4680960599729165 0.4848987040883126 0.2321363725105531
 0.4679273551783594 0.4856112070907436 0.2328554707607914
 0.4677669532117719 0.4862865341773592 0.2335371614367786
 0.4675953222433422 0.4870068803853149 0.2342643969217172
 0.4674141988528024 0.4877645589852985 0.2350294654155427
 0.4672505879936014 0.4884467849403309 0.2357185238465394
 0.4670859661626675 0.4891311431354554 0.2364099427659539
 0.4668810829913085 0.4899799816460257 0.2372678195686412
 0.4667097339774005 0.4906874467522299 0.2379830022783596
 0.4665458062664268 0.4913622096994482 0.2386652325339348
 0.4663671215712832 0.4920954400593823 0.2394066769259210
 0.4661869955358269 0.4928322038539065 0.2401518276468026
 0.4660210857243910 0.4935087230370719 0.2408362111300992
 0.4658521431774068 0.4941955604721867 0.2415312196109982
 0.4656262442350868 0.4951107551888266 0.2424575656795794
 0.4654518415977356 0.4958148397871682 0.2431703652508585
 0.4652836039655597 0.4964920063907450 0.2438559697907234
 0.4650923980819575 0.4972592237082236 0.2446327974232549
 0.4649137675348895 0.4979736976513966 0.2453563005219071
 0.4647454995786353 0.4986447230564471 0.2460359181502142
 0.4645701075812119 0.4993421090610638 0.2467423693145524
 0.4643656697604164 0.5001523692472866 0.2475633056055187
 0.4641916933042105 0.5008397013564130 0.2482597570845726
 0.4640202808972428 0.5015149436963394 0.2489439693146502
 0.4638231412599959 0.5022891485142768 0.2497284642586378
 0.4636419183203943 0.5029986147837923 0.2504474041781259
 0.4634707158945160 0.5036669059453357 0.2511247043921372
 0.4632913339037316 0.5043651145018203 0.2518324369608881
 0.4630867403343806 0.5051589625788865 0.2526372270564978
 0.4629102746870848 0.5058415565781638 0.2533292725240888
 0.4627357015319212 0.5065149197966964 0.2540119560342416
 0.4625346237698948 0.5072881818540935 0.2547959112232746
 0.4623502720111701 0.5079949451654464 0.2555124780788050
 0.4621761198454924 0.5086607083569271 0.2561875487291113
 0.4619935032352609 0.5093568662923591 0.2568935371018576
 0.4617847513871612 0.5101502130789219 0.2576981822701779
 0.4616051196925025 0.5108308230241468 0.2583885102143028
 0.4614275093751734 0.5115019093972746 0.2590691555494841
 0.4612237700508974 0.5122694577233868 0.2598475968341321
 0.4610358727651758 0.5129751975553216 0.2605633471132974
 0.4608586992189848 0.5136388053346432 0.2612364037622903
 0.4606733382447688 0.5143311685531593 0.2619386804748801
 0.4604572900923727 0.5151357094937001 0.2627547789563419
 0.4602739524532495 0.5158163923954411 0.2634452102148252
 0.4600934053967367 0.5164848928888702 0.2641232076186421
 0.4598875761711402 0.5172448170272025 0.2648938187046075
 0.4596958917036499 0.5179504403754507 0.2656092916329303
 0.4595156688208977 0.5186120585665123 0.2662801219108632
 0.4593277571490076 0.5193000465203386 0.2669776868132895
 0.4591020856286072 0.5201237976549141 0.2678128750184988
 0.4589148259734168 0.5208052959375148 0.2685037543344716
 0.4587313436151112 0.5214712668488722 0.2691787764259450
 0.4585231021315129 0.5222249859848340 0.2699425903510402
 0.4583277650817683 0.5229299680212525 0.2706569054136364
 0.4581445398107017 0.5235894660689259 0.2713250835822829
 0.4579540948652348 0.5242731465271171 0.2720177354660119
 0.4577194941951324 0.5251128349872728 0.2728683812438570
 0.4575284896722779 0.5257944560478701 0.2735587911351401
 0.4573420899256166 0.5264579048236030 0.2742306577889129
 0.4571312207411047 0.5272063920281973 0.2749884689002395
 0.4569322370664387 0.5279107064617505 0.2757014231799554
 0.4567459570275710 0.5285683228187934 0.2763670347372604
 0.4565529104399194 0.5292480720925002 0.2770550022839766
 0.4563111656612193 0.5300967974020518 0.2779139029921072
 0.4561164372250345 0.5307784524235177 0.2786036064961843
 0.4559270775934136 0.5314396130011314 0.2792724219107143
 0.4557138636350445 0.5321820708959268 0.2800232834935489
 0.4555109218610986 0.5328868146358455 0.2807358438782132
 0.4553214976150364 0.5335429192029807 0.2813991249737747
 0.4551260028909765 0.5342183439111812 0.2820818570645028
 0.4548747941081385 0.5350837341781921 0.2829564596153582
 0.4546760304751349 0.5357664607650664 0.2836462695927721
 0.4544836750998899 0.5364255112246027 0.2843119492249414
 0.4542679953215127 0.5371625438817234 0.2850561312579709
 0.4540611364656314 0.5378675290950149 0.2857677173726762
 0.4538686065997385 0.5385220181571641 0.2864281654550241
 0.4536705939680435 0.5391934860327668 0.2871056018526849
 0.4534094244599539 0.5400765683537592 0.2879962888954234
 0.4532067614349545 0.5407598402567179 0.2886851988823397
 0.4530114345177709 0.5414167507047742 0.2893472837498897
 0.4527928115073069 0.5421501281831077 0.2900861441596026
 0.4525823079594012 0.5428544056394125 0.2907954314141165
 0.4523866996121191 0.5435072225087327 0.2914527183649966
 0.4521858899253374 0.5441757805107426 0.2921257155214968
 0.4519165132528977 0.5450700657511717 0.2930257132792026
 0.4517101895851362 0.5457530625605242 0.2937128519265256
 0.4515118137937149 0.5464081564423769 0.2943716978455440
 0.4512899196601622 0.5471390780241501 0.2951065411536486
 0.4510758147528618 0.5478425170282208 0.2958135220507728
 0.4508771021373666 0.5484937930967901 0.2964679169092903
 0.4506734513916567 0.5491596749972251 0.2971368535201044
 0.4503997818756602 0.5500520015241723 0.2980330373355787
 0.4501898806942407 0.5507344796579505 0.2987182202716830
 0.4499885789802922 0.5513874393889787 0.2993735148326715
 0.4497646149018098 0.5521121293056811 0.3001004833341113
 0.4495461197822619 0.5528173302369952 0.3008076056565449
 0.4493441739066708 0.5534675547832036 0.3014593800099048
 0.4491381084841543 0.5541295064518563 0.3021227150319257
 0.4488746361720174 0.5549736237963611 0.3029682963138937
 0.4486616495377897 0.5556541669327227 0.3036497233511042
 0.4484581843744140 0.5563027725514720 0.3042988793323228
 0.4482371815712766 0.5570056202672553 0.3050019848428154
 0.4480099309823986 0.5577265434414178 0.3057228336922033
 0.4478038213017602 0.5583788379502711 0.3063748124647878
 0.4475964892482622 0.5590335125205471 0.3070289693761659
 0.4473507234647436 0.5598076259936218 0.3078022166780504
 0.4471330621181110 0.5604914893852266 0.3084850505576996
 0.4469273794793945 0.5611362374524835 0.3091285591618966
 0.4467113599750588 0.5618118507706674 0.3098025714461216
 0.4464596590251262 0.5625970873269993 0.3105855774343074
 0.4462465944010540 0.5632601421702751 0.3112464847696286
 0.4460377741172031 0.5639085335886803 0.3118925793986435
 0.4458030166755791 0.5646357522148482 0.3126169969899049
 0.4455773783668525 0.5653330297874016 0.3133113294200713
 0.4453680264929253 0.5659785051162793 0.3139538025939511
 0.4451537854722818 0.5666375965936952 0.3146095195319488
 0.4448736823093239 0.5674970980821116 0.3154641502785845
 0.4446526141504235 0.5681736956884939 0.3161365789823027
 0.4444413409650967 0.5688188794810162 0.3167775501632711
 0.4442107813167218 0.5695213698922229 0.3174752009700121
 0.4439762172702010 0.5702343698154484 0.3181829897509931
 0.4437626673629438 0.5708820200419527 0.3188255996431977
 0.4435475557122347 0.5715329965183465 0.3194711824461387
 0.4432918260842004 0.5723050635801610 0.3202364272138880
 0.4430659775856738 0.5729852770962028 0.3209102888008457
 0.4428526987734445 0.5736262304660568 0.3215450116675168
 0.4426290055809536 0.5742970271487567 0.3222090618137117
 0.4423658915681157 0.5750841436376833 0.3229879581475119
 0.4421447304465518 0.5757441844825274 0.3236408150373236
 0.4419285418161267 0.5763880071376933 0.3242773422495596
 0.4416870731488147 0.5771055151897413 0.3249863801334359
 0.4414521822419919 0.5778018686527118 0.3256742053552814
 0.4412350775746640 0.5784440914035460 0.3263083410072204
 0.4410139213429096 0.5790969232564718 0.3269527667885256
 0.4407368647669289 0.5799128210892709 0.3277578940010688
 0.4405074887929146 0.5805866784327491 0.3284225918622453
 0.4402892662401591 0.5812264107202647 0.3290533642069395
 0.4400558413628877 0.5819092524316037 0.3297263370610850
 0.4398043933735867 0.5826431435175745 0.3304492882175697
 0.4395814421246050 0.5832924196905237 0.3310886384427255
 0.4393601639771256 0.5839354912673410 0.3317216833412755
 0.4391083697988896 0.5846656433959304 0.3324402217093867
 0.4388708633670000 0.5853528089611295 0.3331162035115797
 0.4386496667504224 0.5859914372697381 0.3337441766855659
 0.4384226653424869 0.5866454807923174 0.3343870221764410
 0.4381182655872242 0.5875204045038396 0.3352465328185891
 0.4378842813418550 0.5881912943636051 0.3359053240524084
 0.4376606487918606 0.5888311789023156 0.3365334927010129
 0.4374153006894832 0.5895317185481531 0.3372210322624208
 0.4371687460912610 0.5902341527274054 0.3379102345899705
 0.4369434294183859 0.5908747293948339 0.3385385404882271
 0.4367162323442700 0.5915193539612136 0.3391705967742436
 0.4364458892250046 0.5922847088615326 0.3399207502624568
 0.4362068903681762 0.5929598089363229 0.3405822322989281
 0.4359816135101821 0.5935948526624558 0.3412043323159101
 0.4357463077847385 0.5942568323587043 0.3418527066539640
 0.4354591437589842 0.5950628672187835 0.3426420041823527
 0.4352241682296899 0.5957209229481905 0.3432862090584805
 0.4349958930913634 0.5963589359054022 0.3439105918245486
 0.4347428757135539 0.5970646387265456 0.3446009718192133
 0.4344932520315961 0.5977593779149657 0.3452803961216983
 0.4342637894647304 0.5983967011517151 0.3459035084858224
 0.4340315324671684 0.5990405205628910 0.3465328445826937
 0.4337513531506011 0.5998154974736101 0.3472902191814864
 0.4335081162629743 0.6004868075381270 0.3479460996464550
 0.4332783943937422 0.6011195588275555 0.3485641171621263
 0.4330374682225493 0.6017818655850876 0.3492107889171703
 0.4327520828789415 0.6025646715006726 0.3499748631334380
 0.4325134957779931 0.6032176886760312 0.3506121007609722
 0.4322809070783190 0.6038530488317257 0.3512320225392053
 0.4320232357905441 0.6045555063592811 0.3519173378776281
 0.4317685324642962 0.6052484136711364 0.3525932474208580
 0.4315345873660346 0.6058835785981107 0.3532127230254086
 0.4312980366992065 0.6065245875350562 0.3538377714927860
 0.4310140174894624 0.6072926028691836 0.3545865041762374
 0.4307656887162278 0.6079626637517306 0.3552396412540437
 0.4305315372697612 0.6085932432805672 0.3558542530553706
 0.4302868769723418 0.6092508582002145 0.3564951984386290
 0.4299875904526090 0.6100535528986010 0.3572775086946615
 0.4297431909289098 0.6107076204489249 0.3579148928735807
 0.4295060686146967 0.6113410005906813 0.3585320173462356
 0.4292443544700006 0.6120386902058865 0.3592116753872777
 0.4289838027065032 0.6127318528554193 0.3598868203502699
 0.4287451445767345 0.6133655269806806 0.3605039767397312
 0.4285044723295634 0.6140033513016109 0.3611251652873117
 0.4282191938794259 0.6147578408932861 0.3618599742450856
 0.4279655255003355 0.6154273261700597 0.3625119700767505
 0.4277270561242960 0.6160554997993318 0.3631236803756697
 0.4274793772972176 0.6167067100744088 0.3637577556516495
 0.4271656546965579 0.6175297877664467 0.3645591076923124
 0.4269152957263438 0.6181852078415898 0.3651972306538832
 0.4266739431362023 0.6188158651313471 0.3658112963034955
 0.4264092852984969 0.6195060892306701 0.3664834440662260
 0.4261421157531451 0.6202014600045018 0.3671606767785209
 0.4258985984931426 0.6208340480121206 0.3677767945211765
 0.4256539718838674 0.6214683502886481 0.3683945839046231
 0.4253690207525218 0.6222057440889937 0.3691127818461326
 0.4251094106181353 0.6228761931939337 0.3697658111590627
 0.4248663788089670 0.6235026529962814 0.3703760627154741
 0.4246159125373180 0.6241470931060221 0.3710039235930311
 0.4242771844439073 0.6250167271455441 0.3718513252664747
 0.4240196388813340 0.6256764829869885 0.3724942781533495
 0.4237737296577522 0.6263052642176282 0.3731070602159398
 0.4235051867930568 0.6269906247191031 0.3737749899507423
 0.4232319871625852 0.6276864907528893 0.3744531977687115
 0.4229837725823581 0.6283175175790532 0.3750682951058585
 0.4227350320184561 0.6289487412403416 0.3756837046603009
 0.4224478404665945 0.6296761282771615 0.3763930370492523
 0.4221828496493853 0.6303459497638197 0.3770463759948326
 0.4219354475034723 0.6309701601053559 0.3776553217754960
 0.4216815357829204 0.6316096433794228 0.3782792467136681
 0.4213488803399268 0.6324456894960447 0.3790950956954782
 0.4210865138903561 0.6331036849231998 0.3797373610660015
 0.4208370218013294 0.6337282556105851 0.3803471809740239
 0.4205692608739905 0.6343973328157011 0.3810006716490836
 0.4202827367801358 0.6351118948134953 0.3816988165187837
 0.4200281387640024 0.6357456275814304 0.3823181484106588
 0.4197760252702873 0.6363720604963216 0.3829304604403743
 0.4194937223878704 0.6370721947475461 0.3836149371895970
 0.4192196235962921 0.6377506634086264 0.3842783855580983
 0.4189668698298685 0.6383751514431623 0.3848892226535695
 0.4187110661965944 0.6390060605835243 0.3855065427732202
 0.4184056851201849 0.6397577855865788 0.3862423515559089
 0.4181365759183397 0.6404189122528309 0.3868897037307221
 0.4178836054178820 0.6410392755584374 0.3874973029062092
 0.4176211906751856 0.6416816625435913 0.3881266246041187
 0.4172838380540487 0.6425058043341290 0.3889342625587811
 0.4170174237650999 0.6431553076985959 0.3895710220331646
 0.4167616482736105 0.6437777683688893 0.3901815367275270
 0.4164834109070183 0.6444536679387695 0.3908447865043552
 0.4161968082695687 0.6451485601623655 0.3915270114463058
 0.4159378477940179 0.6457752775846166 0.3921425659825851
 0.4156795490782056 0.6463993069753190 0.3927556994955258
 0.4153868695408118 0.6471050923152295 0.3934494199404397
 0.4151083103267736 0.6477755448631592 0.3941086944345082
 0.4148501850411306 0.6483957046532720 0.3947187997200032
 0.4145879564441813 0.6490246330719739 0.3953378399950436
 0.4142702863345212 0.6497850675723608 0.3960867365585694
 0.4139953394748803 0.6504419421161814 0.3967339825751913
 0.4137364015462227 0.6510594806495098 0.3973427218543220
 0.4134667808944778 0.6517013784473971 0.3979757183637390
 0.4131293001441915 0.6525032341696776 0.3987668345907440
 0.4128578269783071 0.6531469709407154 0.3994023122212287
 0.4125964351488561 0.6537657246282124 0.4000134832310330
 0.4123125707011127 0.6544364820194852 0.4006764449900750
 0.4120185201672479 0.6551300050486407 0.4013623683848447
 0.4117536169538218 0.6557536526689780 0.4019795569920273
 0.4114900777443592 0.6563730298212205 0.4025928494587602
 0.4111943220551642 0.6570668701794963 0.4032802644724867
 0.4109076459954845 0.6577381505964364 0.4039457532416361
 0.4106432661507838 0.6583561281416940 0.4045588089927061
 0.4103760386432220 0.6589796994377738 0.4051778401834134
 0.4100614358727615 0.6597124567098858 0.4059058085545894
 0.4097786822108513 0.6603697797718618 0.4065593008689245
 0.4095137479903975 0.6609846059360557 0.4071708980824050
 0.4092407806840977 0.6616169942836218 0.4078002930834803
 0.4088683583676077 0.6624780320113340 0.4086577942233015
 0.4085871984945489 0.6631267323434529 0.4093042835960927
 0.4083200229279734 0.6637421047348145 0.4099179604282027
 0.4080318366531292 0.6644047134991273 0.4105792025892487
 0.4077281174452055 0.6651017423864741 0.4112752985255889
 0.4074566621685368 0.6657236072508604 0.4118967407800284
 0.4071878807026063 0.6663383103535173 0.4125113852174181
 0.4068898222640145 0.6670187688282334 0.4131921984836383
 0.4065937789869803 0.6676933816067046 0.4138676367743591
 0.4063227606996532 0.6683098847464106 0.4144853566455830
 0.4060505142029056 0.6689281429693577 0.4151053171184305
 0.4057375861872253 0.6696375057316887 0.4158172419222059
 0.4054462971535002 0.6702965895413835 0.4164792663138380
 0.4051751731082115 0.6709089887753169 0.4170948453729104
 0.4048986226420366 0.6715325977212027 0.4177221092947512
 0.4045555626050437 0.6723047192085427 0.4184993403277919
 0.4042672816692928 0.6729523020402314 0.4191517424919342
 0.4039956265445617 0.6735614986020686 0.4197659572953134
 0.4037122990657077 0.6741958011030732 0.4204060089901845
 0.4033599530365723 0.6749831019698204 0.4212011850684320
 0.4030750512108464 0.6756184766897424 0.4218434815563784
 0.4028011964943436 0.6762281862269819 0.4224602824562174
 0.4025065166839294 0.6768831390056007 0.4231233396302076
 0.4021913379595423 0.6775823706148882 0.4238318143785497
 0.4019114553817612 0.6782021904785519 0.4244603889680500
 0.4016351045417095 0.6788131717005299 0.4250805592715186
 0.4013299785321521 0.6794866016176205 0.4257647810972176
 0.4010244029094542 0.6801597977697071 0.4264494440824135
 0.4007456959655963 0.6807727351859454 0.4270733756995764
 0.4004667803852808 0.6813851171814507 0.4276972371807047
 0.4001508573031458 0.6820775312824184 0.4284032147588150
 0.3998496392594237 0.6827365130274293 0.4290757001446952
 0.3995711255684474 0.6833447829353677 0.4296969816516464
 0.3992895726385703 0.6839586774904817 0.4303245639148944
 0.3989612511074573 0.6846732641255039 0.4310557859892058
 0.3986619381480226 0.6853235162078584 0.4317218017012016
 0.3983825175161978 0.6859295253751450 0.4323430027506820
 0.3980967488815626 0.6865482799620372 0.4329777466467075
 0.3977385472295857 0.6873224145145780 0.4337725806988227
 0.3974407828806049 0.6879647073695335 0.4344326837373843
 0.3971598917016593 0.6885695872722374 0.4350549145245194
 0.3968660674129801 0.6892012651948437 0.4357053435801935
 0.3965098199624775 0.6899657053401249 0.4364933407791116
 0.3962165692894244 0.6905937878650646 0.4371414566444201
 0.3959340902496245 0.6911977973870951 0.4377652765720675
 0.3956311274295167 0.6918445169578763 0.4384337837645123
 0.3953026233749052 0.6925444888591058 0.4391580235449715
 0.3950132844436853 0.6931599184752080 0.4397954120235862
 0.3947291915903949 0.6937632000062119 0.4404208113211949
 0.3944203065200249 0.6944180199394703 0.4411003089810482
 0.3940976837285836 0.6951007341902572 0.4418094683650516
 0.3938081816190790 0.6957122955036065 0.4424452980022106
 0.3935214212027233 0.6963170755679161 0.4430745835156760
 0.3932047205808236 0.6969838594764957 0.4437689612553384
 0.3928870897222244 0.6976514042172880 0.4444647671587295
 0.3925976106854851 0.6982587431572191 0.4450984188501829
 0.3923082706028983 0.6988648020821364 0.4457313465628546
 0.3919822403764366 0.6995465329895058 0.4464440529778230
 0.3916684925192503 0.7002014048504110 0.4471294168254136
 0.3913792612863267 0.7008040856476432 0.4477607679575962
 0.3910879612794279 0.7014100929149177 0.4483961674969152
 0.3907542559095118 0.7021031086870432 0.4491234838141039
 0.3904415234835044 0.7027514010270451 0.4498045526650364
 0.3901514089717408 0.7033517994368035 0.4504359334197838
 0.3898575582265936 0.7039589452120457 0.4510750438704861
 0.3895146882644705 0.7046661244017933 0.4518202511420232
 0.3892020092512182 0.7053098656705210 0.4524993151235071
 0.3889102641868749 0.7059095068964374 0.4531324192920867
 0.3886124021350713 0.7065207268946151 0.4537782739292636
 0.3882466632456577 0.7072698634015424 0.4545705829686588
 0.3879352962480966 0.7079064467228995 0.4552445150034390
 0.3876424967332038 0.7085040792197500 0.4558778085565980
 0.3873390025440162 0.7091225312069209 0.4565338031368302
 0.3869407598048483 0.7099325060867600 0.4573939320822655
 0.3866312513708600 0.7105607938832252 0.4580618602010033
 0.3863369475966440 0.7111572367009965 0.4586964951843102
 0.3860240935453832 0.7117902297689296 0.4593706010728142
 0.3856718788797578 0.7125015775795978 0.4601288759210734
 0.3853681665044643 0.7131138808868214 0.4607822183943316
 0.3850723940504414 0.7137092125089265 0.4614180511615819
 0.3847547165614421 0.7143475783194292 0.4621005080739799
 0.3844085984519673 0.7150418539079370 0.4628434840389939
 0.3841043173701990 0.7156511437551497 0.4634961073038906
 0.3838058422408478 0.7162478429413458 0.4641357436503047
 0.3834818360763214 0.7168945048395309 0.4648294789955254
 0.3831421445017721 0.7175712716745386 0.4655561344836968
 0.3828381392526191 0.7181759024561217 0.4662059184233848
 0.3825377767681981 0.7187723283749886 0.4668474621353252
 0.3822085285295571 0.7194250199464622 0.4675502062400410
 0.3818725075379341 0.7200899636404334 0.4682668591156313
 0.3815687341071984 0.7206900763146912 0.4689142284712937
 0.3812674581303299 0.7212843045026232 0.4695557703590745
 0.3809367682221474 0.7219354617034267 0.4702593539979990
 0.3805989585035915 0.7225994688842446 0.4709774601722210
 0.3802934821575684 0.7231989066652469 0.4716263169069829
 0.3799905438651510 0.7237924160545740 0.4722693194277120
 0.3796585084506330 0.7244418510835309 0.4729735506417381
 0.3793174328859095 0.7251077951939309 0.4736963409056080
 0.3790093841059283 0.7257082372844130 0.4743485590503778
 0.3787037332945172 0.7263030539139050 0.4749951154792880
 0.3783669638384758 0.7269573360596895 0.4757068113743852
 0.3780266855627629 0.7276172751010118 0.4764252164614461
 0.3777176726736622 0.7282155710640079 0.4770770431760846
 0.3774100752531131 0.7288101780938065 0.4777253852425523
 0.3770687635882056 0.7294688533815845 0.4784442278939095
 0.3767298184606426 0.7301218166287865 0.4791574896801213
 0.3764205775335677 0.7307165640779871 0.4798076924151141
 0.3761123162180353 0.7313084887408131 0.4804552825938537
 0.3757712534003103 0.7319623106087132 0.4811711239437313
 0.3754291950981110 0.7326168965787501 0.4818883739469970
 0.3751179943143876 0.7332114395256086 0.4825403538668584
 0.3748085235125106 0.7338017433039991 0.4831881934158787
 0.3744685200049321 0.7344492168259963 0.4838993531388214
 0.3741208977594925 0.7351100444091841 0.4846257668572289
 0.3738064336400689 0.7357068367191864 0.4852822508463246
 0.3734943690478789 0.7362981376785417 0.4859330887971426
 0.3731512675913887 0.7369471733660368 0.4866479143826506
 0.3728022789430752 0.7376061959217872 0.4873742360602516
 0.3724860789176074 0.7382023035368838 0.4880316943163737
 0.3721718400290348 0.7387937775735808 0.4886845292263661
 0.3718246579898928 0.7394461769043181 0.4894051932967300
 0.3714764898732336 0.7400992927269718 0.4901272466012951
 0.3711599147808172 0.7406921599718489 0.4907831733253527
 0.3708451732542124 0.7412806671536525 0.4914346933478677
 0.3704990723929402 0.7419267479256519 0.4921504069932236
 0.3701469906891950 0.7425828556572556 0.4928777194510079
 0.3698285026593208 0.7431753763514924 0.4935349884739685
 0.3695131723592638 0.7437611038610031 0.4941851511685064
 0.3691701909746548 0.7443971593001447 0.4948916565582389
 0.3688093237926507 0.7450652246634626 0.4956342162834593
 0.3684868652013557 0.7456611832112165 0.4962970121970851
 0.3681691751306982 0.7462474074130359 0.4969492979749373
 0.3678249086467833 0.7468816436261517 0.4976553463101835
 0.3674595152741313 0.7475536354516507 0.4984038367662832
 0.3671341614685459 0.7481509839610043 0.4990695888839420
 0.3668137277703885 0.7487383753377937 0.4997246549440477
 0.3664652208786223 0.7493761908419101 0.5004364393511517
 0.3661011810540934 0.7500412837532592 0.5011791895190549
 0.3657752497202367 0.7506357598639669 0.5018434946356404
 0.3654539318863786 0.7512209058213495 0.5024977212341005
 0.3651053495579480 0.7518546783923937 0.5032066808143338
 0.3647379653455428 0.7525214859980224 0.5039530097461861
 0.3644106603900367 0.7531145591808507 0.5046171936447001
 0.3640892960265590 0.7536959636381172 0.5052686834441972
 0.3637442773982631 0.7543191686909253 0.5059674324951005
 0.3633653188877379 0.7550024971262480 0.5067340723993777
 0.3630338734733836 0.7555991404134422 0.5074038334537763
 0.3627106401802829 0.7561800957742482 0.5080562914912997
 0.3623656924001342 0.7567990968035037 0.5087518033141911
 0.3619787871945073 0.7574921871477635 0.5095309876385761
 0.3616431635027588 0.7580923874318451 0.5102061512911420
 0.3613165268179497 0.7586756042321769 0.5108626099337180
 0.3609670966550776 0.7592985267607330 0.5115642092996801
 0.3605820947455874 0.7599836786063221 0.5123364054311258
 0.3602452731868672 0.7605820742327281 0.5130112051882718
 0.3599166926845108 0.7611649201242623 0.5136687592630910
 0.3595645174385572 0.7617886261941452 0.5143726892892003
 0.3591802103033543 0.7624680704239097 0.5151398451951916
 0.3588432111771623 0.7630628762995421 0.5158117287417694
 0.3585148107803602 0.7636416104618634 0.5164657446612309
 0.3581650590386434 0.7642570037567905 0.5171615128011711
 0.3577714365891747 0.7649483984249043 0.5179435969506677
 0.3574314993144972 0.7655444853455267 0.5186181732667923
 0.3571023153366449 0.7661208271429475 0.5192706444136392
 0.3567545179160169 0.7667288107903312 0.5199591836947812
 0.3563447844084561 0.7674438211375270 0.5207692774245674
 0.3559992751100307 0.7680457147102302 0.5214515432482538
 0.3556666569877593 0.7686242542234724 0.5221076545049372
 0.3553154381205294 0.7692341950558609 0.5227997246901955
 0.3549045145212998 0.7699465847977803 0.5236084579435604
 0.3545560841439846 0.7705495934659949 0.5242933139098395
 0.3542199794848936 0.7711303689626461 0.5249531239479424
 0.3538632529266465 0.7717458131219342 0.5256525076681294
 0.3534612265758952 0.7724382243062787 0.5264395877303488
 0.3531136276768929 0.7730358851573151 0.5271191935330802
 0.3527767819337955 0.7736141669111722 0.5277770047177123
 0.3524189857502151 0.7742274592028672 0.5284749274806961
 0.3520158026035036 0.7749173723604550 0.5292603970222262
 0.3516677957390348 0.7755118713265609 0.5299375113994286
 0.3513313115837364 0.7760858096450568 0.5305914198579365
 0.3509766287205601 0.7766898597830340 0.5312798421289521
 0.3505547734731547 0.7774070717730958 0.5320975109976217
 0.3502017419802858 0.7780062444317548 0.5327808623777084
 0.3498634270248636 0.7785795629233083 0.5334349647384313
 0.3495090592745898 0.7791791677988227 0.5341193078902573
 0.3490653767028615 0.7799285790205218 0.5349749503018123
 0.3487062206488421 0.7805341498148370 0.5356665674425958
 0.3483637250346713 0.7811107419578854 0.5363252132788393
 0.3480033813736962 0.7817164493336622 0.5370172281571490
 0.3475770083770749 0.7824319168889824 0.5378348074407637
 0.3472178300144587 0.7830335994503228 0.5385225478277295
 0.3468721679805920 0.7836117536843107 0.5391836006157323
 0.3465059200416439 0.7842233947437608 0.5398831894496618
 0.3460916859442433 0.7849140059161496 0.5406734032912841
 0.3457339299414011 0.7855094629819066 0.5413549567257134
 0.3453878739870588 0.7860845730464014 0.5420133681800551
 0.3450217832095560 0.7866920476449557 0.5427089541636777
 0.3446017581329855 0.7873878433915732 0.5435058119415077
 0.3442427010033944 0.7879816505907109 0.5441859992911134
 0.3438972485871704 0.7885520988663077 0.5448395629104735
 0.3435353134544185 0.7891488641687012 0.5455234267651931
 0.3430842571044071 0.7898912885903753 0.5463744034647190
 0.3427188996746633 0.7904916136842851 0.5470626261224528
 0.3423714234837969 0.7910616962143936 0.5477162491266799
 0.3420088190820665 0.7916557062737809 0.5483973677647309
 0.3415364941578584 0.7924280965680655 0.5492831440858801
 0.3411653320588924 0.7930339794288153 0.5499781097519165
 0.3408130581442334 0.7936081564852003 0.5506368579335821
 0.3404428314972185 0.7942106820679469 0.5513282994235229
 0.3400021483653828 0.7949266570068426 0.5521501283370969
 0.3396318069456979 0.7955273308615352 0.5528397180903083
 0.3392759363905337 0.7961036617398697 0.5535014028905242
 0.3388996675097898 0.7967121015372103 0.5541999635933833
 0.3384715169662101 0.7974032824891097 0.5549935372223833
 0.3381026835147816 0.7979977249531828 0.5556760904170186
 0.3377465547879239 0.7985708335295374 0.5563342323245600
 0.3373703135000322 0.7991753963405481 0.5570286178410214
 0.3369382052573028 0.7998685766009671 0.5578249515210388
 0.3365688798755481 0.8004600689302175 0.5585045845548002
 0.3362138544784563 0.8010278170833239 0.5591570123829305
 0.3358424145408470 0.8016209345288395 0.5598386552567951
 0.3353732048838047 0.8023688891793628 0.5606983360188443
 0.3349970040836175 0.8029675511734310 0.5613865179867707
 0.3346403547615364 0.8035342571911631 0.5620380631529034
 0.3342695871226651 0.8041225299685588 0.5627145088082308
 0.3337566455831160 0.8049349295208165 0.5636488132339486
 0.3333727428983070 0.8055418587686557 0.5643468660698775
 0.3330112429453563 0.8061125147658681 0.5650031975251870
 0.3326322356347464 0.8067099194637577 0.5656902743666318
 0.3321733148876325 0.8074320745477778 0.5665208198838145
 0.3317916731354796 0.8080316167297925 0.5672103861335360
 0.3314258364625234 0.8086054746013616 0.5678704798428402
 0.3310397074906105 0.8092102584339576 0.5685662334735180
 0.3305960942412666 0.8099039355148693 0.5693643332948791
 0.3302149667062113 0.8104989315411734 0.5700489096352657
 0.3298472485132087 0.8110721451261665 0.5707083766647497
 0.3294584199924154 0.8116773632625870 0.5714045691715469
 0.3290172281867155 0.8123629659863431 0.5721930936980857
 0.3286369752417400 0.8129529196947991 0.5728715133798301
 0.3282708563085868 0.8135201157677470 0.5735237085524671
 0.3278871077539785 0.8141137539920766 0.5742062775017460
 0.3274184528466744 0.8148375347840330 0.5750384537651939
 0.3270337364599931 0.8154306979219653 0.5757204112572425
 0.3266680152372259 0.8159937539035584 0.5763677033253324
 0.3262885372659763 0.8165771475418002 0.5770383138383673
 0.3257759598923192 0.8173638067649237 0.5779424954284612
 0.3253823691436562 0.8179668022970279 0.5786355456701022
 0.3250131500408983 0.8185316310400959 0.5792847333681452
 0.3246307691572249 0.8191157520839821 0.5799561067910333
 0.3241256429525854 0.8198860684532128 0.5808414756741579
 0.3237274742575589 0.8204922287215052 0.5815381085226823
 0.3233527623657534 0.8210618400567488 0.5821926461283647
 0.3229629253382752 0.8216535833211782 0.5828725049810328
 0.3224580157110838 0.8224186994142798 0.5837514132545533
 0.3220583009250523 0.8230233729277573 0.5844459614737880
 0.3216784518099561 0.8235971498636483 0.5851050257354917
 0.3212772935573358 0.8242022246547321 0.5858000724771605
 0.3208241783254766 0.8248845710698016 0.5865839096855994
 0.3204309794055369 0.8254757506889009 0.5872629994343228
 0.3200510924764743 0.8260460901061555 0.5879180789384093
 0.3196499127683975 0.8266475196989289 0.5886087477174922
 0.3191926702137172 0.8273319010944757 0.5893945010768521
 0.3187996006275599 0.8279193023442983 0.5900687684344299
 0.3184221517977788 0.8284825549310132 0.5907152138373940
 0.3180284209435810 0.8290692670269610 0.5913884932435101
 0.3175181222876956 0.8298284133325388 0.5922595092069082
 0.3171177742418427 0.8304229937704797 0.5929415723931932
 0.3167403263579227 0.8309827635766260 0.5935835661767378
 0.3163497354475399 0.8315612102249091 0.5942468235875342
 0.3158455102055004 0.8323067233310327 0.5951014091597118
 0.3154389824048643 0.8329067900277783 0.5957890994901168
 0.3150581100121889 0.8334681824434432 0.5964323502728867
 0.3146672668941047 0.8340434647143241 0.5970914002814340
 0.3142003985350139 0.8347295816831206 0.5978772410669122
 0.3137856145276885 0.8353381841299087 0.5985740830525731
 0.3133980793251220 0.8359059831273952 0.5992239743983463
 0.3130038831074100 0.8364827299928873 0.5998838525952354
 0.3125470974941346 0.8371500314330631 0.6006470219983939
 0.3121247199550722 0.8377660971169620 0.6013513334229470
 0.3117308141515288 0.8383397980228785 0.6020070319861686
 0.3113311669454931 0.8389210385445877 0.6026712019928684
 0.3108649296139557 0.8395980837175300 0.6034446603429140
 0.3104417843496857 0.8402115843601100 0.6041453090810140
 0.3100464750612450 0.8407838973970564 0.6047986731359902
 0.3096453000926704 0.8413638865407069 0.6054605008424774
 0.3091759261958631 0.8420414333521065 0.6062332229536781
 0.3087536826492564 0.8426499933050475 0.6069268664925698
 0.3083605659291653 0.8432157655018910 0.6075714184020904
 0.3079641959901273 0.8437854332722381 0.6082201194643233
 0.3075179351219835 0.8444258634692147 0.6089490722181775
 0.3070895197884395 0.8450397489979490 0.6096474818502881
 0.3066956083623932 0.8456033884870866 0.6102884251029534
 0.3063049198044359 0.8461616578502708 0.6109229575573618
 0.3058855201977845 0.8467601158476603 0.6116028219165682
 0.3054255001060472 0.8474155433519969 0.6123470011577569
 0.3050211428822548 0.8479908085660162 0.6129998350403127
 0.3046302877918294 0.8485461073961270 0.6136297356396588
 0.3042234535163738 0.8491233204001754 0.6142842114794583
 0.3036832445315237 0.8498885272405415 0.6151513707622684
 0.3032597864900229 0.8504873735898695 0.6158295842450119
 0.3028623043271654 0.8510487029186052 0.6164649422310635
 0.3024515800140090 0.8516279400722256 0.6171201895786784
 0.3019307392163141 0.8523613183328184 0.6179492802332381
 0.3015004629915080 0.8529662062004284 0.6186327202996657
 0.3010952127752873 0.8535351132930629 0.6192752246441027
 0.3006755519220553 0.8541234368596220 0.6199393833178030
 0.3001107683474586 0.8549139066563932 0.6208312646527480
 0.2996760811958865 0.8555212809765244 0.6215161100910447
 0.2992643581094925 0.8560957594442469 0.6221634328642418
 0.2988286420952679 0.8567028616580399 0.6228470122664447
 0.2983498408418899 0.8573689883223674 0.6235964400477575
 0.2979277256034703 0.8579553793602837 0.6242556534708665
 0.2975178644794565 0.8585239687009714 0.6248944348357313
 0.2970837732697439 0.8591253384932166 0.6255696218099432
 0.2966014363291197 0.8597925442691626 0.6263182229690410
 0.2961809270831212 0.8603733685551770 0.6269694471558463
 0.2957752689123141 0.8609329267553132 0.6275963862591806
 0.2953522055752143 0.8615157084700008 0.6282488471723233
 0.2948019332876019 0.8622725302378126 0.6290953611856791
 0.2943727231346919 0.8628619151619513 0.6297539689547991
 0.2939685672665354 0.8634161516723139 0.6303728094987436
 0.2935522765598603 0.8639862774241657 0.6310089020849554
 0.2930419129046100 0.8646842028922572 0.6317868986240293
 0.2926071735089217 0.8652778148245770 0.6324479995493090
 0.2922010661547145 0.8658315890659781 0.6330642008315243
 0.2917902143568112 0.8663911061576011 0.6336862560144773
 0.2913319928768918 0.8670142746859463 0.6343784430150952
 0.2908779721068476 0.8676308408479022 0.6350626564015103
 0.2904614423211324 0.8681957181816642 0.6356889696158969
 0.2900495202941921 0.8687536196519302 0.6363070461935392
 0.2896100989603604 0.8693479718773666 0.6369649373657277
 0.2891114118436590 0.8700214970886214 0.6377096995718605
 0.2886770761054349 0.8706072567932680 0.6383566872464643
 0.2882570624958851 0.8711729493781435 0.6389808217020115
 0.2878149964968429 0.8717675479795096 0.6396360998944610
 0.2872925507799587 0.8724692142847127 0.6404084081618514
 0.2868485619656250 0.8730646224829953 0.6410629918292610
 0.2864198306530531 0.8736387994182301 0.6416936106183148
 0.2859648244890538 0.8742473404098609 0.6423613248993456
 0.2854671152034316 0.8749120259270206 0.6430898631060640
 0.2850261821099167 0.8755000460724283 0.6437336398469770
 0.2845949229715953 0.8760744038595412 0.6443617372555576
 0.2841339835527662 0.8766874614570179 0.6450313192049171
 0.2836455989390805 0.8773360913827143 0.6457387909430038
 0.2832094590930024 0.8779145289273205 0.6463688804657717
 0.2827826575937963 0.8784798488339848 0.6469839587819181
 0.2823309076644427 0.8790774281105137 0.6476333840053997
 0.2818256006938708 0.8797448994853546 0.6483578565581040
 0.2813887078427330 0.8803211928866290 0.6489825699772394
 0.2809672624918967 0.8808764027257103 0.6495836953395124
 0.2805300847633668 0.8814516075309452 0.6502056721634840
 0.2799520549539832 0.8822109975403051 0.6510255213981103
 0.2795034391961964 0.8827994808686118 0.6516598318104349
 0.2790828552894112 0.8833504909999631 0.6522529378438879
 0.2786530782193180 0.8839128466376337 0.6528574435604142
 0.2781543209698182 0.8845645803299775 0.6535569851091191
 0.2776978308126949 0.8851602569194489 0.6541953528910597
 0.2772734128133152 0.8857133773381799 0.6547872288836322
 0.2768495445918044 0.8862651061494815 0.6553767484415847
 0.2763928565929955 0.8868588030948465 0.6560101388254662
 0.2758940733857286 0.8875063371707829 0.6566998311987595
 0.2754536141816913 0.8880773870769155 0.6573070968409401
 0.2750262247875643 0.8886308081083555 0.6578947635066061
 0.2745810620020822 0.8892065303923468 0.6585052109041987
 0.2740037763601401 0.8899520464102820 0.6592942730182360
 0.2735403762316247 0.8905496117891369 0.6599255205842387
 0.2731024721747771 0.8911135851716925 0.6605202382136482
 0.2726497372459937 0.8916959328268852 0.6611332465629459
 0.2720757067213337 0.8924332452508960 0.6619078104651367
 0.2716038168495005 0.8930384831947035 0.6625423550637362
 0.2711548821440559 0.8936135457411520 0.6631442297879907
 0.2706864840296006 0.8942127810282113 0.6637703352310365
 0.2701262785697640 0.8949284553496607 0.6645166216883944
 0.2696554803875206 0.8955290611687778 0.6651415980345763
 0.2691990237810706 0.8961106348201161 0.6657455497748580
 0.2687124671307608 0.8967297647904654 0.6663871316315522
 0.2681994919576742 0.8973816285579717 0.6670610914927289
 0.2677390473012440 0.8979659711674377 0.6676639204993525
 0.2672848659229720 0.8985416569382170 0.6682566357341435
 0.2667952654203132 0.8991614532991736 0.6688934872890139
 0.2662904597754022 0.8997996506732231 0.6695478665848830
 0.2658362179029021 0.9003731912227315 0.6701347295021264
 0.2653899646047004 0.9009359732742033 0.6707094193405444
 0.2649150873485435 0.9015341259308584 0.6713189166026261
 0.2643860734992786 0.9021995895847614 0.6719953714126631
 0.2639295360608881 0.9027731418348701 0.6725770061592348
 0.2634898586233042 0.9033248670587631 0.6731352950527746
 0.2630326705711201 0.9038978966772487 0.6737138910202695
 0.2624503580121992 0.9046267727068212 0.6744480016629767
 0.2619819328898536 0.9052123025441418 0.6750362167550326
 0.2615436484985345 0.9057595187320825 0.6755846878720261
 0.2610969262221582 0.9063166384958851 0.6761418102331043
 0.2605918608915169 0.9069457555498207 0.6767693546793325
 0.2601091461788644 0.9075462785317836 0.6773668007955450
 0.2596651320809373 0.9080980087566575 0.6779143409937696
 0.2592249688124396 0.9086443449571778 0.6784552360354743
 0.2587581914052134 0.9092230557843566 0.6790267680948987
 0.2581905197272333 0.9099259459537744 0.6797189482049922
 0.2577246828228101 0.9105020030073769 0.6802845677052245
 0.2572804224805625 0.9110507590857529 0.6808219702911030
 0.2568220119723927 0.9116163631092111 0.6813744276586764
 0.2562792327049765 0.9122852408725225 0.6820258819317215
 0.2557943721933608 0.9128819931977941 0.6826053993428262
 0.2553400987758693 0.9134404602821217 0.6831463102059701
 0.2548810381499020 0.9140041872779213 0.6836909136281657
 0.2543749662527120 0.9146249195192296 0.6842889284423749
 0.2538613057142418 0.9152541868863118 0.6848933330778538
 0.2533908348673256 0.9158298647525616 0.6854445960131718
 0.2529236543660882 0.9164008773184844 0.6859897831861145
 0.2524212365719189 0.9170142518881422 0.6865736276458845
 0.2518802753917183 0.9176738676931643 0.6871994499681927
 0.2513942840267459 0.9182657407085140 0.6877592435671288
 0.2509135281572105 0.9188505746829873 0.6883107730015524
 0.2503937044014256 0.9194821965235195 0.6889046252375166
 0.2498580272758586 0.9201322839071381 0.6895138346135197
 0.2493669926247519 0.9207274872166000 0.6900697576162788
 0.2488738769178630 0.9213245366656178 0.6906255601863608
 0.2483214552277407 0.9219925918526868 0.6912452266658184
 0.2478032088130209 0.9226185542388676 0.6918237026284554
 0.2473171770302100 0.9232049383905222 0.6923637435829721
 0.2468187992948758 0.9238055502309869 0.6929150522693327
 0.2462149537981828 0.9245323650276780 0.6935797345307758
 0.2457091610264076 0.9251404052465310 0.6941336930182788
 0.2452313815731522 0.9257141417440289 0.6946545960765709
 0.2447353487714931 0.9263091564430681 0.6951929181426182
 0.2440901584665134 0.9270821216715869 0.6958892885934795
 0.2435914837304705 0.9276788078989678 0.6964245601656025
 0.2431213722484670 0.9282407242815338 0.6969268360198445
 0.2426323188209908 0.9288246748154761 0.6974469794379748
 0.2419736156019363 0.9296102226342768 0.6981437873228576
 0.2414785133526871 0.9301999358330606 0.6986646946286674
 0.2410140475225270 0.9307525927086848 0.6991511473587257
 0.2405338344897356 0.9313234145490227 0.6996518149777481
 0.2399340166909603 0.9320355966257090 0.7002739086491800
 0.2394389558479590 0.9326227224100597 0.7007846120241947
 0.2389768557335597 0.9331702104246369 0.7012590823602777
 0.2385083304079848 0.9337247743836415 0.7017379616931969
 0.2379823763202302 0.9343466733410767 0.7022729239696899
 0.2374682534223632 0.9349539327670952 0.7027931808739124
 0.2369997460106675 0.9355067569357685 0.7032649725413598
 0.2365381462259423 0.9360509146416738 0.7037276511713093
 0.2360507164001224 0.9366249697696801 0.7042138919908379
 0.2354057013044165 0.9373837495200430 0.7048536601706087
 0.2349123127554245 0.9379634977786980 0.7053402172530346
 0.2344470233748727 0.9385097064919289 0.7057968284047036
 0.2339668365072425 0.9390728753589608 0.7062657766972172
 0.2333943250274463 0.9397436269427653 0.7068218356667042
 0.2328878787856359 0.9403363493347728 0.7073109318844171
 0.2324156704321745 0.9408884740585437 0.7077645791135670
 0.2319398579749400 0.9414443015301307 0.7082193558319441
 0.2314181043520211 0.9420532096378160 0.7087153606495055
 0.2308729085451414 0.9426888249451407 0.7092306789187353
 0.2303835814993333 0.9432587432209137 0.7096906267856595
 0.2299035890839766 0.9438172757863669 0.7101394540376832
 0.2293969543506863 0.9444062617299959 0.7106106649184893
 0.2287268520763682 0.9451844273133237 0.7112298832982179
 0.2282095266461509 0.9457845146185280 0.7117047502243207
 0.2277163968989961 0.9463560007981502 0.7121548179490008
 0.2271989884558808 0.9469550663280892 0.7126243399494915
 0.2265326865120107 0.9477256895100254 0.7132249531662358
 0.2260037202256168 0.9483368111222745 0.7136986001656741
 0.2254945959483871 0.9489244584224077 0.7141518585432213
 0.2249558645101294 0.9495456952265610 0.7146286711040307
 0.2243470470182418 0.9502470341043698 0.7151640014684845
 0.2238131501934154 0.9508614448992571 0.7156303371694198
 0.2232864435209809 0.9514670162394405 0.7160875075379540
 0.2227159774913054 0.9521222708298663 0.7165794301767887
 0.2221377555956953 0.9527857724830597 0.7170746552537014
 0.2216007164660441 0.9534014255145552 0.7175316105839210
 0.2210530673247454 0.9540286589981184 0.7179946625782090
 0.2204034504849146 0.9547719211603563 0.7185401055589206
 0.2198455046184420 0.9554096470429618 0.7190052327358545
 0.2193068828924399 0.9560247199929374 0.7194512717972649
 0.2187263346595867 0.9566870530893854 0.7199287157435356
 0.2181428064152086 0.9573521458091666 0.7204051386536603
 0.2176096496270996 0.9579592696574029 0.7208374189989609
 0.2170742187553417 0.9585684523800332 0.7212686835663560
 0.2164599655112121 0.9592666648558587 0.7217599455275479
 0.2159045505750112 0.9598974036825590 0.7222009456087020
 0.2153858698358433 0.9604859220340126 0.7226100070587483
 0.2148568916981065 0.9610856263080862 0.7230243944943756
 0.2142227712832649 0.9618038734671922 0.7235173791345951
 0.2136781823954044 0.9624201440437324 0.7239374598434457
 0.2131688679822507 0.9629960268467708 0.7243275796207808
 0.2126489197563007 0.9635834681350118 0.7247231239092589
 0.2120272441822699 0.9642852298804488 0.7251924798188709
 0.2114864533812243 0.9648951496184673 0.7255976148681383
 0.2109830449527910 0.9654624628053665 0.7259721011867583
 0.2104735145908248 0.9660362409788354 0.7263485280751126
 0.2098931338648404 0.9666892755139304 0.7267740690064068
 0.2093453550419356 0.9673051157983243 0.7271725366472386
 0.2088423496250310 0.9678701861382988 0.7275357248896209
 0.2083423162701508 0.9684315097363130 0.7278942066939833
 0.2078023953913978 0.9690371569446987 0.7282784353669991
 0.2072186203567154 0.9696914720730004 0.7286905612435385
 0.2067070523683392 0.9702644106828897 0.7290488894374230
 0.2062115076497191 0.9708190113270799 0.7293934790438902
 0.2056942489555579 0.9713975050677867 0.7297505227096810
 0.2049689241359583 0.9722080001812888 0.7302466292278814
 0.2044369457892332 0.9728019335122603 0.7306071122176340
 0.2039395835437341 0.9733568312533254 0.7309415601937496
 0.2034255759890558 0.9739299091434998 0.7312845918402383
 0.2027761538117913 0.9746534009644113 0.7317142125357289
 0.2022418620508546 0.9752481645971662 0.7320645082924983
 0.2017429865157997 0.9758031268234368 0.7323890102848021
 0.2012356332307567 0.9763671499884891 0.7327164809953184
 0.2006581272232753 0.9770087117660482 0.7330861164766749
 0.2001066379746262 0.9776209279952602 0.7334360168718067
 0.1996000147181772 0.9781829598849460 0.7337548083094196
 0.1990967442016117 0.9787409171759901 0.7340689908068170
 0.1985566872330753 0.9793392679531112 0.7344033691853864
 0.1979457465816905 0.9800156711462432 0.7347781752683527
 0.1974211595999891 0.9805960630957765 0.7350970692648717
 0.1969151283029803 0.9811555744591279 0.7354021156748466
 0.1963874421057558 0.9817386655870145 0.7357175405585493
 0.1956798291759779 0.9825199980994901 0.7361362597834615
 0.1951329719167899 0.9831233792617239 0.7364565394472049
 0.1946193097561266 0.9836897821520695 0.7367547593207754
 0.1940883584035477 0.9842748943161055 0.7370603532863107
 0.1934268104699910 0.9850034248972681 0.7374373151345370
 0.1928712758014410 0.9856147842570532 0.7377506029813036
 0.1923498287551334 0.9861882821775101 0.7380419538971772
 0.1918157016651992 0.9867753795304230 0.7383376766286596
 0.1911862298963954 0.9874668317838821 0.7386826929867711
 0.1906161319310859 0.9880926527275515 0.7389919361969053
 0.1900838251073855 0.9886766395379418 0.7392779289306212
 0.1895437288691876 0.9892688308581520 0.7395653969029762
 0.1889292705101938 0.9899421434401986 0.7398891164275858
 0.1883398872352873 0.9905875702047808 0.7401962823498224
 0.1877940717324725 0.9911849332392365 0.7404778180487387
 0.1872438574610328 0.9917867704612601 0.7407587885044398
 0.1866268978246027 0.9924612138045764 0.7410704930140484
 0.1860201183154168 0.9931241192036900 0.7413736457691608
 0.1854593691192709 0.9937363798257018 0.7416508293035752
 0.1848932272054194 0.9943541847780372 0.7419277954923174
 0.1842564973770510 0.9950486111294996 0.7422358260381637
 0.1836398752032304 0.9957207010340847 0.7425306108984616
 0.1830635553675760 0.9963485057986748 0.7428029910748731
 0.1824740905493459 0.9969902768554435 0.7430784620535221
 0.1817803495726165 0.9977451254918053 0.7433986702593717
 0.1811598066365932 0.9984199201060588 0.7436814938054032
 0.1805632452213055 0.9990682776639421 0.7439502268832346
 0.1799348281561889 0.9997508808943047 0.7442299787471074
 0.1792436045083179  1.000501266729460 0.7445337396898497
 0.1786207263573650  1.001177068149353 0.7448039138212607
 0.1779940567915656  1.001856615804855 0.7450723460143720
 0.1772630301065147  1.002648867025337 0.7453812410616755
 0.1766148932479788  1.003350878493728 0.7456513654874201
 0.1759723890800818  1.004046416047691 0.7459157281823375
 0.1752595657736569  1.004817648408551 0.7462050797157345
 0.1746047631727809  1.005525714092533 0.7464672168249157
 0.1739621555902298  1.006220233273962 0.7467210407193162
 0.1732528662205333  1.006986413462282 0.7469972469519146
 0.1725978515807315  1.007693591399146 0.7472486535261439
 0.1719689335367083  1.008372261244583 0.7474867773765378
 0.1712788313279766  1.009116585095600 0.7477444387467154
 0.1706140977857694  1.009833186028599 0.7479890700199571
 0.1699981935218759  1.010496836066684 0.7482126146172569
 0.1693616052873060  1.011182463062413 0.7484404957344409
 0.1686129311851847  1.011988412654325 0.7487043490362589
 0.1679906076699117  1.012658023471571 0.7489202563016634
 0.1673842114925201  1.013310219842002 0.7491276786745991
 0.1666971137445335  1.014048887777406 0.7493592300338546
 0.1660563693746774  1.014737416616370 0.7495718983038867
 0.1654617446921862  1.015376125523632 0.7497665022075152
 0.1648533934641806  1.016029322518889 0.7499629101888933
 0.1640379676386922  1.016904458990513 0.7502220148231374
 0.1634172822311505  1.017570292552152 0.7504161348746244
 0.1628280125289270  1.018202187069341 0.7505980131038072
 0.1621907778088939  1.018885258630585 0.7507921009421185
 0.1615337369732840  1.019589284675778 0.7509894331098563
 0.1609432672037539  1.020221743148877 0.7511643623305506
 0.1603572068598165  1.020849260793008 0.7513357175462737
 0.1597006168550733  1.021552043146236 0.7515249885554139
 0.1590671410379830  1.022229834376175 0.7517048696251121
 0.1584845212280729  1.022852997720140 0.7518679446519524
 0.1578978719636851  1.023480266564779 0.7520298700883814
 0.1572171470561474  1.024207871686306 0.7522149227952810
 0.1565958794790131  1.024871691065446 0.7523811734648888
 0.1560174408034441  1.025489550715162 0.7525337133154005
 0.1554276066238428  1.026119389383563 0.7526870320434028
 0.1546993416168088  1.026896783003756 0.7528732432436769
 0.1540855455464090  1.027551762201532 0.7530275495144808
 0.1535085294550677  1.028167310323874 0.7531704325186270
 0.1529097108198334  1.028805931960062 0.7533165118839577
 0.1520685009005989  1.029702743734302 0.7535179919865356
 0.1514580098432781  1.030353361967628 0.7536615240677829
 0.1508767205657405  1.030972686410401 0.7537961157298882
 0.1502449329511530  1.031645625496392 0.7539401272253234
 0.1495927972910275  1.032340036032974 0.7540863202890341
 0.1490055030805600  1.032965229052480 0.7542158675993381
 0.1484230481354409  1.033585111460607 0.7543423991397121
 0.1477789598322811  1.034270406179997 0.7544800928369441
 0.1471355382028361  1.034954804393523 0.7546153422091225
 0.1465486835160824  1.035578872737721 0.7547367216321067
 0.1459618962965713  1.036202718765745 0.7548562217743401
 0.1453007161548778  1.036905478571080 0.7549886641421713
 0.1446639408065547  1.037582124066012 0.7551140351271215
 0.1440763714064593  1.038206333145639 0.7552278448975668
 0.1434832700462406  1.038836275940206 0.7553409280229415
 0.1427942657204502  1.039567901241070 0.7554700595290019
 0.1421628660822802  1.040238193749134 0.7555863116080949
 0.1415735561535046  1.040863664209464 0.7556930382126011
 0.1409707068176518  1.041503367609943 0.7558004617023556
 0.1402110492441644  1.042309271278006 0.7559333280339515
 0.1395829381290000  1.042975459748159 0.7560411053764804
 0.1389892711262292  1.043604984919736 0.7561412591793438
 0.1383654982429611  1.044266299490045 0.7562447146186431
 0.1376210623335142  1.045055361562408 0.7563658208730941
 0.1370019004151681  1.045711495482062 0.7564646092480906
 0.1364004727171340  1.046348712977587 0.7565589025602710
 0.1357437947115999  1.047044332422988 0.7566600088283563
 0.1350693090859058  1.047758670235635 0.7567618786578056
 0.1344579187136345  1.048406059990082 0.7568525155637291
 0.1338460264650576  1.049053864529452 0.7569416307064186
 0.1331449178543607  1.049795980814154 0.7570418060317221
 0.1324881798764992  1.050490997483519 0.7571337975664799
 0.1318752817835519  1.051139504541436 0.7572180649192797
 0.1312457831472586  1.051805463712887 0.7573030498325081
 0.1303638374083259  1.052738303265060 0.7574195002919671
 0.1297098547698351  1.053429885825398 0.7575039157893581
 0.1290847365846012  1.054090836122836 0.7575830885550603
 0.1283914508458783  1.054823740014838 0.7576691808101108
 0.1277081626416175  1.055545952670297 0.7577522887410658
 0.1270775176157572  1.056212417615253 0.7578274822633416
 0.1264346697237312  1.056891676222679 0.7579026689645270
 0.1255967121471520  1.057776943670885 0.7579985258177113
 0.1249272939878797  1.058484035392577 0.7580734170894141
 0.1242868178504986  1.059160457942144 0.7581437226814257
 0.1235842540914074  1.059902344265809 0.7582193843127125
 0.1228765515653863  1.060649544429510 0.7582941171757531
 0.1222266521213614  1.061335617844430 0.7583614924307873
 0.1215636443333146  1.062035434655895 0.7584290463055908
 0.1206404210513007  1.063009757635333 0.7585212283081624
 0.1199512588045241  1.063736948345090 0.7585886740437182
 0.1192853728556705  1.064439485814124 0.7586527696348772
 0.1185050132320741  1.065262684053241 0.7587265676600982
 0.1178020483857466  1.066004135615089 0.7587918442291889
 0.1171345894882779  1.066708048348507 0.7588527799560326
 0.1164200744410777  1.067461492866593 0.7589168981682002
 0.1156591699601667  1.068263748901423 0.7589839286941064
 0.1149744170631202  1.068985623628143 0.7590431571588580
 0.1142784787764880  1.069719203166842 0.7591022931352025
 0.1132853594592166  1.070765888691338 0.7591848242728463
 0.1125622503433373  1.071527892728328 0.7592435400782893
 0.1118509866942225  1.072277327589019 0.7593001680132075
 0.1108423899121113  1.073339908601912 0.7593785753930012
 0.1101050967862383  1.074116560331131 0.7594345010084259
 0.1093734252143541  1.074887205319399 0.7594888423217221
 0.1084493731108419  1.075860359893693 0.7595558188295002
 0.1077045605375439  1.076644656609166 0.7596084594122396
 0.1069551678196553  1.077433693782130 0.7596602195312856
 0.1060288227624999  1.078408932925884 0.7597225516472454
 0.1052662354416897  1.079211680732341 0.7597725101875429
 0.1044897498549240  1.080028977235506 0.7598221272887633
 0.1035936866615426  1.080972036656427 0.7598778126637079
 0.1028142921950726  1.081792224041735 0.7599248770437641
 0.1020050351497682  1.082643756322559 0.7599724038988096
 0.1011286456959038  1.083565837947363 0.7600223506536414
 0.1003268454655541  1.084409361915006 0.7600666736962567
 0.9947625120333095E-01  1.085304138452484 0.7601122653466557
 0.9861096946427846E-01  1.086214282927475 0.7601571331656636
 0.9777668893251804E-01  1.087091742710991 0.7601989517234271
 0.9684792749893835E-01  1.088068488507888 0.7602438544977619
 0.9597976226205522E-01  1.088981429452540 0.7602842729874184
 0.9510035914088096E-01  1.089906113946501 0.7603236968918257
 0.9417742368878092E-01  1.090876495355592 0.7603634331126663
 0.9328392441457574E-01  1.091815855304963 0.7604003027132674
 0.9229392794302531E-01  1.092856586221947 0.7604393265257422
 0.9140173880778012E-01  1.093794429377602 0.7604728681992480
 0.9043904374181069E-01  1.094806317345691 0.7605073529725784
 0.8954747655292720E-01  1.095743382052746 0.7605377232381294
 0.8862909352091676E-01  1.096708572954040 0.7605674462729748
 0.8769949074207525E-01  1.097685498493503 0.7605959485145587
 0.8682815053162685E-01  1.098601146222137 0.7606212644938792
 0.8576719110256091E-01  1.099715994452479 0.7606503514897558
 0.8489182423352666E-01  1.100635775869313 0.7606729983766261
 0.8398371270597385E-01  1.101589920420162 0.7606952876248029
 0.8308416149365883E-01  1.102535029822174 0.7607162412183477
 0.8223741317858178E-01  1.103424626742655 0.7607350151908038
 0.8121509134706698E-01  1.104498638455586 0.7607565430929650
 0.8035070466390383E-01  1.105406694387974 0.7607738315251735
 0.7948844283175888E-01  1.106312487528230 0.7607902815310497
 0.7852596841326158E-01  1.107323518141184 0.7608077366274387
 0.7768041214459934E-01  1.108211703717668 0.7608223063775575
 0.7677645156814966E-01  1.109161210153808 0.7608371157471153
 0.7588554416370726E-01  1.110096978899318 0.7608509579786419
 0.7504240520822318E-01  1.110982550552695 0.7608633860456625
 0.7404959909029361E-01  1.112025294237395 0.7608772010695922
 0.7317667734768828E-01  1.112942100291320 0.7608886328638405
 0.7231287084554244E-01  1.113849312783177 0.7608993044145608
 0.7127652571545819E-01  1.114937709175024 0.7609112916649223
 0.7040760256882263E-01  1.115850255196091 0.7609206767775522
 0.6948500523364420E-01  1.116819151877659 0.7609299952699463
 0.6856850493578362E-01  1.117781628274717 0.7609386074707900
 0.6769741777235333E-01  1.118696398557891 0.7609462053046260
 0.6665816482194460E-01  1.119787750346003 0.7609545149335842
 0.6574733613283915E-01  1.120744225598921 0.7609610906574363
 0.6483489731983193E-01  1.121702379723877 0.7609669521054343
 0.6378414664505275E-01  1.122805762576442 0.7609726862376444
 0.6285488288286865E-01  1.123781563684266 0.7609767492502132
 0.6185568527094820E-01  1.124830793191124 0.7609800140301043
 0.6088442761880566E-01  1.125850678238473 0.7609821552097356
 0.5991135584007740E-01  1.126872464753902 0.7609834572166134
 0.5876820444379613E-01  1.128072843076929 0.7609842333800233
 0.5774706795037959E-01  1.129145097270156 0.7609845247709649
 0.5660870077108213E-01  1.130340450208779 0.7609846412575818
 0.5547258671982435E-01  1.131533437070235 0.7609846735120069
 0.5423269735281210E-01  1.132835394097862 0.7609846810588944
 0.5282441720608546E-01  1.134314171374030 0.7609846822719093
 0.5134796708556044E-01  1.135864531144886 0.7609846823797838
 0.4939933916589379E-01  1.137910705473980 0.7609846823858726
 0.4733112379648651E-01  1.140082453683680 0.7609846823858571
 0.4455827937956605E-01  1.142994103982435 0.7609846823858539
 0.3976753506532447E-01  1.148024668275441 0.7609846823858537
 0.2555203109903643E-01  1.162951786478621 0.7609846823858537
-0.3130998476611569E-01  1.222660259291338 0.7609846823858537
-0.1606936294032343  1.358520722742832 0.7609846823858537
