RUNGE KUTTA: X Z PHI
 0.4997841156807115 0.4123049107105912E-01 0.5235987755982988E-02
 0.4987270616878107 0.2061507968688537 0.2120579772504822E-01
 0.4994962699216600 0.9620447916580460E-01 0.5235987907683782E-02
 0.4996881670943610 0.5955515376930760E-01 0.5235987755982988E-02
 0.4993038055038302 0.1328538015796388 0.5461028173983295E-02
 0.4995602356458937 0.8398803736697226E-01 0.5235987755983033E-02
 0.4994120904261769 0.1122803654930112 0.5238075503855097E-02
 0.4995108557666498 0.9341881341872871E-01 0.5235987811115772E-02
 0.4995437756861615 0.8713162938422449E-01 0.5235987756006644E-02
 0.4995127157335167 0.9306358916194840E-01 0.5235987796151897E-02
 0.4994881760491976 0.9775028021595807E-01 0.5235990234158341E-02
 0.4994700319899611 0.1012155023631975 0.5236010018658176E-02
 0.4994542142368054 0.1042364121142658 0.5236090059390522E-02
 0.4994385500508702 0.1072279033885913 0.5236356350552876E-02
 0.4994233474804429 0.1101309803508726 0.5237080997809224E-02
 0.4994107167041653 0.1125424775987836 0.5238449183312068E-02
 0.4993992006237981 0.1147403822506493 0.5240834517244513E-02
 0.4993874480080635 0.1169820317018291 0.5245151913788207E-02
 0.4993754138212446 0.1192748508579666 0.5252676377746022E-02
 0.4993651964233391 0.1212182844084296 0.5262676438765047E-02
 0.4993559348901702 0.1229760716601270 0.5275656499415132E-02
 0.4993467097194310 0.1247219095666486 0.5293315788392212E-02
 0.4993361852754141 0.1267052968790327 0.5320597846204301E-02
 0.4993272197629166 0.1283857269139271 0.5351021907960910E-02
 0.4993184612111394 0.1300170614072009 0.5388096270221551E-02
 0.4993072494794013 0.1320869486969211 0.5447412778433813E-02
 0.4992981794506941 0.1337433050891197 0.5506002045540209E-02
 0.4992897258546796 0.1352700348129305 0.5569592870164089E-02
 0.4992797724292219 0.1370437523577904 0.5655796555842064E-02
 0.4992710716657040 0.1385708246486034 0.5741196921134791E-02
 0.4992625940550657 0.1400359076428260 0.5833211657480031E-02
 0.4992527997395170 0.1416986387130894 0.5949823629365743E-02
 0.4992442308542920 0.1431257489333752 0.6060374299858071E-02
 0.4992348733774765 0.1446537253925182 0.6189526068670187E-02
 0.4992259646485283 0.1460782071855017 0.6319945324403119E-02
 0.4992169676987205 0.1474865202119683 0.6458377654413499E-02
 0.4992075379749671 0.1489298048944255 0.6610152720748243E-02
 0.4991984314260153 0.1502918837225393 0.6762707426500104E-02
 0.4991889046122649 0.1516837437309196 0.6927984420310585E-02
 0.4991795934162971 0.1530118985152842 0.7094440202922549E-02
 0.4991698476004925 0.1543686650666736 0.7272921526706090E-02
 0.4991602263402939 0.1556755227742197 0.7452215250318177E-02
 0.4991503874322123 0.1569796369036107 0.7637528597903083E-02
 0.4991403667667071 0.1582756123393240 0.7827343205130795E-02
 0.4991302639459988 0.1595507346047022 0.8019181357745370E-02
 0.4991197336710738 0.1608477309226178 0.8219211900379839E-02
 0.4991090871356568 0.1621273546136375 0.8421288139637469E-02
 0.4990979832976640 0.1634296539762425 0.8631784429240917E-02
 0.4990867449434714 0.1647158050216352 0.8844525161940890E-02
 0.4990750538709736 0.1660213701528513 0.9065422102890219E-02
 0.4990633237486030 0.1672997398724284 0.9286555532688052E-02
 0.4990510161942692 0.1686087555068856 0.9518042393948148E-02
 0.4990387602662604 0.1698810508280939 0.9748045401491408E-02
 0.4990257672243407 0.1711975290796335 0.9991301796729850E-02
 0.4990128510220140 0.1724748654980615 0.1023252201469559E-01
 0.4989995523086688 0.1737589786201015 0.1048031536792196E-01
 0.4989859480076189 0.1750415908244415 0.1073322049840193E-01
 0.4989723298178038 0.1762956289878321 0.1098572877049652E-01
 0.4989581942147465 0.1775672261310126 0.1124708532982298E-01
 0.4989441785292633 0.1787992282879654 0.1150548641297210E-01
 0.4989294891352972 0.1800611419038544 0.1177550274859526E-01
 0.4989149372516031 0.1812830712058648 0.1204208991634206E-01
 0.4988996321010272 0.1825394536954755 0.1232143075973358E-01
 0.4988846593994645 0.1837413296660245 0.1259364836937331E-01
 0.4988688738643075 0.1849806923752859 0.1287946605631856E-01
 0.4988536107310985 0.1861532122551254 0.1315457353654981E-01
 0.4988380751253162 0.1873218010715937 0.1343327545978000E-01
 0.4988218748353686 0.1885148985018898 0.1372255739006767E-01
 0.4988062584886059 0.1896414636466282 0.1400023411274864E-01
 0.4987888576116761 0.1908707901231534 0.1430839306572894E-01
 0.4987722089687878 0.1920224795143816 0.1460210464695667E-01
 0.4987542514799875 0.1932390650969516 0.1491783209445286E-01
 0.4987364047339916 0.1944229356411855 0.1523063496815027E-01
 0.4987178123375145 0.1956307211586896 0.1555547415685138E-01
 0.4986999595275113 0.1967669907886939 0.1586633410460383E-01
 0.4986808336414250 0.1979598861257995 0.1619819097236513E-01
 0.4986629663502657 0.1990524381227336 0.1650713734789331E-01
 0.4986432059470630 0.2002372253927039 0.1684758642097506E-01
 0.4986245836208971 0.2013321009534543 0.1716717410335719E-01
 0.4986046896303932 0.2024794896957707 0.1750721348459131E-01
 0.4985848477513264 0.2036019253104134 0.1784500099300684E-01
 0.4985648487003863 0.2047119911128904 0.1818413228064764E-01
 0.4985434653357966 0.2058762636735287 0.1854523312529806E-01
 0.4985230335612535 0.2069677752975705 0.1888878091183456E-01
 0.4985005706963092 0.2081451575813215 0.1926484856425840E-01
 0.4984796713450623 0.2092201660885704 0.1961326623359656E-01
 0.4984566308618127 0.2103834381211261 0.1999572455332644E-01
 0.4984352223668640 0.2114445803566743 0.2034948018387305E-01
 0.4984113134566238 0.2126081148900150 0.2074270704046161E-01
 0.4983890322114666 0.2136727896346668 0.2110747485396023E-01
 0.4983658775330688 0.2147599160630861 0.2148486478249863E-01
 0.4983421765561387 0.2158531296529060 0.2186936969476469E-01
 0.4983191700713858 0.2168961145229982 0.2224085596470311E-01
 0.4982932943626171 0.2180486014298169 0.2265666516460375E-01
 0.4982697078122260 0.2190808858711220 0.2303392000010844E-01
 0.4982431222976121 0.2202243854577591 0.2345714520796374E-01
 0.4982186852083598 0.2212574591181772 0.2384426332824245E-01
 0.4981927164872421 0.2223370970102059 0.2425363638733416E-01
 0.4981669044450837 0.2233923478232049 0.2465855613901504E-01
 0.4981415124700871 0.2244136835543960 0.2505502285287821E-01
 0.4981126974975855 0.2255533457186441 0.2550269459435689E-01
 0.4980867858320384 0.2265612582730633 0.2590319017928815E-01
 0.4980572491746086 0.2276913822552043 0.2635735064838847E-01
 0.4980304093129232 0.2287015946836894 0.2676794873698377E-01
 0.4980022480026202 0.2297450516374336 0.2719667900202798E-01
 0.4979736871883200 0.2307866767922579 0.2762929958555311E-01
 0.4979460903025031 0.2317777983296061 0.2804520279049692E-01
 0.4979143628483099 0.2328993013352637 0.2852084396620904E-01
 0.4978860251519143 0.2338853126530923 0.2894349396670382E-01
 0.4978546110477579 0.2349617110494139 0.2940969148499069E-01
 0.4978249392957395 0.2359628821363313 0.2984776136540880E-01
 0.4977952459619424 0.2369502058723846 0.3028393608327188E-01
 0.4977618267518046 0.2380445842886385 0.3077227116136729E-01
 0.4977318029263441 0.2390130914668161 0.3120877277091688E-01
 0.4976968569997408 0.2401234923776705 0.3171424741146955E-01
 0.4976655982332148 0.2411018680805989 0.3216401376609153E-01
 0.4976335288024157 0.2420915262896537 0.3262311474619878E-01
 0.4975996299663202 0.2431226391428047 0.3310591855864219E-01
 0.4975679127830063 0.2440738875680538 0.3355542658618524E-01
 0.4975306723557462 0.2451746843395882 0.3408050598948977E-01
 0.4974976820253629 0.2461358012266373 0.3454318722382659E-01
 0.4974635227140358 0.2471175262745048 0.3501980745339492E-01
 0.4974279236213729 0.2481265383797936 0.3551392955866716E-01
 0.4973944108090525 0.2490636905760792 0.3597676743456943E-01
 0.4973547501040339 0.2501573365381696 0.3652163663955924E-01
 0.4973198433223126 0.2511064999170581 0.3699858783104739E-01
 0.4972839165088371 0.2520707279762399 0.3748692284953380E-01
 0.4972459740740300 0.2530755327391361 0.3799991935482919E-01
 0.4972106189375375 0.2539997037024622 0.3847550013881140E-01
 0.4971687265976211 0.2550801055832801 0.3903603031605074E-01
 0.4971317141305303 0.2560218457317902 0.3952855261852180E-01
 0.4970942616392903 0.2569629308325960 0.4002433506110226E-01
 0.4970530368533421 0.2579854421974789 0.4056711461678843E-01
 0.4970156908466266 0.2589000216479624 0.4105626945280912E-01
 0.4969735977056075 0.2599179023870585 0.4160475457417240E-01
 0.4969343449332387 0.2608550963224227 0.4211349891805934E-01
 0.4968955746112706 0.2617697381476006 0.4261339384772159E-01
 0.4968492299426409 0.2628491155671043 0.4320763829577114E-01
 0.4968095667397074 0.2637611723101437 0.4371345747273026E-01
 0.4967671203159238 0.2647256267373945 0.4425203210469326E-01
 0.4967250743862963 0.2656694924131302 0.4478273047599491E-01
 0.4966847322652785 0.2665646666275477 0.4528929208597373E-01
 0.4966358419162762 0.2676362174347275 0.4589979258196301E-01
 0.4965937788733989 0.2685468006067789 0.4642217259334242E-01
 0.4965509512641950 0.2694634783617176 0.4695141489538089E-01
 0.4965043031497195 0.2704502599036399 0.4752486838347176E-01
 0.4964619304809932 0.2713363447628492 0.4804303778294258E-01
 0.4964150473383716 0.2723056944140497 0.4861337537029041E-01
 0.4963701544247267 0.2732233048129726 0.4915666114735563E-01
 0.4963265916403406 0.2741040907489788 0.4968129767582788E-01
 0.4962733883893597 0.2751672769246970 0.5031868850859498E-01
 0.4962281456065784 0.2760608522644161 0.5085780581456691E-01
 0.4961819274854667 0.2769639706432948 0.5140579970681512E-01
 0.4961318269555916 0.2779321510395631 0.5199678392639486E-01
 0.4960862746889210 0.2788029394317977 0.5253148552485647E-01
 0.4960363169716999 0.2797478165653292 0.5311509948936873E-01
 0.4959877904786588 0.2806557415607929 0.5367919672247923E-01
 0.4959411320874169 0.2815197659010372 0.5421897035531651E-01
 0.4958840027860654 0.2825660608422769 0.5487645587651028E-01
 0.4958351626426535 0.2834506568610379 0.5543566913891433E-01
 0.4957862665590550 0.2843273741459368 0.5599295874855414E-01
 0.4957294436334510 0.2853353293244125 0.5663739172221513E-01
 0.4956802595154751 0.2861985691884289 0.5719238425751087E-01
 0.4956281224832843 0.2871045396604857 0.5777785558350017E-01
 0.4955750557600395 0.2880172884643646 0.5837084110105016E-01
 0.4955252362098748 0.2888657863106041 0.5892494994514416E-01
 0.4954691571454484 0.2898113995755849 0.5954573558323282E-01
 0.4954162882695257 0.2906938976601295 0.6012811899132982E-01
 0.4953650864598783 0.2915404581017461 0.6068946871357379E-01
 0.4953011434449387 0.2925867531175423 0.6138687267414015E-01
 0.4952475984413462 0.2934538018857079 0.6196787816163930E-01
 0.4951940330060902 0.2943130829196047 0.6254647234619023E-01
 0.4951314360964096 0.2953072273673705 0.6321931673637879E-01
 0.4950775781410836 0.2961541485646060 0.6379535888407412E-01
 0.4950210594118985 0.2970347237401860 0.6439701631631796E-01
 0.4949622720847801 0.2979419547038374 0.6501981657413630E-01
 0.4949078382087669 0.2987742816901784 0.6559386168063241E-01
 0.4948483445093825 0.2996756810295826 0.6621843376689947E-01
 0.4947897949655326 0.3005545077850797 0.6683019764314201E-01
 0.4947342079150109 0.3013814494925430 0.6740832076564787E-01
 0.4946710645911958 0.3023122366160368 0.6806187701810722E-01
 0.4946121278291943 0.3031729803142166 0.6866895290787747E-01
 0.4945551361013671 0.3039981044070594 0.6925338320125915E-01
 0.4944861029295017 0.3049882817196821 0.6995790644733386E-01
 0.4944263992155880 0.3058366266228259 0.7056420324570038E-01
 0.4943675302297005 0.3066659962999775 0.7115926859010607E-01
 0.4942934233410765 0.3077002307107224 0.7190453810719316E-01
 0.4942328843043540 0.3085371800209305 0.7251030481441648E-01
 0.4941713218113279 0.3093811294725403 0.7312357679349940E-01
 0.4941029605347448 0.3103100184642613 0.7380135737773938E-01
 0.4940422115228358 0.3111283321806977 0.7440079367070773E-01
 0.4939784220974474 0.3119805258703937 0.7502732370540126E-01
 0.4939109905103108 0.3128736636632002 0.7568646407527471E-01
 0.4938492969303575 0.3136840029531765 0.7628677033500414E-01
 0.4937834310411243 0.3145421254104215 0.7692485479563080E-01
 0.4937156680060406 0.3154175556305876 0.7757828944841626E-01
 0.4936528341241836 0.3162227308124672 0.7818143045750565E-01
 0.4935849863368477 0.3170851982814660 0.7882973398748902E-01
 0.4935164862816859 0.3179487783895481 0.7948123440426415E-01
 0.4934524462599936 0.3187497392471536 0.8008766133475169E-01
 0.4933827068929187 0.3196150989773717 0.8074521390967071E-01
 0.4933132439313436 0.3204700371303800 0.8139721742698269E-01
 0.4932479700727317 0.3212671842662301 0.8200720234007668E-01
 0.4931764689584710 0.3221335893129462 0.8267239446506476E-01
 0.4931058944403000 0.3229819414939258 0.8332598121502155E-01
 0.4930393757159556 0.3237754554129027 0.8393938037213215E-01
 0.4929662877971009 0.3246406590858816 0.8461046879962711E-01
 0.4928944504065599 0.3254843807477772 0.8526710987912273E-01
 0.4928266739235756 0.3262744558287212 0.8588389750592787E-01
 0.4927522057319871 0.3271360038931422 0.8655852071041566E-01
 0.4926789600594840 0.3279768651351932 0.8721901161189977E-01
 0.4926099082696235 0.3287637526015851 0.8783899621959113E-01
 0.4925342589353890 0.3296194542169798 0.8851528372633581E-01
 0.4924594450820030 0.3304592803549951 0.8918108495309000E-01
 0.4923890975751912 0.3312432514116612 0.8980437927056292E-01
 0.4923124541829703 0.3320911966704125 0.9048042911202057E-01
 0.4922359061849287 0.3329317660960350 0.9115257081945072E-01
 0.4921642450679770 0.3337130553006266 0.9177912603648436E-01
 0.4920867694147223 0.3345517390564618 0.9245368037058541E-01
 0.4920082673984469 0.3353952932484872 0.9313417053293696E-01
 0.4919352642048195 0.3361742261299508 0.9376426330023745E-01
 0.4918570917298187 0.3370025108632275 0.9443606302506700E-01
 0.4917763541094790 0.3378517893830821 0.9512682466490563E-01
 0.4917019569264087 0.3386289094357162 0.9576066351916418E-01
 0.4916231363421458 0.3394466199849944 0.9642945741125931E-01
 0.4915397815270471 0.3403051981688685 0.9713367403958217E-01
 0.4914639124857034 0.3410812541102160 0.9777189231504563E-01
 0.4913844160135406 0.3418889754604271 0.9843780125596190E-01
 0.4912980224687304 0.3427605758510900 0.9915826977873785E-01
 0.4912205925571188 0.3435363560815676 0.9980123359549092E-01
 0.4911403084943262 0.3443354481698775 0.1004652179734452
 0.4910504582354495 0.3452234884112935 0.1012050931509847
 0.4909713866362534 0.3459996177498733 0.1018533592253493
 0.4908901524953928 0.3467918214074382 0.1025165599422846
 0.4907966465002093 0.3476973515204900 0.1032764998183247
 0.4907159042882017 0.3484739032457558 0.1039298305854326
 0.4906335500930444 0.3492609197946989 0.1045935342656492
 0.4905365137833509 0.3501818295601041 0.1053721217306227
 0.4904541257611986 0.3509583682329623 0.1060302238989377
 0.4903705263272026 0.3517413872248016 0.1066952171649031
 0.4902703717545668 0.3526730328583677 0.1074882652863933
 0.4901864007839187 0.3534488259596239 0.1081502144576463
 0.4901014846806654 0.3542285090685068 0.1088169534301912
 0.4899985256083007 0.3551674405348119 0.1096217965437732
 0.4899130117344568 0.3559420248621475 0.1102872686598225
 0.4898267527175827 0.3567186093737577 0.1109557653478312
 0.4897211269135329 0.3576631669320073 0.1117706160144966
 0.4896340880835784 0.3584363180449130 0.1124390833746950
 0.4895464713602825 0.3592099440198098 0.1131093329808986
 0.4894381491747039 0.3601600398812927 0.1139343123312668
 0.4893495778512047 0.3609317691111771 0.1146058258421416
 0.4892605867914114 0.3617025843783023 0.1152777432034540
 0.4891496238031336 0.3626574040252870 0.1161117112468937
 0.4890595243204795 0.3634276305546745 0.1167858313958486
 0.4889691431018058 0.3641957797711137 0.1174593960421731
 0.4888554975344675 0.3651553816892115 0.1183025767201598
 0.4887638608969145 0.3659241409682213 0.1189793813305187
 0.4886720766196005 0.3666897352450422 0.1196544985324450
 0.4885558302539156 0.3676531528112303 0.1205056153189871
 0.4884626637699728 0.3684203544395979 0.1211846782757856
 0.4883694692585631 0.3691834641530080 0.1218612920985423
 0.4882505056218416 0.3701514006411172 0.1227211697906595
 0.4881557904636259 0.3709171664043841 0.1234026808260931
 0.4880611711568440 0.3716779117869809 0.1240807443178846
 0.4879396234025749 0.3726490380743762 0.1249478015501581
 0.4878433713627276 0.3734132512556200 0.1256313396064139
 0.4877473235300108 0.3741716738727618 0.1263108028075754
 0.4876230015096523 0.3751472718294392 0.1271864250356069
 0.4875251898588900 0.3759100835774187 0.1278722426737985
 0.4874277035563489 0.3766662616680989 0.1285530576018274
 0.4873006833914004 0.3776454887104443 0.1294361151741168
 0.4872013184092713 0.3784068276602393 0.1301238487878270
 0.4871023902691287 0.3791607949684080 0.1308059696439804
 0.4869724345095895 0.3801452274182291 0.1316981354296691
 0.4868714851280942 0.3809052977977221 0.1323880856251830
 0.4867710891415010 0.3816572446998964 0.1330715605985829
 0.4866385926663627 0.3826436718774537 0.1339695173610055
 0.4865360883597039 0.3834022391026872 0.1346611489051344
 0.4864342343949425 0.3841521047279509 0.1353458262772014
 0.4862985948261771 0.3851447786138246 0.1362536758442180
 0.4861944743203203 0.3859022580603655 0.1369474807178992
 0.4860911194574603 0.3866503413375619 0.1376335143053831
 0.4859532081354233 0.3876426980948431 0.1385448400600177
 0.4858475462282950 0.3883985466827372 0.1392400053339445
 0.4857427341583255 0.3891445554601441 0.1399270421688492
 0.4856023701546408 0.3901378289200331 0.1408431961857405
 0.4854951229211609 0.3908923612012452 0.1415401398465637
 0.4853888887056644 0.3916360703430881 0.1422278691773670
 0.4852463189151737 0.3926284572403473 0.1431467675390913
 0.4851374840381495 0.3933816970555407 0.1438452070363184
 0.4850298793675916 0.3941227923882310 0.1445332527489151
 0.4848851098206748 0.3951142373675647 0.1454550497479389
 0.4847746463181136 0.3958664714354827 0.1461553744734023
 0.4846657291290687 0.3966046107193900 0.1468432994639810
 0.4845187616898892 0.3975950902319512 0.1477675136221389
 0.4844066288088808 0.3983465941614774 0.1484696436909022
 0.4842964429222738 0.3990815506552964 0.1491571084290108
 0.4841472675291494 0.4000711251851652 0.1500839580872873
 0.4840334066085961 0.4008222792462406 0.1507883583563790
 0.4839219885112413 0.4015538830887391 0.1514750742518177
 0.4837742978770604 0.4025185002639657 0.1523814715003023
 0.4836588635778443 0.4032684000188177 0.1530869182206941
 0.4835464978872152 0.4039950070913780 0.1537711732861530
 0.4834070796015051 0.4048920047568970 0.1546168646298197
 0.4832900391474115 0.4056411932003895 0.1553239722050603
 0.4831771881484449 0.4063602953471371 0.1560032858148546
 0.4830485126246608 0.4071763677710012 0.1567748979132168
 0.4829283671420923 0.4079346711855635 0.1574925860312137
 0.4828147528785941 0.4086485329877903 0.1581688799467372
 0.4826931005770430 0.4094094725940178 0.1588905147116644
 0.4825650948906971 0.4102063741838300 0.1596470449487959
 0.4824492270450521 0.4109244121195784 0.1603293408300675
 0.4823307001622769 0.4116557245407725 0.1610248218422783
 0.4821770299690750 0.4125991117426144 0.1619228414417021
 0.4820564327743111 0.4133357482703220 0.1626247751371343
 0.4819373643760413 0.4140598837336889 0.1633154556342633
 0.4817765478593771 0.4150329944514402 0.1642446205951728
 0.4816532549564178 0.4157752662861326 0.1649540787787873
 0.4815332578442895 0.4164945862883261 0.1656421203880488
 0.4813839954167883 0.4173851098533589 0.1664946109955877
 0.4812591449164170 0.4181264343628907 0.1672048973953899
 0.4811388919518503 0.4188374378602651 0.1678867102313469
 0.4810027784543515 0.4196386824582402 0.1686557495213343
 0.4808742065285332 0.4203921263839468 0.1693795339064516
 0.4807531525704207 0.4210985257088656 0.1700586163662207
 0.4806248145415364 0.4218443022449592 0.1707760318561270
 0.4804855433556670 0.4226500125458845 0.1715516711683759
 0.4803615980881006 0.4233639465270619 0.1722395053611491
 0.4802362007418750 0.4240832959682946 0.1729331178159897
 0.4800638958383092 0.4250669565353773 0.1738824874063025
 0.4799342922422096 0.4258032444788400 0.1745937269087850
 0.4798078340846211 0.4265187231883691 0.1752853195006109
 0.4796470246485496 0.4274244130476149 0.1761614097220842
 0.4795159048312796 0.4281594981476177 0.1768730450909762
 0.4793893451290622 0.4288661640687185 0.1775577048843082
 0.4792443792656084 0.4296721979250331 0.1783392964114712
 0.4791098854523350 0.4304167905568155 0.1790618931243881
 0.4789828277718496 0.4311174047592650 0.1797422663768504
 0.4788475651623366 0.4318602951950160 0.1804641432953016
 0.4787023769919893 0.4326543328169917 0.1812362489671449
 0.4785725014703261 0.4333617053641536 0.1819245923936496
 0.4784410056252660 0.4340751250180804 0.1826193441628459
 0.4782592577942092 0.4350566356736441 0.1835760153550351
 0.4781232044325051 0.4357879663200347 0.1842894027007047
 0.4779908042134645 0.4364968894817361 0.1849813325215215
 0.4778261614475871 0.4373746838411464 0.1858386145078650
 0.4776886314548497 0.4381047610936557 0.1865521174668312
 0.4775564164803067 0.4388039381970653 0.1872358813846415
 0.4774084480892570 0.4395833342864994 0.1879986391277804
 0.4772660094807567 0.4403305556840100 0.1887304063626205
 0.4771328627473131 0.4410263586875458 0.1894121972605697
 0.4769935761497040 0.4417515118045905 0.1901230950754696
 0.4768337584898444 0.4425801453022559 0.1909358830106202
 0.4766964393252999 0.4432892499013791 0.1916318532685347
 0.4765596167390149 0.4439931739143198 0.1923231704694788
 0.4763894307593410 0.4448651411879255 0.1931801201084870
 0.4762470418277501 0.4455916505144190 0.1938945720629130
 0.4761102756780049 0.4462868946780525 0.1945786105593043
 0.4759579539516405 0.4470582750872519 0.1953379153530823
 0.4758100362329869 0.4478044195355280 0.1960727662305625
 0.4756722086128521 0.4484970923120739 0.1967553461447648
 0.4755287324717522 0.4492155415680684 0.1974637591930747
 0.4753593909004531 0.4500601199487523 0.1982970855286274
 0.4752167380976545 0.4507687717395905 0.1989966942754025
 0.4750754235336418 0.4514682615054749 0.1996875632078863
 0.4749034645694623 0.4523160982704020 0.2005253433626699
 0.4747559782654310 0.4530403845134253 0.2012414185820471
 0.4746148762412920 0.4537308476866591 0.2019244268166318
 0.4744603473816624 0.4544842691498246 0.2026701463278902
 0.4743052951521264 0.4552373882730940 0.2034159825915789
 0.4741625201184631 0.4559283720393822 0.2041005909014945
 0.4740157545065860 0.4566361929315148 0.2048021392412687
 0.4738226826055110 0.4575635581067709 0.2057216805215502
 0.4736732846786370 0.4582782311124167 0.2064306784833247
 0.4735270363973841 0.4589753986168613 0.2071226502105112
 0.4733486879457240 0.4598223565238502 0.2079637486093622
 0.4731964143296197 0.4605427064120214 0.2086794549527872
 0.4730507083644451 0.4612296132034550 0.2093621695018714
 0.4728911729910709 0.4619790801184337 0.2101072979879219
 0.4727309562864979 0.4627290020163626 0.2108531508337345
 0.4725835400315251 0.4634166026045154 0.2115373115810365
 0.4724322271302596 0.4641200027834080 0.2122375213918216
 0.4722266129903673 0.4650720132009880 0.2131857376202913
 0.4720718406765662 0.4657857513242117 0.2138969712976776
 0.4719206935345956 0.4664804173902145 0.2145894332904123
 0.4717354232905815 0.4673287701822627 0.2154354028985749
 0.4715783206206095 0.4680454596703573 0.2161503908355613
 0.4714279136447270 0.4687293188942194 0.2168329447978778
 0.4712630643522579 0.4694762998366011 0.2175788787424504
 0.4710977801537864 0.4702226061538773 0.2183245049906925
 0.4709456741718377 0.4709070907889523 0.2190086330660674
 0.4707896789351972 0.4716067909427961 0.2197081896159644
 0.4705711892979128 0.4725829511932674 0.2206845215608628
 0.4704109906039768 0.4732958549767580 0.2213978756200536
 0.4702548560735910 0.4739883953768591 0.2220911576024479
 0.4700623158715015 0.4748393488950727 0.2229434277958759
 0.4699003107081375 0.4755527518759419 0.2236582231169924
 0.4697451529851678 0.4762337978084456 0.2243407837021971
 0.4695750575543596 0.4769779563953552 0.2250867712887396
 0.4694046794347018 0.4777208021604890 0.2258316409358021
 0.4692478634551228 0.4784022831282415 0.2265151952474860
 0.4690871792032759 0.4790983732569892 0.2272136485256738
 0.4688612301765816 0.4800734608982311 0.2281924421047987
 0.4686959362183775 0.4807840556328371 0.2289059602671795
 0.4685352184385229 0.4814727842737844 0.2295976459048231
 0.4683401352919752 0.4823059021780423 0.2304344895811977
 0.4681730383195954 0.4830170177658010 0.2311489541178108
 0.4680134129267673 0.4836942149479209 0.2318295337809496
 0.4678403760193984 0.4844259884588308 0.2325651988777358
 0.4676627937185541 0.4851744965845403 0.2333179180471297
 0.4675008910752358 0.4858547387177454 0.2340021398629604
 0.4673362941980345 0.4865441918005627 0.2346957356127689
 0.4671165139262189 0.4874615101771741 0.2356187385921583
 0.4669463034329531 0.4881693791918953 0.2363311829160464
 0.4667822539971553 0.4888495350098611 0.2370159407591193
 0.4665961334744070 0.4896187355175240 0.2377906054443234
 0.4664215445091695 0.4903379194588796 0.2385151131775419
 0.4662575032720638 0.4910115919296535 0.2391939087821049
 0.4660861275673935 0.4917132694691773 0.2399010257764003
 0.4658857389869483 0.4925310197585764 0.2407252546701581
 0.4657159581956742 0.4932215936495217 0.2414214600542761
 0.4655483741417226 0.4939012071835630 0.2421067978568499
 0.4653536481892667 0.4946883855298989 0.2429008350788967
 0.4651769617424898 0.4954003293792958 0.2436191465926436
 0.4650097648252732 0.4960720298852763 0.2442969386243490
 0.4648334130683657 0.4967784134226532 0.2450097759712518
 0.4646370981698570 0.4975622515619201 0.2458008376991140
 0.4644652943189805 0.4982460735611979 0.2464910557950352
 0.4642944815816200 0.4989239788108212 0.2471754258789616
 0.4640935580931844 0.4997188897276981 0.2479780792437711
 0.4639139432596608 0.5004272341208068 0.2486934274600809
 0.4637436144991708 0.5010970005432671 0.2493698544163568
 0.4635632852584159 0.5018040325292605 0.2500839266215205
 0.4633657092847693 0.5025762758272014 0.2508638858506196
 0.4631911122527632 0.5032566250560377 0.2515511039764707
 0.4630171830617066 0.5039324488942886 0.2522338598892016
 0.4628113145723930 0.5047299174153874 0.2530396582508489
 0.4626285574074455 0.5054356449742612 0.2537528547328254
 0.4624552789657769 0.5061028622050643 0.2544271681935215
 0.4622715370068078 0.5068083579079684 0.2551401750255000
 0.4620709447292958 0.5075762077135498 0.2559162248191592
 0.4618933332589688 0.5082540634814007 0.2566013875915050
 0.4617164066901641 0.5089274293852651 0.2572821151367544
 0.4615072553023578 0.5097210449306221 0.2580845442541232
 0.4613210397206650 0.5104254661526240 0.2587968691873149
 0.4611447704655831 0.5110903985705633 0.2594692766399366
 0.4609582456687892 0.5117920597233945 0.2601788043937517
 0.4607526957709774 0.5125629765122739 0.2609583449997316
 0.4605717436577818 0.5132396491903729 0.2616426091742622
 0.4603919561955209 0.5139101363032769 0.2623206724745463
 0.4601816177887590 0.5146922609815051 0.2631117030957981
 0.4599915406873232 0.5153969327739457 0.2638244153634428
 0.4598122493962027 0.5160597949690147 0.2644947980545859
 0.4596236671616614 0.5167551120013216 0.2651979209285529
 0.4594103969329371 0.5175391339642487 0.2659906478291821
 0.4592256248058419 0.5182164156695930 0.2666754078933077
 0.4590430957081321 0.5188836890247500 0.2673500501929006
 0.4588325961265952 0.5196510272707848 0.2681258729198973
 0.4586385428976349 0.5203563547167916 0.2688389726942405
 0.4584562699482093 0.5210170800739686 0.2695069063750359
 0.4582660229077868 0.5217048819211104 0.2702021048853632
 0.4580418484058474 0.5225129641566810 0.2710187481191769
 0.4578528684358211 0.5231921985938380 0.2717051171772693
 0.4576675652215839 0.5238564715357753 0.2723763562587253
 0.4574563547779664 0.5246115239696544 0.2731393259576917
 0.4572582891012190 0.5253175759499382 0.2738527464914240
 0.4570729972867060 0.5259763455507624 0.2745183107111102
 0.4568808465315211 0.5266577308358316 0.2752066064828905
 0.4566429277096944 0.5274989374308230 0.2760561844566841
 0.4564495146595787 0.5281807827692820 0.2767447302686378
 0.4562611826618855 0.5288430036340392 0.2774134276778860
 0.4560476427037588 0.5295918338123727 0.2781695560903914
 0.4558458130900865 0.5302976329565914 0.2788821745934207
 0.4556573990648546 0.5309548069212674 0.2795455945016346
 0.4554626501644637 0.5316323533109008 0.2802294369590289
 0.4552126074101708 0.5324997239648964 0.2811046522860433
 0.4550151131563894 0.5331828018857544 0.2817937772686593
 0.4548236257743605 0.5338434252989188 0.2824601754924068
 0.4546066766937854 0.5345899089031938 0.2832131018836567
 0.4544014789968303 0.5352940356828615 0.2839231844301388
 0.4542100219465168 0.5359493396343091 0.2845838691830989
 0.4540123456469504 0.5366242489997394 0.2852641152369698
 0.4537540797336847 0.5375034714244024 0.2861499731457375
 0.4535530410714710 0.5381858878851462 0.2868373345590320
 0.4533584810954729 0.5388446710258249 0.2875007621176942
 0.4531379856659303 0.5395893345478194 0.2882505352641526
 0.4529296204756080 0.5402911539626951 0.2889570039349830
 0.4527352289846635 0.5409442743644808 0.2896142610134589
 0.4525346413687313 0.5416165727126839 0.2902905955524177
 0.4522687435353433 0.5425052208466662 0.2911842462417538
 0.4520642376905900 0.5431867335392185 0.2918693936238157
 0.4518665660702483 0.5438438648657938 0.2925299131996863
 0.4516423441495199 0.5445873613616227 0.2932771250742421
 0.4514307763558029 0.5452870622649582 0.2939801820706008
 0.4512333651228199 0.5459383485797863 0.2946344260791559
 0.4510297195066886 0.5466086002650419 0.2953075215527662
 0.4507566801400693 0.5475047111991823 0.2962071213776536
 0.4505487071038202 0.5481853432141395 0.2968902080994437
 0.4503479567755347 0.5488407649970444 0.2975478728608202
 0.4501205683229162 0.5495813041188946 0.2982908095731650
 0.4499054846220253 0.5502799724581197 0.2989915677169784
 0.4497049612737880 0.5509297807805660 0.2996431146713022
 0.4494984055297569 0.5515975718275949 0.3003124442584020
 0.4492126495353159 0.5525188170921548 0.3012353898249926
 0.4490008038863487 0.5531998518573451 0.3019174071372571
 0.4487967813070888 0.5538541945113108 0.3025725128474899
 0.4485645999372714 0.5545970198517834 0.3033159994575229
 0.4483467787703878 0.5552921452843443 0.3040115151224288
 0.4481433837707952 0.5559397084801119 0.3046591984202635
 0.4479335406417244 0.5566062687957214 0.3053256066329026
 0.4476496219610092 0.5575056697928877 0.3062243710480552
 0.4474351162108492 0.5581833235312122 0.3069012716472846
 0.4472283122528696 0.5588351418247419 0.3075521922853376
 0.4469944061095881 0.5595706150237415 0.3082864682057013
 0.4467726787427110 0.5602660742599119 0.3089805912322998
 0.4465661896268213 0.5609122429852733 0.3096252985708197
 0.4463539467071398 0.5615749248143173 0.3102862297360473
 0.4460464358833000 0.5625323965737682 0.3112407261253566
 0.4462515446502007 0.5618941146766216 0.3106044836048559
 0.4460491520123771 0.5625239532995782 0.3112323111707949
 0.4458421134826065 0.5631668495625815 0.3118729599849734
 0.4456334201076103 0.5638134605068806 0.3125171450071599
 0.4453981980030784 0.5645405651599834 0.3132413331987477
 0.4451720460314917 0.5652379433677204 0.3139356937497471
 0.4449622385714047 0.5658834497463338 0.3145781644955544
 0.4447475553741495 0.5665425016521609 0.3152338370106426
 0.4444491855922742 0.5674560348681308 0.3161422086073244
 0.4442267335888855 0.5681353042708915 0.3168173203975343
 0.4440143310089666 0.5687824449234453 0.3174602869905001
 0.4437787496753685 0.5694985688614012 0.3181715645079935
 0.4435475742470875 0.5701996373697928 0.3188676322207161
 0.4433344468524378 0.5708445240823434 0.3195076530266880
 0.4431177390651052 0.5714988286759577 0.3201567287272400
 0.4428424370237072 0.5723280024090946 0.3209788562582571
 0.4426170979969822 0.5730050036891411 0.3216498024785222
 0.4424029442598702 0.5736469998457534 0.3222858561788687
 0.4421733070108122 0.5743339063585262 0.3229662185668304
 0.4419283109105400 0.5750650476168209 0.3236901744831786
 0.4417099576084595 0.5757152029016117 0.3243337142020791
 0.4414926297622073 0.5763609326139024 0.3249726298063039
 0.4412431248624715 0.5771005906441478 0.3257041758321388
 0.4410110296871155 0.5777870389975640 0.3263828335497075
 0.4407941166511392 0.5784272007616905 0.3270155461396447
 0.4405704515480210 0.5790858982958660 0.3276664240395976
 0.4402541668165761 0.5800149680529333 0.3285841876758098
 0.4400242323103276 0.5806886403569367 0.3292494064354666
 0.4398034259841145 0.5813341930427092 0.3298866098544641
 0.4395535105915960 0.5820632342531459 0.3306059107558156
 0.4393169701666271 0.5827516891920581 0.3312848873232133
 0.4390968626476167 0.5833909538315709 0.3319151469926511
 0.4388712237345744 0.5840449289324263 0.3325597375832733
 0.4385534824242959 0.5849635374934196 0.3334648685955487
 0.4383197124653311 0.5856376675909465 0.3341288453655133
 0.4380966632912341 0.5862795379073961 0.3347608027074115
 0.4378492561218837 0.5869899780189393 0.3354599813785185
 0.4376064308131957 0.5876857110315843 0.3361444229278008
 0.4373827055798026 0.5883253687085845 0.3367735195749271
 0.4371555949560417 0.5889733887735219 0.3374107071987480
 0.4368731479873572 0.5897774619608732 0.3382011710873836
 0.4366364126777830 0.5904498419245184 0.3388620025352309
 0.4364121095273379 0.5910856070493672 0.3394866725200280
 0.4361743312484319 0.5917581881437664 0.3401473117548607
 0.4359088418557925 0.5925074878662929 0.3408830783420327
 0.4356781099360269 0.5931572723586219 0.3415209746419063
 0.4354508907025598 0.5937958835154443 0.3421478025929715
 0.4351964517597700 0.5945094972691544 0.3428481467379381
 0.4349497005821437 0.5952000451331936 0.3435257244560345
 0.4347216115043870 0.5958370564970168 0.3441506141099702
 0.4344895369700881 0.5964839149379826 0.3447849735973990
 0.4341970092315124 0.5972974409420481 0.3455825007549775
 0.4339555621641461 0.5979673804107941 0.3462390664618046
 0.4337266621381269 0.5986012360520720 0.3468601461038822
 0.4334833359766001 0.5992736922828305 0.3475189445597265
 0.4332147651229036 0.6000143122284478 0.3482443915415939
 0.4329798897443889 0.6006606423301786 0.3488773359250605
 0.4327482461645177 0.6012968344688069 0.3495001919766611
 0.4324887515386195 0.6020080581255466 0.3501963145771516
 0.4322372235792680 0.6026959836538816 0.3508694765469992
 0.4320047399815568 0.6033305498003206 0.3514903387378533
 0.4317682891290453 0.6039746968954284 0.3521205332074830
 0.4314722109749837 0.6047795187523358 0.3529078810636057
 0.4312259792456586 0.6054473593212754 0.3535611612100763
 0.4309927311096022 0.6060787488794804 0.3541786990276757
 0.4307455854853952 0.6067464529931312 0.3548316434337485
 0.4304686055904983 0.6074931726413664 0.3555617359905737
 0.4302285457938394 0.6081390094597939 0.3561931295398092
 0.4299926204188110 0.6087725100430196 0.3568124436267898
 0.4297302833072263 0.6094755261053532 0.3574997096055832
 0.4294722863936851 0.6101654766737871 0.3581741733233066
 0.4292349307834937 0.6107989776782305 0.3587933889781763
 0.4289946662641223 0.6114390298182746 0.3594189127079518
 0.4287041192759137 0.6122114113182211 0.3601736310077815
 0.4284523440477283 0.6128792967096468 0.3608261644866388
 0.4282148684095163 0.6135080426601263 0.3614404388309145
 0.4279663898955738 0.6141646724444511 0.3620819692907646
 0.4276663236975023 0.6149559366962838 0.3628550620812849
 0.4274190729185627 0.6156065458991127 0.3634907216431956
 0.4271790172746406 0.6162370335282769 0.3641066869668433
 0.4269149842431405 0.6169291509523637 0.3647828170727840
 0.4266497207484589 0.6176230827539663 0.3654607033336148
 0.4264074448955320 0.6182556495066771 0.3660786776156545
 0.4261636555064249 0.6188909895913643 0.3666994345537627
 0.4258776290629721 0.6196349046023473 0.3674263844957661
 0.4256196361224379 0.6203045272706136 0.3680808142705463
 0.4253776334783311 0.6209314626890453 0.3686935543035795
 0.4251273385037569 0.6215786804872286 0.3693261192042013
 0.4247801490734830 0.6224744415756781 0.3702016086068773
 0.4245239621186498 0.6231339251344601 0.3708462170831641
 0.4242786032892120 0.6237643568103288 0.3714625085953036
 0.4240069226487042 0.6244610828291491 0.3721437152899495
 0.4237387363152222 0.6251474760413750 0.3728149119697032
 0.4234924653658118 0.6257765851902634 0.3734301391593081
 0.4232438241782847 0.6264105953157375 0.3740501779309324
 0.4229488326716597 0.6271612982234701 0.3747843650448340
 0.4226867675236996 0.6278268546474668 0.3754353449311933
 0.4224404684573907 0.6284512148294465 0.3760461384253943
 0.4221848668435195 0.6290979782342528 0.3766789969475911
 0.4218479268238268 0.6299487324892870 0.3775117034026820
 0.4215886089706371 0.6306020898380074 0.3781513592086626
 0.4213394367336885 0.6312287395667270 0.3787649662806364
 0.4210658013522313 0.6319156252854299 0.3794376563884276
 0.4207903974501815 0.6326055968781596 0.3801134988662547
 0.4205392026676066 0.6332337389628592 0.3807289325445638
 0.4202870166403654 0.6338632344230385 0.3813458741215468
 0.4199953749414792 0.6345898180996030 0.3820582048564231
 0.4197266028461059 0.6352581030438637 0.3827135781838742
 0.4194755682633660 0.6358811447932683 0.3833247137253762
 0.4192178050674826 0.6365197459590974 0.3839512144557123
 0.4188638175503711 0.6373948672960792 0.3848099283006727
 0.4185971619965560 0.6380526644343214 0.3854555722881647
 0.4183438897914734 0.6386763199995648 0.3860678959048544
 0.4180696699514520 0.6393503246739639 0.3867298911921236
 0.4177844204012642 0.6400500862091804 0.3874174420767858
 0.4175277683164880 0.6406785201204395 0.3880351086042321
 0.4172723427506735 0.6413028522335931 0.3886489077904155
 0.4169843961033011 0.6420053670646493 0.3893397672327573
 0.4167077496143963 0.6426790129285123 0.3900024681882469
 0.4164518007457274 0.6433011303497169 0.3906147276896657
 0.4161919634339793 0.6439315942034635 0.3912354843875190
 0.4158766016660489 0.6446952927578994 0.3919878195603295
 0.4156043839095999 0.6453532046849240 0.3926362619300005
 0.4153478985753410 0.6459719910632969 0.3932463732543467
 0.4150805314384191 0.6466158967979680 0.3938814629718841
 0.4147416056917435 0.6474304834304566 0.3946852100559108
 0.4144727267404034 0.6480754070556810 0.3953218384207164
 0.4142137678130949 0.6486954464088774 0.3959341802019260
 0.4139317311956436 0.6493695299967757 0.3966002247688073
 0.4136414665530730 0.6500619654506234 0.3972847486124849
 0.4133791335931327 0.6506866278381941 0.3979025453671834
 0.4131175433836424 0.6513084474867432 0.3985177630077737
 0.4128217701593909 0.6520102364999165 0.3992123812446116
 0.4125390872904626 0.6526796956080355 0.3998753163987728
 0.4122773385503065 0.6532984758671087 0.4004883947320600
 0.4120115138563854 0.6539258118611760 0.4011103164150711
 0.4116888249761166 0.6546858890860758 0.4018643526139552
 0.4114104852727157 0.6553402270595933 0.4025139285344693
 0.4111484436600589 0.6559551742988126 0.4031247395135972
 0.4108758809700160 0.6565937091091875 0.4037593058035007
 0.4105178261560972 0.6574308259287182 0.4045917328519902
 0.4102416778073497 0.6580751356034161 0.4052328681624874
 0.4099767602905570 0.6586921714152730 0.4058472541320258
 0.4096884420064568 0.6593625254810148 0.4065151749946325
 0.4093910872387383 0.6600526004230407 0.4072032072224578
 0.4091225844644201 0.6606745980639481 0.4078237238546270
 0.4088551006743056 0.6612931826557349 0.4084411386098915
 0.4085537669268951 0.6619887958385148 0.4091357841927429
 0.4082639694624717 0.6626565312138066 0.4098029627786419
 0.4079962650644243 0.6632722792731900 0.4104185642501736
 0.4077252662093275 0.6638945511117341 0.4110410846119272
 0.4074035329385354 0.6646319492030324 0.4117793150995208
 0.4071179885645189 0.6652851626373097 0.4124337390517436
 0.4068502517433484 0.6658965833968832 0.4130466688700779
 0.4065742424555813 0.6665258301224607 0.4136778312242923
 0.4061880186012268 0.6674045364929756 0.4145598476310726
 0.4059026619879135 0.6680524091571580 0.4152106858555280
 0.4056317832270133 0.6686663558413566 0.4158278992734177
 0.4053388056225409 0.6693292367877661 0.4164948276021081
 0.4050320247734779 0.6700220696418614 0.4171924534001037
 0.4047568660545649 0.6706423787220139 0.4178175043549965
 0.4044838602884443 0.6712568024228700 0.4184370100981221
 0.4041795192150022 0.6719405423630213 0.4191268413536516
 0.4038810020099788 0.6726099674645069 0.4198026970639693
 0.4036069521591392 0.6732234556933807 0.4204225253341058
 0.4033313200028673 0.6738394580109385 0.4210453613343869
 0.4030140750219528 0.6745471882896161 0.4217615427045170
 0.4027195179265013 0.6752030916842514 0.4224258392674167
 0.4024454648669645 0.6758122928157574 0.4230432937142521
 0.4021663316687087 0.6764317551741162 0.4236715829493153
 0.4018269306217243 0.6771835692407029 0.4244347088726738
 0.4015343058678658 0.6778305425657006 0.4250919850513895
 0.4012589401164640 0.6784383250067219 0.4257099716940984
 0.4009730835973485 0.6790682073628502 0.4263509969354980
 0.4005799849113768 0.6799326486185586 0.4272316664498850
 0.4002881242914090 0.6805731588099746 0.4278848542590329
 0.4000093851277752 0.6811838397436314 0.4285080954910922
 0.3997056663964630 0.6818481028018413 0.4291865203979645
 0.3993940236303480 0.6825284603045417 0.4298819313397317
 0.3991125172627563 0.6831419538698289 0.4305095063731912
 0.3988327099293700 0.6837507399224403 0.4311327726149786
 0.3985216349558789 0.6844263844287573 0.4318250939696746
 0.3982140728075380 0.6850931909956461 0.4325089698977757
 0.3979324608900268 0.6857026868926021 0.4331345690745205
 0.3976500668213981 0.6863128718227656 0.4337613321521006
 0.3973294799273515 0.6870043684771856 0.4344721700237061
 0.3970244850196565 0.6876610403333341 0.4351477908224910
 0.3967420623514395 0.6882680791395613 0.4357728996953857
 0.3964559099101809 0.6888821245458308 0.4364058042829990
 0.3961173999361866 0.6896072141843382 0.4371539324812158
 0.3958152485099883 0.6902532305712435 0.4378211532847225
 0.3955323726047639 0.6908570186394614 0.4384452991057613
 0.3952418313598020 0.6914761487394935 0.4390858139621154
 0.3948611878336931 0.6922857256565017 0.4399241213277832
 0.3945602325146035 0.6929245714346083 0.4405862794226493
 0.3942760977416340 0.6935267065960109 0.4412109375543644
 0.3939769708262973 0.6941595617100962 0.4418680589631510
 0.3936226420955925 0.6949078159800302 0.4426457785512186
 0.3933269277980115 0.6955311415680377 0.4432942550747014
 0.3930407210008470 0.6961334343968568 0.4439213407703849
 0.3927327287127597 0.6967804862072193 0.4445955540758355
 0.3924018438393557 0.6974743822178857 0.4453192099445645
 0.3921087948814258 0.6980878555429689 0.4459595870462605
 0.3918201339059771 0.6986911571568672 0.4465899343109923
 0.3915037688674824 0.6993512403645030 0.4472803035287906
 0.3911811297181018 0.7000232122305916 0.4479838438054905
 0.3908890346872348 0.7006305256123138 0.4486202942608157
 0.3905985370166972 0.7012335380384238 0.4492527727398555
 0.3902759823871020 0.7019019532825550 0.4499544533538939
 0.3899561373249170 0.7025635726464162 0.4506496352728074
 0.3896638495514796 0.7031671633978744 0.4512844245089233
 0.3893717107126838 0.7037694721873369 0.4519184412779461
 0.3890449703760266 0.7044419695233359 0.4526270266126205
 0.3887249910562119 0.7050993785492667 0.4533203862221177
 0.3884312487489256 0.7057018646877575 0.4539563638783284
 0.3881364354162752 0.7063055712171913 0.4545941212361131
 0.3878022409165165 0.7069887422896506 0.4553164112696691
 0.3874833146937769 0.7076395379136694 0.4560050805644769
 0.3871884466009415 0.7082402335673293 0.4566413064723461
 0.3868904798754449 0.7088462618281980 0.4572837753109197
 0.3865436445459622 0.7095504466971677 0.4580310713229829
 0.3862269353779392 0.7101923084246632 0.4587129277675920
 0.3859318273814820 0.7107894009475739 0.4593477865241050
 0.3856312710447055 0.7113965378569330 0.4599938465771920
 0.3852702615119132 0.7121244912648254 0.4607691455385146
 0.3849543556755117 0.7127603347724389 0.4614469645993440
 0.3846584526983399 0.7133549378877688 0.4620813721548852
 0.3843547976967061 0.7139641367471451 0.4627319236239918
 0.3839715442601413 0.7147316133463995 0.4635523106622623
 0.3836551495027737 0.7153640186317236 0.4642289573974694
 0.3833571206126510 0.7159587380859440 0.4648657717645835
 0.3830467785568520 0.7165770253935070 0.4655283029965525
 0.3826263842815876 0.7174129413211662 0.4664248328973657
 0.3823105330610131 0.7180397569217084 0.4670977529313732
 0.3820090764447334 0.7186370287115016 0.4677395247918216
 0.3816835410583415 0.7192809391258715 0.4684320586783033
 0.3813400247175345 0.7199592171730429 0.4691622744482005
 0.3810337000314314 0.7205630251025884 0.4698129026462564
 0.3807318476888633 0.7211570665686556 0.4704535058846307
 0.3804033464867657 0.7218024838187513 0.4711500452448040
 0.3800607382682253 0.7224744350855854 0.4718758106881824
 0.3797536820777623 0.7230756365702173 0.4725256921098864
 0.3794506999388559 0.7236679173901471 0.4731664429478180
 0.3791214705798835 0.7243104479498952 0.4738621360500725
 0.3787752518513799 0.7249849493528568 0.4745930693922614
 0.3784657214485129 0.7255869491178203 0.4752459344225339
 0.3781603522232821 0.7261799104473663 0.4758894236255856
 0.3778276102055648 0.7268249585651444 0.4765899060234234
 0.3774811385522673 0.7274954463660434 0.4773185560503025
 0.3771699788332479 0.7280965797485437 0.4779723507832933
 0.3768620407458760 0.7286905429710515 0.4786188682661258
 0.3765238039014046 0.7293418664829832 0.4793284407585975
 0.3761799911122141 0.7300027713011665 0.4800491010040497
 0.3758686667549588 0.7306002223119602 0.4807010954067248
 0.3755596230913099 0.7311923580032430 0.4813477410829032
 0.3752197488516867 0.7318424899992931 0.4820582111849619
 0.3748746887827872 0.7325013930288217 0.4827787879855239
 0.3745622723163409 0.7330969673209856 0.4834305802682041
 0.3742525795818893 0.7336864194316778 0.4840761335992765
 0.3739143156654272 0.7343291981914063 0.4847806164079371
 0.3735633536105031 0.7349949470526035 0.4855108298336235
 0.3732479008724152 0.7355923335419297 0.4861665039056008
 0.3729361395305517 0.7361817990680489 0.4868138629093109
 0.3725964401589593 0.7368230394399976 0.4875184986046084
 0.3722418868702049 0.7374911563560517 0.4882531561386964
 0.3719237564637728 0.7380896311200827 0.4889117043058540
 0.3716091951233690 0.7386804582171715 0.4895623128026162
 0.3712647386495061 0.7393263749629185 0.4902741471350083
 0.3709115262063314 0.7399875628262970 0.4910034022149440
 0.3705927283794280 0.7405833346485283 0.4916609763334885
 0.3702769132311190 0.7411726054039516 0.4923117676397657
 0.3699309895446403 0.7418169997929059 0.4930238501752969
 0.3695764034731445 0.7424763900403777 0.4937529437749862
 0.3692566961608277 0.7430699332484249 0.4944096276280472
 0.3689407226409293 0.7436556288702053 0.4950580183239422
 0.3685977538475546 0.7442903367664634 0.4957611108121651
 0.3682353150335754 0.7449599190565794 0.4965033133885299
 0.3679123539449360 0.7455555704032507 0.4971639432750880
 0.3675948140065644 0.7461403092702552 0.4978127844587290
 0.3672523639036666 0.7467699072671926 0.4985117392144278
 0.3668820373780003 0.7474495787533038 0.4992666992147169
 0.3665551852206426 0.7480484475694120 0.4999323074439564
 0.3662344973384404 0.7486351022931791 0.5005847448511941
 0.3658878653449827 0.7492681972369024 0.5012892990731869
 0.3655180716365932 0.7499424299366432 0.5020401527800046
 0.3651898224974033 0.7505399116537147 0.5027059369377518
 0.3648671722055578 0.7511262852546828 0.5033596671782107
 0.3645176632825126 0.7517604486376382 0.5040670070103637
 0.3641484571626589 0.7524292011567043 0.5048132989427185
 0.3638198944655807 0.7530233450838593 0.5054766788755356
 0.3634972814572086 0.7536058260795069 0.5061273856952007
 0.3631501859554529 0.7542315135726234 0.5068267662254312
 0.3627729286693302 0.7549104041118865 0.5075860886298651
 0.3624416686951443 0.7555055212279373 0.5082520924514697
 0.3621182403662198 0.7560856702609493 0.5089016618784221
 0.3617731500387883 0.7567037001330066 0.5095939776042974
 0.3613818067518609 0.7574033515086603 0.5103781575918529
 0.3610455627925023 0.7580034684973567 0.5110511791102318
 0.3607188980388711 0.7585855832831785 0.5117043952840910
 0.3603703944221301 0.7592056341548652 0.5124006052202903
 0.3599772032195276 0.7599039812349625 0.5131852190804690
 0.3596383312816755 0.7605048254012431 0.5138606439750522
 0.3593085452779555 0.7610886505079629 0.5145171997113278
 0.3589549366452795 0.7617136565638001 0.5152203149611866
 0.3585682993072736 0.7623958699673933 0.5159880751403000
 0.3582299288169240 0.7629919175012616 0.5166591386380013
 0.3578996321703755 0.7635728457421601 0.5173134612701973
 0.3575458326875133 0.7641941313424460 0.5180135735645649
 0.3571563736598466 0.7648768691316419 0.5187833336928093
 0.3568170499987021 0.7654707239324635 0.5194531973808391
 0.3564868836911979 0.7660476673967054 0.5201042382939818
 0.3561361780981954 0.7666595492798953 0.5207949593116948
 0.3557285911731534 0.7673694445970568 0.5215966567732399
 0.3553842389390914 0.7679681786429077 0.5222731231848114
 0.3550517728914847 0.7685453581740961 0.5229255252455791
 0.3547002857577942 0.7691546142414336 0.5236144981590209
 0.3542776893859858 0.7698858473599381 0.5244418019919712
 0.3539283248670327 0.7704893124990336 0.5251248226121406
 0.3535917938944083 0.7710697127059170 0.5257819227725450
 0.3532339343024896 0.7716859350163592 0.5264797526748016
 0.3528263919029538 0.7723865059750972 0.5272733314807887
 0.3524774772951532 0.7729852805419021 0.5279518360881007
 0.3521386785723065 0.7735658029865976 0.5286099119316616
 0.3517762451240334 0.7741858530798972 0.5293131033345726
 0.3513767141290027 0.7748682120602760 0.5300873256365281
 0.3510288319752807 0.7754613749810472 0.5307606253831766
 0.3506902025986097 0.7760378837863561 0.5314152334306933
 0.3503296607237772 0.7766507499734195 0.5321113224154544
 0.3499194760492448 0.7773468167263079 0.5329021463879495
 0.3495689187478599 0.7779407027313194 0.5335770925184370
 0.3492301048591708 0.7785138252994298 0.5342286460614568
 0.3488729886426458 0.7791169861527542 0.5349145738917447
 0.3484297048249369 0.7798643719918233 0.5357648161304377
 0.3480723303321025 0.7804658604786923 0.5364492819498593
 0.3477303456250693 0.7810405704969495 0.5371034070811376
 0.3473697358063419 0.7816456553401310 0.5377922291585636
 0.3469289090136732 0.7823840554275423 0.5386330120100835
 0.3465687504616722 0.7829862884589369 0.5393189542117560
 0.3462224044230467 0.7835645421028723 0.5399778006763079
 0.3458540180213920 0.7841786471076827 0.5406777484429154
 0.3454351310571463 0.7848757555899222 0.5414725999421122
 0.3450761548753944 0.7854721642020738 0.5421528341447959
 0.3447276739457981 0.7860502590396099 0.5428123057803912
 0.3443555200695022 0.7866666745768031 0.5435155878910980
 0.3439420467862044 0.7873503826885919 0.5442957478402665
 0.3435838898951415 0.7879416493369815 0.5449705322414103
 0.3432361899389021 0.7885147932706762 0.5456247582682312
 0.3428674990752252 0.7891216162970698 0.5463175841220299
 0.3424380772278400 0.7898272036201949 0.5471233754056873
 0.3420767564867268 0.7904199034210534 0.5478003936477578
 0.3417290715474941 0.7909893845593616 0.5484509889695587
 0.3413639801902524 0.7915864810134334 0.5491332203111066
 0.3408858430168412 0.7923670793917020 0.5500252604140341
 0.3405162964268281 0.7929693257439850 0.5507136269947257
 0.3401647163662959 0.7935414304381532 0.5513676810627778
 0.3397943251169316 0.7941432396420663 0.5520558474588790
 0.3393360278570477 0.7948865963781163 0.5529060557222286
 0.3389648845779755 0.7954875548774170 0.5535934906155494
 0.3386087042066238 0.7960634179325836 0.5542522509644334
 0.3382306566343702 0.7966737093725241 0.5549504062156098
 0.3377954627660068 0.7973750774827680 0.5557527786754041
 0.3374253547855847 0.7979705652358343 0.5564340927091924
 0.3370666776265059 0.7985467993460856 0.5570934879325004
 0.3366837066155823 0.7991611295454895 0.5577966311436169
 0.3362585050131024 0.7998420775022996 0.5585762130065801
 0.3358899738404971 0.8004313152687984 0.5592509329259275
 0.3355320502348189 0.8010027477419567 0.5599053430780881
 0.3351522568493768 0.8016081884211267 0.5605987513002597
 0.3347120036060571 0.8023088453488123 0.5614012616081155
 0.3343406554975108 0.8028988721233159 0.5620771158421662
 0.3339834792707717 0.8034655483628592 0.5627262922548001
 0.3336092642547285 0.8040583841322232 0.5634055226528687
 0.3330950888173146 0.8048714950564114 0.5643372592311806
 0.3327140047572781 0.8054730568940897 0.5650266450881465
 0.3323534742784311 0.8060413308079988 0.5656779002208346
 0.3319740575188981 0.8066384916195624 0.5663622642258797
 0.3314986220338133 0.8073855036833278 0.5672183834827877
 0.3311172751048074 0.8079836638441162 0.5679039617351102
 0.3307521223072727 0.8085555763584914 0.5685595269829019
 0.3303660641425339 0.8091593340777034 0.5692516747299013
 0.3299045795753184 0.8098798457085302 0.5700777348552373
 0.3295213131492486 0.8104772418851750 0.5707626334393160
 0.3291516255992852 0.8110526212913676 0.5714222217643566
 0.3287577098725614 0.8116647926850536 0.5721238736153220
 0.3283161488982832 0.8123498882678203 0.5729089673377751
 0.3279352745912557 0.8129398796225440 0.5735849894872487
 0.3275654608218332 0.8135119016473459 0.5742403906858256
 0.3271716394999275 0.8141201557264692 0.5749373090281946
 0.3267281878357421 0.8148039534935475 0.5757208037983165
 0.3263475672887166 0.8153899321584820 0.5763922192696800
 0.3259797536667532 0.8159553772581976 0.5770400817525739
 0.3255929250089020 0.8165491913151163 0.5777203978947233
 0.3251016656992514 0.8173020446277355 0.5785828383999206
 0.3247136973055062 0.8178956042937532 0.5792627503991995
 0.3243450529821476 0.8184587846753061 0.5799078458760092
 0.3239606357369875 0.8190452184792737 0.5805795699443510
 0.3234175549926883 0.8198722346840096 0.5815268370044110
 0.3230210786993276 0.8204749221197573 0.5822170988209779
 0.3226477810683994 0.8210415487711804 0.5828659867093270
 0.3222559401883403 0.8216354627404147 0.5835460395394745
 0.3217482081907169 0.8224037290499768 0.5844256371715454
 0.3213513074920992 0.8230032717347320 0.5851120377345365
 0.3209720794389914 0.8235752850028646 0.5857669414149401
 0.3205694967847650 0.8241816369223038 0.5864611959300893
 0.3201047577703093 0.8248804722077084 0.5872613571643031
 0.3197097263707359 0.8254735353553462 0.5879403643436345
 0.3193267533086915 0.8260476634909901 0.5885975933577496
 0.3189174059063332 0.8266604282574690 0.5892988997371834
 0.3184654645824855 0.8273358747939547 0.5900717507410564
 0.3180726608385580 0.8279220218877058 0.5907422829250698
 0.3176907529344426 0.8284910966595691 0.5913931938403516
 0.3172844572326394 0.8290956340155534 0.5920845977390968
 0.3168240091184035 0.8297796568808840 0.5928668290022645
 0.3164306472724190 0.8303631059680873 0.5935339564484042
 0.3160514142538872 0.8309248049873047 0.5941761020186694
 0.3156541289273030 0.8315124094142045 0.5948477142363153
 0.3151076230459323 0.8323193318377134 0.5957697256106956
 0.3147038022310296 0.8329145507396388 0.5964496424372342
 0.3143230902964878 0.8334749115759402 0.5970896022167911
 0.3139256752016696 0.8340590358795149 0.5977565622739065
 0.3133482681238897 0.8349062248603316 0.5987236124375803
 0.3137332972149361 0.8343414942476332 0.5980790228442225
 0.3133543371324245 0.8348973293756915 0.5987134603771734
 0.3129682504218874 0.8354628396076423 0.5993587600864900
 0.3125856477557930 0.8360224749771462 0.5999971522362738
 0.3121836172663608 0.8366097028466185 0.6006667925939772
 0.3116301415341829 0.8374167630620030 0.6015867663658281
 0.3112166343848863 0.8380186889374079 0.6022726888704074
 0.3108243507847845 0.8385889042949031 0.6029223378370915
 0.3104088734566047 0.8391919700835390 0.6036092722553226
 0.3099240043664795 0.8398946391703255 0.6044094356199716
 0.3095140743041213 0.8404877706648113 0.6050846049272849
 0.3091168984528062 0.8410616328430587 0.6057375502319398
 0.3086928134101068 0.8416734927497942 0.6064333706132842
 0.3082256316736975 0.8423464811650498 0.6071982692391933
 0.3078182579663002 0.8429324193637522 0.6078638832504643
 0.3074213215371622 0.8435025463713909 0.6085112671351496
 0.3069976770573203 0.8441101679451856 0.6092009689355106
 0.3065304537285303 0.8447792597497940 0.6099601486341233
 0.3061245929045743 0.8453596001721089 0.6106183555559297
 0.3057313190883097 0.8459211679436256 0.6112549976648473
 0.3053177935716243 0.8465108346131391 0.6119231741908584
 0.3047988321213426 0.8472496643756997 0.6127598869389038
 0.3043856749706746 0.8478369259983863 0.6134245725409073
 0.3039935460943321 0.8483935322229690 0.6140542696659669
 0.3035869954268834 0.8489698248460454 0.6147059535058855
 0.3030692797647496 0.8497025441479412 0.6155341097167869
 0.3026485007204896 0.8502971231786146 0.6162057695484664
 0.3022539748257632 0.8508538374693699 0.6168343400533214
 0.3018504105435100 0.8514225397399370 0.6174761199534031
 0.3013836589898812 0.8520793229505852 0.6182168974644131
 0.3009513780397443 0.8526866841032167 0.6189015761912838
 0.3005491793197825 0.8532509902258733 0.6195374380787060
 0.3001442615019509 0.8538183458435830 0.6201764734165589
 0.2996974678873198 0.8544434881386984 0.6208802727682806
 0.2992437655323276 0.8550773471477938 0.6215934852484073
 0.2988302573777947 0.8556542212257766 0.6222421661591273
 0.2984192850696469 0.8562267760850730 0.6228855525017468
 0.2979715444858704 0.8568496721688282 0.6235849881546106
 0.2975072110698782 0.8574946832440069 0.6243087007998630
 0.2970877130471318 0.8580765681420246 0.6249611402954882
 0.2966719844125396 0.8586524364611939 0.6256064577819875
 0.2962168883670874 0.8592819405960055 0.6263114725510386
 0.2957563385971587 0.8599180388338320 0.6270234221717160
 0.2953381861067572 0.8604947549951100 0.6276684698462645
 0.2949240466130287 0.8610651663327145 0.6283060002513954
 0.2944742589711670 0.8616838126057398 0.6289968681463678
 0.2940095600588186 0.8623220263799863 0.6297089384235344
 0.2935926113215237 0.8628938492163261 0.6303463828520055
 0.2931842790343371 0.8634531143583521 0.6309693468475689
 0.2927523143958898 0.8640439523886752 0.6316269854577564
 0.2922474560643485 0.8647334625418214 0.6323938202617093
 0.2918234569167927 0.8653116840389147 0.6330363471319387
 0.2914180259991441 0.8658638561518726 0.6336494445218379
 0.2909989091690768 0.8664339231002384 0.6342818930013990
 0.2904770015453713 0.8671427485065744 0.6350675303338896
 0.2900403577409125 0.8677348792498182 0.6357231858772664
 0.2896322643579531 0.8682875595147777 0.6363346360501732
 0.2892185956478130 0.8688470700501947 0.6369531262603366
 0.2887549054392571 0.8694733787910244 0.6376448192309357
 0.2882989868653043 0.8700883090051829 0.6383232522373535
 0.2878810305042734 0.8706512722920750 0.6389437109307927
 0.2874670815189756 0.8712081199531507 0.6395568024539955
 0.2870242038262556 0.8718030948567954 0.6402111798150399
 0.2865201463947419 0.8724792736287398 0.6409540287386334
 0.2860845128298264 0.8730628210472364 0.6415944350133747
 0.2856624565440642 0.8736274391322367 0.6422134977320165
 0.2852168602719772 0.8742227591013008 0.6428656185581052
 0.2846794176926707 0.8749397122836413 0.6436501091874028
 0.2842317464756088 0.8755360170196550 0.6443017951223926
 0.2838003626217295 0.8761098626077376 0.6449281982149125
 0.2833401961424245 0.8767211729375750 0.6455946645392556
 0.2828351385508649 0.8773911453511719 0.6463240991883766
 0.2823909197275448 0.8779795750147362 0.6469639363108912
 0.2819569397047699 0.8785536874172610 0.6475875075545909
 0.2814884037352331 0.8791726801997305 0.6482590791945174
 0.2809983714377161 0.8798191500907703 0.6489596254941585
 0.2805597978901504 0.8803969375148927 0.6495849780284325
 0.2801301716079641 0.8809622116177315 0.6501960320974538
 0.2796706119186383 0.8815660781926103 0.6508479236323230
 0.2791703502427207 0.8822225012717825 0.6515554780728069
 0.2787323885256245 0.8827963877444893 0.6521731436421755
 0.2783091902817544 0.8833502319949795 0.6527684330013462
 0.2778674580154258 0.8839276045067755 0.6533881843912582
 0.2772557299857087 0.8847259512992873 0.6542437459944084
 0.2768053731419332 0.8853127956994300 0.6548716046574953
 0.2763839091817251 0.8858613011931677 0.6554576191294950
 0.2759486390840997 0.8864270775153825 0.6560612257295101
 0.2754025095858870 0.8871359549962389 0.6568162486823304
 0.2749488297338279 0.8877239927902201 0.6574415057862153
 0.2745260767475843 0.8882712618712786 0.6580225546323359
 0.2740981951418036 0.8888245022274751 0.6586091010905232
 0.2736218190217311 0.8894396577193765 0.6592602815641067
 0.2731442213500558 0.8900555619107824 0.6599111593292314
 0.2727104526073957 0.8906142290842379 0.6605005693681477
 0.2722833294845687 0.8911636743168742 0.6610793173155122
 0.2718314125655703 0.8917443010308440 0.6616898963771130
 0.2712654704542589 0.8924703994784440 0.6624520012178569
 0.2708079356617886 0.8930565800961225 0.6630660967214785
 0.2703716194827082 0.8936148862057384 0.6636500418582699
 0.2699164137624844 0.8941966485523235 0.6642575213547176
 0.2693173185264578 0.8949611978856851 0.6650542452590068
 0.2688447480243896 0.8955633968617116 0.6656804076215168
 0.2683965552064476 0.8961338155609787 0.6662723450902081
 0.2679249214199326 0.8967333190851613 0.6668931995696525
 0.2673600671219993 0.8974503119693256 0.6676340396662912
 0.2668873208036318 0.8980495506009288 0.6682518440188983
 0.2664300074011454 0.8986285041772913 0.6688475971437401
 0.2659365999800380 0.8992523590226005 0.6694883229929324
 0.2654176380877625 0.8999076402517859 0.6701599268386105
 0.2649525301472371 0.9004941548763127 0.6707597812847564
 0.2644936063087959 0.9010721645533797 0.6713497016602175
 0.2639894192749144 0.9017063776399269 0.6719955154710937
 0.2634846175059604 0.9023405238923123 0.6726396991318654
 0.2630270239098979 0.9029146432925123 0.6732215673331533
 0.2625746817086292 0.9034815020011453 0.6737948522995011
 0.2620833066847422 0.9040965217682039 0.6744154897627046
 0.2615739465731269 0.9047332281469281 0.6750565257749052
 0.2611193264763624 0.9053008039111742 0.6756266580445426
 0.2606756851708331 0.9058540352273966 0.6761811566407914
 0.2602080946599890 0.9064364530960100 0.6767635547701043
 0.2596405462710739 0.9071424449544248 0.6774676073281515
 0.2591767977590353 0.9077185631664211 0.6780405672938059
 0.2587372345111752 0.9082640135283844 0.6785817228717040
 0.2582852205660525 0.9088242853271382 0.6791362690023925
 0.2577435195150339 0.9094948892071284 0.6797982732939178
 0.2572679185443155 0.9100829171687563 0.6803771871884736
 0.2568269745363330 0.9106274751913612 0.6809119791283906
 0.2563850978630177 0.9111725891161031 0.6814460254562983
 0.2559055636342346 0.9117634870384299 0.6820234552969926
 0.2553875826376070 0.9124009790602491 0.6826446973787788
 0.2549321884564764 0.9129607772297595 0.6831887557284529
 0.2544912418198768 0.9135022241869859 0.6837136694605107
 0.2540338365590012 0.9140632691711487 0.6842562135297561
 0.2534710311503331 0.9147527456849439 0.6849210108865799
 0.2529896531979688 0.9153417274837221 0.6854871732771167
 0.2525405585887723 0.9158905975249625 0.6860133071785771
 0.2520863007638354 0.9164451800039818 0.6865434619233167
 0.2515820676535878 0.9170600745571417 0.6871295663375632
 0.2510691508204055 0.9176848066419837 0.6877232313436270
 0.2506040138984600 0.9182506907522929 0.6882594126591786
 0.2501447493795493 0.9188088251961473 0.6887867976702741
 0.2496547873608581 0.9194036060096527 0.6893471964484313
 0.2490801016991276 0.9201003727605266 0.6900014979130153
 0.2485923938337916 0.9206909585521582 0.6905541688801489
 0.2481204195167153 0.9212618607377846 0.6910866935704467
 0.2476196835100096 0.9218668783341123 0.6916491656704030
 0.2470337620442117 0.9225739450692358 0.6923040809907279
 0.2465344986115598 0.9231756948793075 0.6928594209089003
 0.2460480961696145 0.9237612915253659 0.6933980920922912
 0.2455191158082532 0.9243974228397751 0.6939812800817580
 0.2449681324456189 0.9250592142810087 0.6945857750531033
 0.2444704171607788 0.9256563276566496 0.6951291888520232
 0.2439732776419067 0.9262520936469127 0.6956694261319936
 0.2433999818632488 0.9269383147804567 0.6962892347491929
 0.2428736359202686 0.9275675794555587 0.6968552987406232
 0.2423838847544951 0.9281524457100725 0.6973794867707033
 0.2418835762011897 0.9287492784770970 0.6979125181398103
 0.2412238215163734 0.9295353348170975 0.6986116835311481
 0.2407110154438732 0.9301455427589926 0.6991521829408591
 0.2402302119359069 0.9307170631219343 0.6996565856476440
 0.2397291169487257 0.9313120826133950 0.7001798004735111
 0.2391101941881646 0.9320461462371349 0.7008225167269718
 0.2386122186098094 0.9326360696361944 0.7013368030069317
 0.2381403227143760 0.9331945315826242 0.7018218445816609
 0.2376506189189907 0.9337734889211997 0.7023228417753200
 0.2369744885564188 0.9345718877510579 0.7030106758832873
 0.2364745423577173 0.9351615283523347 0.7035163820566525
 0.2360077506827149 0.9357115221199894 0.7039863160509929
 0.2355264113852122 0.9362781094834635 0.7044686121449878
 0.2349194649506680 0.9369917630861865 0.7050734285449440
 0.2344202187570039 0.9375781282966221 0.7055681188301305
 0.2339558169667265 0.9381230427266188 0.7060260103338796
 0.2334861686619354 0.9386736007523948 0.7064868523533085
 0.2329627392999162 0.9392866015159670 0.7069978377268499
 0.2324423965275187 0.9398953608698533 0.7075030596999986
 0.2319708567621383 0.9404464884434395 0.7079585193858208
 0.2315081107767912 0.9409868454469401 0.7084032775381489
 0.2310222248908676 0.9415537014095010 0.7088679154791102
 0.2303165171077727 0.9423760658838056 0.7095384566614692
 0.2307870502582368 0.9418278754970015 0.7090919369940389
 0.2303227774741518 0.9423687755483839 0.7095325306324664
 0.2298517924104870 0.9429170045087785 0.7099772474784143
 0.2293881110597696 0.9434562515328301 0.7104128647113587
 0.2289087061848317 0.9440132864466890 0.7108609584855066
 0.2283402674984502 0.9446731205315525 0.7113892421891294
 0.2278301542869532 0.9452646533300992 0.7118605123511834
 0.2273568591987145 0.9458129889402660 0.7122953851561235
 0.2268825733193680 0.9463619903485521 0.7127288688445087
 0.2263681831551898 0.9469568717780769 0.7131964174740854
 0.2258068213883498 0.9476054356873760 0.7137036118622071
 0.2253140840198525 0.9481741690832525 0.7141462029203336
 0.2248356612231874 0.9487258950153773 0.7145736174718238
 0.2243359120357883 0.9493017078301531 0.7150176363463575
 0.2236699833199441 0.9500681939243550 0.7156053739882507
 0.2231488860484186 0.9506673464294685 0.7160621162050861
 0.2226587610251720 0.9512303847264387 0.7164891526325247
 0.2221518245832546 0.9518122263845294 0.7169282311271507
 0.2215169076792460 0.9525402343636882 0.7174744587020595
 0.2209824244619278 0.9531524632209590 0.7179311356251427
 0.2204787656907223 0.9537288692674109 0.7183588699644798
 0.2199587764218558 0.9543234443287398 0.7187978227019424
 0.2193070951564303 0.9550678603859878 0.7193441069725142
 0.2187579684175778 0.9556944939232842 0.7198010614370461
 0.2182376423095744 0.9562877307305355 0.7202311815668079
 0.2176922106563547 0.9569090405560947 0.7206790559549580
 0.2170217086241319 0.9576720544195717 0.7212254663205199
 0.2164672468291718 0.9583023850577952 0.7216738987590517
 0.2159265345972718 0.9589165378958405 0.7221082725930538
 0.2153205445763132 0.9596041981212461 0.7225916430500451
 0.2147319016460942 0.9602715344818711 0.7230576546538651
 0.2141843093591320 0.9608917717780291 0.7234879990129793
 0.2136181180815966 0.9615325121141084 0.7239297052095837
 0.2129487303439509 0.9622893042683407 0.7244476350964458
 0.2123863078943381 0.9629245564246595 0.7248792424390336
 0.2118385516077462 0.9635427144394116 0.7252965131402601
 0.2112187822011092 0.9642415173936624 0.7257650125712560
 0.2106400288064854 0.9648934810971411 0.7261990295016361
 0.2101039469565947 0.9654968691094730 0.7265980211572026
 0.2095578989317656 0.9661109781861072 0.7270013976084927
 0.2088397039518204 0.9669179355118517 0.7275272284248726
 0.2082811026661589 0.9675449869682976 0.7279325014345591
 0.2077568671667410 0.9681329980785373 0.7283099120252801
 0.2072077648247468 0.9687484241780761 0.7287022197452824
 0.2065608864784438 0.9694728157105168 0.7291604809783296
 0.2060236499264106 0.9700739218518424 0.7295378727511606
 0.2055091634399077 0.9706491470748938 0.7298965534114625
 0.2049687297986273 0.9712529374560109 0.7302704255677174
 0.2043149778464654 0.9719827267436043 0.7307186967342821
 0.2037814359123762 0.9725778389676637 0.7310812959880404
 0.2032731930170028 0.9731443306286353 0.7314240032257904
 0.2027437472093543 0.9737340416681827 0.7317782305676138
 0.2020053872270026 0.9745557491756554 0.7322675419923641
 0.2014667027143909 0.9751547337516693 0.7326210957421909
 0.2009612876192875 0.9757163391291510 0.7329501766849188
 0.2004347808343464 0.9763009875525857 0.7332902635299436
 0.1996919876669097 0.9771251305708846 0.7337653032355468
 0.1991547120440714 0.9777207599080484 0.7341054379910221
 0.1986510956167131 0.9782787060925608 0.7344216283999199
 0.1981273838410752 0.9788585409815179 0.7347477451453486
 0.1973120584548642 0.9797604881131989 0.7352500251213966
 0.1978556590853799 0.9791592355581282 0.7349158731640200
 0.1973523205021472 0.9797159698775801 0.7352253763239579
 0.1968452682961816 0.9802764630997756 0.7355346279042116
 0.1963451908000108 0.9808289067604811 0.7358371358730028
 0.1958241119189157 0.9814041952598792 0.7361497182339157
 0.1951322058219461 0.9821675273073538 0.7365606317906490
 0.1945924625332984 0.9827625533249877 0.7368779047067009
 0.1940882937158324 0.9833180200914933 0.7371716857260340
 0.1935718903093198 0.9838866279206000 0.7374700227159937
 0.1929625547969675 0.9845571264979905 0.7378187115354615
 0.1924143102950749 0.9851600025810444 0.7381293619469795
 0.1919057373576996 0.9857189191043776 0.7384149303638052
 0.1913952332067017 0.9862796370584533 0.7386990688507604
 0.1908357462140193 0.9868937901331390 0.7390075861528148
 0.1902530657788813 0.9875330003930255 0.7393257002731404
 0.1897317013553199 0.9881046014870296 0.7396075898976681
 0.1892216158512204 0.9886635251845239 0.7398808768869238
 0.1886841255781356 0.9892521472453496 0.7401661703237075
 0.1879777626186848 0.9900251973015424 0.7405369237710276
 0.1874328386983621 0.9906211759952137 0.7408197011765245
 0.1869166308857163 0.9911854375861153 0.7410849787290607
 0.1863787753463788 0.9917730440157216 0.7413587038933035
 0.1855956710296173 0.9926280109499702 0.7417523938014294
 0.1861177780031935 0.9920580672753291 0.7414905512235289
 0.1855983646557634 0.9926250712948959 0.7417510494261562
 0.1850718840192700 0.9931994890691372 0.7420125352182803
 0.1845514423391471 0.9937670231753851 0.7422685031609650
 0.1840062799255098 0.9943612038081242 0.7425339490732198
 0.1832158704728657 0.9952221245231460 0.7429139366159233
 0.1837428464872995 0.9946482107781650 0.7426612349474250
 0.1832188986970547 0.9952188274053211 0.7429124918101240
 0.1826854711089745 0.9957994741550770 0.7431656932614250
 0.1821566876778030 0.9963747759639749 0.7434141103426769
 0.1815997140777181 0.9969804394436820 0.7436730159757493
 0.1808553465290959 0.9977893906476223 0.7440146730885878
 0.1802862384111293 0.9984075045981317 0.7442725675424977
 0.1797443247869801 0.9989957866731968 0.7445154869945353
 0.1791709141851107 0.9996179502889030 0.7447697165843782
 0.1784817556889218  1.000365285883232 0.7450714428175125
 0.1779095939587794  1.000985406568689 0.7453187786607747
 0.1773566376090769  1.001584421367192 0.7455550971605434
 0.1767669984759322  1.002222863438927 0.7458041840229985
 0.1760913921565037  1.002953998430617 0.7460859499766668
 0.1755108974916104  1.003581876463738 0.7463249880260646
 0.1749435844586096  1.004195207740745 0.7465558837676746
 0.1743294217904796  1.004858870708191 0.7468028197289085
 0.1736699182723542  1.005571165419656 0.7470644574502319
 0.1730812533680216  1.006206637493086 0.7472948808299539
 0.1724964944426415  1.006837604134581 0.7475208539904021
 0.1718431090613627  1.007542284242012 0.7477698952280990
 0.1711966660208640  1.008239133201471 0.7480126974548205
 0.1705989730211753  1.008883131140163 0.7482339895909608
 0.1699904183459338  1.009538540737678 0.7484561057312336
 0.1692415095424384  1.010344713646514 0.7487249495287610
 0.1685986015605782  1.011036436850100 0.7489517354757237
 0.1679849271924638  1.011696415698257 0.7491647703342645
 0.1673255369766952  1.012405248256534 0.7493900235814475
 0.1666151909154938  1.013168502323296 0.7496286505183573
 0.1659757940485500  1.013855212938531 0.7498400949698460
 0.1653235682768661  1.014555404014214 0.7500527428247069
 0.1644876139457378  1.015452402334353 0.7503211106135089
 0.1638097742263289  1.016179388349620 0.7505354520337381
 0.1631289630185460  1.016909248992701 0.7507478827453197
 0.1623455375078681  1.017748735111440 0.7509888302436536
 0.1616641852898579  1.018478516474927 0.7511953109008743
 0.1609584560914162  1.019234091370789 0.7514060913706282
 0.1602204110953728  1.020023925775433 0.7516230535424275
 0.1595533833173794  1.020737466466926 0.7518159900542897
 0.1588552225991172  1.021484017934497 0.7520146596108243
 0.1581290576621681  1.022260202028203 0.7522177251921192
 0.1574774120237316  1.022956467163731 0.7523968762020216
 0.1568133735926511  1.023665718588563 0.7525764907458927
 0.1560303703120917  1.024501709942760 0.7527845312821622
 0.1553796345052939  1.025196219998328 0.7529543714516911
 0.1547423783484962  1.025876116406930 0.7531180133722539
 0.1539841669507449  1.026684773660864 0.7533092667643109
 0.1533258493478958  1.027386641804167 0.7534723019582932
 0.1527052719855917  1.028048064798207 0.7536234538229126
 0.1520486300470534  1.028747709787719 0.7537807562907152
 0.1513366402073489  1.029506080426194 0.7539483137654658
 0.1507116272932769  1.030171600168315 0.7540928630914557
 0.1500935420280770  1.030829555258192 0.7542334963286411
 0.1493844563129900  1.031584154512501 0.7543920191267480
 0.1487314077937837  1.032278909642437 0.7545353750445682
 0.1481225660045529  1.032926456558331 0.7546667767594586
 0.1474959965798876  1.033592681570046 0.7547997748790387
 0.1466268612555067  1.034516533670973 0.7549805894848981
 0.1459894022696046  1.035193913447122 0.7551105393828805
 0.1453793206331596  1.035842037594599 0.7552328206877847
 0.1446980829786466  1.036565568838122 0.7553669728374703
 0.1440418826616615  1.037262326148699 0.7554938337666079
 0.1434364489773636  1.037905023439359 0.7556088543834738
 0.1428224231758737  1.038556691692425 0.7557235552137083
 0.1420663273024868  1.039358935819151 0.7558621450054915
 0.1414280602988720  1.040035987648959 0.7559768984137014
 0.1408259118603901  1.040674584673787 0.7560833015703521
 0.1401938124130458  1.041344800501748 0.7561930722129657
 0.1394538306765919  1.042129218668967 0.7563190884547805
 0.1388319814616961  1.042788258702531 0.7564229273889627
 0.1382268446109541  1.043429456411606 0.7565221888626676
 0.1375629651421931  1.044132752000173 0.7566290834657784
 0.1368937041332066  1.044841597703497 0.7567347510415767
 0.1362842733597579  1.045486945092598 0.7568291652278203
 0.1356727593451763  1.046134376935534 0.7569221889146552
 0.1349631345030118  1.046885532543289 0.7570280096084513
 0.1343138986771928  1.047572626806496 0.7571228496841651
 0.1337066890645479  1.048215127195622 0.7572098707539285
 0.1330814249201320  1.048876615500357 0.7572978139009303
 0.1320667325831273  1.049949848535922 0.7574370167620681
 0.1327432107689895  1.049234375566173 0.7573446908704466
 0.1321409945790896  1.049871312243265 0.7574269741136093
 0.1315324105554746  1.050514878222137 0.7575086081941782
 0.1309194236452632  1.051162994782727 0.7575893126518258
 0.1302314661838156  1.051890254872017 0.7576780967020691
 0.1295647573624274  1.052594930276366 0.7577623569177822
 0.1289486078926174  1.053246062456018 0.7578386906187815
 0.1283220383477472  1.053908105220677 0.7579148235144438
 0.1275381133885737  1.054736271528177 0.7580079921737845
 0.1268855909115258  1.055425502993389 0.7580838080453939
 0.1262667111078759  1.056079103399903 0.7581542864104671
 0.1256084859539048  1.056774156301224 0.7582277526001011
 0.1248844413031874  1.057538594475183 0.7583068369131560
 0.1242493006786095  1.058209070109032 0.7583747698876309
 0.1236207492186049  1.058872501049421 0.7584407229425514
 0.1229065943446611  1.059626180425665 0.7585141829064654
 0.1222316610378813  1.060338366633482 0.7585822302036193
 0.1216023891833224  1.061002284467852 0.7586445218116549
 0.1209543202527880  1.061685948478676 0.7587075615945429
 0.1200065342727391  1.062685637782838 0.7587978139120072
 0.1206384016313822  1.062019187764045 0.7587378963019624
 0.1200223896908433  1.062668915559319 0.7587963225121620
 0.1193915822100734  1.063334170546611 0.7588551859524703
 0.1187529702330767  1.064007576991377 0.7589138068944308
 0.1180188664161471  1.064781581309883 0.7589800099934148
 0.1173361944746448  1.065501267035555 0.7590404543216189
 0.1166963879505989  1.066175684811003 0.7590961324568896
 0.1160312758793388  1.066876698038614 0.7591530244947600
 0.1152092360592063  1.067743000364333 0.7592219577647116
 0.1145416101831142  1.068446487214616 0.7592768246852960
 0.1138888596443550  1.069134225647741 0.7593295037845134
 0.1131368464994345  1.069926458188123 0.7593890119765516
 0.1124430216639074  1.070657307482006 0.7594427945551222
 0.1117899825364498  1.071345123405531 0.7594924352737865
 0.1111047492549618  1.072066775152264 0.7595435063435272
 0.1103153892186000  1.072897997275557 0.7596010562185316
 0.1096395498174480  1.073609603124823 0.7596492458646793
 0.1089692539589926  1.074315304926952 0.7596960562250077
 0.1081673326065414  1.075159498976302 0.7597507727231823
 0.1074628147760124  1.075901079516462 0.7597976885571778
 0.1067913504969830  1.076607803525888 0.7598414017882432
 0.1060651054607054  1.077372116098767 0.7598875883589798
 0.1053138431763985  1.078162683791104 0.7599341804447948
 0.1046288552497761  1.078883446198261 0.7599756185035914
 0.1039275805075073  1.079621284818490 0.7600170138394577
 0.1029708259434780  1.080627826660015 0.7600718143587752
 0.1022505956194851  1.081385464292506 0.7601117945939788
 0.1015399295548334  1.082132982265766 0.7601501788039507
 0.1004787615766158  1.083249072579754 0.7602055436620714
 0.1011862137771813  1.082505018913493 0.7601688918939915
 0.1005058364886879  1.083220597893181 0.7602041599234186
 0.9980611971388599E-01  1.083956464968388 0.7602394380764197
 0.9908261260069014E-01  1.084717297620106 0.7602748611690067
 0.9805258110155173E-01  1.085800376866412 0.7603234443891792
 0.9730139207240839E-01  1.086590187723189 0.7603575104506731
 0.9655217866851884E-01  1.087377868614830 0.7603903479726369
 0.9565488816515143E-01  1.088321162616540 0.7604281932385416
 0.9490109373885446E-01  1.089113549385542 0.7604587482583144
 0.9413726049938835E-01  1.089916440393606 0.7604885627555891
 0.9320540068991776E-01  1.090895886354284 0.7605233747507891
 0.9243076750944738E-01  1.091710025951246 0.7605510113687363
 0.9164108807384577E-01  1.092539933787545 0.7605779773510948
 0.9073119690878406E-01  1.093496123069746 0.7606075533079772
 0.8993952358338521E-01  1.094328034275642 0.7606319986307879
 0.8911635676320590E-01  1.095192997570681 0.7606561571327299
 0.8821622170844562E-01  1.096138790626576 0.7606811192476517
 0.8740122253153886E-01  1.096995089784600 0.7607024301563035
 0.8652595698604347E-01  1.097914669808888 0.7607239896844559
 0.8562934584953001E-01  1.098856636272570 0.7607447081766952
 0.8477796816668173E-01  1.099751046080859 0.7607631680101891
 0.8377837612356727E-01  1.100801120845437 0.7607834283627661
 0.8286525143898514E-01  1.101760325374662 0.7608006965187279
 0.8193165762142178E-01  1.102740998813228 0.7608172235719358
 0.8090687328268743E-01  1.103817425281937 0.7608341541200011
 0.7994477433983906E-01  1.104827975348559 0.7608489754293792
 0.7877397669104254E-01  1.106057695239637 0.7608656874333610
 0.7775911757886431E-01  1.107123596720374 0.7608790451877646
 0.7659296352160877E-01  1.108348368796475 0.7608931501120443
 0.7554826143371429E-01  1.109445555860964 0.7609046972581482
 0.7440031041424749E-01  1.110651151093815 0.7609162395616867
 0.7334229712363061E-01  1.111762268897811 0.7609258457102972
 0.7219792079142086E-01  1.112964061747684 0.7609351566665475
 0.7114384347147192E-01  1.114071006308979 0.7609427756712928
 0.6998604899556793E-01  1.115286851706615 0.7609501267735626
 0.6893772141851685E-01  1.116387727199228 0.7609558948645235
 0.6768106394473286E-01  1.117707359817311 0.7609617329848929
 0.6661361644800667E-01  1.118828289487189 0.7609658007198125
 0.6517409298980029E-01  1.120339924454600 0.7609700510260264
 0.6405255661348574E-01  1.121517635374920 0.7609724474741196
 0.6259959431350132E-01  1.123043365497936 0.7609745133888122
 0.6139827489373914E-01  1.124304846106587 0.7609755101026845
 0.5970145238134046E-01  1.126086641224179 0.7609761825596630
 0.5835178468494893E-01  1.127503895771120 0.7609763735973415
 0.5671843002083223E-01  1.129219042965387 0.7609764405086538
 0.5517003606451024E-01  1.130844974818419 0.7609764523312160
 0.5340837241390683E-01  1.132694856110875 0.7609764540114967
 0.5150059031009206E-01  1.134698172929306 0.7609764541239207
 0.4921159936106811E-01  1.137101788130417 0.7609764541271017
 0.4642034042653229E-01  1.140032823051348 0.7609764541270372
 0.4232869805872674E-01  1.144329359827501 0.7609764541270330
 0.3355604897733780E-01  1.153541310925440 0.7609764541270330
-0.1534547348217966E-02  1.190389115317193 0.7609764541270330
-0.1418969326504410  1.337780332884209 0.7609764541270330
-0.2447984870602175  1.445834818858773 0.7609764541270330
