RUNGE KUTTA: X Z PHI
 0.4997939197536332 0.3935806818089598E-01 0.5235987755982988E-02
 0.4984386783424632 0.1967823304423337 0.1496484870917532E-01
 0.4995191460918109 0.9183549242209062E-01 0.5235987756921251E-02
 0.4997023285330258 0.5685054292796085E-01 0.5235987755982988E-02
 0.4993358796947637 0.1268204414763376 0.5317341033049331E-02
 0.4995802069055492 0.8017384259071403E-01 0.5235987755982988E-02
 0.4992817557825094 0.1366432708610281 0.5600059521465176E-02
 0.4994816482296384 0.9899699031474214E-01 0.5235993110309751E-02
 0.4995473540149844 0.8644822516539742E-01 0.5235987755990927E-02
 0.4995059635181991 0.9435315549089922E-01 0.5235987896899868E-02
 0.4995335571827692 0.8908320194056493E-01 0.5235987756355229E-02
 0.4995058414727805 0.9437646423412271E-01 0.5235987905228807E-02
 0.4994838372765295 0.9857891664914231E-01 0.5235992186043192E-02
 0.4994652487413637 0.1021290221743297 0.5236024148685078E-02
 0.4994467134881685 0.1056688971802874 0.5236181264313525E-02
 0.4994302712711499 0.1088088656510883 0.5236665070706953E-02
 0.4994160241326590 0.1115292484776149 0.5237754130549267E-02
 0.4994031073354990 0.1139948807788895 0.5239863224345653E-02
 0.4993916435307872 0.1161820099612336 0.5243331919583439E-02
 0.4993813489118598 0.1181444744062442 0.5248486047549193E-02
 0.4993716445353890 0.1199922221669906 0.5255913219829053E-02
 0.4993613376898282 0.1219511711824781 0.5267572310686272E-02
 0.4993513420677440 0.1238459787531030 0.5283793102880127E-02
 0.4993423577104461 0.1255432931458782 0.5303588949582680E-02
 0.4993333043677881 0.1272463033953211 0.5329598966106643E-02
 0.4993233457826516 0.1291086632683995 0.5366474361059099E-02
 0.4993145510245593 0.1307414971686672 0.5407206568212467E-02
 0.4993058016144632 0.1323525245622226 0.5456110668221568E-02
 0.4992958047252181 0.1341739392289330 0.5522979544342019E-02
 0.4992872321982019 0.1357169425618862 0.5590035006694607E-02
 0.4992785148570051 0.1372658706847948 0.5667563178622235E-02
 0.4992695003267312 0.1388441278019379 0.5757605782095533E-02
 0.4992610858824367 0.1402940733578575 0.5850463621358989E-02
 0.4992514805924400 0.1419200415089271 0.5966338135738479E-02
 0.4992428528642944 0.1433527777428263 0.6078858130707270E-02
 0.4992338858122421 0.1448130961822423 0.6203638242383951E-02
 0.4992247797742523 0.1462654223287214 0.6337802675824216E-02
 0.4992158814952934 0.1476544804154574 0.6475521771773612E-02
 0.4992065824077064 0.1490741915935400 0.6625893875952126E-02
 0.4991975119537059 0.1504276862337109 0.6778416001097546E-02
 0.4991880138983749 0.1518121635855844 0.6943709579237055E-02
 0.4991786685935337 0.1531421013899088 0.7111207245243980E-02
 0.4991688762612100 0.1545020535024139 0.7290903905286035E-02
 0.4991591764860349 0.1558162124773254 0.7471913648448446E-02
 0.4991492502999117 0.1571283123283751 0.7659028140312949E-02
 0.4991391124621499 0.1584356124483653 0.7851145026138928E-02
 0.4991289079158970 0.1597195582659905 0.8044942628691364E-02
 0.4991182113489701 0.1610326168835695 0.8248119604671382E-02
 0.4991074280595543 0.1623239925341315 0.8452756876528794E-02
 0.4990960700255756 0.1636508387162754 0.8668025755569799E-02
 0.4990845909872190 0.1649587750916788 0.8885257936311629E-02
 0.4990726381294863 0.1662871737150892 0.9111005128199049E-02
 0.4990605609212566 0.1675964095039879 0.9338566091691695E-02
 0.4990483847604915 0.1688844996802837 0.9567468788456530E-02
 0.4990359275814888 0.1701708431702262 0.9801131127264259E-02
 0.4990233609087469 0.1714378215042068 0.1003628577432168E-01
 0.4990104348491283 0.1727104656207108 0.1027758366073881E-01
 0.4989974419051069 0.1739599631909302 0.1051958749724596E-01
 0.4989840082003957 0.1752220106388085 0.1076923028910735E-01
 0.4989706137539745 0.1764516057127009 0.1101749816490753E-01
 0.4989566388324083 0.1777053361025114 0.1127579713435797E-01
 0.4989427932389228 0.1789194923204792 0.1153098663546368E-01
 0.4989282344765704 0.1801675811591631 0.1179852461195196E-01
 0.4989138255632731 0.1813753058035785 0.1206241638631521E-01
 0.4988986361026357 0.1826202247893682 0.1233957146448540E-01
 0.4988837756415234 0.1838114562102869 0.1260968274128171E-01
 0.4988679196389501 0.1850547276327211 0.1289670243791876E-01
 0.4988527440165842 0.1862190563890534 0.1317015691083361E-01
 0.4988370536041439 0.1873977888851452 0.1345155558581869E-01
 0.4988210267509655 0.1885766628341061 0.1373766597883569E-01
 0.4988053522620276 0.1897061516560929 0.1401631449405073E-01
 0.4987878218005240 0.1909431307702957 0.1432669740306685E-01
 0.4987711121395842 0.1920975389958129 0.1462141931466006E-01
 0.4987530384606925 0.1933203144646338 0.1493912295853345E-01
 0.4987351006300628 0.1945084886723622 0.1525345487290240E-01
 0.4987164054227055 0.1957210875954429 0.1558001022984507E-01
 0.4986984516127473 0.1968619430344198 0.1589254191670647E-01
 0.4986792525015201 0.1980574072974015 0.1622557233424706E-01
 0.4986613469121115 0.1991504515653487 0.1653508795868157E-01
 0.4986415834870701 0.2003334388579614 0.1687547964005508E-01
 0.4986230244752416 0.2014228427988686 0.1719387481391224E-01
 0.4986026661735180 0.2025949425750714 0.1754172183022846E-01
 0.4985829783668185 0.2037065778357430 0.1787675737391841E-01
 0.4985626767326361 0.2048313004156226 0.1822088213075366E-01
 0.4985417284207190 0.2059698374152354 0.1857449467414600E-01
 0.4985211619457693 0.2070667673272676 0.1892017921694189E-01
 0.4984985183542155 0.2082515827195210 0.1929912594628912E-01
 0.4984775069006768 0.2093304068948518 0.1964926945536139E-01
 0.4984543778316765 0.2104959937042093 0.2003302778809455E-01
 0.4984329621283971 0.2115555345167395 0.2038673671462498E-01
 0.4984091035810526 0.2127145440787935 0.2077895660001599E-01
 0.4983869613185906 0.2137708083494211 0.2114129704550177E-01
 0.4983633389496239 0.2148779413409237 0.2152613592292496E-01
 0.4983399621607576 0.2159542861971247 0.2190520049807670E-01
 0.4983167670869766 0.2170040464885564 0.2227955867138767E-01
 0.4982907485461730 0.2181608461392375 0.2269746428017775E-01
 0.4982670830717988 0.2191947133228508 0.2307579884537174E-01
 0.4982404662281191 0.2203374937374735 0.2349931027060315E-01
 0.4982161183932181 0.2213649964176925 0.2388481836841194E-01
 0.4981893928216153 0.2224739605268636 0.2430588456173475E-01
 0.4981638657982048 0.2235154330761342 0.2470609782297441E-01
 0.4981381524058728 0.2245476230143424 0.2510734866199192E-01
 0.4981101416180381 0.2256534662346391 0.2554228619605887E-01
 0.4980842395058328 0.2266594635060033 0.2594244096514307E-01
 0.4980546963800424 0.2277881411984497 0.2639648789831111E-01
 0.4980279614371332 0.2287929570943656 0.2680529981316610E-01
 0.4979992067476499 0.2298567537146075 0.2724285161543200E-01
 0.4979710106609777 0.2308834541027160 0.2766972757691781E-01
 0.4979432274118318 0.2318797746065497 0.2808823045559845E-01
 0.4979113411032646 0.2330051374308424 0.2856600866391200E-01
 0.4978829884340867 0.2339901203742537 0.2898866712950694E-01
 0.4978502568820956 0.2351095584434084 0.2947411462218182E-01
 0.4978207519646883 0.2361029853650589 0.2990940385442575E-01
 0.4977904958493296 0.2371068304909669 0.3035350978475654E-01
 0.4977585759359451 0.2381501107725761 0.3081963300549273E-01
 0.4977286070815706 0.2391153843633551 0.3125511456757797E-01
 0.4976936838914342 0.2402234397747390 0.3176000638626649E-01
 0.4976625977346660 0.2411950609431256 0.3220706788983547E-01
 0.4976299855905547 0.2422000140773202 0.3267369660442388E-01
 0.4975967687350095 0.2432089811214607 0.3314655620391675E-01
 0.4975649898655806 0.2441609084084806 0.3359674478936601E-01
 0.4975277217642737 0.2452611752561318 0.3412198247834378E-01
 0.4974948539932550 0.2462175912631437 0.3458274079109929E-01
 0.4974601387435672 0.2472140520234319 0.3506688954652330E-01
 0.4974251192525551 0.2482054273556999 0.3555274562138518E-01
 0.4973915348396375 0.2491435517095382 0.3601638323279900E-01
 0.4973518523888953 0.2502366005813926 0.3656132315944671E-01
 0.4973170759383038 0.2511812246923256 0.3703629512179559E-01
 0.4972806537789858 0.2521576723586309 0.3753114509619850E-01
 0.4972433625333014 0.2531441927224941 0.3803512794544359E-01
 0.4972079814937228 0.2540681870096652 0.3851088530717327E-01
 0.4971658007264875 0.2551549831340204 0.3907505776027655E-01
 0.4971289284538696 0.2560922485918883 0.3956551787344924E-01
 0.4970910840076970 0.2570422393249773 0.4006628088324701E-01
 0.4970508072544696 0.2580403529602840 0.4059638498334252E-01
 0.4970135224359565 0.2589527893247551 0.4108459800718988E-01
 0.4969703941888447 0.2599948182569672 0.4164637361090234E-01
 0.4969312791821309 0.2609278163834512 0.4215312168642556E-01
 0.4968922311173061 0.2618481121762316 0.4265638432759106E-01
 0.4968466309069699 0.2629092072279726 0.4324086000803106E-01
 0.4968070772415210 0.2638180657832934 0.4374512295391791E-01
 0.4967639394431453 0.2647974279501689 0.4429227829437464E-01
 0.4967222331872532 0.2657328687372669 0.4481849072116848E-01
 0.4966817714638871 0.2666299704656769 0.4532636885360721E-01
 0.4966328533351732 0.2677012563052215 0.4593699374801762E-01
 0.4965909313242355 0.2686080735107544 0.4645744305069386E-01
 0.4965476803769221 0.2695330626107879 0.4699172665827350E-01
 0.4965019386612591 0.2704999599203332 0.4755385176768608E-01
 0.4964596328532758 0.2713841183721044 0.4807106120326175E-01
 0.4964119092493768 0.2723701702407255 0.4865144080670571E-01
 0.4963672445865852 0.2732824311660768 0.4919178245326763E-01
 0.4963235179768083 0.2741658844580828 0.4971822116632729E-01
 0.4962702579703488 0.2752294131435842 0.5035607703790369E-01
 0.4962251389812732 0.2761198987742630 0.5089353833857811E-01
 0.4961784592025895 0.2770313529858303 0.5144681192785788E-01
 0.4961292846560833 0.2779809862979969 0.5202669099056790E-01
 0.4960838053432268 0.2788498902041322 0.5256040129925800E-01
 0.4960330494332102 0.2798092547160979 0.5315316981159327E-01
 0.4959848155271913 0.2807110914420365 0.5371368905670955E-01
 0.4959380353972877 0.2815768056047429 0.5425470491298227E-01
 0.4958803576023336 0.2826323940979827 0.5491828271160196E-01
 0.4958316621217013 0.2835137150210996 0.5547565071421336E-01
 0.4957823647310610 0.2843969579473279 0.5603732000930412E-01
 0.4957274385274530 0.2853706868814079 0.5666006843507865E-01
 0.4956784808960871 0.2862296287102202 0.5721240516952747E-01
 0.4956259581770807 0.2871419491984739 0.5780209727253890E-01
 0.4955732303459722 0.2880485201883288 0.5839118773140112E-01
 0.4955234020036300 0.2888968727314051 0.5894530351109146E-01
 0.4954665865747417 0.2898545079301408 0.5957411661015329E-01
 0.4954138877151240 0.2907337647593020 0.6015449609541506E-01
 0.4953625694978475 0.2915818705542016 0.6071699592623371E-01
 0.4952986139270853 0.2926278982723925 0.6141438027314132E-01
 0.4952452126052369 0.2934922457347199 0.6199370468281445E-01
 0.4951913877448411 0.2943553108400411 0.6257497798431143E-01
 0.4951302451155251 0.2953260392346888 0.6323208372742407E-01
 0.4950765659855523 0.2961699913513845 0.6380615903545293E-01
 0.4950198625820582 0.2970532813813351 0.6440972587186086E-01
 0.4949613154753746 0.2979566454021633 0.6502992632316500E-01
 0.4949068968084659 0.2987886119730259 0.6560376758557356E-01
 0.4948471465185642 0.2996937443629782 0.6623098007143297E-01
 0.4947887382455701 0.3005702949460675 0.6684121231944672E-01
 0.4947331349910810 0.3013973408486615 0.6741945376778291E-01
 0.4946695411447468 0.3023345827091739 0.6807760449650818E-01
 0.4946107016954857 0.3031937136868547 0.6868360843559246E-01
 0.4945536485878825 0.3040195469836224 0.6926860324108142E-01
 0.4944833240795888 0.3050279305993616 0.6998618824869185E-01
 0.4944236452193328 0.3058755823313113 0.7059210239825402E-01
 0.4943645510766173 0.3067077827490607 0.7118931047353651E-01
 0.4942903503911904 0.3077428843838353 0.7193535191077120E-01
 0.4942299088275017 0.3085781348877297 0.7254000894601385E-01
 0.4941679402347989 0.3094272810574363 0.7315718391036392E-01
 0.4941007518076047 0.3103398876744131 0.7382319931892699E-01
 0.4940401545236823 0.3111559249220755 0.7442104349450532E-01
 0.4939760088340641 0.3120126255439561 0.7505096865117014E-01
 0.4939091303080392 0.3128981915047518 0.7570460254680214E-01
 0.4938474945423942 0.3137075808692860 0.7630426977742993E-01
 0.4937812603433167 0.3145702842925659 0.7694583441746036E-01
 0.4937138887446527 0.3154404421094258 0.7759540515525890E-01
 0.4936510815614210 0.3162450993219229 0.7819821518012116E-01
 0.4935828288588825 0.3171125068246601 0.7885029954738013E-01
 0.4935146551161620 0.3179717662982442 0.7949860979757403E-01
 0.4934506240616074 0.3187724406786863 0.8010487989227309E-01
 0.4933804215381511 0.3196433369492846 0.8076671189995607E-01
 0.4933112633646741 0.3204943127088234 0.8141576437537479E-01
 0.4932459869245353 0.3212913099089468 0.8202569393381609E-01
 0.4931739466777176 0.3221640247917760 0.8269580365565857E-01
 0.4931036802059687 0.3230084498514009 0.8334644027266697E-01
 0.4930371494700631 0.3238019119174088 0.8395986619811789E-01
 0.4929634333768446 0.3246743093359680 0.8463661646453843E-01
 0.4928919284577111 0.3255138820769204 0.8529010814944703E-01
 0.4928241354868074 0.3263039357563214 0.8590694630840118E-01
 0.4927489539766227 0.3271734707641067 0.8658790690743316E-01
 0.4926760882561070 0.3280097030588413 0.8724484766983084E-01
 0.4926070193803164 0.3287965515752223 0.8786487836976348E-01
 0.4925305840749749 0.3296608547051981 0.8854805820537133E-01
 0.4924562201099633 0.3304953406791181 0.8920971749245137E-01
 0.4923858635323952 0.3312791608857739 0.8983296929841438E-01
 0.4923083937658330 0.3321359414504228 0.9051615820725328E-01
 0.4922323908245165 0.3329702183688971 0.9118336631512119E-01
 0.4921607397385098 0.3337511347229171 0.9180970917773265E-01
 0.4920824497352014 0.3345983189852749 0.9249120397336873E-01
 0.4920046102944596 0.3354344400120855 0.9316579786639713E-01
 0.4919316474557885 0.3362126793864302 0.9379541104776890E-01
 0.4918527280500820 0.3370485720086722 0.9447347618566061E-01
 0.4917727875499199 0.3378891628860872 0.9515726839929912E-01
 0.4916984704331843 0.3386652008338613 0.9579030558740589E-01
 0.4916190270872456 0.3394890942127671 0.9646424782431973E-01
 0.4915366059564378 0.3403377835559164 0.9716044012536805E-01
 0.4914608583301528 0.3411123879640408 0.9779752894485277E-01
 0.4913808928299360 0.3419246453733107 0.9846724724290326E-01
 0.4912955325601712 0.3427856013152843 0.9917898553656603E-01
 0.4912182518396041 0.3435597296678391 0.9982063077798876E-01
 0.4911376561947139 0.3443617565811353 0.1004871073642553
 0.4910488339229194 0.3452394822273117 0.1012184370122449
 0.4909699128011337 0.3460140369844789 0.1018654169028848
 0.4908885088293978 0.3468077973251938 0.1025299498966196
 0.4907958479109703 0.3477050563017161 0.1032829745369370
 0.4907152236034485 0.3484804289384573 0.1039353273064815
 0.4906328009536484 0.3492680558374565 0.1045995593986419
 0.4905362582502184 0.3501842456089191 0.1053741670982578
 0.4904539346874607 0.3509601635303139 0.1060317469934582
 0.4903703189898908 0.3517433230973490 0.1066968629676281
 0.4902703317338417 0.3526734037492518 0.1074885814056469
 0.4901863811586848 0.3534490067141864 0.1081503688570490
 0.4901014639196686 0.3542286991029738 0.1088171161156999
 0.4899985336942182 0.3551673670685402 0.1096217334895539
 0.4899130227390942 0.3559419254854184 0.1102871831976704
 0.4898267653013422 0.3567184964271048 0.1109556680273215
 0.4897211224111152 0.3576632070467747 0.1117706506625862
 0.4896340820039463 0.3584363718872988 0.1124391299745154
 0.4895464647287950 0.3592100023985576 0.1131093836103283
 0.4894381457004600 0.3601600702426225 0.1139343387256288
 0.4893495748222312 0.3609317954248490 0.1146058487594467
 0.4892605822997858 0.3617026231690578 0.1152777770470239
 0.4891496182381879 0.3626574517372133 0.1161117529666767
 0.4890595188677953 0.3634276770318100 0.1167858721118713
 0.4889691363312429 0.3641958371474973 0.1174594464005928
 0.4888555048989138 0.3651553197289407 0.1183025222170826
 0.4887638693769664 0.3659240700315470 0.1189793188273388
 0.4886720858079062 0.3666896588215365 0.1196544310865097
 0.4885558322433627 0.3676531363820532 0.1205056007897227
 0.4884626647928579 0.3684203460402435 0.1211846708349297
 0.4883694703766865 0.3691834550230925 0.1218612839964798
 0.4882505114933785 0.3701513530370049 0.1227211274572441
 0.4881557967208387 0.3709171159563747 0.1234026358944147
 0.4880611782347392 0.3716778550373570 0.1240806936986136
 0.4879395952799047 0.3726492619770354 0.1249480016555310
 0.4878433400344676 0.3734134993086777 0.1256315616538764
 0.4877472889540837 0.3741719461520694 0.1263110469377292
 0.4876230345442647 0.3751470134974393 0.1271861929481997
 0.4875252291036350 0.3759097783457901 0.1278719680537177
 0.4874277473647845 0.3766659227660298 0.1285527522639374
 0.4873006491452616 0.3776457518104543 0.1294363526579201
 0.4872012765792827 0.3784071473063592 0.1301241377527358
 0.4871023454309975 0.3791611357942590 0.1308062782278419
 0.4869724785184407 0.3801448951874696 0.1316978340552639
 0.4868715371159767 0.3809049074010097 0.1323877310071244
 0.4867711459498764 0.3816568203211651 0.1330711746150279
 0.4866385226646525 0.3826441912664326 0.1339699905848868
 0.4865360073962997 0.3834028367008862 0.1346616941622429
 0.4864341452520513 0.3841527593303756 0.1353464243990501
 0.4862987087834642 0.3851439474323965 0.1362529150166999
 0.4861946058613780 0.3859013035476138 0.1369466059003309
 0.4860912634898456 0.3866493014580661 0.1376325601109957
 0.4859531111351325 0.3876433937442810 0.1385454794367590
 0.4858474268171913 0.3883993987227835 0.1392407894946243
 0.4857426028531295 0.3891454877081273 0.1399279012973133
 0.4856022351935358 0.3901387808091074 0.1408440749007600
 0.4854949934109228 0.3908932700871725 0.1415409798518154
 0.4853887471915768 0.3916370586031434 0.1422287835590768
 0.4852461738697071 0.3926294635706247 0.1431477000768666
 0.4851373450878471 0.3933826563519061 0.1438460971037490
 0.4850297303514470 0.3941238162118693 0.1445342038815013
 0.4848849582817066 0.3951152718331338 0.1454560122957648
 0.4847745015303026 0.3958674550115349 0.1461562906704053
 0.4846655716804573 0.3966056752198481 0.1468442920542668
 0.4845186011391243 0.3975961688178360 0.1477685207702653
 0.4844064758883415 0.3983476165574628 0.1484705994710379
 0.4842962776180055 0.3990826506765107 0.1491581379601424
 0.4841471001719393 0.4000722318867329 0.1500849953829143
 0.4840332482527474 0.4008233214574836 0.1507893361759206
 0.4839218202461257 0.4015549854194919 0.1514761094188085
 0.4837738661394252 0.4025213115441524 0.1523841147693409
 0.4836584266758546 0.4032712316114633 0.1530895833737568
 0.4835460338408388 0.4039980010124774 0.1537739941865855
 0.4834061565989783 0.4048979266125577 0.1546224512125968
 0.4832891275278939 0.4056470149696951 0.1553294695384578
 0.4831762395319749 0.4063663265725612 0.1560089857364112
 0.4830471931175009 0.4071847150604890 0.1567827943455786
 0.4829271543493771 0.4079423078668591 0.1574998173159685
 0.4828135342918343 0.4086561727946108 0.1581761213313007
 0.4826916644141194 0.4094184348526946 0.1588990185476692
 0.4825640018348087 0.4102131624805206 0.1596534926269752
 0.4824481922609088 0.4109308107148786 0.1603354234573908
 0.4823295675320772 0.4116626973811690 0.1610314557719525
 0.4821776453943265 0.4125953442439323 0.1619192531127612
 0.4820572184789134 0.4133309594733947 0.1626202097785804
 0.4819382220400310 0.4140546788474477 0.1633104888648133
 0.4817789872918908 0.4150182751704155 0.1642305578944457
 0.4816557354292618 0.4157603649130296 0.1649398306402181
 0.4815358955454934 0.4164788073640507 0.1656270222923109
 0.4813887205742449 0.4173569900175769 0.1664676800241845
 0.4812637668973151 0.4180990476430690 0.1671786465872844
 0.4811436770541279 0.4188092018567891 0.1678596223959448
 0.4810091462237153 0.4196012810501038 0.1686198356495727
 0.4808799334886224 0.4203586356984360 0.1693473496879378
 0.4807588439651897 0.4210653785357749 0.1700267410486371
 0.4806313382924415 0.4218064696001880 0.1707396261097868
 0.4804897798183457 0.4226255586020842 0.1715281206247513
 0.4803654470751512 0.4233418198361094 0.1722181793682029
 0.4802403275542266 0.4240596691106955 0.1729103272177595
 0.4800707392254587 0.4250279932931544 0.1738448637310622
 0.4799410619189610 0.4257648612187993 0.1745566374399197
 0.4798150323631978 0.4264780739180787 0.1752460156409846
 0.4796606001900705 0.4273481324624880 0.1760875932483346
 0.4795292616734090 0.4280847551157004 0.1768006610554473
 0.4794031970848094 0.4287889551955266 0.1774828739206666
 0.4792629235898565 0.4295692898540641 0.1782394709612961
 0.4791265932277157 0.4303244590621954 0.1789722609599921
 0.4789994236712745 0.4310260465431132 0.1796535239724907
 0.4788665143772875 0.4317564051960905 0.1803631641454331
 0.4787139866423816 0.4325909666024136 0.1811746116029132
 0.4785828951722445 0.4333051963909778 0.1818695848338270
 0.4784520848905168 0.4340151225029265 0.1825608912429186
 0.4782860821350856 0.4349121028993932 0.1834350827878954
 0.4781502130968956 0.4356430166164116 0.1841479747185451
 0.4780192508074368 0.4363448041866262 0.1848328610593142
 0.4778704981749822 0.4371387103921788 0.1856080956712829
 0.4777307218194636 0.4378816284633972 0.1863340001338426
 0.4775991722131742 0.4385781243190005 0.1870149947348152
 0.4774601817785488 0.4393112052994133 0.1877322559814359
 0.4773070230421022 0.4401157063695879 0.1885199546898697
 0.4771720591878399 0.4408217912362844 0.1892117144857282
 0.4770364440622728 0.4415286293499636 0.1899045569753906
 0.4768610579192987 0.4424388575174016 0.1907972610873830
 0.4767204011150803 0.4431657034586063 0.1915105646282305
 0.4765846264133751 0.4438646981424340 0.1921969627266825
 0.4764288920958730 0.4446633100647538 0.1929817088727983
 0.4762846571629579 0.4453999933129518 0.1937060592530449
 0.4761485265657950 0.4460927008799567 0.1943875159354597
 0.4760041735305347 0.4468245375521727 0.1951077963615526
 0.4758468075407891 0.4476192014882691 0.1958903129753331
 0.4757073321989186 0.4483208079685333 0.1965815922630576
 0.4755670037580524 0.4490241590838443 0.1972750068836862
 0.4753863607509028 0.4499258539640796 0.1981645716513765
 0.4752408203686782 0.4506493186020341 0.1988787426621049
 0.4751005156057299 0.4513442404192170 0.1995650496175883
 0.4749409646181953 0.4521315163052111 0.2003429123818238
 0.4747912734507216 0.4528672956329086 0.2010702570737537
 0.4746505196870512 0.4535566581896324 0.2017520821376359
 0.4745023350359632 0.4542798362040154 0.2024677596295775
 0.4743362350148057 0.4550873341736419 0.2032673495901755
 0.4741914782756117 0.4557884169727919 0.2039619061008317
 0.4740468911961512 0.4564862355177500 0.2046534898126570
 0.4738685741400480 0.4573435180872186 0.2055034531963571
 0.4737180163374822 0.4580645139912305 0.2062186227217594
 0.4735737244125535 0.4587530969649994 0.2069019677506824
 0.4734147264824828 0.4595091582002648 0.2076526622400845
 0.4732571462350653 0.4602557116847523 0.2083942771382017
 0.4731114404564430 0.4609435824733094 0.2090778589546175
 0.4729612003147554 0.4616504426508237 0.2097805322147328
 0.4727693799971400 0.4625494025333058 0.2106744979851521
 0.4726172785975229 0.4632594365776909 0.2113809047093459
 0.4724681679349905 0.4639531434358340 0.2120713880154874
 0.4722891088146689 0.4647831147491104 0.2128979311153038
 0.4721333287669165 0.4655024901260326 0.2136146731614170
 0.4719847016656675 0.4661865212306983 0.2142964428536868
 0.4718236526726374 0.4669251970385626 0.2150329185151613
 0.4716580215593567 0.4676821767146347 0.2157879306784285
 0.4715071088944862 0.4683695171928515 0.2164737888482190
 0.4713534224189084 0.4690671886491205 0.2171702924784437
 0.4711375577342847 0.4700432394254533 0.2181452715567187
 0.4709785742747079 0.4707592259204131 0.2188608261686898
 0.4708245123797886 0.4714507488899976 0.2195521611730449
 0.4706399745913167 0.4722761165718167 0.2203775822234901
 0.4704792201774979 0.4729925156110342 0.2210943073868784
 0.4703259367127078 0.4736733920663919 0.2217757788244693
 0.4701603248969012 0.4744066078108150 0.2225099645049859
 0.4699886427072417 0.4751640674902534 0.2232687519399567
 0.4698328276196841 0.4758492244744437 0.2239553354320214
 0.4696747031185236 0.4765423223998277 0.2246500447401507
 0.4694649362120069 0.4774583737124809 0.2255684719855306
 0.4693013474055282 0.4781700953699125 0.2262822752737653
 0.4691436397321452 0.4788540368437184 0.2269684538820317
 0.4689642690809984 0.4796293325992059 0.2277465742708065
 0.4687964604243950 0.4803521783535062 0.2284722881225432
 0.4686386913739537 0.4810296155743589 0.2291525621270665
 0.4684732789088746 0.4817376424047248 0.2298636695854846
 0.4682830995308134 0.4825488862076668 0.2306785974590010
 0.4681202197520321 0.4832413246426446 0.2313743586480373
 0.4679588511113502 0.4839252166442223 0.2320617374897495
 0.4677687465770517 0.4847282079814840 0.2328690935535049
 0.4675992840151357 0.4854415821886057 0.2335865516491094
 0.4674383757820319 0.4861168483072983 0.2342658124862361
 0.4672668636582263 0.4868343848841386 0.2349877032345252
 0.4670823392071037 0.4876038136830572 0.2357619464304205
 0.4669178431743403 0.4882875232414702 0.2364501109264021
 0.4667526975894271 0.4889718602892216 0.2371391169047034
 0.4665514511382289 0.4898030119339673 0.2379762284892324
 0.4663793859109066 0.4905112433434118 0.2386897444893044
 0.4662150430647236 0.4911856409740575 0.2393692978641635
 0.4660374017291207 0.4919123795026151 0.2401016978951871
 0.4658541149003773 0.4926598062629635 0.2408550786838489
 0.4656873184364025 0.4933378802424283 0.2415387126708450
 0.4655182174279307 0.4940232911620236 0.2422299302266846
 0.4652999800507512 0.4949048684336564 0.2431192408513455
 0.4651248325735785 0.4956099627255729 0.2438306747487586
 0.4649565740703163 0.4962853132349723 0.2445121662343251
 0.4647701718429904 0.4970312078448240 0.2452648910972628
 0.4645881570282842 0.4977572530144559 0.2459976520240303
 0.4644190394216994 0.4984298390225806 0.2466765606129305
 0.4642451020743740 0.4991195873977530 0.2473729245618074
 0.4640125338136730 0.5000386873389766 0.2483010303923848
 0.4638349059310430 0.5007382604336565 0.2490075447447389
 0.4636623380014801 0.5014159291362325 0.2496919579028281
 0.4634606781548665 0.5022053945876596 0.2504892923033095
 0.4632792372173949 0.5029134727486906 0.2512044755087395
 0.4631074570008526 0.5035819167268474 0.2518797171713264
 0.4629260835026236 0.5042856669382011 0.2525907489216950
 0.4627251479979609 0.5050629131400448 0.2533761703172169
 0.4625486687647345 0.5057434899316834 0.2540639719854351
 0.4623733988189426 0.5064175040431711 0.2547451591883954
 0.4621676714913636 0.5072062502571532 0.2555423101991207
 0.4619829333696069 0.5079123406195627 0.2562559699789018
 0.4618081805329593 0.5085783795668420 0.2569292351673864
 0.4616236989486874 0.5092795236678287 0.2576381031934470
 0.4614187721196331 0.5100560146907299 0.2584232669104988
 0.4612391488722658 0.5107346037686341 0.2591094831311883
 0.4610609426987246 0.5114059864563516 0.2597884061874662
 0.4608528871234374 0.5121875094854887 0.2605786779096678
 0.4606644747696503 0.5128931118195387 0.2612921787783656
 0.4604867125437379 0.5135569849577426 0.2619635229575955
 0.4602998068889781 0.5142530890066433 0.2626675233313027
 0.4600881895609506 0.5150388765431827 0.2634622758190311
 0.4599049105644881 0.5157174352555809 0.2641485622652893
 0.4597238462879506 0.5163859849232313 0.2648246613533053
 0.4595147419670559 0.5171558483358594 0.2656031168468184
 0.4593223847594226 0.5178619701487944 0.2663170504960755
 0.4591415973547495 0.5185238153561182 0.2669862008028924
 0.4589526937038584 0.5192135191543843 0.2676835272076187
 0.4587317071646854 0.5200179749247024 0.2684968709156111
 0.4585444470169361 0.5206976599652726 0.2691840129059083
 0.4583605879785654 0.5213632325737937 0.2698567956892232
 0.4581505345535378 0.5221215029249450 0.2706231540003100
 0.4579542564396671 0.5228280129068381 0.2713371097806437
 0.4577704571028139 0.5234878385887929 0.2720038573477191
 0.4575795305203274 0.5241714551643193 0.2726946438824006
 0.4573469998697344 0.5250015848709575 0.2735334654368500
 0.4571555981696120 0.5256828816833310 0.2742218324699339
 0.4569688391541253 0.5263459232364984 0.2748916522956760
 0.4567569000646071 0.5270963073046998 0.2756495665700551
 0.4565568183090292 0.5278027225891418 0.2763629610781773
 0.4563699462306838 0.5284607699744336 0.2770274580485963
 0.4561766134092177 0.5291398232851298 0.2777131444371652
 0.4559313695995618 0.5299986737084587 0.2785803376030266
 0.4557357552454451 0.5306817062946237 0.2792699134054072
 0.4555458172146923 0.5313432222135567 0.2799376381113802
 0.4553304913665436 0.5320911528907113 0.2806924135047592
 0.4551270072197571 0.5327960079664212 0.2814035704726364
 0.4549370827559503 0.5334522022860797 0.2820655402510224
 0.4547408785511278 0.5341283914205128 0.2827476128344718
 0.4544864351648901 0.5350027381115818 0.2836294413359413
 0.4542871133249328 0.5356856707799800 0.2843180573005011
 0.4540940470272748 0.5363455092341460 0.2849831979165340
 0.4538751686615128 0.5370916033455327 0.2857350385473476
 0.4536684463293600 0.5377943616595673 0.2864429900533563
 0.4534755386117393 0.5384485052858841 0.2871018172367231
 0.4532763778779204 0.5391221921196878 0.2877802056540984
 0.4530151504403250 0.5400032902040955 0.2886672560082479
 0.4528124747987775 0.5406849302799058 0.2893532987558491
 0.4526164250637418 0.5413426631987636 0.2900150693831188
 0.4523943694558332 0.5420857310488993 0.2907624380774983
 0.4521843071313514 0.5427868095379860 0.2914673542412126
 0.4519883764703042 0.5434391095391362 0.2921230827046237
 0.4517862859509195 0.5441102964115589 0.2927976910325162
 0.4515162070096106 0.5450047381241074 0.2936965232738167
 0.4513099240845196 0.5456859523856040 0.2943809052530894
 0.4511107167370896 0.5463422111267612 0.2950400273183054
 0.4508848680080703 0.5470843606589675 0.2957851756382138
 0.4506715701112363 0.5477834513871932 0.2964868841999586
 0.4504726129974811 0.5484339610503390 0.2971396895865800
 0.4502675201252801 0.5491029483493722 0.2978109228388197
 0.4499878934974213 0.5500124848214699 0.2987233036920543
 0.4497779208164190 0.5506935247145349 0.2994062524878313
 0.4495754740468154 0.5513485957944446 0.3000629253948811
 0.4493454785227935 0.5520909650479410 0.3008068062223767
 0.4491290951748612 0.5527876206645397 0.3015046061402861
 0.4489271618505934 0.5534362111435210 0.3021540613272361
 0.4487189580968918 0.5541033930079434 0.3028219582884957
 0.4484347393619816 0.5550116434927843 0.3037308857199906
 0.4482216146725822 0.5556908127404314 0.3044102867677787
 0.4480162469737730 0.5563437397659200 0.3050631715231326
 0.4477834615486177 0.5570820419449121 0.3058011006905667
 0.4475636121444943 0.5577775783759593 0.3064960020535027
 0.4473586429774826 0.5584245284465258 0.3071421625358878
 0.4471475991690966 0.5590891400680464 0.3078057995231019
 0.4468496710545871 0.5600247729055575 0.3087397788868662
 0.4466326796809026 0.5607043316806727 0.3094178829593215
 0.4464239802952169 0.5613564269557114 0.3100683380985622
 0.4461859031260620 0.5620985375538884 0.3108082767106701
 0.4459633842890874 0.5627904506155758 0.3114978985585696
 0.4457554781758327 0.5634354515116199 0.3121405731141969
 0.4455409604211060 0.5640994809488435 0.3128020429488315
 0.4452476608658367 0.5650049556883598 0.3137037417098593
 0.4450280581291957 0.5656810970993900 0.3143767913533053
 0.4448166032191188 0.5663306929817054 0.3150231465209405
 0.4445778312499591 0.5670624989590427 0.3157509615267410
 0.4443508788621472 0.5677564110855520 0.3164407767452263
 0.4441397624003336 0.5684004548199693 0.3170807844080731
 0.4439231816021980 0.5690597259340685 0.3177357203226803
 0.4436087282073170 0.5700143398357654 0.3186836837379229
 0.4438184643591794 0.5693779636853794 0.3180517928765865
 0.4436105712146650 0.5700087537139135 0.3186781379721856
 0.4433987126896136 0.5706502125681302 0.3193148368029033
 0.4431857274920913 0.5712937047235783 0.3199532764279409
 0.4429474073836285 0.5720121142037646 0.3206657048280950
 0.4427152627264960 0.5727102670686900 0.3213577314095443
 0.4425007635321672 0.5733539232109610 0.3219955141037022
 0.4422822326096975 0.5740082744713291 0.3226437124462059
 0.4419992778017534 0.5748534419682677 0.3234806739216246
 0.4417724308844866 0.5755293278551032 0.3241497545337545
 0.4415566347250552 0.5761709012434101 0.3247846300166722
 0.4413239850702542 0.5768610759108002 0.3254673224572474
 0.4410796131525000 0.5775843552003934 0.3261824733586877
 0.4408601670699309 0.5782324113802398 0.3268230399338672
 0.4406409826319362 0.5788783350120242 0.3274613411261468
 0.4403872109325486 0.5796244984513956 0.3281985135808535
 0.4401540909060828 0.5803083550824362 0.3288739232708901
 0.4399356965452834 0.5809476462079688 0.3295050932952999
 0.4397097559850486 0.5816076430277776 0.3301564447331516
 0.4394096138615158 0.5824822293078814 0.3310191668687451
 0.4391796064903630 0.5831507919913794 0.3316783888238416
 0.4389580683550088 0.5837933867275139 0.3323118247368713
 0.4387110548431329 0.5845083228885034 0.3330163790042553
 0.4384706578963043 0.5852025467534997 0.3337003062933098
 0.4382486167226638 0.5858424024477881 0.3343304454357968
 0.4380227210054415 0.5864920339403075 0.3349699616426596
 0.4377369489627452 0.5873119460960180 0.3357767531120950
 0.4375019532334787 0.5879845858661907 0.3364383816024704
 0.4372788961662142 0.5886217346965607 0.3370649464784842
 0.4370407974742322 0.5893004407708823 0.3377322469661272
 0.4367825210406407 0.5900350298816989 0.3384543354982581
 0.4365543975477044 0.5906824525460067 0.3390905749611324
 0.4363284423395339 0.5913224298463814 0.3397193144484557
 0.4360728329620741 0.5920448570418246 0.3404288291970022
 0.4358293008318035 0.5927316388632071 0.3411031419153732
 0.4356031038968602 0.5933682208163829 0.3417280404786566
 0.4353718399353935 0.5940177629808890 0.3423655682628444
 0.4350652345058625 0.5948769003903663 0.3432086680730165
 0.4348254255792989 0.5955472781484763 0.3438663713898648
 0.4345972780025695 0.5961837702419096 0.3444906534930309
 0.4343503821275543 0.5968711617012277 0.3451646418318355
 0.4340937400138128 0.5975841492491827 0.3458635045817763
 0.4338624264317366 0.5982254347793159 0.3464919319234984
 0.4336313126357287 0.5988649089721843 0.3471184760063103
 0.4333650675245284 0.5996000399142681 0.3478386251715331
 0.4331186284864042 0.6002790151249082 0.3485036307375481
 0.4328883593434542 0.6009121712004135 0.3491236120717452
 0.4326513220804749 0.6015626642397599 0.3497604001582154
 0.4323043294424080 0.6025125904074068 0.3506900309403561
 0.4325357559929943 0.6018793421334454 0.3500703454109548
 0.4323093747862104 0.6024987978918445 0.3506765350065241
 0.4320782151822187 0.6031301303377891 0.3512942534053511
 0.4318458976854465 0.6037634114471819 0.3519138274369656
 0.4315875052837403 0.6044663495448795 0.3526015178765004
 0.4313325436188614 0.6051584956871170 0.3532786049028024
 0.4310982204699479 0.6057933436840136 0.3538995673200839
 0.4308611820103467 0.6064343168692365 0.3545264214664389
 0.4305754590649671 0.6072053007180623 0.3552802863881467
 0.4303267758918077 0.6078748903165465 0.3559349211826124
 0.4300922631692431 0.6085050982760699 0.3565510210094928
 0.4298470813863208 0.6091627105073768 0.3571939036721658
 0.4295484706049298 0.6099618878909313 0.3579751600136256
 0.4293038240039944 0.6106152249325960 0.3586137885298253
 0.4290663607907186 0.6112481666728882 0.3592323928288512
 0.4288044004344432 0.6119450266987900 0.3599133524082541
 0.4285432771520439 0.6126382302991669 0.3605906441425049
 0.4283041876370068 0.6132716960843543 0.3612095318167911
 0.4280631310684268 0.6139091752930417 0.3618323446009762
 0.4277775662359731 0.6146628091025783 0.3625686649332108
 0.4275234715162917 0.6153319860627701 0.3632224738144597
 0.4272846517818754 0.6159597365128312 0.3638357823037074
 0.4270367381782630 0.6166101684155935 0.3644712075719051
 0.4267123130509148 0.6174594677756702 0.3653008701534694
 0.4264608560844639 0.6181162968288211 0.3659425344337705
 0.4262187664971005 0.6187474678167731 0.3665591994282691
 0.4259516704820721 0.6194424879613576 0.3672383453817972
 0.4256857572049045 0.6201330339263618 0.3679132072353959
 0.4254421832152379 0.6207643510216448 0.3685302256019531
 0.4251966462217085 0.6213995849812576 0.3691510788022184
 0.4249067512835534 0.6221480728751145 0.3698826213355513
 0.4246475925797863 0.6228158294125997 0.3705352876382739
 0.4244042864609847 0.6234415666425257 0.3711469470845100
 0.4241523537301304 0.6240882986917993 0.3717792209884380
 0.4238072692293571 0.6249722028642138 0.3726435126692332
 0.4235498303510580 0.6256301458259380 0.3732869288797107
 0.4233030276183964 0.6262597373348172 0.3739026431193831
 0.4230300259994793 0.6269548365255766 0.3745824405461158
 0.4227599796081425 0.6276410487165123 0.3752535987468583
 0.4225121657465178 0.6282695797471440 0.3758684367377702
 0.4222620740211000 0.6289027426744981 0.3764879416326279
 0.4219656862067989 0.6296516319442909 0.3772208759943260
 0.4217020903810911 0.6303163207593816 0.3778715685450986
 0.4214545071094363 0.6309394852564274 0.3784817214958549
 0.4211979994158894 0.6315839465153356 0.3791128184702832
 0.4208479301931237 0.6324615714971848 0.3799724097611694
 0.4205860029769586 0.6331167942392376 0.3806143408256704
 0.4203349881791088 0.6337435766230805 0.3812285877637810
 0.4200584166276732 0.6344328855100579 0.3819043301614782
 0.4197822187662053 0.6351199213100699 0.3825780528587782
 0.4195295926133862 0.6357471546880796 0.3831932751703385
 0.4192754288222144 0.6363770847017447 0.3838112478619430
 0.4189787737246130 0.6371109117192414 0.3845312710119544
 0.4187093125975791 0.6377761552276704 0.3851841491016533
 0.4184571370985025 0.6383975960721673 0.3857942113002298
 0.4181975274659914 0.6390362228560591 0.3864213547365013
 0.4178275676647762 0.6399443275579401 0.3873135131049215
 0.4175592469579431 0.6406015016899044 0.3879594005830052
 0.4173040273041875 0.6412254656234918 0.3885728181317983
 0.4170243789305632 0.6419079020161537 0.3892439057293392
 0.4167419265153651 0.6425958594709625 0.3899206516078732
 0.4164846533052117 0.6432213384036425 0.3905361851683454
 0.4162266667023443 0.6438474551569036 0.3911526236160091
 0.4159296515050828 0.6445669380312516 0.3918613453804123
 0.4156541285371617 0.6452330690662341 0.3925178353951159
 0.4153972587132984 0.6458529896441324 0.3931290242501096
 0.4151343352851622 0.6464864126532240 0.3937537347645944
 0.4147926941189485 0.6473078137006034 0.3945641484494783
 0.4145200021546297 0.6479620976206016 0.3952099660206994
 0.4142618448111503 0.6485804137265366 0.3958205538729951
 0.4139878954550888 0.6492353947169011 0.3964676618507356
 0.4136810639249867 0.6499675829349437 0.3971914250368715
 0.4134153047380500 0.6506005619942082 0.3978174112403641
 0.4131548950170910 0.6512197253062648 0.3984299689336568
 0.4128690010347261 0.6518982618807274 0.3991015295411939
 0.4125795064195889 0.6525840495012140 0.3997805811608779
 0.4123161834818291 0.6532067123024166 0.4003974549011817
 0.4120525164799227 0.6538291180642832 0.4010144319847166
 0.4117507349087393 0.6545401868480799 0.4017197647812998
 0.4114683094372696 0.6552043875503241 0.4023790459587765
 0.4112056855068256 0.6558209306336223 0.4029913720851712
 0.4109379572327008 0.6564483811976282 0.4036148521574916
 0.4106064608003762 0.6572237813332145 0.4043857913323681
 0.4103270713198155 0.6578760171694438 0.4050346876082141
 0.4100635421917135 0.6584901574570075 0.4056460644150547
 0.4097881038108180 0.6591309464053446 0.4062843846082878
 0.4094448670069947 0.6599278897694977 0.4070788331179471
 0.4091687137395467 0.6605678131424877 0.4077171707180823
 0.4089023030663175 0.6611840982714111 0.4083322394670859
 0.4086125177726130 0.6618532765037838 0.4090004237525155
 0.4083132366652888 0.6625430984563903 0.4096895968296425
 0.4080432991103996 0.6631641710940246 0.4103104544192993
 0.4077746251570975 0.6637812911026999 0.4109277485546364
 0.4074727596979251 0.6644734099518353 0.4116205479714647
 0.4071810931286312 0.6651409043906250 0.4122891767836017
 0.4069121030628512 0.6657554263687220 0.4129051323429320
 0.4066404247356158 0.6663750459487293 0.4135265545728355
 0.4063226902278613 0.6670983809599144 0.4142524506093332
 0.4060343549995474 0.6677535558283948 0.4149104054124624
 0.4057647311692838 0.6683651575547719 0.4155250409732035
 0.4054880669096327 0.6689916727928056 0.4161551349894698
 0.4051252374487744 0.6698116964864790 0.4169805664927781
 0.4048382051514379 0.6704591193234924 0.4176328021342665
 0.4045665187481950 0.6710708804701042 0.4182495111990250
 0.4042781321054966 0.6717191352887772 0.4189034109262655
 0.4039554666696860 0.6724430942224985 0.4196341751507808
 0.4036761371165823 0.6730686745115095 0.4202661019484767
 0.4034029900132335 0.6736793837594556 0.4208834647987958
 0.4031054857973181 0.6743434025449898 0.4215552579223938
 0.4027978293620531 0.6750288258698008 0.4222492924583146
 0.4025206574870128 0.6756452448388722 0.4228739400544784
 0.4022453590499553 0.6762564802091279 0.4234937661733075
 0.4019391438064308 0.6769351728109733 0.4241824997959380
 0.4016366184921586 0.6776044650849802 0.4248622441261413
 0.4013592881223267 0.6782169543506691 0.4254848231020337
 0.4010806113135560 0.6788313968463544 0.4261099286015121
 0.4007608692748794 0.6795351268842028 0.4268265508459878
 0.4004622906760609 0.6801910709406697 0.4274951400459318
 0.4001846861481673 0.6807998958029267 0.4281162025358278
 0.3999021067997198 0.6814186042597177 0.4287478059624913
 0.3995584166319631 0.6821697243082611 0.4295151869609955
 0.3992626586518041 0.6828148735536773 0.4301748565168664
 0.3989846996422640 0.6834201749530159 0.4307942810716047
 0.3986969595253718 0.6840457367271614 0.4314349724835050
 0.3982693938469979 0.6849733412528894 0.4323860089274316
 0.3985545356514656 0.6843549834098257 0.4317519006227272
 0.3982802105009017 0.6849499030880278 0.4323619645033454
 0.3980007383846800 0.6855550050666488 0.4329829429968847
 0.3977212902969591 0.6861590697960572 0.4336033088606025
 0.3974180074416129 0.6868135458914058 0.4342759496828713
 0.3970980362867276 0.6875027863807708 0.4349849154562112
 0.3968120757493880 0.6881176849267612 0.4356179765977125
 0.3965291185933884 0.6887251249642674 0.4362439259108521
 0.3962163550165196 0.6893953983709877 0.4369353013007929
 0.3959036212749334 0.6900644009167540 0.4376260620114644
 0.3956183224939067 0.6906736655281140 0.4382557109772739
 0.3953329589633794 0.6912820709502175 0.4388849782607170
 0.3950109594898411 0.6919673920317890 0.4395943853177982
 0.3947017661267670 0.6926242709743790 0.4402749476493308
 0.3944165339710263 0.6932292175496610 0.4409022525618540
 0.3941290480237351 0.6938379504109681 0.4415340394293755
 0.3937986794873489 0.6945362567832239 0.4422594853626277
 0.3934905848945802 0.6951863036213790 0.4429354375089778
 0.3932043077541247 0.6957893021652709 0.4435629847855608
 0.3929135120974518 0.6964008200700561 0.4441998840244508
 0.3925675775374395 0.6971269849705864 0.4449568285044377
 0.3922607844446402 0.6977698042720801 0.4456275149529991
 0.3919732373449949 0.6983712925245062 0.4462556556635765
 0.3916773318509939 0.6989892528051652 0.4469016169205414
 0.3912815534090350 0.6998141861305833 0.4477649202989614
 0.3909756671491867 0.7004505057418673 0.4484315798301302
 0.3906864540749116 0.7010511435161081 0.4490614107489863
 0.3903800019602842 0.7016865291387886 0.4497282387941571
 0.3900318983910304 0.7024069622308708 0.4504850216247049
 0.3897334921824475 0.7030234360480149 0.4511332164411146
 0.3894432672132802 0.7036220325522237 0.4517631859704710
 0.3891314096523648 0.7042641780060438 0.4524396250132247
 0.3887930779217171 0.7049595886172826 0.4531728984299117
 0.3884950439350237 0.7055710989335046 0.4538182866161004
 0.3882024453053910 0.7061704837125680 0.4544513724731523
 0.3878844391262078 0.7068208259695191 0.4551388211355479
 0.3875519374687522 0.7074996031359780 0.4558569495000062
 0.3872537800090721 0.7081072217751921 0.4565003776621878
 0.3869586390283486 0.7087077210746643 0.4571368501656669
 0.3866333115658905 0.7093685216352065 0.4578379300452340
 0.3863057836581176 0.7100326128703882 0.4585432214308180
 0.3860080059006595 0.7106353601703237 0.4591839529169351
 0.3857113367381187 0.7112348980360064 0.4598217939362134
 0.3853815926605642 0.7119001500570751 0.4605301340814393
 0.3850549863287517 0.7125579065084154 0.4612311081924569
 0.3847565203238641 0.7131579803648980 0.4618711692449438
 0.3844584270018078 0.7137563450767719 0.4625099617478354
 0.3841264763860977 0.7144215467401711 0.4632207611554214
 0.3837981521638391 0.7150783194059601 0.4639232026256638
 0.3834977024796020 0.7156783234581116 0.4645654518356398
 0.3831970655267541 0.7162777397213105 0.4652075398913647
 0.3828597104527734 0.7169492239455707 0.4659273736730037
 0.3825315524791147 0.7176012479764811 0.4666269284942221
 0.3822297291824230 0.7181999460225823 0.4672698210744299
 0.3819263177310787 0.7188008308252729 0.4679156318894573
 0.3815803205863559 0.7194848786339170 0.4686515383433688
 0.3812539907444919 0.7201289002766118 0.4693450612930594
 0.3809519231509370 0.7207240540183177 0.4699865057140286
 0.3806468479037990 0.7213241751555178 0.4706337980175580
 0.3802954330594020 0.7220142625042625 0.4713787186591100
 0.3799690104978945 0.7226541347717196 0.4720700070288091
 0.3796660584846666 0.7232470226752130 0.4727110508993964
 0.3793595493306811 0.7238459190152787 0.4733591122597733
 0.3790060723742793 0.7245354009560044 0.4741058407974977
 0.3786776351051142 0.7251749066553099 0.4747990280836902
 0.3783725056281931 0.7257680536073087 0.4754424275013682
 0.3780631962909459 0.7263683699783854 0.4760940283070993
 0.3777021405683186 0.7270679042838405 0.4768538600514409
 0.3773730214279309 0.7277044283586790 0.4775457877878704
 0.3770660842406608 0.7282970808336131 0.4781905328291324
 0.3767531256382700 0.7289003979898603 0.4788474200099392
 0.3763740546741877 0.7296298696005753 0.4796424052810132
 0.3760460447219592 0.7302599393559681 0.4803296883105832
 0.3757385473784502 0.7308496482056333 0.4809734296699053
 0.3754224116745766 0.7314549597261295 0.4816346537187968
 0.3750169424504722 0.7322298951325371 0.4824818128905562
 0.3746891785714020 0.7328551537168013 0.4831658856102703
 0.3743807232821006 0.7334426298410670 0.4838090849059900
 0.3740600874608999 0.7340523331759821 0.4844771068614157
 0.3735929029557058 0.7349389395560896 0.4854493784449108
 0.3739044550730037 0.7343479190995700 0.4848011425277234
 0.3735998134133339 0.7349258403491495 0.4854350065401661
 0.3732888447155459 0.7355148499638039 0.4860814378713865
 0.3729787476189151 0.7361012918957439 0.4867254272904420
 0.3726462431857036 0.7367290960526347 0.4874152399436780
 0.3722767756679405 0.7374254647874868 0.4881808985223772
 0.3719554598567326 0.7380300325576622 0.4888461021950899
 0.3716416272331529 0.7386195852004700 0.4894952578828673
 0.3713031975069236 0.7392543127026932 0.4901947017755949
 0.3709406745513971 0.7399330431538984 0.4909432484026627
 0.3706196981871035 0.7405329697139839 0.4916053707874286
 0.3703045736908799 0.7411210313025701 0.4922547944561886
 0.3699638569066747 0.7417558210505659 0.4929562270097027
 0.3696015191531395 0.7424297226869361 0.4937013282836115
 0.3692799505723832 0.7430267924217672 0.4943618843210238
 0.3689645115727060 0.7436115647916106 0.4950092237573155
 0.3686255270955821 0.7442389784797997 0.4957042022325037
 0.3682548542971010 0.7449238517861944 0.4964633225847369
 0.3679300831722750 0.7455228959582582 0.4971276958491587
 0.3676128629215453 0.7461070970519104 0.4977759232895061
 0.3672732319765563 0.7467315710838633 0.4984691697064845
 0.3668956539918291 0.7474246093845506 0.4992389557144836
 0.3665673345340814 0.7480262041680584 0.4999075779220851
 0.3662468602317941 0.7486125029120644 0.5005596036420021
 0.3659022669285552 0.7492419149958073 0.5012600406541829
 0.3655281693297300 0.7499240350809622 0.5020196608251539
 0.3651989866725475 0.7505232437323235 0.5026873588840290
 0.3648765344058973 0.7511092834904861 0.5033407082158100
 0.3645286455982872 0.7517405380096867 0.5040447937600741
 0.3641564388755618 0.7524147561418315 0.5047971748543184
 0.3638271874953249 0.7530101671037446 0.5054619614643566
 0.3635047083384756 0.7535924268225886 0.5061124129266881
 0.3631587745341687 0.7542160439153431 0.5068094694526348
 0.3627785691859278 0.7549002626973083 0.5075747422193538
 0.3624466930325497 0.7554965018377063 0.5082419962209382
 0.3621233349528801 0.7560765387193441 0.5088914353179979
 0.3617789406554380 0.7566933378773124 0.5095823669615083
 0.3613847845916441 0.7573980325260075 0.5103721941552495
 0.3610480498632607 0.7579990331315457 0.5110462034719451
 0.3607214005164043 0.7585811272668485 0.5116993935227041
 0.3603732574985904 0.7592005443398657 0.5123948885019810
 0.3599787801360890 0.7599011830308583 0.5131820742683697
 0.3596396750777984 0.7605024446266405 0.5138579671105413
 0.3593099033329271 0.7610862481572621 0.5145144976111300
 0.3589564990907336 0.7617108971830024 0.5152172101874105
 0.3585693185690431 0.7623940731056961 0.5159860525396254
 0.3582308359503519 0.7629903208092644 0.5166573406175359
 0.3579005494733905 0.7635712336070374 0.5173116450478427
 0.3575468968853804 0.7641922640855693 0.5180114688708544
 0.3571570519647392 0.7648756810959154 0.5187819938809521
 0.3568176472437997 0.7654696794967948 0.5194520190259881
 0.3564874886406300 0.7660466110844928 0.5201030461032548
 0.3561368627894395 0.7666583556415234 0.5207936116230825
 0.3557288735216611 0.7673689532857297 0.5215961017952113
 0.3553844576983780 0.7679677985778565 0.5222726936819123
 0.3550519810059438 0.7685449971480038 0.5229251170767297
 0.3547005109292325 0.7691542242470262 0.5236140570364587
 0.3542777525361836 0.7698857381932123 0.5244416784540107
 0.3539283651572404 0.7704892429596334 0.5251247438932523
 0.3535918288548808 0.7710696524567455 0.5257818545530430
 0.3532339661450432 0.7716858802285662 0.5264796906234015
 0.3528264196544917 0.7723864583133430 0.5272732774820171
 0.3524775031027200 0.7729852362878922 0.5279517859321100
 0.3521387024479224 0.7735657621072791 0.5286098655815749
 0.3517762660418462 0.7741858173226271 0.5293130627733367
 0.3513767274209312 0.7748681893791339 0.5300872998958757
 0.3510288433070413 0.7754613556745169 0.5307606034645063
 0.3506902159959986 0.7760378609946925 0.5314152075477464
 0.3503296743698237 0.7766507267956850 0.5321112960866889
 0.3499194935542123 0.7773467870479241 0.5329021126638209
 0.3495689352251704 0.7779406748382925 0.5335770608133097
 0.3492301145679040 0.7785138088887746 0.5342286274020313
 0.3488729806064044 0.7791169997151658 0.5349145893177564
 0.3484296793383828 0.7798644149210852 0.5357648649761465
 0.3480723035379000 0.7804659055402503 0.5364493332334274
 0.3477303163552680 0.7810406196486661 0.5371034630297350
 0.3473697067568152 0.7816457040456004 0.5377922846096763
 0.3469288969853420 0.7823840755561838 0.5386330349331465
 0.3465687422155760 0.7829863022367796 0.5393189699071939
 0.3462223995960563 0.7835645501559189 0.5399778098533261
 0.3458540095184209 0.7841786612710111 0.5406777645890396
 0.3454351230040759 0.7848757689797263 0.5414726152119987
 0.3450761474305687 0.7854721765615094 0.5421528482428808
 0.3447276618699776 0.7860502790572532 0.5428123286175094
 0.3443554873498226 0.7866667287288642 0.5435156496781213
 0.3439420168475273 0.7873504321507878 0.5442958042845133
 0.3435838614126743 0.7879416963217495 0.5449705858676692
 0.3432361610183504 0.7885148409077785 0.5456248126502736
 0.3428674599272863 0.7891216806798319 0.5463176576383441
 0.3424380738291197 0.7898272091996055 0.5471233817782539
 0.3420767574144322 0.7904199019004335 0.5478003919106639
 0.3417290807864106 0.7909893694377919 0.5484509716930291
 0.3413639867766753 0.7915864702497802 0.5491332080119607
 0.3408857722079559 0.7923671948773652 0.5500253924009796
 0.3405162212945230 0.7929694480918458 0.5507137668527982
 0.3401646367773464 0.7935415598534621 0.5513678290320364
 0.3397942361915543 0.7941433840160865 0.5520560125676730
 0.3393360143979368 0.7948866181879952 0.5529060806693555
 0.3389648832177745 0.7954875570781762 0.5535934931330745
 0.3386086980122200 0.7960634279401653 0.5542522624127401
 0.3382306429709341 0.7966737314125559 0.5549504314289556
 0.3377954638971205 0.7973750756614731 0.5557527765917347
 0.3374253596096816 0.7979705574799666 0.5564340838348308
 0.3370666876787794 0.7985467832084318 0.5570934694640227
 0.3366837142078576 0.7991611173761273 0.5577966172132791
 0.3362585084893851 0.7998420719399633 0.5585762066378122
 0.3358899772104751 0.8004313098846446 0.5592509267602449
 0.3355320525448890 0.8010027440565645 0.5599053388573605
 0.3351522697722255 0.8016081678362614 0.5605987277238216
 0.3347120454618038 0.8023087787952595 0.5614011853767834
 0.3343406971426000 0.8028988060039248 0.5620770401010436
 0.3339835209791912 0.8034654822381496 0.5627262164986618
 0.3336093198941901 0.8040582960538155 0.5634054217321556
 0.3330949925485877 0.8048716471377262 0.5643374335106284
 0.3327138971213652 0.8054732266737028 0.5650268396581971
 0.3323533605180287 0.8060415099899263 0.5656781055682027
 0.3319739229564508 0.8066387032461924 0.5663625067573410
 0.3314986451980844 0.8073854673216125 0.5672183418088028
 0.3311173152473774 0.8079836009262369 0.5679038896184445
 0.3307521644642110 0.8085555103788017 0.5685594513480555
 0.3303661149920046 0.8091592546146333 0.5692515836289439
 0.3299045618313217 0.8098798733868953 0.5700777665885409
 0.3295212880200062 0.8104772810245517 0.5707626783097318
 0.3291516076031450 0.8110526492801498 0.5714222538470689
 0.3287576776966757 0.8116648426500060 0.5721239308784645
 0.3283160973161015 0.8123499682302315 0.5729090589643383
 0.3279352254162032 0.8129399557404249 0.5735850767013565
 0.3275654107996332 0.8135119789652999 0.5742404792734570
 0.3271715726811538 0.8141202588487749 0.5749374271840174
 0.3267281050532439 0.8148040810337995 0.5757209499350345
 0.3263474875041129 0.8153900548994428 0.5763923599046455
 0.3259796736688531 0.8159555001529807 0.5770402225555797
 0.3255928447891666 0.8165493143675093 0.5777205388662452
 0.3251017303954692 0.8173019455743261 0.5785827249332509
 0.3247137752397037 0.8178954851492929 0.5792626139238741
 0.3243451283912597 0.8184586695533342 0.5799077140102160
 0.3239607103780049 0.8190451046967192 0.5805794396142208
 0.3234181468930674 0.8198713342527826 0.5815258056868411
 0.3230216904815055 0.8204739928413093 0.5822160345691926
 0.3226484053077189 0.8210406019090214 0.5828649024508541
 0.3222566307899891 0.8216344167666390 0.5835448419304854
 0.3217478430622619 0.8224042810098672 0.5844262690962956
 0.3213508402393984 0.8230039770218239 0.5851128452065871
 0.3209715982315870 0.8235760103214951 0.5857677718610105
 0.3205689418652609 0.8241824720870506 0.5864621521882712
 0.3201044930386656 0.8248808699434410 0.5872618125601418
 0.3197095130202668 0.8254738554240845 0.5879407307719768
 0.3193265375278988 0.8260479867451642 0.5885979633645029
 0.3189171472144003 0.8266608152074395 0.5892993425456863
 0.3184652925138712 0.8273361317432599 0.5900720447083805
 0.3180725071592231 0.8279222510438874 0.5907425450510065
 0.3176906042078637 0.8284913181187850 0.5913934471331171
 0.3172842906424492 0.8290958817041367 0.5920848810054817
 0.3168239323517310 0.8297797708260759 0.5928669592987794
 0.3164305835321404 0.8303632004420610 0.5935340644631563
 0.3160513528100426 0.8309248959315576 0.5941762059773303
 0.3156540467233694 0.8315125309098877 0.5948478530846426
 0.3151077936070932 0.8323190802518966 0.5957694381909427
 0.3147039902359707 0.8329142738289528 0.5964493261591415
 0.3143232846982524 0.8334746256373629 0.5970892756938023
 0.3139258837491374 0.8340587295741037 0.5977562125692062
 0.3133487134679220 0.8349055721159934 0.5987228674879523
 0.3137335846201662 0.8343410724117898 0.5980785412952641
 0.3133548147593686 0.8348966292987225 0.5987126614052283
 0.3129687349653755 0.8354621303763061 0.5993579509133959
 0.3125861321951863 0.8360217668691095 0.5999963446110342
 0.3121841808803288 0.8366088801911525 0.6006658546447929
 0.3116310252022314 0.8374154757938010 0.6015852992841043
 0.3112174977300494 0.8380174331212746 0.6022712579724050
 0.3108252347561572 0.8385876202636275 0.6029208750758904
 0.3104098720266825 0.8391905217203652 0.6036076226590111
 0.3099243934444422 0.8398940758029522 0.6044087942065193
 0.3095143735725284 0.8404873379627734 0.6050841124808952
 0.3091171981219193 0.8410612001657994 0.6057370580473844
 0.3086931442803661 0.8416730157322003 0.6064328282880063
 0.3082258381651388 0.8423461839508938 0.6071979315317976
 0.3078184424951925 0.8429321541384013 0.6078635820261820
 0.3074215102432550 0.8435022755162970 0.6085109596343381
 0.3069978723031160 0.8441098881151501 0.6092006513631655
 0.3065305547505318 0.8447791151971177 0.6099599846534096
 0.3061246754399054 0.8453594822374670 0.6106182218255332
 0.3057314010755531 0.8459210509507704 0.6112548650617662
 0.3053178798136471 0.8465107117236608 0.6119230349752691
 0.3047988513090352 0.8472496370830396 0.6127598560403623
 0.3043856847288968 0.8478369121378390 0.6134245568567966
 0.3039935513756666 0.8483935247314057 0.6140542611924816
 0.3035869966529514 0.8489698231092763 0.6147059515423385
 0.3030692796937403 0.8497025442483540 0.6155341098302420
 0.3026485031449499 0.8502971197551874 0.6162057656822107
 0.3022539759292026 0.8508538359133486 0.6168343382968976
 0.3018504151525980 0.8514225332492312 0.6174761126305198
 0.3013836930219866 0.8520792751002995 0.6182168435097002
 0.3009514148190079 0.8526866324652265 0.6189015179933680
 0.3005492128928740 0.8532509431527132 0.6195373850473707
 0.3001442955002389 0.8538182982386306 0.6201764198084669
 0.2996975219640313 0.8544434125321765 0.6208801876710686
 0.2992438078494247 0.8550772880718869 0.6215934187977887
 0.2988302957843595 0.8556541676824890 0.6222421059709636
 0.2984193371650986 0.8562267035564306 0.6228854710293518
 0.2979716076611443 0.8568495843442756 0.6235848895764088
 0.2975072675649547 0.8574946048258659 0.6243086128460132
 0.2970877639291817 0.8580764976121319 0.6249610612374975
 0.2966720332153701 0.8586523689053233 0.6256063820998741
 0.2962169290509815 0.8592818843624279 0.6263114095912904
 0.2957563690214375 0.8599179968441523 0.6270233751910333
 0.2953382139660565 0.8604947165976083 0.6276684269144456
 0.2949240636756758 0.8610651428473777 0.6283059740127787
 0.2944742677526820 0.8616838005362484 0.6289968546738898
 0.2940095617869630 0.8623220240083430 0.6297089357786546
 0.2935926153051456 0.8628938437566593 0.6303463767682096
 0.2931842938224588 0.8634530941173013 0.6309693243094486
 0.2927523510932885 0.8640439022288635 0.6316269296480079
 0.2922475048434680 0.8647333959752940 0.6323937462633765
 0.2918235047017869 0.8653116189168265 0.6330362747961172
 0.2914180678485598 0.8658637991921282 0.6336493813024482
 0.2909989610582839 0.8664338525692216 0.6342818147855361
 0.2904771122988961 0.8671425982110342 0.6350673638404836
 0.2900404646155351 0.8677347344169913 0.6357230255774555
 0.2896323725517307 0.8682874130817687 0.6363344741128232
 0.2892187124486510 0.8688469121725030 0.6369529518147455
 0.2887550455583262 0.8694731896682116 0.6376446104696375
 0.2882991060642178 0.8700881483469061 0.6383230750819703
 0.2878811428955050 0.8706511210055563 0.6389435442783394
 0.2874671889474656 0.8712079755318826 0.6395566435272073
 0.2870243260884478 0.8718029307182665 0.6402109993860129
 0.2865201890909670 0.8724792163973223 0.6409539659006569
 0.2860845433020635 0.8730627802557848 0.6415943902684643
 0.2856624930922663 0.8736273902703529 0.6422134441824665
 0.2852169118077421 0.8742226902958932 0.6428655432245139
 0.2846794449608526 0.8749396759373494 0.6436500694428009
 0.2842317714279530 0.8755359838053013 0.6443017588445855
 0.2838003848752508 0.8761098330244251 0.6449281659414672
 0.2833402147794595 0.8767211481962770 0.6455946375831751
 0.2828351437995941 0.8773911383938726 0.6463240916188269
 0.2823909216568469 0.8779795724608079 0.6469639335354357
 0.2819569420889222 0.8785536842653093 0.6475875041329393
 0.2814884082579768 0.8791726742288062 0.6482590727201336
 0.2809983753391131 0.8798191449476377 0.6489596199243227
 0.2805597998592813 0.8803969349223969 0.6495849752242201
 0.2801301667634603 0.8809622179877742 0.6501960389789790
 0.2796706076199735 0.8815660838372884 0.6508479297215287
 0.2791703351219287 0.8822225210981259 0.6515554994264442
 0.2787323716815178 0.8827964098021702 0.6521731673661098
 0.2783091675473816 0.8833502617293630 0.6527684649398471
 0.2778674337367249 0.8839276362202393 0.6533882184094577
 0.2772556810841352 0.8847260150626793 0.6542438142627708
 0.2768053254241836 0.8853128578383875 0.6548716710914404
 0.2763838564930265 0.8858613697222162 0.6554576922939630
 0.2759485923334476 0.8864271382452723 0.6560612904725771
 0.2754024435141603 0.8871360406905954 0.6568163398705432
 0.2749487662588431 0.8877240750102645 0.6574415931433424
 0.2745260209385719 0.8882713340747107 0.6580226312379079
 0.2740981208004640 0.8888245982907735 0.6586092028630033
 0.2736217345025332 0.8894397667876093 0.6592603969238354
 0.2731441545983106 0.8900556479352156 0.6599112501600943
 0.2727103915482169 0.8906143076768503 0.6605006522187314
 0.2722832751744047 0.8911637441390161 0.6610793908020978
 0.2718313580963181 0.8917443709693549 0.6616899698609818
 0.2712653955477573 0.8924704955073216 0.6624521019035565
 0.2708078646094290 0.8930566710688034 0.6630661919472985
 0.2703715360346717 0.8936149929208443 0.6636501533851283
 0.2699163193781310 0.8941967691020333 0.6642576471252964
 0.2693172021975531 0.8949613462198134 0.6650543996490107
 0.2688446382204628 0.8955635366952626 0.6656805528726275
 0.2683964504915817 0.8961339487513061 0.6662724831683688
 0.2679248101589835 0.8967334604209810 0.6668933457861864
 0.2673600108592006 0.8974503833316484 0.6676341133124567
 0.2668872776923407 0.8980496052127820 0.6682519002676386
 0.2664299669854301 0.8986285553118173 0.6688476497134204
 0.2659365509161826 0.8992524210171797 0.6694883866002594
 0.2654175931593323 0.8999076969427713 0.6701599848780371
 0.2649524947408158 0.9004941994973538 0.6707598268733683
 0.2644935745283236 0.9010722045563208 0.6713497424437763
 0.2639893921014981 0.9017064117985255 0.6719955502124846
 0.2634845970439070 0.9023405495803468 0.6726397251948998
 0.2630270039829531 0.9029146682789253 0.6732215926294606
 0.2625746721294672 0.9034815139983499 0.6737948644199928
 0.2620833100101305 0.9040965176086954 0.6744154855699510
 0.2615739531429929 0.9047332199399080 0.6750565175219362
 0.2611193367464155 0.9053007910968927 0.6756266451867284
 0.2606756904302297 0.9058540286725276 0.6761811500782435
 0.2602081064437050 0.9064364384272867 0.6767635401197180
 0.2596405610523224 0.9071424265807926 0.6774675890326178
 0.2591768099413327 0.9077185480411327 0.6780405522700419
 0.2587372534454004 0.9082639900460650 0.6785816996014956
 0.2582852331486135 0.9088242697398824 0.6791362535929008
 0.2577435408504932 0.9094948628125654 0.6797982472753464
 0.2572679409928403 0.9100828894300574 0.6803771599146280
 0.2568269861977565 0.9106274607975793 0.6809119650097288
 0.2563851116799828 0.9111725720803282 0.6814460087867148
 0.2559055793071460 0.9117634677371376 0.6820234364606743
 0.2553875919288943 0.9124009676324842 0.6826446862582976
 0.2549321958305366 0.9129607681701517 0.6831887469346938
 0.2544912548230044 0.9135022082287453 0.6837136540086040
 0.2540338403918384 0.9140632644724636 0.6842562089919030
 0.2534710405164928 0.9147527342185136 0.6849209998486788
 0.2529896618407503 0.9153417169150991 0.6854871631325482
 0.2525405643882742 0.9158905904407870 0.6860133003970841
 0.2520863049587892 0.9164451748853243 0.6865434570368707
 0.2515820680048506 0.9170600741290463 0.6871295659301297
 0.2510691370375977 0.9176848234192776 0.6877232472622439
 0.2506040022429897 0.9182507049245597 0.6882594260690141
 0.2501447471253407 0.9188088279341698 0.6887868002538813
 0.2496547765967041 0.9194036190691565 0.6893472087343959
 0.2490801532738276 0.9201003102713855 0.6900014393410722
 0.2485924487223921 0.9206908921226341 0.6905541068167420
 0.2481204780274754 0.9212617900012499 0.6910866276952847
 0.2476197615885334 0.9218667840491741 0.6916490781658299
 0.2470337816346440 0.9225739214440210 0.6923040591512909
 0.2465345070292744 0.9231756847393743 0.6928594115665091
 0.2460481077556722 0.9237612775841503 0.6933980792888322
 0.2455191366903419 0.9243973977426641 0.6939812571142194
 0.2449681410511128 0.9250592039512150 0.6945857656356579
 0.2444704246285067 0.9256563187024974 0.6951291807176895
 0.2439732814303119 0.9262520891094260 0.6956694220249420
 0.2433999879896281 0.9269383074519445 0.6962892281439672
 0.2428736462184891 0.9275675671507568 0.6968552876929339
 0.2423839003586282 0.9281524270853586 0.6973794701075020
 0.2418835855790575 0.9287492672960151 0.6979125081715878
 0.2412238775324156 0.9295352681248118 0.6986116243491409
 0.2407110729834916 0.9301454743278851 0.6991521224392645
 0.2402302651825956 0.9307169998611584 0.6996565299155973
 0.2397291657479277 0.9313120246980772 0.7001797496442516
 0.2391101359639779 0.9320462152480414 0.7008225770056252
 0.2386121528999580 0.9326361474383538 0.7013368707031857
 0.2381402579176896 0.9331946082281259 0.7018219110302538
 0.2376505524927764 0.9337735674144118 0.7023229095724215
 0.2369744627088833 0.9345719182514945 0.7030107020922970
 0.2364745237234400 0.9351615503184998 0.7035164008595971
 0.2360077311972566 0.9357115450676612 0.7039863356222656
 0.2355263776305722 0.9362781491968536 0.7044686458848990
 0.2349193463741422 0.9369919024242944 0.7050735463401246
 0.2344201006746373 0.9375782669150547 0.7055682355353464
 0.2339557002858875 0.9381231795727948 0.7060261251041952
 0.2334860500374279 0.9386737397483604 0.7064869684715820
 0.2329625973584799 0.9392867676610802 0.7069979759178079
 0.2324422828315788 0.9398954938170245 0.7075031697916724
 0.2319707532913892 0.9404466093225665 0.7079586190792309
 0.2315080279141483 0.9409869421636577 0.7084033569834608
 0.2310221359969345 0.9415538050683790 0.7088680002642991
 0.2303169147805387 0.9423756027876562 0.7095380802385273
 0.2307871234688124 0.9418277901651100 0.7090918673435891
 0.2303236734516930 0.9423677321555273 0.7095316824724035
 0.2298527508846538 0.9429158893404355 0.7099763447534605
 0.2293890855260873 0.9434551187565035 0.7104119515132928
 0.2289097525785903 0.9440120711595585 0.7108599829767541
 0.2283418784452357 0.9446712515663774 0.7113877496955894
 0.2278316576518308 0.9452629108391520 0.7118591273740187
 0.2273583257014528 0.9458112906685872 0.7122940412481409
 0.2268840901161326 0.9463602353727036 0.7127274861955811
 0.2263699461299728 0.9469548338937062 0.7131948196172639
 0.2258079917131756 0.9476040842545214 0.7137025577547021
 0.2253151293116551 0.9481729631114407 0.7141452665736205
 0.2248367084891620 0.9487246878088413 0.7145726843607798
 0.2243370592581399 0.9493003865872308 0.7150166199388318
 0.2236719212532705 0.9500659646750093 0.7156036701717361
 0.2231507697561482 0.9506651815549988 0.7160604701782552
 0.2226606525239951 0.9512282127716486 0.7164875093755914
 0.2221538693687761 0.9518098804952283 0.7169264653498063
 0.2215208557449512 0.9525357099121641 0.7174710747213555
 0.2209862739707552 0.9531480557798991 0.7179278566971248
 0.2204826229561754 0.9537244567563851 0.7183556037513049
 0.2199629442841176 0.9543186807314444 0.7187943151201377
 0.2193151161454505 0.9550587029835822 0.7193374094233115
 0.2187658050693538 0.9556855552210798 0.7197945620046871
 0.2182455516580651 0.9562787169324840 0.7202246643561713
 0.2177009762193979 0.9568990599964635 0.7206718823829048
 0.2170237297823026 0.9576697556556185 0.7212238260491738
 0.2164683589729102 0.9583011213054907 0.7216730023509438
 0.2159276147374221 0.9589153115844022 0.7221074077604864
 0.2153219413318167 0.9596026138922512 0.7225905331294420
 0.2147331322497019 0.9602701400165250 0.7230566840821806
 0.2141855143760286 0.9608904074903077 0.7234870553962800
 0.2136194372955444 0.9615310198643948 0.7239286799063140
 0.2129493020849550 0.9622886582094716 0.7244471946919957
 0.2123867544717976 0.9629240522374367 0.7248789010093497
 0.2118390013601184 0.9635422070943820 0.7252961717646689
 0.2112193745650821 0.9642408498052919 0.7257645666238275
 0.2106405609147527 0.9648928819403987 0.7261986320154773
 0.2101044685034206 0.9654962823166955 0.7265976344106378
 0.2095584611118548 0.9661103461903882 0.7270009839020830
 0.2088413436941594 0.9669160940836341 0.7275260339973679
 0.2082827441882724 0.9675431450449736 0.7279313152225889
 0.2077585303435985 0.9681311332742091 0.7283087191117428
 0.2072096241704249 0.9687463410687712 0.7287008964790942
 0.2065616419261503 0.9694719701291807 0.7291599482570056
 0.2060242228552783 0.9700732810529386 0.7295374718345669
 0.2055097265458727 0.9706485177169902 0.7298961623021810
 0.2049693589069008 0.9712522348590947 0.7302699920849768
 0.2043151859462615 0.9719824945444437 0.7307185547395646
 0.2037815801855493 0.9725776781040860 0.7310811983320135
 0.2032733293034149 0.9731441787749732 0.7314239116791850
 0.2027438947678067 0.9737338773720507 0.7317781322357068
 0.2020052167066039 0.9745559388515141 0.7322676543677250
 0.2014665067904078 0.9751549515299127 0.7326212238055866
 0.2009610857662771 0.9757165633493290 0.7329503076020292
 0.2004345522078864 0.9763012413393268 0.7332904106004698
 0.1996924251322354 0.9771246454260528 0.7337650251020023
 0.1991551963302721 0.9777202232064722 0.7341051327115091
 0.1986515944402422 0.9782781536315573 0.7344213164760859
 0.1981279308277876 0.9788579355754700 0.7347474059607485
 0.1973173901690276 0.9797545928986665 0.7352467619179520
 0.1978578003940725 0.9791568663516875 0.7349145511083113
 0.1973540447345015 0.9797140633236268 0.7352243203747767
 0.1968468460235911 0.9802747196265781 0.7355336695897409
 0.1963467630110890 0.9808271704391811 0.7358361886815428
 0.1958258010864148 0.9814023309455053 0.7361487092787278
 0.1951369262460478 0.9821623217218066 0.7365578443859452
 0.1945971767999694 0.9827573578433911 0.7368751459412923
 0.1940930190448712 0.9833128154917120 0.7371689437975741
 0.1935769317408830 0.9838810784839991 0.7374671227319994
 0.1929700647577539 0.9845488655662494 0.7378144359482527
 0.1924212785918755 0.9851523422628803 0.7381254317958230
 0.1919125338485518 0.9857114519402007 0.7384111305668216
 0.1914022930567718 0.9862718849720642 0.7386951565973093
 0.1908441716554352 0.9868845442806736 0.7390029624313090
 0.1902595231382722 0.9875259187949947 0.7393221926746772
 0.1897376609606201 0.9880980694626482 0.7396043823101994
 0.1892276552088717 0.9886569093796519 0.7398776556697345
 0.1886908227023634 0.9892448150909018 0.7401626324615587
 0.1879745448741938 0.9900287175165263 0.7405386018368385
 0.1874286631262722 0.9906257414790167 0.7408218571199635
 0.1869123010115394 0.9911901692593024 0.7410871931742533
 0.1863740332774232 0.9917782232858458 0.7413611051251794
 0.1855828253103810 0.9926420298552517 0.7417588041066764
 0.1861103354898731 0.9920661937982420 0.7414943015888966
 0.1855921930973062 0.9926318065360009 0.7417541295193497
 0.1850661457535356 0.9932057481574047 0.7420153710969736
 0.1845456590745320 0.9937733281061347 0.7422713334901281
 0.1839999456112098 0.9943681058142965 0.7425370172063696
 0.1831989262817584 0.9952405731111008 0.7429220193545231
 0.1837329765222691 0.9946589625402865 0.7426659914692687
 0.1832092265419609 0.9952293583738105 0.7429171062280208
 0.1826762240657106 0.9958095371519953 0.7431700594488042
 0.1821473087320104 0.9963849774145280 0.7434184934039589
 0.1815893390750781 0.9969917184351005 0.7436778121097298
 0.1808594785323768 0.9977849016659616 0.7440127901734316
 0.1802918074104445 0.9984014575998916 0.7442700577644233
 0.1797501513425755 0.9989894630948711 0.7445128888912331
 0.1791774744408049 0.9996108340528463 0.7447668243337268
 0.1784831208888469  1.000363805882618 0.7450708492322039
 0.1779102668214019  1.000984677486681 0.7453184894763120
 0.1773572622928887  1.001583744810339 0.7455548316840577
 0.1767677070020836  1.002222096460929 0.7458038864988349
 0.1760917247678387  1.002953638583114 0.7460858122050710
 0.1755111697704664  1.003581582030329 0.7463248765652792
 0.1749438698014848  1.004194899323224 0.7465557683075145
 0.1743297566559414  1.004858508942611 0.7468026859506349
 0.1736701575802937  1.005570907023501 0.7470643631787093
 0.1730814768755721  1.006206396269147 0.7472947939008353
 0.1724967292092450  1.006837350873953 0.7475207638528806
 0.1718434119283921  1.007541957679417 0.7477697806335319
 0.1711969206632047  1.008238858770224 0.7480126025177591
 0.1705992174775487  1.008882867803361 0.7482338997155547
 0.1699906794868973  1.009538259552944 0.7484560111164291
 0.1692419955739168  1.010344190591921 0.7487247766784499
 0.1685990807820423  1.011035921358764 0.7489515678093055
 0.1679854187555907  1.011695887157019 0.7491646010172763
 0.1673261117536046  1.012404630520779 0.7493898288353139
 0.1666155930671647  1.013168070321578 0.7496285165565303
 0.1659761691681785  1.013854810146143 0.7498399718053341
 0.1653239583330199  1.014554985361963 0.7500526165293594
 0.1644875872877057  1.015452430931366 0.7503211190996795
 0.1638097005908588  1.016179467307048 0.7505354751634019
 0.1631288906287486  1.016909326581375 0.7507479051823538
 0.1623454564583902  1.017748821939761 0.7509888549764480
 0.1616641049221858  1.018478602537197 0.7511953350848751
 0.1609583556265329  1.019234198908846 0.7514061211482905
 0.1602203324610809  1.020024009909329 0.7516230764651700
 0.1595533089186069  1.020737546038295 0.7518160114044311
 0.1588551313366245  1.021484115503178 0.7520146853603401
 0.1581289896331713  1.022260274728370 0.7522177440458016
 0.1574773517887588  1.022956531511591 0.7523968926288230
 0.1568133282015572  1.023665767061540 0.7525765029232617
 0.1560303280892508  1.024501755013575 0.7527845423920243
 0.1553795939753695  1.025196263247313 0.7529543819437255
 0.1547423274720570  1.025876170678751 0.7531180263310875
 0.1539840761689689  1.026684870464103 0.7533092894396620
 0.1533257622326923  1.027386734667286 0.7534723233484666
 0.1527051829010340  1.028048159731858 0.7536234753461918
 0.1520485273204198  1.028747819224650 0.7537807806902455
 0.1513365753108755  1.029506149538618 0.7539483288970795
 0.1507115704237152  1.030171660714824 0.7540928761366287
 0.1500934785964969  1.030829622771962 0.7542335106436581
 0.1493843980971361  1.031584216455204 0.7543920320185380
 0.1487313589570237  1.032278961590692 0.7545353856712554
 0.1481225195970031  1.032926505909610 0.7546667866933734
 0.1474959529211065  1.033592727985825 0.7547997840683527
 0.1466269449841110  1.034516444687258 0.7549805722689520
 0.1459894950483351  1.035193814870933 0.7551105206320415
 0.1453794170476455  1.035841935180563 0.7552328015233856
 0.1446982020242696  1.036565442418672 0.7553669496135134
 0.1440419840905134  1.037262218464599 0.7554938143351098
 0.1434365469487986  1.037904919449867 0.7556088359263464
 0.1428225326230275  1.038556575548992 0.7557235349419247
 0.1420665463748853  1.039358703407834 0.7558621052687287
 0.1414282745471133  1.040035760407784 0.7559768602349616
 0.1408261295878419  1.040674353791631 0.7560832634206806
 0.1401940615048906  1.041344536418300 0.7561930293424125
 0.1394539321319815  1.042129111134635 0.7563190713604041
 0.1388320600800572  1.042788175390896 0.7564229143790167
 0.1382269251128219  1.043429371120988 0.7565221757741272
 0.1375630582118080  1.044132653415313 0.7566290686257533
 0.1368937770203255  1.044841520513476 0.7567347396471458
 0.1362843403996315  1.045486874108443 0.7568291549359251
 0.1356728272009024  1.046134305100914 0.7569221786869891
 0.1349632275939058  1.046885434014660 0.7570279958751729
 0.1343139836606258  1.047572536875998 0.7571228373919845
 0.1337067724888311  1.048215038930423 0.7572098589083068
 0.1330815150984321  1.048876520106028 0.7572978013376591
 0.1320674258541523  1.049949115369609 0.7574369231141699
 0.1327435019586204  1.049234067562671 0.7573446507182304
 0.1321411417179386  1.049871156633978 0.7574269541930730
 0.1315325344108587  1.050514747258108 0.7575085917342396
 0.1309195486664184  1.051162862607387 0.7575892963459135
 0.1302316323481583  1.051890079230358 0.7576780754843350
 0.1295649035556846  1.052594775770940 0.7577623386318664
 0.1289487520574620  1.053245910117629 0.7578386729294179
 0.1283222032222436  1.053907931025051 0.7579148036768737
 0.1275384398010696  1.054735926726395 0.7580079538564275
 0.1268859112776154  1.055425164630042 0.7580837712042152
 0.1262670354546021  1.056078760880654 0.7581542498329291
 0.1256088575153836  1.056773763979603 0.7582277115559597
 0.1248846753094988  1.057538347433447 0.7583068116396148
 0.1242495106450944  1.058208848476430 0.7583747476469729
 0.1236209639810598  1.058872274384321 0.7584407006187314
 0.1229068864291618  1.059625872198499 0.7585141531730886
 0.1222319251261758  1.060338087987772 0.7585822038317215
 0.1216026487162489  1.061002010662780 0.7586444963429931
 0.1209546060837905  1.061685646967424 0.7587075340329559
 0.1200058181274718  1.062686393078123 0.7587978812598386
 0.1206383534914889  1.062019238541732 0.7587379009049967
 0.1200228866225067  1.062668391459917 0.7587962757595650
 0.1193921335925994  1.063333589088016 0.7588551349197600
 0.1187535520741268  1.064006963484881 0.7589137539232806
 0.1180196777129874  1.064780725973361 0.7589799375206464
 0.1173369367875649  1.065500484522352 0.7590403891789730
 0.1166971217538552  1.066174911354563 0.7590960691341161
 0.1160320872662191  1.066875842903530 0.7591529557016489
 0.1152091836295879  1.067743055613210 0.7592219621127566
 0.1145414607585837  1.068446644656736 0.7592768368534918
 0.1138886984516694  1.069134395471535 0.7593295166755297
 0.1131366196598568  1.069926697145410 0.7593890297359988
 0.1124428116579012  1.070657528682650 0.7594428106713121
 0.1117897719573091  1.071345345187811 0.7594924511280849
 0.1111045102964157  1.072067026798039 0.7595435239724713
 0.1103152710731696  1.072898121679445 0.7596010647299154
 0.1096394519805183  1.073609706134477 0.7596492527686187
 0.1089691530441969  1.074315411167241 0.7596960631987221
 0.1081671724730383  1.075159667541927 0.7597507835095407
 0.1074626609987210  1.075901241375969 0.7597976986799851
 0.1067911935589931  1.076607968697753 0.7598414118913213
 0.1060649146998468  1.077372316849476 0.7598876003422746
 0.1053136927959930  1.078162842031932 0.7599341896510691
 0.1046287095062105  1.078883599547155 0.7599756272146385
 0.1039274215996257  1.079621452004792 0.7600170231018138
 0.1029710916442305  1.080627547148057 0.7600717994082327
 0.1022508948447391  1.081385149538634 0.7601117782100745
 0.1015402558764008  1.082132639035772 0.7601501614202979
 0.1004797745893349  1.083248007195640 0.7602054919163581
 0.1011867689870675  1.082504434957157 0.7601688627240826
 0.1005059215977046  1.083220508383899 0.7602041555713112
 0.9980614831687942E-01  1.083956434888702 0.7602394366548296
 0.9908264251134080E-01  1.084717266167483 0.7602748597267157
 0.9805254978780105E-01  1.085800409791265 0.7603234458331947
 0.9730135596088645E-01  1.086590225690070 0.7603575120607516
 0.9655213616132990E-01  1.087377913303040 0.7603903498036226
 0.9565486562027058E-01  1.088321186316390 0.7604281941692578
 0.9490107370929152E-01  1.089113570439927 0.7604587490552542
 0.9413723837747642E-01  1.089916463646007 0.7604885636023644
 0.9320539725006478E-01  1.090895889969671 0.7605233748761326
 0.9243076624875385E-01  1.091710027276198 0.7605510114127573
 0.9164108610461759E-01  1.092539935857035 0.7605779774168310
 0.9073119532967634E-01  1.093496124729155 0.7606075533579285
 0.8993952240586081E-01  1.094328035512986 0.7606319986662626
 0.8911635592089670E-01  1.095192998455737 0.7606561571567978
 0.8821622345322895E-01  1.096138788793336 0.7606811192007266
 0.8740122477401638E-01  1.096995087428534 0.7607024300993263
 0.8652595843364376E-01  1.097914668288028 0.7607239896499075
 0.8562934715261251E-01  1.098856634903598 0.7607447081475555
 0.8477796999857842E-01  1.099751044156405 0.7607631679716913
 0.8377838231136731E-01  1.100801114345262 0.7607834282418501
 0.8286525780023533E-01  1.101760318692512 0.7608006964023349
 0.8193166501419516E-01  1.102740991047775 0.7608172234453452
 0.8090687542504690E-01  1.103817423031654 0.7608341540858664
 0.7994477653827452E-01  1.104827973039444 0.7608489753966543
 0.7877397641420933E-01  1.106057695530396 0.7608656874371464
 0.7775911682624628E-01  1.107123597510833 0.7608790451972928
 0.7659296363369368E-01  1.108348368678757 0.7608931501107516
 0.7554826124516957E-01  1.109445556058978 0.7609046972601423
 0.7440030972069699E-01  1.110651151822183 0.7609162395683056
 0.7334229648327162E-01  1.111762269570305 0.7609258457158184
 0.7219791944007563E-01  1.112964063166816 0.7609351566768965
 0.7114384168456628E-01  1.114071008185493 0.7609427756834513
 0.6998604633289962E-01  1.115286854502767 0.7609501267892733
 0.6893771855352748E-01  1.116387730207808 0.7609558948791588
 0.6768106471415376E-01  1.117707359009335 0.7609617329816704
 0.6661361761130523E-01  1.118828288265610 0.7609658007158144
 0.6517408884555882E-01  1.120339928806425 0.7609700510363089
 0.6405255194577385E-01  1.121517640276412 0.7609724474825463
 0.6259959543388366E-01  1.123043364321443 0.7609745133876148
 0.6139827644926073E-01  1.124304844473166 0.7609755101017284
 0.5970145612075869E-01  1.126086637297501 0.7609761825588285
 0.5835178872270746E-01  1.127503891531163 0.7609763735970231
 0.5671843126175133E-01  1.129219041662326 0.7609764405086343
 0.5517003744413320E-01  1.130844973369708 0.7609764523312135
 0.5340837362413156E-01  1.132694854840046 0.7609764540114974
 0.5150059171268941E-01  1.134698171456471 0.7609764541239216
 0.4921160099978379E-01  1.137101786409639 0.7609764541271026
 0.4642034260911265E-01  1.140032820759471 0.7609764541270381
 0.4232870164586396E-01  1.144329356060732 0.7609764541270339
 0.3355605914068571E-01  1.153541300253147 0.7609764541270339
-0.1534510880027241E-02  1.190389077022808 0.7609764541270339
-0.1407334882108353  1.336558627424046 0.7609764541270339
