RUNGE KUTTA: X Z PHI
 0.4997735786157489 0.4324290384972723E-01 0.5235987755982988E-02
 0.4972476285346606 0.2161636298890225 0.1853480894741501E-01
 0.4994716834367476 0.1009001089826968 0.5235989396487085E-02
 0.4996729468894152 0.6246197222738376E-01 0.5235987755982988E-02
 0.4992692999197744 0.1393382398265973 0.5459764600972195E-02
 0.4995387712543035 0.8808739673092580E-01 0.5235987755990278E-02
 0.4996282216777113 0.7100378039523110E-01 0.5235987755982988E-02
 0.4994493208220314 0.1051710130665741 0.5236026673950108E-02
 0.4995685880621060 0.8239285795236090E-01 0.5235987755982990E-02
 0.4994567683471464 0.1037486501379097 0.5236007441556191E-02
 0.4995313148326819 0.8951145534759042E-01 0.5235987756099263E-02
 0.4994975506530414 0.9595987969984669E-01 0.5235987874765115E-02
 0.4994725752135143 0.1007297926400449 0.5235991587812266E-02
 0.4994892255079821 0.9754985067992036E-01 0.5235988190127766E-02
 0.4994726366666842 0.1007180560655683 0.5235991564783681E-02
 0.4994570025428285 0.1037039205979272 0.5236008876305216E-02
 0.4994420151097489 0.1065662576543006 0.5236073402353571E-02
 0.4994263105175490 0.1095654871304968 0.5236286603080539E-02
 0.4994104726041764 0.1125899617750490 0.5236876130858563E-02
 0.4993970490145074 0.1151529766314472 0.5238005148164862E-02
 0.4993853475135746 0.1173865595933066 0.5239857630596412E-02
 0.4993745136351463 0.1194536087224864 0.5242732106283893E-02
 0.4993627452649215 0.1216973012981909 0.5247743593565923E-02
 0.4993525687438735 0.1236353652054243 0.5254300912085565E-02
 0.4993437883066365 0.1253052605559558 0.5262133560321427E-02
 0.4993353267997390 0.1269117976425890 0.5272040909729342E-02
 0.4993263126849277 0.1286194679452821 0.5285639888550191E-02
 0.4993185412877298 0.1300877741292665 0.5300273553156255E-02
 0.4993101863951621 0.1316613274041405 0.5319396605691718E-02
 0.4993026647687129 0.1330726645838858 0.5339928465006642E-02
 0.4992952712242966 0.1344542644808279 0.5363425778863615E-02
 0.4992878590019759 0.1358328473333255 0.5390488877260121E-02
 0.4992807991333059 0.1371390566370624 0.5419713522904125E-02
 0.4992734589727942 0.1384892202048370 0.5453867354858638E-02
 0.4992665773745985 0.1397469491091837 0.5489567999125281E-02
 0.4992593670608537 0.1410555436607145 0.5531019648635595E-02
 0.4992525605485702 0.1422814330381984 0.5574218888158372E-02
 0.4992455006665634 0.1435424599299925 0.5623585098275804E-02
 0.4992387105085825 0.1447443949139577 0.5675929304882755E-02
 0.4992318403843009 0.1459486907552500 0.5734399374597006E-02
 0.4992250411068818 0.1471279059588334 0.5798596678885242E-02
 0.4992185260407405 0.1482449893314172 0.5867054294228053E-02
 0.4992107574440685 0.1495590203889418 0.5959159452669553E-02
 0.4992042661545691 0.1506405771151331 0.6046112660060912E-02
 0.4991973774029496 0.1517705026798325 0.6149198653544685E-02
 0.4991903470684245 0.1529032369451549 0.6265934302823002E-02
 0.4991836733450575 0.1539582985198006 0.6386634963027788E-02
 0.4991762801711532 0.1551032439416884 0.6529578647723647E-02
 0.4991685868110684 0.1562676767231037 0.6685779834268299E-02
 0.4991610977914610 0.1573749273326691 0.6842408702682415E-02
 0.4991523534534059 0.1586358525678647 0.7028260890979360E-02
 0.4991434525096547 0.1598854367685482 0.7218677070569494E-02
 0.4991338710377343 0.1611942278608708 0.7423659782000599E-02
 0.4991237439028013 0.1625388946394327 0.7639604971461008E-02
 0.4991131491284972 0.1639056536423319 0.7864488925336637E-02
 0.4991026887268855 0.1652173516291065 0.8085408355008724E-02
 0.4990917973828319 0.1665456362740223 0.8314184589059182E-02
 0.4990809706138030 0.1678303984342428 0.8540346415225509E-02
 0.4990697223473905 0.1691297247108902 0.8774065974457172E-02
 0.4990584141551927 0.1704016285580842 0.9007807296264190E-02
 0.4990467581854354 0.1716786488097667 0.9247472580515167E-02
 0.4990349327232304 0.1729409365926542 0.9489374016249625E-02
 0.4990228389401051 0.1741990889777152 0.9735558204975292E-02
 0.4990104788045993 0.1754525710695744 0.9985931991254055E-02
 0.4989979449552906 0.1766920544420981 0.1023852273949178E-01
 0.4989850324743798 0.1779374831492323 0.1049738824822613E-01
 0.4989720280996717 0.1791611872339665 0.1075676381295458E-01
 0.4989585396423472 0.1803997307440506 0.1102438962862049E-01
 0.4989450086779008 0.1816124065804251 0.1129138090419779E-01
 0.4989309159322048 0.1828453992547608 0.1156789284573857E-01
 0.4989167895812196 0.1840521784020523 0.1184352633943499E-01
 0.4989022434334464 0.1852658947116174 0.1212576423947092E-01
 0.4988874416269945 0.1864723611956200 0.1241127906132472E-01
 0.4988724317819559 0.1876678471910951 0.1269908441262381E-01
 0.4988570829219544 0.1888627138380694 0.1299166097294783E-01
 0.4988418420014055 0.1900229168365651 0.1328043936508542E-01
 0.4988259312783181 0.1912075794158072 0.1357987915120913E-01
 0.4988109359326554 0.1923004974840982 0.1385990090786358E-01
 0.4987936452549442 0.1935337499101393 0.1417963841715256E-01
 0.4987780108899020 0.1946252875780206 0.1446523733589534E-01
 0.4987619274983792 0.1957260598221222 0.1475491481589445E-01
 0.4987420295454006 0.1970586347657421 0.1510700747501077E-01
 0.4987234081464382 0.1982781208559992 0.1543067121597700E-01
 0.4987053872229281 0.1994343227250165 0.1573996229654329E-01
 0.4986884725806344 0.2004991286421028 0.1602847055349084E-01
 0.4986708436826425 0.2015887002216286 0.1632907433485646E-01
 0.4986525748786130 0.2026968163478105 0.1664198182497926E-01
 0.4986360055498181 0.2036839173863644 0.1692769751440304E-01
 0.4986186360396495 0.2047008969983281 0.1722919062206870E-01
 0.4985992017621950 0.2058178201224014 0.1756830681710025E-01
 0.4985815490442481 0.2068137923479883 0.1787715567843198E-01
 0.4985622993874442 0.2078804304372709 0.1821399823954748E-01
 0.4985423078571744 0.2089675060597776 0.1856319188657485E-01
 0.4985224129341017 0.2100292400762801 0.1890954969670927E-01
 0.4984996055111520 0.2112227848824699 0.1930476543316364E-01
 0.4984785471408582 0.2123033493130320 0.1966772295280797E-01
 0.4984546333202024 0.2135065737232139 0.2007761520813256E-01
 0.4984332473093601 0.2145620330951201 0.2044217518415754E-01
 0.4984090844078342 0.2157321808344209 0.2085179596475571E-01
 0.4983872128601499 0.2167717590361796 0.2122047872914845E-01
 0.4983626355346347 0.2179186625522700 0.2163245987789862E-01
 0.4983397842725664 0.2189656363582343 0.2201341084225909E-01
 0.4983162762204853 0.2200240052876285 0.2240324779572293E-01
 0.4982917766550120 0.2211076395297798 0.2280727505523330E-01
 0.4982683450996422 0.2221262655700963 0.2319153175313586E-01
 0.4982411701739199 0.2232867501732647 0.2363461414907000E-01
 0.4982170041660664 0.2243006520796166 0.2402641183008975E-01
 0.4981894566556739 0.2254365026694243 0.2447050247046407E-01
 0.4981642670929536 0.2264572736556527 0.2487419845703455E-01
 0.4981383371526599 0.2274909282034422 0.2528741045100250E-01
 0.4981112715867012 0.2285520326637091 0.2571627802052701E-01
 0.4980855320146821 0.2295448975456321 0.2612190266412246E-01
 0.4980554729745453 0.2306850942002086 0.2659285860134705E-01
 0.4980288766424704 0.2316772705779310 0.2700709312503667E-01
 0.4979997663640877 0.2327459760341341 0.2745788544849455E-01
 0.4979718889462068 0.2337531363979119 0.2788715466535095E-01
 0.4979441289745148 0.2347407970076615 0.2831232810112608E-01
 0.4979123800707434 0.2358523989294924 0.2879580738884928E-01
 0.4978841612332969 0.2368248844720484 0.2922303433844198E-01
 0.4978512548471377 0.2379411579156870 0.2971835155047588E-01
 0.4978218756657819 0.2389222031371373 0.3015807882664866E-01
 0.4977917156009831 0.2399145848775234 0.3060711460631795E-01
 0.4977598755822932 0.2409466013472334 0.3107854843277763E-01
 0.4977300237168553 0.2419000842368803 0.3151811244557412E-01
 0.4976946974794954 0.2430114271216128 0.3203533622821036E-01
 0.4976636093558813 0.2439747273288125 0.3248797656678311E-01
 0.4976312441083962 0.2449634713551885 0.3295675054846414E-01
 0.4975978779829999 0.2459682055073508 0.3343737834569325E-01
 0.4975662227746476 0.2469081835470076 0.3389087478871191E-01
 0.4975284799800651 0.2480126605681144 0.3442849904908726E-01
 0.4974955470659181 0.2489624118796065 0.3489497452525472E-01
 0.4974612752909508 0.2499374116233785 0.3537785982870801E-01
 0.4974258761177048 0.2509306374905932 0.3587387837001344E-01
 0.4973924221879776 0.2518567651285661 0.3634006127535563E-01
 0.4973522999835981 0.2529519839885829 0.3689594015224848E-01
 0.4973173696614357 0.2538921512234315 0.3737713116850717E-01
 0.4972815332001775 0.2548442329099425 0.3786819987076437E-01
 0.4972434157390871 0.2558434832503410 0.3838762028708939E-01
 0.4972080851369938 0.2567576957031251 0.3886638134977896E-01
 0.4971670403241383 0.2578057592527980 0.3941940272603757E-01
 0.4971299627816225 0.2587399777902504 0.3991615202237195E-01
 0.4970928402399667 0.2596637724029371 0.4041089796495572E-01
 0.4970500475135198 0.2607147633932039 0.4097798176045141E-01
 0.4970125356015497 0.2616241827048399 0.4147222800733458E-01
 0.4969713688821665 0.2626098375264843 0.4201161209598416E-01
 0.4969318107979161 0.2635451443734190 0.4252705643548588E-01
 0.4968932845727649 0.2644452353825236 0.4302644559297878E-01
 0.4968462417598263 0.2655302623818448 0.4363276321111580E-01
 0.4968063498317146 0.2664386256096918 0.4414391731159953E-01
 0.4967648362972535 0.2673728287587027 0.4467296655023383E-01
 0.4967218021711095 0.2683296599930627 0.4521840176521476E-01
 0.4966815030643129 0.2692152852924577 0.4572651279627900E-01
 0.4966350104898504 0.2702248912711531 0.4630956944743666E-01
 0.4965926047741550 0.2711347399622894 0.4683842888355405E-01
 0.4965506571486003 0.2720247197895487 0.4735882953572570E-01
 0.4964989712921113 0.2731079765491497 0.4799640773635550E-01
 0.4964559517455854 0.2739986961820656 0.4852414869136603E-01
 0.4964104406195387 0.2749305301508633 0.4907962475807207E-01
 0.4963646096982160 0.2758583250082866 0.4963606339192752E-01
 0.4963211677099009 0.2767282150175814 0.5016077635394014E-01
 0.4962703564299471 0.2777342085004432 0.5077122044797316E-01
 0.4962246708966228 0.2786284546325190 0.5131719223850979E-01
 0.4961794544324659 0.2795042059122307 0.5185495506806918E-01
 0.4961233375542417 0.2805785436614526 0.5251878847182918E-01
 0.4960769714647608 0.2814560180602183 0.5306428813275335E-01
 0.4960283036492497 0.2823674080493643 0.5363400443568146E-01
 0.4959786014487144 0.2832882368446958 0.5421291191568796E-01
 0.4959319441235736 0.2841437526034695 0.5475376831133595E-01
 0.4958791262876631 0.2851020936924690 0.5536305714778687E-01
 0.4958297267129903 0.2859889195816086 0.5593002829053683E-01
 0.4957816619141077 0.2868431992379210 0.5647899554061039E-01
 0.4957215477824287 0.2879000331422119 0.5716193904756542E-01
 0.4956714917531221 0.2887704544655934 0.5772763740522927E-01
 0.4956208937207202 0.2896416757131398 0.5829678016029018E-01
 0.4955642136708538 0.2906075788437479 0.5893113249485681E-01
 0.4955139199295902 0.2914559856239479 0.5949115652979454E-01
 0.4954603669155015 0.2923506389902235 0.6008455559701251E-01
 0.4954057990125734 0.2932532049438463 0.6068620829762758E-01
 0.4953546634840477 0.2940909124926334 0.6124737420905061E-01
 0.4952976305209783 0.2950162248179362 0.6187029411970225E-01
 0.4952431272907110 0.2958918286437217 0.6246265260016280E-01
 0.4951906991754507 0.2967262929389523 0.6302975181357530E-01
 0.4951282500003113 0.2977105124106530 0.6370185576070783E-01
 0.4950732067429149 0.2985694377539044 0.6429131184824134E-01
 0.4950189981233618 0.2994076724649994 0.6486921601173438E-01
 0.4949504187343899 0.3004574864600981 0.6559662249571956E-01
 0.4948945229933253 0.3013045606061915 0.6618641065873000E-01
 0.4948375046544138 0.3021609010142702 0.6678520130889544E-01
 0.4947751440526365 0.3030887241888923 0.6743689951859007E-01
 0.4947191068519382 0.3039148431480925 0.6801976663660812E-01
 0.4946596349752981 0.3047838833592106 0.6863556767724699E-01
 0.4945981647035596 0.3056739628132014 0.6926902921076926E-01
 0.4945411663542859 0.3064920400056302 0.6985363330543869E-01
 0.4944792115940740 0.3073735187265734 0.7048607840636584E-01
 0.4944175209270996 0.3082434088801799 0.7111282377477116E-01
 0.4943593599658804 0.3090565263595305 0.7170105355362355E-01
 0.4942947613467119 0.3099518539913517 0.7235141235143329E-01
 0.4942324660416657 0.3108076591357082 0.7297559149942158E-01
 0.4941730394221912 0.3116172511865798 0.7356827435476510E-01
 0.4941054411071233 0.3125302684987299 0.7423923597641520E-01
 0.4940423559175773 0.3133749062619841 0.7486241273750437E-01
 0.4939815608874085 0.3141822445739230 0.7546032497880838E-01
 0.4939101214834424 0.3151227897965055 0.7615965054648664E-01
 0.4938461201138922 0.3159580918764288 0.7678314609657970E-01
 0.4937837931854930 0.3167650357633707 0.7738758655749557E-01
 0.4937055782496537 0.3177687971168234 0.7814236502483653E-01
 0.4936404664399357 0.3185970211455511 0.7876764268575606E-01
 0.4935761141204429 0.3194091365630080 0.7938298491505301E-01
 0.4934940703725125 0.3204354182785029 0.8016370788885611E-01
 0.4934280898011454 0.3212535272656213 0.8078847215804069E-01
 0.4933611442586729 0.3220771466183050 0.8141955647285072E-01
 0.4932860249076255 0.3229937447954463 0.8212440057578832E-01
 0.4932198596545729 0.3237945783976035 0.8274243787076797E-01
 0.4931511723505064 0.3246196189166701 0.8338131799320776E-01
 0.4930760519445091 0.3255147076522213 0.8407684815621923E-01
 0.4930088063558207 0.3263096906610827 0.8469660305762325E-01
 0.4929385820280170 0.3271336873759706 0.8534092467692894E-01
 0.4928624783668872 0.3280196585101020 0.8603593717630406E-01
 0.4927940011136261 0.3288107332809410 0.8665850163061913E-01
 0.4927223811033789 0.3296320396701938 0.8730685687085030E-01
 0.4926448417475760 0.3305143594903883 0.8800558851025304E-01
 0.4925750571831631 0.3313024512051241 0.8863156432689633E-01
 0.4925021393190680 0.3321199856892455 0.8928275515466839E-01
 0.4924228947267641 0.3330016997113907 0.8998719017552040E-01
 0.4923517563942724 0.3337873411318415 0.9061678102768872E-01
 0.4922776121713451 0.3346003714583374 0.9127023693534886E-01
 0.4921964105515874 0.3354841162784722 0.9198268973216885E-01
 0.4921238796369272 0.3362677063781582 0.9261621535472565E-01
 0.4920485668933937 0.3370756779141921 0.9327120598469416E-01
 0.4919651741571021 0.3379637170328353 0.9399318872842655E-01
 0.4918912115564480 0.3387456251263051 0.9463074580594122E-01
 0.4918147541637748 0.3395483675632712 0.9528711956465408E-01
 0.4917289238973770 0.3404429310454709 0.9602069957041898E-01
 0.4916534878518172 0.3412235137441640 0.9666256543899303E-01
 0.4915758805040125 0.3420211514481549 0.9732010092847192E-01
 0.4914874229131233 0.3429237344025572 0.9806617504310369E-01
 0.4914104781203628 0.3437032551305664 0.9871230535237538E-01
 0.4913316877085067 0.3444961803878149 0.9937125373797608E-01
 0.4912404449174272 0.3454078507105300 0.1001309528982658
 0.4911619631385062 0.3461864755742297 0.1007814555599521
 0.4910819375178632 0.3469752350935050 0.1014419465214299
 0.4909879236487168 0.3478953035171546 0.1022143460507959
 0.4909079016918645 0.3486729525921925 0.1028688746894970
 0.4908265919250167 0.3494580393753070 0.1035312551202481
 0.4907298598477394 0.3503854883507431 0.1043157545954374
 0.4906483043185059 0.3511619968936157 0.1049741721573148
 0.4905656790833861 0.3519437134463436 0.1056384270869210
 0.4904663128721625 0.3528772987868247 0.1064336218454216
 0.4903832338585210 0.3536524922992870 0.1070955234746040
 0.4902992734084299 0.3544310304220888 0.1077617850564152
 0.4901972392783711 0.3553706709590540 0.1085678733986307
 0.4901126338610173 0.3561445033562891 0.1092332490968187
 0.4900273225318817 0.3569200060230359 0.1099013987298797
 0.4899226436628500 0.3578651117821460 0.1107175022605582
 0.4898365141558618 0.3586375015541043 0.1113860084818535
 0.4897498394693197 0.3594100852398841 0.1120560930047690
 0.4896424720710293 0.3603606956113465 0.1128824626235407
 0.4895548090157993 0.3611316686586521 0.1135541068224728
 0.4894667524818529 0.3619014949948709 0.1142259788761738
 0.4893567962838991 0.3628564044629752 0.1150610985883688
 0.4892676060253150 0.3636258620202669 0.1157354617228390
 0.4891781575724650 0.3643930259024177 0.1164091081170197
 0.4890661504066528 0.3653473887344594 0.1172488808950462
 0.4889754662702778 0.3661150386363335 0.1179256805296116
 0.4888846814307385 0.3668791087344863 0.1186004414425352
 0.4887703544307430 0.3678351122436317 0.1194462862337673
 0.4886781244489601 0.3686013833938259 0.1201255869477425
 0.4885860198423893 0.3693622675146862 0.1208013066263664
 0.4884691361145230 0.3703217040269132 0.1216550036752288
 0.4883753150538500 0.3710869353587722 0.1223371368234596
 0.4882818892862845 0.3718446806647104 0.1230136293209871
 0.4881623411352553 0.3728081941448569 0.1238753269126113
 0.4880669077081898 0.3735725145275275 0.1245601344785166
 0.4879721432380978 0.3743272955046836 0.1252375168266698
 0.4878498216901045 0.3752955007262134 0.1261080293843750
 0.4877527603694299 0.3760589810151413 0.1267956581407103
 0.4876566490548971 0.3768108839618587 0.1274738311019101
 0.4875314953090561 0.3777839685559745 0.1283529451460386
 0.4874327971927143 0.3785466270485108 0.1290431550694641
 0.4873353174280172 0.3792958406653840 0.1297222591774325
 0.4872072542059845 0.3802741212778059 0.1306105381839581
 0.4871069040897438 0.3810360190981347 0.1313034726189590
 0.4870080340667904 0.3817827197514054 0.1319834936522641
 0.4868771140973135 0.3827655194089730 0.1328799126112125
 0.4867751152854670 0.3835265832130276 0.1335752216690374
 0.4866748330594214 0.3842709474988524 0.1342562684613167
 0.4865410209064460 0.3852582773045369 0.1351610909268740
 0.4864373673657111 0.3860185043996752 0.1358588567909627
 0.4863356553745334 0.3867606660934956 0.1365408847679749
 0.4861989979722627 0.3877519395848533 0.1374531519058989
 0.4860936959606336 0.3885112453302176 0.1381530143846556
 0.4859905428654103 0.3892512946316024 0.1388360628998181
 0.4858509867976884 0.3902466733275614 0.1397561954073084
 0.4857440311183736 0.3910050564824445 0.1404582647258705
 0.4856394302059286 0.3917430438798392 0.1411422447850652
 0.4854974137809481 0.3927392411774203 0.1420667896160691
 0.4853888358529747 0.3934964655005474 0.1427705713875820
 0.4852828122547080 0.3942322398279503 0.1434552994600118
 0.4851411876655723 0.3952095517434477 0.1443661179783098
 0.4850311224420274 0.3959647820818976 0.1450709096400115
 0.4849239160575147 0.3966968338246486 0.1457548006482904
 0.4847882312643401 0.3976183801156105 0.1466167410974592
 0.4846767381156150 0.3983715252218890 0.1473220682637527
 0.4845688223051970 0.3990970350808176 0.1480023144149230
 0.4844426070085559 0.3999412983829121 0.1487948781867694
 0.4843288396271516 0.4006984023008685 0.1495064446159022
 0.4842203056049734 0.4014172838674652 0.1501827474033020
 0.4841016259357038 0.4021996209250697 0.1509194544260237
 0.4839826232164217 0.4029802113487928 0.1516552846700673
 0.4838725302230166 0.4036989478058024 0.1523335348423722
 0.4837578860924966 0.4044439559540295 0.1530373341146812
 0.4836257991768177 0.4052980206860789 0.1538450674208394
 0.4835123716011714 0.4060278144325944 0.1545359759998822
 0.4833986668951232 0.4067560773405853 0.1552260405147100
 0.4832471166860442 0.4077216481658283 0.1561419168471405
 0.4831295834766377 0.4084665393095656 0.1568492751116059
 0.4830148325302124 0.4091905155244833 0.1575374856452131
 0.4828692125633264 0.4101046412414807 0.1584074380017581
 0.4827499267828996 0.4108496662977554 0.1591172090031129
 0.4826346721592664 0.4115663158600273 0.1598005274497691
 0.4825013945637326 0.4123911627725640 0.1605877073740459
 0.4823794185975225 0.4131424740918031 0.1613054011435151
 0.4822636008592222 0.4138527175471628 0.1619845150846460
 0.4821387138822091 0.4146151956099786 0.1627142855184541
 0.4820094330907524 0.4154008481844333 0.1634669569158760
 0.4818915498157746 0.4161140391862637 0.1641507752597808
 0.4817705177482908 0.4168431454215484 0.1648503690033366
 0.4816204311871770 0.4177429230483876 0.1657144591548203
 0.4814980586683891 0.4184730305269838 0.1664162575664695
 0.4813771905580559 0.4191910950188592 0.1671070826836185
 0.4812219988019747 0.4201086593359250 0.1679906873386591
 0.4810963476424668 0.4208479771765580 0.1687032677143492
 0.4809749898869232 0.4215590229927797 0.1693890727707034
 0.4808347610547844 0.4223769974528928 0.1701785809086512
 0.4807062683802903 0.4231231296859140 0.1708993261635171
 0.4805844304906375 0.4238276658629921 0.1715804483918546
 0.4804536567062193 0.4245807128901408 0.1723090856342278
 0.4803165360197250 0.4253668334526552 0.1730703661358687
 0.4801923432537678 0.4260758040666411 0.1737574397892897
 0.4800656013709319 0.4267963884234486 0.1744562250613435
 0.4799043654947768 0.4277088494377664 0.1753417662478995
 0.4797750927522073 0.4284370406167043 0.1760490839226195
 0.4796483748032268 0.4291479520669595 0.1767401825133899
 0.4794927571595725 0.4300171298086224 0.1775858854833303
 0.4793605569112449 0.4307522045826417 0.1783016922036867
 0.4792337346307604 0.4314545532861625 0.1789860793025103
 0.4790928342978840 0.4322316622409422 0.1797438123472364
 0.4789555034443985 0.4329858752168329 0.1804797581068535
 0.4788275412246108 0.4336858171545553 0.1811632695422230
 0.4786940392396100 0.4344131941736101 0.1818741251266573
 0.4785402978866992 0.4352472580026714 0.1826898991895536
 0.4784082869555091 0.4359604035991291 0.1833878940544958
 0.4782768386476733 0.4366677612375077 0.1840806189178730
 0.4781111638415231 0.4375554391138272 0.1849504888950853
 0.4779742902522984 0.4382855907611513 0.1856665032274182
 0.4778426925514605 0.4389848904536009 0.1863527351410953
 0.4776947998737988 0.4397676469438433 0.1871214104975988
 0.4775534330259688 0.4405127981294550 0.1878536406288858
 0.4774210139981784 0.4412080966825053 0.1885372484473699
 0.4772821220094114 0.4419346189734800 0.1892519012009855
 0.4771253722248924 0.4427511909820673 0.1900555782968428
 0.4769890409994937 0.4434585281940980 0.1907521801880629
 0.4768529138327536 0.4441621747637340 0.1914455850437134
 0.4766813401805131 0.4450453407845584 0.1923165016043895
 0.4765395677230937 0.4457720241934679 0.1930335532074637
 0.4764033767649624 0.4464675010489177 0.1937201407062418
 0.4762509769089203 0.4472427652656993 0.1944858657969639
 0.4761042083840760 0.4479864340223959 0.1952207927879531
 0.4759671013820256 0.4486785622449325 0.1959051966072192
 0.4758239454310842 0.4493985875367670 0.1966176329722391
 0.4756594144846710 0.4502228276410623 0.1974337157944666
 0.4755178941022593 0.4509290049304586 0.1981332950057703
 0.4753773452865511 0.4516278090930901 0.1988258811947927
 0.4752056888627407 0.4524779024614755 0.1996688285333880
 0.4750587709864617 0.4532025657944559 0.2003878098468271
 0.4749183232148909 0.4538928266667062 0.2010730524078661
 0.4747646152835837 0.4546454971058661 0.2018206949524702
 0.4746101798541500 0.4553988542705490 0.2025694367611575
 0.4744680370975440 0.4560897247846420 0.2032563799226006
 0.4743219774925541 0.4567971405193513 0.2039600371916684
 0.4741393580116406 0.4576781122535144 0.2048367111256547
 0.4739912178250100 0.4583899136281087 0.2055453995939403
 0.4738462947394987 0.4590838218924128 0.2062366184783543
 0.4736749661796971 0.4599010874989599 0.2070511432574045
 0.4735225618731508 0.4606253098492726 0.2077732660091032
 0.4733777826068698 0.4613109060916812 0.2084571042730445
 0.4732224157955018 0.4620440723127788 0.2091886150928213
 0.4730591684599507 0.4628115919960605 0.2099546809094227
 0.4729116397854006 0.4635027358628531 0.2106448129593795
 0.4727622871547500 0.4642000559348228 0.2113414340387598
 0.4725594893289169 0.4651431338492867 0.2122840664759857
 0.4724044751248188 0.4658611009512056 0.2130020216536665
 0.4722549403736339 0.4665513327404430 0.2136924652906176
 0.4720810890996252 0.4673509260149323 0.2144925796832883
 0.4719231805581248 0.4680745367582844 0.2152169663629123
 0.4717738052564783 0.4687567388236728 0.2159002166925804
 0.4716151458539469 0.4694789100057813 0.2166238545180847
 0.4714437718009468 0.4702561673421991 0.2174030699043154
 0.4712908740287933 0.4709472067956308 0.2180961247336412
 0.4711374737565009 0.4716382461082167 0.2187893967707692
 0.4709464008578926 0.4724958433871541 0.2196500685942498
 0.4707864314934102 0.4732111770014277 0.2203682705766045
 0.4706334120410543 0.4738931856340584 0.2210533131480563
 0.4704655324609240 0.4746389216924017 0.2218027060702002
 0.4702980332760743 0.4753803811435983 0.2225481071456255
 0.4701434163084572 0.4760625437190948 0.2232341048454848
 0.4699848791601330 0.4767597582494192 0.2239354056726342
 0.4697835045546514 0.4776421201570771 0.2248231875548132
 0.4696217778600442 0.4783481553672201 0.2255338073050705
 0.4694645358377278 0.4790324118389611 0.2262227532696115
 0.4692830530124946 0.4798194830189892 0.2270155120857901
 0.4691164927521113 0.4805393405995150 0.2277407937715805
 0.4689593038447412 0.4812165254464946 0.2284232182563810
 0.4687935867116714 0.4819281890319974 0.2291405021970147
 0.4686102708790805 0.4827127503372124 0.2299314158481688
 0.4684487360053251 0.4834017821360986 0.2306262110163405
 0.4682879444698212 0.4840855130435783 0.2313158682794894
 0.4680960856826895 0.4848985953319782 0.2321362627592443
 0.4679273803594913 0.4856111009117371 0.2328553635888855
 0.4677669785668074 0.4862864275887339 0.2335370538365993
 0.4675953546186179 0.4870067447229716 0.2342642599510155
 0.4674142210195343 0.4877644664136295 0.2350293719294634
 0.4672506083040512 0.4884467003781142 0.2357184384250648
 0.4670859867633053 0.4891310576254481 0.2364098563604284
 0.4668811026698618 0.4899799002701011 0.2372677373133427
 0.4667097521386219 0.4906873718852729 0.2379829265879809
 0.4665458242107387 0.4913621359463337 0.2386651579599086
 0.4663671406369114 0.4920953619497013 0.2394065979350381
 0.4661870109386483 0.4928321409538241 0.2401517640234636
 0.4660211011305768 0.4935086603091058 0.2408361476646048
 0.4658521602050867 0.4941954913495672 0.2415311496566751
 0.4656262298054787 0.4951108135319882 0.2424576247411375
 0.4654518243260773 0.4958149094086107 0.2431704357376081
 0.4652835867417931 0.4964920756160151 0.2438560398805526
 0.4650923781115834 0.4972593037072907 0.2446328784280838
 0.4649137506820992 0.4979737649545212 0.2453563686807662
 0.4647454832852980 0.4986447879381767 0.2460359838688937
 0.4645700862380200 0.4993421937983668 0.2467424551612925
 0.4643656548261235 0.5001524283349693 0.2475633654756047
 0.4641916798732580 0.5008397543407610 0.2482598107727046
 0.4640202659988881 0.5015150023011272 0.2489440286978953
 0.4638231169399717 0.5022892438671962 0.2497285608807313
 0.4636418958760913 0.5029987025190218 0.2504474930897984
 0.4634706935871123 0.5036669929000948 0.2511247925258405
 0.4632913088303001 0.5043652119520285 0.2518325357479625
 0.4630867328358693 0.5051589916256591 0.2526372565050426
 0.4629102687540698 0.5058415794951773 0.2533292957585095
 0.4627356929619208 0.5065149528064985 0.2540119895006017
 0.4625346171254234 0.5072882073649301 0.2547959370871150
 0.4623502678265811 0.5079949611847213 0.2555124943210270
 0.4621761142633040 0.5086607296675933 0.2561875703391570
 0.4619934959775660 0.5093568939198840 0.2568935651213799
 0.4617847475096187 0.5101502277911973 0.2576981971924957
 0.4616051162928352 0.5108308358872170 0.2583885232609096
 0.4614275056009303 0.5115019236383551 0.2590691699930265
 0.4612237618965714 0.5122694883950795 0.2598476279406355
 0.4610358650613631 0.5129752264491511 0.2605633764175279
 0.4608586924813042 0.5136388305367556 0.2612364293242379
 0.4606733321640330 0.5143311912341377 0.2619387034813938
 0.4604572754709583 0.5151357638537644 0.2627548340969345
 0.4602739379235022 0.5158164462663876 0.2634452648546057
 0.4600933885935481 0.5164849550213190 0.2641232706294711
 0.4598875660532409 0.5172448543256615 0.2648938565251556
 0.4596958835822155 0.5179504702296237 0.2656093219030142
 0.4595156626193941 0.5186120813028454 0.2662801449637102
 0.4593277487637392 0.5193000771786669 0.2669777178982279
 0.4591020857558805 0.5201237971911009 0.2678128745482686
 0.4589148270402666 0.5208052920601490 0.2685037504040457
 0.4587313439354617 0.5214712656876552 0.2691787752490565
 0.4585231044191189 0.5222249777172676 0.2699425819735054
 0.4583277672716815 0.5229299601286945 0.2706568974169836
 0.4581445413232094 0.5235894606318763 0.2713250780737861
 0.4579540969345655 0.5242731391083458 0.2720177279500525
 0.4577194934836202 0.5251128375297643 0.2728683838193481
 0.4575284885298923 0.5257944601191943 0.2735587952585644
 0.4573420902367147 0.5264579037177468 0.2742306566691481
 0.4571312208270156 0.5272063917236980 0.2749884685919800
 0.4569322388805396 0.5279107000493729 0.2757014166893452
 0.4567459589893751 0.5285683159019027 0.2763670277365206
 0.4565529111320212 0.5292480696586823 0.2770549998208178
 0.4563111703935825 0.5300967808145614 0.2779138862071537
 0.4561164420646324 0.5307784355043969 0.2786035893791325
 0.4559270819664437 0.5314395977517016 0.2792724064866184
 0.4557138642111306 0.5321820688927059 0.2800232814679087
 0.4555109205828758 0.5328868190687160 0.2807358483598580
 0.4553214975566125 0.5335429194050930 0.2813991251780851
 0.4551260029554924 0.5342183436885689 0.2820818568394958
 0.4548747933212780 0.5350837368844329 0.2829564623500494
 0.4546760294343898 0.5357664643353012 0.2836462731995069
 0.4544836741858651 0.5364255143523775 0.2843119523836461
 0.4542679881755262 0.5371625682677145 0.2850561558760653
 0.4540611275463456 0.5378675594524023 0.2857677480099523
 0.4538685967706704 0.5385220515295479 0.2864281991276264
 0.4536705804780600 0.5391935317207366 0.2871056479417467
 0.4534094224590084 0.5400765751084196 0.2879962957069906
 0.4532067608971114 0.5407598420677531 0.2886852007079849
 0.4530114332367007 0.5414167550079719 0.2893472880861536
 0.4527928142665707 0.5421501189395500 0.2900861348487696
 0.4525823091375202 0.5428544017028945 0.2907954274501873
 0.4523867004626554 0.5435072196735722 0.2914527155107259
 0.4521858828646438 0.5441758039893153 0.2921257391536042
 0.4519165106480964 0.5450700743846076 0.2930257219663309
 0.4517101874234886 0.5457530697073957 0.2937128591155557
 0.4515118125598718 0.5464081605120503 0.2943717019378186
 0.4512899145310997 0.5471390948970337 0.2951065581140282
 0.4510758097398834 0.5478425334774268 0.2958135385805312
 0.4508770981548639 0.5484938061340711 0.2964679300076757
 0.4506734481870198 0.5491596854629914 0.2971368640328124
 0.4503997537970901 0.5500520929309980 0.2980331291206372
 0.4501898513389219 0.5507345749883444 0.2987183159619365
 0.4499885470151008 0.5513875429535064 0.2993736187463616
 0.4497645716108398 0.5521122692037920 0.3001006236410471
 0.4495460825436096 0.5528174502759435 0.3008077260001288
 0.4493441383651015 0.5534676690882789 0.3014594945704988
 0.4491380683782104 0.5541296351352618 0.3021228439652622
 0.4488745637540842 0.5549738554657649 0.3029685283328650
 0.4486615789409786 0.5556543922369945 0.3036499488979307
 0.4484581131989150 0.5563029991868498 0.3042991061073825
 0.4482370968843298 0.5570058892636756 0.3050022538724809
 0.4480098624990164 0.5577267604232831 0.3057230506055625
 0.4478037568303367 0.5583790417576594 0.3063750161411291
 0.4475964198834240 0.5590337312992240 0.3070291879498355
 0.4473506150494052 0.5598079670230657 0.3078025572601519
 0.4471329587820620 0.5604918136702571 0.3084853742878687
 0.4469272750734287 0.5611365643677131 0.3091288853776756
 0.4467112482890566 0.5618121996694672 0.3098029194388986
 0.4464596214694975 0.5625972043324429 0.3105856940805769
 0.4462465672776705 0.5632602264822886 0.3112465687951226
 0.4460377468333079 0.5639086182120560 0.3118926637102168
 0.4458029850430694 0.5646358500830180 0.3126170944638037
 0.4455773524401112 0.5653331098125226 0.3133114090904099
 0.4453680026603507 0.5659785785167073 0.3139538756363421
 0.4451537623542327 0.5666376676348752 0.3146095901921365
 0.4448736436422424 0.5674972165608617 0.3154642680515675
 0.4446525762893391 0.5681738114336736 0.3161366939917538
 0.4444413037726245 0.5688189929360251 0.3167776628581720
 0.4442107412874094 0.5695214917137790 0.3174753219283228
 0.4439761849761396 0.5702344678622003 0.3181830870579636
 0.4437626361189408 0.5708821146959155 0.3188256935372294
 0.4435475253464615 0.5715330883125710 0.3194712734561638
 0.4432917773011717 0.5723052106712225 0.3202365729638730
 0.4430659296009091 0.5729854214546842 0.3209104317813061
 0.4428526494526729 0.5736263785297762 0.3215451582671115
 0.4426289477333260 0.5742972004267219 0.3222092333193803
 0.4423658756016492 0.5750841913402435 0.3229880053410130
 0.4421447194260249 0.5757442173369676 0.3236408475269056
 0.4419285306598727 0.5763880403266820 0.3242773750549168
 0.4416870662770216 0.5771055355849006 0.3249864002830004
 0.4414521784906009 0.5778018797614082 0.3256742163258026
 0.4412350739330824 0.5784441021645559 0.3263083516311574
 0.4410139190342189 0.5790969300642886 0.3269527735077410
 0.4407368596233744 0.5799128362164131 0.3277579089254865
 0.4405074849263727 0.5805866897794596 0.3284226030524195
 0.4402892625696006 0.5812264214696319 0.3290533748034392
 0.4400558338744357 0.5819092743136446 0.3297263586218899
 0.4398043861087260 0.5826431646962659 0.3304493090760292
 0.4395814330051930 0.5832924462203668 0.3310886645627840
 0.4393601555956885 0.5839355156001782 0.3317217072912143
 0.4391083617018461 0.5846656668483805 0.3324402447846082
 0.4388708546868861 0.5853528340474119 0.3331162281845005
 0.4386496583376918 0.5859914615339396 0.3337442005397576
 0.4384226546561588 0.5866455115501843 0.3343870524008823
 0.4381182609295057 0.5875204178728186 0.3352465459486615
 0.4378842779436611 0.5881913040967474 0.3359053336085594
 0.4376606502348586 0.5888311747775981 0.3365334886523089
 0.4374152993541993 0.5895317223565804 0.3372210359996706
 0.4371687429458012 0.5902341616789539 0.3379102433714836
 0.4369434262146432 0.5908747384939644 0.3385385494115354
 0.4367162274089119 0.5915193679501695 0.3391706104880324
 0.4364458769303096 0.5922847436269079 0.3399207843311126
 0.4362068783024584 0.5929598429825621 0.3405822656543550
 0.4359815984991801 0.5935948949359556 0.3412043737241555
 0.4357462915409550 0.5942568780100350 0.3418527513630719
 0.4354591487395180 0.5950628532564578 0.3426419905119311
 0.4352241759615827 0.5957209013168060 0.3432861878856938
 0.4349959018018681 0.5963589115840954 0.3439105680268822
 0.4347428891746679 0.5970646012222635 0.3446009351358817
 0.4344932660673059 0.5977593388931931 0.3452803579656927
 0.4342638027714074 0.5983966642290387 0.3459034723902469
 0.4340315474333888 0.5990404791171927 0.3465328040732615
 0.4337513716690258 0.5998154463121824 0.3472901691889445
 0.4335081332393319 0.6004867607329627 0.3479460539239749
 0.4332784107417228 0.6011195138416325 0.3485640732307928
 0.4330374879628629 0.6017818113734695 0.3492107359939436
 0.4327520791711333 0.6025646816590541 0.3499748730472718
 0.4325134896896683 0.6032177053234320 0.3506121170048085
 0.4322809084163650 0.6038530451801088 0.3512320189765037
 0.4320232464893403 0.6045554772233528 0.3519173094543701
 0.4317685518404945 0.6052483610141405 0.3525931960598280
 0.4315346071224552 0.6058835250102714 0.3532126707663771
 0.4312980566069974 0.6065245336404522 0.3538377189455514
 0.4310140467240037 0.6072925239070310 0.3545864272040166
 0.4307657154066909 0.6079625918054585 0.3552395711280548
 0.4305315624385394 0.6085931755637766 0.3558541870543607
 0.4302868990322126 0.6092507989642540 0.3564951407049731
 0.4299876155106256 0.6100534857725243 0.3572774432765075
 0.4297432155336252 0.6107075546651684 0.3579148287726095
 0.4295060909765421 0.6113409409157776 0.3585319592080895
 0.4292443935471103 0.6120385861398645 0.3592115740197067
 0.4289838345790543 0.6127317681496357 0.3598867378505202
 0.4287451783091711 0.6133654374995723 0.3605038895923335
 0.4285045062356906 0.6140032615287491 0.3611250778558294
 0.4282192522301494 0.6147576867415173 0.3618598241160492
 0.4279655798913436 0.6154271827616025 0.3625118304199325
 0.4277271098774811 0.6160553583336169 0.3631235426247901
 0.4274794384950985 0.6167065493230599 0.3637575991378381
 0.4271656852222737 0.6175297077759639 0.3645590298144042
 0.4269153209892775 0.6181851417684632 0.3651971663223456
 0.4266739717819457 0.6188157903484527 0.3658112234838638
 0.4264093237135918 0.6195059891452362 0.3664833465959221
 0.4261421476449120 0.6202013770826453 0.3671605960167386
 0.4258986295539684 0.6208339673990731 0.3677767160065180
 0.4256540041575528 0.6214682666818215 0.3683945024746382
 0.4253690557042960 0.6222056537376278 0.3691126938454993
 0.4251094427896521 0.6228761101907430 0.3697657303085787
 0.4248664095201867 0.6235025739039579 0.3703759856640298
 0.4246159536677241 0.6241469873773630 0.3710038205763552
 0.4242771940897777 0.6250167024121988 0.3718513011637364
 0.4240196444877878 0.6256764686385272 0.3724942641700576
 0.4237737333593347 0.6263052547613576 0.3731070510002504
 0.4235051822245994 0.6269906363670217 0.3737750013026089
 0.4232319745593968 0.6276865228224657 0.3744532290262804
 0.4229837618462458 0.6283175448484577 0.3750683216892616
 0.4227350188397822 0.6289487746534396 0.3756837372398935
 0.4224478176501483 0.6296761860057749 0.3763930933518476
 0.4221828303503954 0.6303459984996361 0.3770464235355906
 0.4219354265974751 0.6309702128055820 0.3776553731902792
 0.4216815155289294 0.6316096943432667 0.3782792964408938
 0.4213488851609480 0.6324456773939924 0.3790950838842730
 0.4210865213174585 0.6331036663139580 0.3797373428990432
 0.4208370297291671 0.6337282357818397 0.3803471616105192
 0.4205692662750338 0.6343973193324273 0.3810006584777048
 0.4202827397807636 0.6351118873377929 0.3816988092137552
 0.4200281397120010 0.6357456252238332 0.3823181461064046
 0.4197760259944933 0.6363720586984605 0.3829304586828922
 0.4194937108793969 0.6370722232613639 0.3836149650686946
 0.4192196103223406 0.6377506962338927 0.3842784176610645
 0.4189668580684633 0.6383751804769993 0.3848892510572061
 0.4187110552934686 0.6390060874509659 0.3855065690665141
 0.4184056733641601 0.6397578144946650 0.3862423798573914
 0.4181365665395623 0.6404189352725468 0.3868897262740563
 0.4178835989733670 0.6410392913486976 0.3874973183734102
 0.4176211975569202 0.6416816457123504 0.3881266081130915
 0.4172838354151163 0.6425058107735419 0.3889342688705841
 0.4170174204800279 0.6431553157001664 0.3895710298794108
 0.4167616406128754 0.6437777869960424 0.3901815550014106
 0.4164833972513164 0.6444537010802364 0.3908448190337482
 0.4161967941871359 0.6451485942733938 0.3915270449433347
 0.4159378346972978 0.6457753092527333 0.3921425970923654
 0.4156795339139323 0.6463993435792523 0.3927557354665188
 0.4153868519093412 0.6471051347911912 0.3934494616990315
 0.4151082962469482 0.6477755787198005 0.3941087277344117
 0.4148501696269811 0.6483957416547682 0.3947188361304440
 0.4145879414837340 0.6490246689218292 0.3953378752903152
 0.4142702404430564 0.6497851773111732 0.3960868446638313
 0.4139952932404242 0.6504420524744472 0.3967340913398881
 0.4137363545331540 0.6510595926748729 0.3973428323044172
 0.4134667351512191 0.6517014872539144 0.3979758256830934
 0.4131292663543016 0.6525033143658540 0.3987669137364645
 0.4128577959318409 0.6531470444950452 0.3994023848526329
 0.4125964022069897 0.6537658025401181 0.4000135602115288
 0.4123125387857133 0.6544365573643611 0.4006765194842714
 0.4120184920561127 0.6551300712859894 0.4013624339178469
 0.4117535926413377 0.6557537098575181 0.4019796136037671
 0.4114900528797293 0.6563730882090542 0.4025929072882866
 0.4111942956835399 0.6570669319881962 0.4032803257279815
 0.4109076223776135 0.6577382058491089 0.4039458080361092
 0.4106432428529636 0.6583561825533056 0.4045588629892501
 0.4103760089627154 0.6589797686376070 0.4051779089034797
 0.4100613825541718 0.6597125807723052 0.4059059318541329
 0.4097786329621159 0.6603698941583761 0.4065594146241045
 0.4095136961005205 0.6609847262543100 0.4071710178000351
 0.4092407181692407 0.6616171389877303 0.4078004371400655
 0.4088681136639473 0.6624785970988969 0.4086583572068972
 0.4085869485929744 0.6631273084128251 0.4093048578903004
 0.4083197659034431 0.6637426962294238 0.4099185504894908
 0.4080315307697878 0.6644054161616587 0.4105799040549918
 0.4077278876848813 0.6651022691801918 0.4112758248020074
 0.4074564472483918 0.6657240991845993 0.4118972325255718
 0.4071876544346040 0.6663388273950243 0.4125119023585132
 0.4068895361746415 0.6670194213565844 0.4131928515737602
 0.4065935391264052 0.6676939276906586 0.4138681837333533
 0.4063225291368819 0.6683104110557837 0.4144858841949197
 0.4060502709991141 0.6689286948087367 0.4151058706987045
 0.4057372572276216 0.6696382507166928 0.4158179899338643
 0.4054459991651240 0.6702972631795981 0.4164799432194639
 0.4051748828905870 0.6709096437567207 0.4170955039750898
 0.4048983153666694 0.6715332900267538 0.4177228058886998
 0.4045550105936445 0.6723059603123314 0.4185005901860960
 0.4042667463229391 0.6729535035638864 0.4191529534394398
 0.4039950898464957 0.6735627011720514 0.4197671702552410
 0.4037117076357343 0.6741971240338358 0.4204073444743397
 0.4033597998904329 0.6749834438030020 0.4212015304930452
 0.4030749598031766 0.6756186803675510 0.4218436875305721
 0.4028011112423112 0.6762283758753529 0.4224604743777182
 0.4025064062345707 0.6768833842719443 0.4231235880286591
 0.4021912615738804 0.6775825399181599 0.4238319859986392
 0.4019113848169433 0.6782023466184605 0.4244605473839931
 0.4016350293240015 0.6788133378612972 0.4250807280091232
 0.4013298805633101 0.6794868176435411 0.4257650006958397
 0.4010243210782082 0.6801599778835287 0.4264496273513422
 0.4007456181000034 0.6807729062876526 0.4270735499406391
 0.4004666956746111 0.6813853030169085 0.4276974265731486
 0.4001507466242092 0.6820777736327027 0.4284034619664854
 0.3998495396777558 0.6827367306908898 0.4290759223683859
 0.3995710313453292 0.6833449885484708 0.4296971917549836
 0.3992894746811838 0.6839588908987391 0.4303247821793201
 0.3989611165169337 0.6846735567774259 0.4310560856048223
 0.3986618163689437 0.6853237805388437 0.4317220725556102
 0.3983823962823145 0.6859297880931906 0.4323432721557266
 0.3980966175803764 0.6865485640221994 0.4329780381582138
 0.3977383091539730 0.6873229284998951 0.4337731086972480
 0.3974405522475299 0.6879652044264445 0.4344331948161393
 0.3971596602475950 0.6885700852866647 0.4350554270656796
 0.3968658164721713 0.6892018042208307 0.4357058988856414
 0.3965097378197236 0.6899658814217565 0.4364935223932558
 0.3962165130430214 0.6905939082314748 0.4371415809062485
 0.3959340347917005 0.6911979158734021 0.4377653989956025
 0.3956310621541659 0.6918446561767123 0.4384339277380811
 0.3953025842318600 0.6925445721860801 0.4391581098048645
 0.3950132485046456 0.6931599948550129 0.4397954911661475
 0.3947291589097356 0.6937632693485080 0.4404208832399423
 0.3944202567549401 0.6944181253459550 0.4411004184151670
 0.3940976428931828 0.6951008205243122 0.4418095580874460
 0.3938081428952488 0.6957123772388910 0.4424453830158455
 0.3935213805707122 0.6963171611915433 0.4430746726436989
 0.3932046653053974 0.6969839757495906 0.4437690823941450
 0.3928870391076447 0.6976515104954184 0.4444648779898026
 0.3925975659142154 0.6982588370125969 0.4450985168184018
 0.3923082261628217 0.6988648950916893 0.4457314437440338
 0.3919821975726236 0.6995466224105986 0.4464441465138906
 0.3916684639221837 0.7002014644873231 0.4471294792710023
 0.3913792309342581 0.7008041488421053 0.4477608341878964
 0.3910879265012633 0.7014101652069875 0.4483962433285635
 0.3907542080848485 0.7021032079135785 0.4491235880053966
 0.3904414801246227 0.7027514908315537 0.4498046470578581
 0.3901513692126679 0.7033518816528053 0.4504360199208599
 0.3898575122401343 0.7039590401505184 0.4510751438572401
 0.3895146237218055 0.7046662573966077 0.4518203913667571
 0.3892019505464047 0.7053099864271893 0.4524994425659986
 0.3889102044438800 0.7059096295910507 0.4531325488865117
 0.3886123354867876 0.7065208635463667 0.4537784183829273
 0.3882465511874618 0.7072700926978207 0.4545708256051125
 0.3879351877854774 0.7079066682831896 0.4552447496746962
 0.3876423884285015 0.7085043001031236 0.4558780427313785
 0.3873388891994338 0.7091227619858304 0.4565340480476544
 0.3869406862553864 0.7099326555145876 0.4573940908632289
 0.3866311873498106 0.7105609237335504 0.4580619983075692
 0.3863368814008833 0.7111573707476120 0.4586966378741640
 0.3860240165383415 0.7117903854439991 0.4593707669326331
 0.3856718252373682 0.7125016858148219 0.4601289913567911
 0.3853681156617733 0.7131139833048123 0.4607823277286046
 0.3850723431707122 0.7137093148381105 0.4614181605038291
 0.3847546682444983 0.7143476753282220 0.4621006118342261
 0.3844085665714813 0.7150419177972911 0.4628435524440048
 0.3841042886746338 0.7156512011680207 0.4634961688247672
 0.3838058083971370 0.7162479105462420 0.4641358161470483
 0.3834817981973684 0.7168945803741185 0.4648295600618832
 0.3831421154509415 0.7175713295000294 0.4655561966004997
 0.3828381126655420 0.7181759552919144 0.4662059752301897
 0.3825377478022913 0.7187723858463113 0.4668475239826149
 0.3822084939690323 0.7194250883983476 0.4675502799783263
 0.3818724891854093 0.7200899999254854 0.4682668982414779
 0.3815687180713250 0.7206901079685618 0.4689142626319295
 0.3812674422533817 0.7212843357929739 0.4695558041541396
 0.3809367544856868 0.7219354887281588 0.4702593832112362
 0.3805989533286470 0.7225994790472142 0.4709774711682957
 0.3802934808648763 0.7231989091998718 0.4716263196517682
 0.3799905364467790 0.7237924305769374 0.4722693351679988
 0.3796584994764934 0.7244418686210004 0.4729735696677097
 0.3793174382986551 0.7251077846350482 0.4736963294404336
 0.3790093873916640 0.7257082308850688 0.4743485520967440
 0.3787037352774620 0.7263030500580324 0.4749951112866109
 0.3783669657419042 0.7269573323649060 0.4757068073538723
 0.3780266887961092 0.7276172688357563 0.4764252096383269
 0.3777176732598701 0.7282155699299288 0.4770770419400358
 0.3774100756211314 0.7288101773829682 0.4777253844671470
 0.3770687804674314 0.7294688208361033 0.4784441923589302
 0.3767298436312813 0.7301217681808950 0.4791574367350471
 0.3764206016872814 0.7307165176612460 0.4798076416514748
 0.3761123457050768 0.7313084321643976 0.4804552206749479
 0.3757712864979820 0.7319622472153883 0.4811710545098353
 0.3754292298017136 0.7326168302255655 0.4818883012117915
 0.3751180267996673 0.7332113775123359 0.4825402858360376
 0.3748085522107102 0.7338016886063681 0.4831881333634115
 0.3744685594376525 0.7344491417985298 0.4838992706976301
 0.3741209324372864 0.7351099785449994 0.4846256944285011
 0.3738064700738588 0.7357067676298688 0.4852821748229795
 0.3734944084677798 0.7362980630444355 0.4859330066242701
 0.3731513065200434 0.7369470997894172 0.4866478333212065
 0.3728023124427961 0.7376061327171547 0.4873741663755356
 0.3724861117159459 0.7382022417537664 0.4880316261496174
 0.3721718727631776 0.7387937160084710 0.4886844612482420
 0.3718247183986019 0.7394460634872047 0.4894050679592156
 0.3714765476198949 0.7400991844962627 0.4901271268993220
 0.3711599688209394 0.7406920588478237 0.4907830614085978
 0.3708452309601530 0.7412805593389069 0.4914345739526223
 0.3704991374468933 0.7419266265910723 0.4921502725369868
 0.3701470404535805 0.7425827630017136 0.4928776167039817
 0.3698285470689632 0.7431752937960825 0.4935348968669797
 0.3695132229427034 0.7437610099751565 0.4941850469200965
 0.3691702549913875 0.7443970406820835 0.4948915247572099
 0.3688093697314185 0.7450651396935011 0.4956341218086427
 0.3684869090412579 0.7456611022516990 0.4962969221352879
 0.3681692245100299 0.7462473163656890 0.4969491966441236
 0.3678249575936003 0.7468815535281427 0.4976552459849556
 0.3674595378052649 0.7475535940517626 0.4984037906393324
 0.3671341815010851 0.7481509472104583 0.4990695479123883
 0.3668137477495041 0.7487383387423215 0.4997246141190628
 0.3664652462698719 0.7493761444117127 0.5004363875180288
 0.3661012004157462 0.7500412484111082 0.5011791500367772
 0.3657752673343933 0.7506357277622681 0.5018434587532848
 0.3654539526489686 0.7512208680402793 0.5024976789821364
 0.3651053651330148 0.7518546500984499 0.5032066491553258
 0.3647379868735841 0.7525214469587942 0.5039529660382649
 0.3644106835177843 0.7531145173064904 0.5046171467361411
 0.3640893261538756 0.7536959091744311 0.5052686223974443
 0.3637442981732043 0.7543191311961960 0.5059673904424478
 0.3633653268269385 0.7550024828234124 0.5067340563477858
 0.3630338772756886 0.7555991335742142 0.5074038257745382
 0.3627106416802378 0.7561800930804117 0.5080562884652300
 0.3623656948358176 0.7567990924362983 0.5087517984059657
 0.3619787949861742 0.7574921732027753 0.5095309719564876
 0.3616431728762681 0.7580923706823520 0.5102061324439892
 0.3613165355745578 0.7586755886090973 0.5108625923431991
 0.3609671077476667 0.7592985070024337 0.5115641870386405
 0.3605821061262799 0.7599836583714684 0.5123363826183166
 0.3602452841655364 0.7605820547434627 0.5130111832054283
 0.3599167062226468 0.7611648961283591 0.5136687321861040
 0.3595645441424943 0.7617885789400437 0.5143726359465743
 0.3591802386971931 0.7624680202693016 0.5151397885532304
 0.3588432397493432 0.7630628259089135 0.5158116718089473
 0.3585148381379514 0.7636415622867758 0.5164656902072725
 0.3581650934038058 0.7642569433397199 0.5171614444768404
 0.3577714553614302 0.7649483654815572 0.5179435596769236
 0.3574315167652144 0.7655444547693098 0.5186181386578356
 0.3571023274529669 0.7661208059455135 0.5192706204120540
 0.3567545325351557 0.7667287852550587 0.5199591547707220
 0.3563447798240926 0.7674438291300204 0.5207692864822052
 0.3559992686054900 0.7680457260325023 0.5214515560855153
 0.3556666448608500 0.7686242753004143 0.5221076784137912
 0.3553154281047557 0.7692342124357476 0.5227997444152483
 0.3549044934722083 0.7699466212550607 0.5236084993416922
 0.3545560638562780 0.7705496285490389 0.5242933537614967
 0.3542199593313496 0.7711304037606838 0.5249531634867532
 0.3538632414392615 0.7717458329246359 0.5256525301747010
 0.3534612249665768 0.7724382270755038 0.5264395908787309
 0.3531136282084936 0.7730358842439975 0.5271191924943530
 0.3527767781874532 0.7736141733378660 0.5277770120296791
 0.3524189772403089 0.7742274737778646 0.5284749440705184
 0.3520157867793812 0.7749173994137547 0.5292604278295094
 0.3516677815196661 0.7755118955986096 0.5299375390492161
 0.3513312985953936 0.7760858317825771 0.5305914450837462
 0.3509766113124815 0.7766898894068721 0.5312798758956998
 0.3505547477814350 0.7774071154117193 0.5320975607582974
 0.3502017190196909 0.7780062833705448 0.5327809067951683
 0.3498634050371232 0.7785796001565536 0.5334350072257626
 0.3495090333829687 0.7791792115743101 0.5341193578611819
 0.3490654488297780 0.7799284573118478 0.5349748113156804
 0.3487062993365491 0.7805340172444655 0.5356664160191297
 0.3483638048118555 0.7811106077534662 0.5363250599639309
 0.3480034790916735 0.7817162852071933 0.5370170406285556
 0.3475770508141364 0.7824318457443749 0.5378347261316178
 0.3472178655761142 0.7830335399252405 0.5385224797786993
 0.3468722061405163 0.7836116899058976 0.5391835276801449
 0.3465059400809029 0.7842233613043581 0.5398831511949632
 0.3460916820538945 0.7849140123963352 0.5406734107074281
 0.3457339243264876 0.7855094723202846 0.5413549674156384
 0.3453878708829661 0.7860845782012492 0.5420133740820918
 0.3450217717113203 0.7866920667096114 0.5427089759953506
 0.3446017352865887 0.7873878812038875 0.5435058552502170
 0.3442426753939730 0.7879816929109537 0.5441860477724537
 0.3438972265566205 0.7885521352187118 0.5448396045639148
 0.3435353000506733 0.7891488862520103 0.5455234520743358
 0.3430842597665734 0.7898912842127337 0.5463743984464647
 0.3427189020185279 0.7904916098360242 0.5470626217104725
 0.3423714287506121 0.7910616875798099 0.5477162392263366
 0.3420088278718881 0.7916556918855213 0.5483973512656865
 0.3415365462397228 0.7924280114835610 0.5492830465013149
 0.3411653853517262 0.7930338925017169 0.5499780100329246
 0.3408131133179431 0.7936080666230664 0.5506367548231723
 0.3404429030216153 0.7942105657556743 0.5513281659308319
 0.3400021761848808 0.7949266118502651 0.5521500764990313
 0.3396318292134072 0.7955272947723671 0.5528396766572017
 0.3392759629436147 0.7961036187690713 0.5535013535551955
 0.3388996950051455 0.7967120571109606 0.5541999125865779
 0.3384715250894927 0.7974032693869779 0.5549935221788761
 0.3381026906262772 0.7979977135004359 0.5556760772659629
 0.3377465584133694 0.7985708276994850 0.5563342256289511
 0.3373703113079409 0.7991753998601840 0.5570286218839817
 0.3369381830085196 0.7998686122604298 0.5578249924912462
 0.3365688532985670 0.8004601114623501 0.5585046334280742
 0.3362138282107138 0.8010278590596053 0.5591570606222496
 0.3358423889050683 0.8016209754332019 0.5598387022683593
 0.3353732071454890 0.8023688855775128 0.5606983318786790
 0.3349970087330932 0.8029675437802004 0.5613865094873807
 0.3346403601396101 0.8035342486517242 0.5620380533342987
 0.3342695935646636 0.8041225197551211 0.5627144970631004
 0.3337565818955530 0.8049350302852102 0.5636489291251262
 0.3333726752612535 0.8055419656165828 0.5643469889605179
 0.3330111767076008 0.8061126192514829 0.5650033176961925
 0.3326321489824638 0.8067100559444564 0.5656904313315979
 0.3321732798805326 0.8074321295842509 0.5665208831819545
 0.3317916475928436 0.8080316568256116 0.5672104322520577
 0.3314258105102192 0.8086055152809788 0.5678705266383951
 0.3310396731275433 0.8092103122146835 0.5685662953474069
 0.3305960498437712 0.8099040048781371 0.5693644131018910
 0.3302149228639031 0.8104989999338975 0.5700489883230875
 0.3298472035393843 0.8110722151822939 0.5707084572577280
 0.3294583868360919 0.8116774148314814 0.5714046284872779
 0.3290172106301386 0.8123629932452713 0.5721931250464292
 0.3286369610800208 0.8129529416500245 0.5728715386260671
 0.3282708400861654 0.8135201408817510 0.5735237374292429
 0.3278870834192262 0.8141137916084568 0.5742063207525924
 0.3274184547424824 0.8148375318588560 0.5750384504020227
 0.3270337416029021 0.8154306899984486 0.5757204021479390
 0.3266680277487917 0.8159937346546793 0.5763676811977165
 0.3262885397806489 0.8165771436786823 0.5770383093979174
 0.3257758984046580 0.8173639010376371 0.5779426037812893
 0.3253823041042132 0.8179669018644486 0.5786356601073304
 0.3250130827860564 0.8185317338531811 0.5792848515378529
 0.3246306872284111 0.8191158771459373 0.5799562505345183
 0.3241253843841415 0.8198864623889693 0.5808419284311669
 0.3237272130701709 0.8204926260436446 0.5815385651178644
 0.3233524992370616 0.8210622397618161 0.5821931053911084
 0.3229626353045342 0.8216540232447721 0.5828730103727013
 0.3224580860709281 0.8224185928961382 0.5837512909019353
 0.3220584086063285 0.8230232101544322 0.5844457745080518
 0.3216785694262224 0.8235969723267650 0.5851048218050963
 0.3212774393202027 0.8242020049635086 0.5857998201125572
 0.3208242738554056 0.8248844273334784 0.5865837445705119
 0.3204310610393021 0.8254756280417932 0.5872628585552319
 0.3200511751616858 0.8260459660556031 0.5879179364675177
 0.3196500158352785 0.8266473653014329 0.5886085704289783
 0.3191927527058459 0.8273317777286543 0.5893943594544822
 0.3187996716840901 0.8279191962351636 0.5900686466441113
 0.3184222226280146 0.8284824493075555 0.5907150926215314
 0.3180285119109698 0.8290691315718195 0.5913883378127340
 0.3175181642389897 0.8298283509823082 0.5922594376759651
 0.3171178057412469 0.8304229470232745 0.5929415187734710
 0.3167403644203715 0.8309827071676068 0.5935835014892201
 0.3163497858747181 0.8315611355980075 0.5942467380294489
 0.3158456330650127 0.8323065418464131 0.5951012011527234
 0.3154391050083543 0.8329066091893633 0.5957888922653699
 0.3150582302287254 0.8334680053710849 0.5964321473982573
 0.3146673951001088 0.8340432761414662 0.5970911842709878
 0.3142005941557097 0.8347292944385137 0.5978769121223886
 0.3137857988101457 0.8353379139389797 0.5985737737412675
 0.3133982647758595 0.8359057116028054 0.5992236636752085
 0.3130040775756616 0.8364824456684762 0.5998835273528653
 0.3125473517458017 0.8371496603097597 0.6006465976448522
 0.3121249541293619 0.8377657558158089 0.6013509432930834
 0.3117310445388866 0.8383394627125609 0.6020066487942484
 0.3113314116917675 0.8389206828424012 0.6026707955831418
 0.3108652612977763 0.8395976024620456 0.6034441106356513
 0.3104420917581396 0.8402111389950495 0.6041448005425311
 0.3100467714006313 0.8407834686680130 0.6047981837941800
 0.3096456096607879 0.8413634393060928 0.6054599906287096
 0.3091763964944503 0.8420407550298434 0.6062324495846692
 0.3087541293290346 0.8426493500021873 0.6069261334428423
 0.3083610023009881 0.8432151379082813 0.6075707035829732
 0.3079646585370056 0.8437847689532575 0.6082193631420300
 0.3075185361176002 0.8444250016475795 0.6089480915046998
 0.3070900506593470 0.8450389888665779 0.6096466172658378
 0.3066961118543135 0.8456026685419850 0.6102876066100137
 0.3063054431379320 0.8461609105437149 0.6109221083721358
 0.3058861292849486 0.8467592473442457 0.6116018355324966
 0.3054259316894187 0.8474149289263484 0.6123463037230564
 0.3050215299605428 0.8479902582644305 0.6129992106763167
 0.3046306835015987 0.8485455455757043 0.6136290984752580
 0.3042238772089468 0.8491227196858148 0.6142835305103570
 0.3036843468641415 0.8498869672175616 0.6151496034813332
 0.3032608847065443 0.8504858216264269 0.6158278271065283
 0.3028634045244293 0.8510471502491528 0.6164631852960090
 0.3024527633596643 0.8516262723757128 0.6171183035831134
 0.3019331635571226 0.8523579076820225 0.6179454257195034
 0.3015028649155648 0.8529628319723402 0.6186289087726523
 0.3010976313390584 0.8535317203058176 0.6192713934893496
 0.3006781813109398 0.8541197532844166 0.6199352258195888
 0.3001121118736433 0.8549120280272857 0.6208291457467149
 0.2996771920393158 0.8555197299502723 0.6215143618000432
 0.2992654663951654 0.8560942141034459 0.6221616921810599
 0.2988299195355699 0.8567010830241210 0.6228450103557613
 0.2983507051593974 0.8573677867990207 0.6235950888347789
 0.2979284973110328 0.8579543080684520 0.6242544495491480
 0.2975186325207389 0.8585229039335203 0.6248932389908619
 0.2970846226738575 0.8591241626031345 0.6255683019964731
 0.2966019498140626 0.8597918345360179 0.6263174269427263
 0.2961813714344496 0.8603727552192566 0.6269687597183370
 0.2957757123862789 0.8609323154374570 0.6275957015776856
 0.2953526962184247 0.8615150330580514 0.6282480913113149
 0.2948016158169720 0.8622729664853612 0.6290958488719104
 0.2943723286885327 0.8628624564345673 0.6297545735506491
 0.2939681604705124 0.8634167091666652 0.6303734317403943
 0.2935518374908337 0.8639868783439523 0.6310095722725280
 0.2930411315877240 0.8646852704750044 0.6317880880984738
 0.2926064173617820 0.8652788465838063 0.6324491481032951
 0.2922003244292484 0.8658325998400123 0.6330653250696545
 0.2917894266985514 0.8663921781270393 0.6336874472798256
 0.2913310001203416 0.8670156238268986 0.6343799408648079
 0.2908771120317366 0.8676320080033211 0.6350639510239626
 0.2904606267980586 0.8681968234281575 0.6356901945688739
 0.2900486970540459 0.8687547339148655 0.6363082801342308
 0.2896091779653208 0.8693492167378265 0.6369663146649868
 0.2891108579624430 0.8700222445761310 0.6377105256368039
 0.2886766006937481 0.8706078975156878 0.6383573945511355
 0.2882565780693550 0.8711736013992499 0.6389815406833397
 0.2878144613247753 0.8717682673171441 0.6396368921796756
 0.2872923438440230 0.8724694919843252 0.6404087136209474
 0.2868484046731739 0.8730648332749601 0.6410632234523840
 0.2864196768141784 0.8736390053109471 0.6416938366438854
 0.2859646331582839 0.8742475961241680 0.6423616053381316
 0.2854669571000809 0.8749122369121463 0.6430900942240154
 0.2850260327727564 0.8755002450921675 0.6437338576145795
 0.2845947790858393 0.8760745953635904 0.6443619465531690
 0.2841337988049378 0.8766877070036998 0.6450315872142591
 0.2836454462084728 0.8773362940769605 0.6457390118712361
 0.2832093113398051 0.8779147247590139 0.6463690936562265
 0.2827824990211191 0.8784800587371322 0.6469841870309202
 0.2823307543742637 0.8790776307474569 0.6476336040933501
 0.2818255156668174 0.8797450117150198 0.6483579782901621
 0.2813886374442934 0.8803212856870662 0.6489826705134043
 0.2809672024676432 0.8808764817520142 0.6495837808482551
 0.2805300163639037 0.8814516974676316 0.6502057693481302
 0.2799518664028621 0.8822112450398694 0.6510257883598636
 0.2795032490964905 0.8827997300728336 0.6516601002309604
 0.2790826571336303 0.8833507504457482 0.6522532169255029
 0.2786528630844346 0.8839131279614743 0.6528577457635167
 0.2781540329105638 0.8845649564686634 0.6535573885112190
 0.2776975640593283 0.8851606047773425 0.6541957253928962
 0.2772731485842015 0.8857137214823280 0.6547875968711544
 0.2768492879741251 0.8862654399725552 0.6553771048661466
 0.2763925564502094 0.8868591930264725 0.6560105544979417
 0.2758938793353340 0.8875065889127194 0.6567000991035842
 0.2754534422630021 0.8880776098274721 0.6573073335439620
 0.2750260580147955 0.8886310239291411 0.6578949925181904
 0.2745808778936893 0.8892067683468049 0.6585054630173701
 0.2740035064685141 0.8899523946687702 0.6592946412299615
 0.2735401154041453 0.8905499479131467 0.6599258753370004
 0.2731022136084834 0.8911139179729179 0.6605205888524084
 0.2726494569607771 0.8916962931264764 0.6611336254912084
 0.2720751411769511 0.8924339710829295 0.6619085721211826
 0.2716032540570186 0.8930392045503113 0.6625431106794843
 0.2711543124400388 0.8936142750500545 0.6631449924658052
 0.2706858502082213 0.8942135913708069 0.6637711811600849
 0.2701260525354437 0.8949287438914088 0.6645169222345043
 0.2696553147266926 0.8955292723693618 0.6651418175834970
 0.2691988617918858 0.8961108410830810 0.6657457637550767
 0.2687122717145238 0.8967300132881437 0.6663873888534461
 0.2681993457487156 0.8973818142244174 0.6670612832292497
 0.2677389156482379 0.8979661381425256 0.6676640925821903
 0.2672847261965664 0.8985418339368951 0.6682568177916010
 0.2667950876988920 0.8991616781335319 0.6688937180714373
 0.2662903171476940 0.8997998308682261 0.6695480511489835
 0.2658360839448128 0.9003733602606449 0.6701349022921237
 0.2653898185724362 0.9009361573307743 0.6707096070980234
 0.2649149180784456 0.9015343390091353 0.6713191334766180
 0.2643859987954479 0.9021996834919327 0.6719954667485983
 0.2639294775883791 0.9027732152506159 0.6725770805272293
 0.2634898004604381 0.9033249400021313 0.6731353687857207
 0.2630326158135673 0.9038979652684822 0.6737139602015751
 0.2624503279043807 0.9046268103642020 0.6744480395369651
 0.2619819072483148 0.9052123345766698 0.6750362488968020
 0.2615436202183663 0.9057595540212113 0.6755847232023506
 0.2610968895164029 0.9063166842465438 0.6761418559304480
 0.2605918208166344 0.9069458054356464 0.6767694043736354
 0.2601091116861844 0.9075463214162975 0.6773668434051694
 0.2596651045865119 0.9080980429019907 0.6779143748392950
 0.2592249381889905 0.9086443829463633 0.6784552736013874
 0.2587581476925751 0.9092231099476359 0.6790268215175244
 0.2581905386517936 0.9099259225379869 0.6797189251828706
 0.2577247083691649 0.9105019714348385 0.6802845367461970
 0.2572804502657366 0.9110507247839894 0.6808219367422063
 0.2568220443914115 0.9116163231319806 0.6813743886622937
 0.2562793099272594 0.9122851457732356 0.6820257894527249
 0.2557944470677245 0.9128819010990910 0.6826053100258176
 0.2553401692625427 0.9134403736762173 0.6831462264294659
 0.2548811214049931 0.9140040850973694 0.6836908150427641
 0.2543750694007041 0.9146247930782264 0.6842888068094988
 0.2538613982493717 0.9152540735946479 0.6848932244324271
 0.2533909195538275 0.9158297611866335 0.6854444969854107
 0.2529237336726573 0.9164007804396838 0.6859896908253869
 0.2524213284930426 0.9170141397333922 0.6865735210588150
 0.2518803267330538 0.9176738051305078 0.6871993907092961
 0.2513943331247249 0.9182656809477791 0.6877591871281823
 0.2509135817085020 0.9188505095750429 0.6883107116900745
 0.2503937627415522 0.9194821256790794 0.6889045587357266
 0.2498580827814632 0.9201322165883726 0.6895137716358228
 0.2493670443432080 0.9207274245619913 0.6900696991922375
 0.2488739240235628 0.9213244796637209 0.6906255072120903
 0.2483215408177276 0.9219924884121320 0.6912451309012744
 0.2478032887152131 0.9226184577860032 0.6918236136513914
 0.2473172643637439 0.9232048330828262 0.6923636467576169
 0.2468189104356499 0.9238054163665287 0.6929149295991617
 0.2462151576551094 0.9245321198222366 0.6935795107454490
 0.2457093602544166 0.9251401658787561 0.6941334753242382
 0.2452315822846156 0.9257139008492341 0.6946543777392099
 0.2447355814377516 0.9263088775014486 0.6951926662383058
 0.2440902480232442 0.9270820144546700 0.6958891922331989
 0.2435915499676264 0.9276787286863599 0.6964244892376291
 0.2431214414739673 0.9282406415796296 0.6969267622232824
 0.2426324056329038 0.9288245712130737 0.6974468873198120
 0.2419736036476509 0.9296102368804895 0.6981437999295950
 0.2414784903900444 0.9301999631692690 0.6986647187315955
 0.2410140233373565 0.9307526214718472 0.6991511726325129
 0.2405338069425930 0.9313234472772625 0.6996518436315282
 0.2399340096253896 0.9320356050095884 0.7002739159556947
 0.2394389532403249 0.9326227255010267 0.7007846147077024
 0.2389768518252737 0.9331702150528782 0.7012590863641093
 0.2385083335337507 0.9337247706856643 0.7017379585056833
 0.2379823856346228 0.9343466623335150 0.7022729145202330
 0.2374682677777364 0.9349539158200919 0.7027931663841867
 0.2369997598431067 0.9355067406217190 0.7032649586444830
 0.2365381625301839 0.9360508954303947 0.7037276348668311
 0.2360507340400012 0.9366249490050944 0.7042138744372641
 0.2354056376668377 0.9373838243332440 0.7048537230844225
 0.2349122447489140 0.9379635776492987 0.7053402841497691
 0.2344469516228039 0.9385097906836076 0.7057968986509285
 0.2339667686249320 0.9390729549343644 0.7062658428261990
 0.2333942523506031 0.9397437120427008 0.7068219060427571
 0.2328878138826312 0.9403364252568168 0.7073109943946599
 0.2324156069767968 0.9408885482190463 0.7077646399196784
 0.2319397878777777 0.9414443833775271 0.7082194226578166
 0.2314180033479803 0.9420533274546082 0.7087154563987288
 0.2308728311428316 0.9426889151374477 0.7092307518650796
 0.2303835148962004 0.9432588207573935 0.7096906892255334
 0.2299035205892999 0.9438173554525314 0.7101395179191321
 0.2293968805216952 0.9444063475186948 0.7106107333950888
 0.2287268593500092 0.9451844188719876 0.7112298766020239
 0.2282095427624131 0.9457844959329454 0.7117047354740952
 0.2277164139927960 0.9463559809972131 0.7121548023916325
 0.2271989978661735 0.9469550554378340 0.7126243314351239
 0.2265326858416613 0.9477256902848596 0.7132249537682481
 0.2260037173656373 0.9483368144248663 0.7136986027190426
 0.2254945879695740 0.9489244676275923 0.7141518656263943
 0.2249558549022179 0.9495457063005693 0.7146286795817847
 0.2243470399733928 0.9502470422154351 0.7151640076411772
 0.2238131420811846 0.9508614542304561 0.7156303442327726
 0.2232864279114345 0.9514670341779551 0.7160875210441844
 0.2227159533970278 0.9521222984915568 0.7165794508832272
 0.2221377483629811 0.9527857807783556 0.7170746614271897
 0.2216007235811581 0.9534014173616598 0.7175316045487370
 0.2210530823146298 0.9540286418379172 0.7179946499441865
 0.2204034529233415 0.9547719183719514 0.7185401035193542
 0.2198455070774910 0.9554096442336131 0.7190052306927744
 0.2193068909701180 0.9560247107728694 0.7194512651301836
 0.2187263468963554 0.9566870391354724 0.7199287057163531
 0.2181428183396451 0.9573521322244757 0.7204051289533286
 0.2176096639822706 0.9579592533177955 0.7208374073982993
 0.2170742340987831 0.9585684349307212 0.7212686712486467
 0.2164600330435796 0.9592665881307874 0.7217598917214623
 0.2159046180130843 0.9598973271327119 0.7222008922483769
 0.2153859386596089 0.9604858439756455 0.7226099529595338
 0.2148569458349570 0.9610855649585559 0.7230243522307350
 0.2142228455000044 0.9618037894460453 0.7235173216780071
 0.2136782515309938 0.9624200658412154 0.7239374067075319
 0.2131689336741611 0.9629959525979535 0.7243275294733215
 0.2126489879469534 0.9635833911233724 0.7247230722131881
 0.2120273501617031 0.9642851103048814 0.7251924001365451
 0.2114865527518864 0.9648950375909805 0.7255975406940527
 0.2109831395833931 0.9654623562021248 0.7259720310314512
 0.2104736276675840 0.9660361136921732 0.7263484448303683
 0.2098932808415510 0.9666891102089707 0.7267739616786157
 0.2093454857543414 0.9673049689037747 0.7271724419312303
 0.2088424754629985 0.9678700448250215 0.7275356343536902
 0.2083424463216811 0.9684313637966685 0.7278941137885819
 0.2078025558305559 0.9690369770442446 0.7282783216300027
 0.2072187375645927 0.9696913407567804 0.7286904788432165
 0.2067071626536539 0.9702642872115909 0.7290488124720904
 0.2062116256375794 0.9708188793238824 0.7293933972929957
 0.2056943816392154 0.9713973567297601 0.7297504314701526
 0.2049693872197779 0.9722074829780989 0.7302463141853744
 0.2044374138723682 0.9728014111045613 0.7306067962860376
 0.2039400620930863 0.9733562975239949 0.7309412395911604
 0.2034260989733224 0.9739293262579966 0.7312842441632258
 0.2027771929711560 0.9746522437826223 0.7317135284559030
 0.2022428737451872 0.9752470387933208 0.7320638476941257
 0.2017439910839873 0.9758020096788970 0.7323883593422608
 0.2012367026272853 0.9763659615336080 0.7327157934499687
 0.2006595492976471 0.9770071325429236 0.7330852103338148
 0.2001079016773027 0.9776195256321988 0.7334352185295088
 0.1996012271144427 0.9781816153201378 0.7337540484267950
 0.1990979842196129 0.9787395428467197 0.7340682197454810
 0.1985581037714406 0.9793376990387883 0.7344024958823258
 0.1979465039572366 0.9800148329325615 0.7347777129024549
 0.1974217954571904 0.9805953598216780 0.7350966843716705
 0.1969157557680406 0.9811548808923625 0.7354017389838324
 0.1963881151674214 0.9817379220916732 0.7357171399684578
 0.1956816479328882 0.9825179907043808 0.7361351897778191
 0.1951347935605464 0.9831213699740815 0.7364554773356004
 0.1946211456106610 0.9836877584030050 0.7367536979788283
 0.1940903380941573 0.9842727133492748 0.7370592188919879
 0.1934303550803725 0.9849995228576456 0.7374353066090159
 0.1928747055039980 0.9856110110883471 0.7377486779923856
 0.1923532464400339 0.9861845244302636 0.7380400528532010
 0.1918193544612131 0.9867713656631830 0.7383356635149274
 0.1911914132152596 0.9874611400463551 0.7386798673179631
 0.1906209349193529 0.9880873819026620 0.7389893436185221
 0.1900885442415435 0.9886714637094272 0.7392754051252525
 0.1895487021025793 0.9892633794877312 0.7395627623479705
 0.1889356408270292 0.9899351652012611 0.7398857785354855
 0.1883455109976988 0.9905814135658999 0.7401933669409142
 0.1877995190449820 0.9911789731409745 0.7404750221520296
 0.1872495624415433 0.9917805319594037 0.7407558897355706
 0.1866339842262259 0.9924534695365351 0.7410669327037970
 0.1860262338588188 0.9931174399937752 0.7413706071058161
 0.1854652702131049 0.9937299384176478 0.7416479271386620
 0.1848994423551965 0.9943474043289973 0.7419247706692413
 0.1842643236373332 0.9950400783031488 0.7422320622988109
 0.1836468239626250 0.9957131294160686 0.7425273082846875
 0.1830703517983782 0.9963411042121408 0.7427997965815372
 0.1824812944226758 0.9969824358831436 0.7430751144379354
 0.1817909312473079 0.9977336153733670 0.7433938181750668
 0.1811699470067437 0.9984088962746807 0.7436768991802041
 0.1805735709071992 0.9990570584236900 0.7439456016834628
 0.1799463651026193 0.9997383526041638 0.7442248736456787
 0.1792515985372888  1.000492591095771 0.7445302503815828
 0.1786281396565190  1.001169027123922 0.7448007180762383
 0.1780018129613696  1.001848207405280 0.7450690443068522
 0.1772742836090757  1.002636674737853 0.7453765200609110
 0.1766259580238842  1.003338897173745 0.7456467831683564
 0.1759837261623325  1.004034146373807 0.7459110927099669
 0.1752738919584376  1.004802152727831 0.7461993052332787
 0.1746184401332319  1.005510928417054 0.7464617775439252
 0.1739764276167039  1.006204812145419 0.7467154404208722
 0.1732701889186009  1.006967706386589 0.7469905506053730
 0.1726139250152658  1.007676242185495 0.7472425260047625
 0.1719852466071135  1.008354661782566 0.7474806408669350
 0.1712977042855742  1.009096234385014 0.7477374423346301
 0.1706302689168495  1.009815757270024 0.7479831602014122
 0.1700139093336995  1.010479905633862 0.7482069479209641
 0.1693789516917357  1.011163784543100 0.7484343291200036
 0.1686167216742774  1.011984333254078 0.7487030244850692
 0.1679925891421669  1.012655891895949 0.7489195737558286
 0.1673861093578007  1.013308179055980 0.7491270340111434
 0.1666996462258895  1.014046165848455 0.7493583832830780
 0.1660586427540807  1.014734974214031 0.7495711492351119
 0.1654639623658551  1.015373743898247 0.7497657812865209
 0.1648557885664382  1.016026751360317 0.7499621421765741
 0.1640439915640466  1.016897995616956 0.7502201178306714
 0.1634233168956996  1.017563820175639 0.7504142601940249
 0.1628342034711615  1.018195549500494 0.7505961143247556
 0.1621981306680724  1.018877378386172 0.7507898766463633
 0.1615394415666891  1.019583173340684 0.7509877319656273
 0.1609485857879570  1.020216047344278 0.7511627968856414
 0.1603627163541437  1.020843362564241 0.7513341172299393
 0.1597077054314134  1.021544457295362 0.7515229605210638
 0.1590733116866192  1.022223233229660 0.7517031303480582
 0.1584904583976680  1.022846648417847 0.7518662942369022
 0.1579041177904000  1.023473589346931 0.7520281581028971
 0.1572260508201571  1.024198356474418 0.7522125219019982
 0.1566040610351180  1.024862950572708 0.7523790003730456
 0.1560254653677956  1.025480980560613 0.7525316119623454
 0.1554361728511685  1.026110243548296 0.7526848214352924
 0.1547150367477398  1.026880032132320 0.7528692660163502
 0.1541007196798322  1.027535572383552 0.7530237636756134
 0.1535237113632389  1.028151116849488 0.7531666999224808
 0.1529263215260709  1.028788219668342 0.7533124897452941
 0.1519884242210975  1.029788094486138 0.7535369467845371
 0.1526137140605208  1.029121534695386 0.7533879001699599
 0.1520434323382813  1.029729463730367 0.7535239300905432
 0.1514660086901214  1.030344838568680 0.7536596579465307
 0.1508880759745530  1.030960589585526 0.7537935057564877
 0.1502585766093083  1.031631095205139 0.7539370420939193
 0.1496034357595229  1.032328709550526 0.7540839552656098
 0.1490154329155235  1.032954659778685 0.7542136937133253
 0.1484333047592470  1.033574197121482 0.7543401876375747
 0.1477915952077297  1.034256964252694 0.7544774139144877
 0.1471460381042539  1.034943637285958 0.7546131533886015
 0.1465586629357695  1.035568261767982 0.7547346732378035
 0.1459722902755895  1.036191669646620 0.7548541211280873
 0.1453141645604261  1.036891186287874 0.7549859933780884
 0.1446757101872452  1.037569619311569 0.7551117371659349
 0.1440877367365650  1.038194260442344 0.7552256603744398
 0.1434952424298274  1.038823561280838 0.7553386630268134
 0.1428112480133060  1.039549870712631 0.7554669053892888
 0.1421784564581955  1.040221644914096 0.7555834649276413
 0.1415888730551004  1.040847409139054 0.7556902858033222
 0.1409871220058989  1.041485950728561 0.7557975599805375
 0.1402433026453814  1.042275058715423 0.7559277430401570
 0.1396144419868282  1.042942049480805 0.7560357441822176
 0.1390210282088903  1.043571312862610 0.7561359435386953
 0.1384008760798933  1.044228796099626 0.7562388954962359
 0.1376237028056296  1.045052563140934 0.7563653958273612
 0.1370005411710696  1.045712935748252 0.7564648241967110
 0.1363987019548359  1.046350588937317 0.7565591777816704
 0.1357416472995198  1.047046606947640 0.7566603363223831
 0.1350675864407560  1.047760494477774 0.7567621362974838
 0.1344562920278728  1.048407782300689 0.7568527545782735
 0.1338443264047552  1.049055664206608 0.7569418760983109
 0.1331425793876006  1.049798455808949 0.7570421367356598
 0.1324860526411430  1.050493248499695 0.7571340926688759
 0.1318731858182598  1.051141722093645 0.7572183504996093
 0.1312435132006959  1.051807864930159 0.7573033534480006
 0.1303538594398049  1.052748855785796 0.7574208005325223
 0.1296996332148450  1.053440694130969 0.7575052222489630
 0.1290740959651713  1.054102085763951 0.7575844234810347
 0.1283779526897975  1.054838008279876 0.7576708392564366
 0.1276965066143736  1.055558271659934 0.7577536915965564
 0.1270662183335111  1.056224357771530 0.7578288164524452
 0.1264225202635335  1.056904512843102 0.7579040759846608
 0.1255632995504745  1.057812239186450 0.7580022988088113
 0.1248936592161265  1.058519560275919 0.7580771415677927
 0.1242520190592103  1.059197207079725 0.7581475057633302
 0.1235409240451359  1.059948095832003 0.7582240020303543
 0.1228398521612192  1.060688289027442 0.7582979532542297
 0.1221911600596041  1.061373082767836 0.7583651384266800
 0.1215252093278997  1.062076000610728 0.7584329270487525
 0.1205153654943841  1.063141721155443 0.7585335521524658
 0.1211886066485014  1.062431252098351 0.7584667516595395
 0.1205519300189077  1.063103137174393 0.7585299527704348
 0.1198998794980566  1.063791158876284 0.7585936568221359
 0.1192340360672568  1.064493644535833 0.7586576679674331
 0.1184208587335273  1.065351451056596 0.7587344419640265
 0.1177214741262556  1.066089115075360 0.7587992540039326
 0.1170526596788945  1.066794446924949 0.7588601902439707
 0.1163222091082674  1.067564682766355 0.7589255914189861
 0.1155822856770632  1.068344805513141 0.7589906304245091
 0.1149011261776544  1.069062882704635 0.7590494352822901
 0.1141985761960520  1.069803421903027 0.7591090141770914
 0.1133153539233148  1.070734278928948 0.7591823637037433
 0.1126028168636704  1.071485146563083 0.7592402767614577
 0.1118955573899811  1.072230367417645 0.7592966520741147
 0.1109556208743956  1.073220625338872 0.7593698827326847
 0.1102202659858976  1.073995248822220 0.7594258422831307
 0.1094984310440938  1.074755546821724 0.7594796399302421
 0.1085725329098456  1.075730663117792 0.7595469987958487
 0.1078216300920191  1.076521386404063 0.7596002646724118
 0.1070820099400494  1.077300147181554 0.7596515430178469
 0.1061299111216436  1.078302514844151 0.7597158375768410
 0.1053602671066124  1.079112701362419 0.7597664158561388
 0.1045933173603913  1.079919971056341 0.7598155824250241
 0.1036055921563133  1.080959507434802 0.7598770838613257
 0.1028162587102620  1.081790154697463 0.7599247598938905
 0.1020066574980620  1.082642049304186 0.7599723099764887
 0.1011296554403894  1.083564775610788 0.7600222940106813
 0.1003277973042874  1.084408360589066 0.7600666218540312
 0.9947735645233469E-01  1.085302975846437 0.7601122070606012
 0.9861192903300725E-01  1.086213273652497 0.7601570842531885
 0.9777764510928633E-01  1.087090737087899 0.7601989046017414
 0.9684919752238012E-01  1.088067152928399 0.7602437942744930
 0.9598101650674203E-01  1.088980110573030 0.7602842156702952
 0.9510170994866080E-01  1.089904693639856 0.7603236375033795
 0.9417853992450377E-01  1.090875321783105 0.7603633860684706
 0.9328510236234788E-01  1.091814616941947 0.7604002551397052
 0.9229547711306682E-01  1.092854957724451 0.7604392669502653
 0.9140333041321726E-01  1.093792756384122 0.7604728097238377
 0.9044087752230971E-01  1.094804389926422 0.7605072889584316
 0.8954922396129787E-01  1.095741545527750 0.7605376651802421
 0.8863114415990513E-01  1.096706417862133 0.7605673816523345
 0.8770115772022950E-01  1.097683746704885 0.7605958988020973
 0.8682984031273568E-01  1.098599370560445 0.7606212166714065
 0.8576975459701715E-01  1.099713300829113 0.7606502834179845
 0.8489437182277264E-01  1.100633099079946 0.7606729341600826
 0.8398678649723479E-01  1.101586690886741 0.7606952141537671
 0.8308676086746010E-01  1.102532298858518 0.7607161822034817
 0.8224004491592049E-01  1.103421861881049 0.7607349581989222
 0.8122005962247413E-01  1.104493419088827 0.7607564413518921
 0.8035562430213203E-01  1.105401526295410 0.7607737354170337
 0.7949389898261849E-01  1.106306756016539 0.7607901798814539
 0.7852894566071053E-01  1.107320390747581 0.7608076840766720
 0.7768309118469005E-01  1.108208889652499 0.7608222613213113
 0.7677976192179949E-01  1.109157733059619 0.7608370629316847
 0.7588840295664952E-01  1.110093976193939 0.7608509147361867
 0.7504530790405814E-01  1.110979501810216 0.7608633443642003
 0.7405437096790589E-01  1.112020282405398 0.7608771367551049
 0.7318131480981720E-01  1.112937229745423 0.7608885738677841
 0.7231791253346684E-01  1.113844017807808 0.7608992439437653
 0.7127715540706885E-01  1.114937047864485 0.7609112846459491
 0.7040776112749592E-01  1.115850088678785 0.7609206751193042
 0.6948519821330189E-01  1.116818949215436 0.7609299933893277
 0.6856867083979418E-01  1.117781454049640 0.7609386059693060
 0.6769758639261997E-01  1.118696221483016 0.7609462038892606
 0.6665845483955130E-01  1.119787445792000 0.7609545127319433
 0.6574762160767617E-01  1.120743925819330 0.7609610887058004
 0.6483521279589309E-01  1.121702048443630 0.7609669502141494
 0.6378433010476338E-01  1.122805569928289 0.7609726853392086
 0.6285505201210911E-01  1.123781386085759 0.7609767486008222
 0.6185589812558110E-01  1.124830569679106 0.7609800134539886
 0.6088462600556704E-01  1.125850469919610 0.7609821548657799
 0.5991157424949833E-01  1.126872235410556 0.7609834570014986
 0.5876829265217202E-01  1.128072750452844 0.7609842333422275
 0.5774714792196436E-01  1.129145013295244 0.7609845247571337
 0.5660879495291178E-01  1.130340351312290 0.7609846412526861
 0.5547268066386061E-01  1.131533338423450 0.7609846735108103
 0.5423281269948783E-01  1.132835272977043 0.7609846810586458
 0.5282451495145560E-01  1.134314068735621 0.7609846822718898
 0.5134808137520214E-01  1.135864411134015 0.7609846823797833
 0.4939950522103846E-01  1.137910531106276 0.7609846823858736
 0.4733132383942509E-01  1.140082243626786 0.7609846823858581
 0.4455857575825244E-01  1.142993792767320 0.7609846823858549
 0.3976813662389640E-01  1.148024036603434 0.7609846823858547
 0.2555460048827232E-01  1.162949088468269 0.7609846823858547
-0.3129954405422401E-01  1.222649295927611 0.7609846823858547
-0.2587161222242094  1.461450125764978 0.7609846823858547
-0.3613084055981001  1.569178078589434 0.7609846823858547
