RUNGE KUTTA: X Z PHI
 0.4997842554157881 0.4120380388112709E-01 0.5235987755982988E-02
 0.4983773470469249 0.2060110231315141 0.1574238082972975E-01
 0.4994965959701723 0.9614220905596318E-01 0.5235987783214040E-02
 0.4996883689339162 0.5951660560607244E-01 0.5235987755982988E-02
 0.4993046231375085 0.1327678114577770 0.5330335904267259E-02
 0.4995605202914203 0.8393367457266628E-01 0.5235987755982996E-02
 0.4994056994213910 0.1135014503644992 0.5237083570975960E-02
 0.4995089143157710 0.9378959984174752E-01 0.5235987771273041E-02
 0.4995433182995416 0.8721898299569338E-01 0.5235987755988105E-02
 0.4995111610402646 0.9336051099298975E-01 0.5235987766403075E-02
 0.4994859692329456 0.9817174765262691E-01 0.5235988443066112E-02
 0.4994675927725081 0.1016813591366494 0.5235994578679069E-02
 0.4994517657161542 0.1047040663900917 0.5236023094366022E-02
 0.4994371334325953 0.1074985619103807 0.5236116790234198E-02
 0.4994226248494646 0.1102693453691943 0.5236378067717121E-02
 0.4994079834699457 0.1130652596419880 0.5237028764250889E-02
 0.4993948290245923 0.1155767853748911 0.5238280357669271E-02
 0.4993832997315988 0.1177773484566940 0.5240300712339043E-02
 0.4993728761089148 0.1197659314308594 0.5243295250338350E-02
 0.4993625764990965 0.1217294604254839 0.5247833594186321E-02
 0.4993520470280897 0.1237346535762505 0.5254705031089981E-02
 0.4993432110601883 0.1254149515126068 0.5262730784614886E-02
 0.4993348421792224 0.1270037139196804 0.5272687677759802E-02
 0.4993254039351193 0.1287913690572990 0.5287204864037824E-02
 0.4993175877452028 0.1302676430735324 0.5302271516577687E-02
 0.4993096286796253 0.1317661581811081 0.5320807493613488E-02
 0.4993020466414683 0.1331883993516510 0.5341763965520355E-02
 0.4992947449472475 0.1345523703761105 0.5365229192622258E-02
 0.4992871925703858 0.1359564472604188 0.5393100887201126E-02
 0.4992801821848967 0.1372528611518991 0.5422433424862243E-02
 0.4992726170277811 0.1386435355512596 0.5458040075670958E-02
 0.4992657739413717 0.1398932453721548 0.5493977353044968E-02
 0.4992582521136088 0.1412569989430722 0.5537816816334586E-02
 0.4992514919930386 0.1424730043113641 0.5581381675860119E-02
 0.4992440576713434 0.1437988111423530 0.5634290726077653E-02
 0.4992373479552952 0.1449842162027649 0.5687060751323844E-02
 0.4992301139283160 0.1462493488664023 0.5750063234358766E-02
 0.4992234864643125 0.1473956494113880 0.5814272552189558E-02
 0.4992168249700481 0.1485344525714283 0.5886188892919184E-02
 0.4992098563277502 0.1497100885740199 0.5970661287344134E-02
 0.4992034522667778 0.1507750603040963 0.6057702972895017E-02
 0.4991963457342677 0.1519380505016795 0.6165611307119798E-02
 0.4991894356438919 0.1530485076809620 0.6281881557647374E-02
 0.4991827408743350 0.1541041001048194 0.6404178787755504E-02
 0.4991750611603178 0.1552895854817560 0.6553899483339090E-02
 0.4991674804218846 0.1564328754444309 0.6708694139299511E-02
 0.4991599281722302 0.1575455534558760 0.6867132718876998E-02
 0.4991505596750236 0.1588903787771240 0.7066585747618126E-02
 0.4991416245425996 0.1601379758355176 0.7257811760145478E-02
 0.4991315629074998 0.1615041096551212 0.7472955104981747E-02
 0.4991216197939999 0.1628161093625540 0.7684778825588040E-02
 0.4991110263353286 0.1641748012334519 0.7909413163929757E-02
 0.4991006596093082 0.1654676458035235 0.8128128342226539E-02
 0.4990900611415950 0.1667540049928816 0.8350536068906757E-02
 0.4990792838893711 0.1680274892270937 0.8575472499924738E-02
 0.4990682471518849 0.1692975595635510 0.8804627503588637E-02
 0.4990569499326112 0.1705639028427193 0.9037983963680128E-02
 0.4990454473098284 0.1718201941682081 0.9274348034582337E-02
 0.4990336134508260 0.1730797619016194 0.9516287417086964E-02
 0.4990216376355225 0.1743223242564241 0.9759947512239081E-02
 0.4990092621487905 0.1755742543003522 0.1001050868212686E-01
 0.4989968266037109 0.1768011606843642 0.1026099674100391E-01
 0.4989839011179582 0.1780451382768949 0.1052000586773573E-01
 0.4989709900700581 0.1792575911847419 0.1077741072269144E-01
 0.4989574982204824 0.1804941040122592 0.1104499181141970E-01
 0.4989440667887633 0.1816957513040331 0.1130991076357047E-01
 0.4989299849533867 0.1829258119235798 0.1158610485393604E-01
 0.4989159688310323 0.1841214279602417 0.1185949434335380E-01
 0.4989012583080966 0.1853470692849320 0.1214481956100734E-01
 0.4988865669156972 0.1865427869886015 0.1242809821960271E-01
 0.4988713856576111 0.1877501559016572 0.1271908030909908E-01
 0.4988561759500585 0.1889324754915794 0.1300889529988054E-01
 0.4988408017124489 0.1901011867662602 0.1330008379677910E-01
 0.4988251017218135 0.1912686278870695 0.1359542893775262E-01
 0.4988100799553717 0.1923622173621148 0.1387581373361729E-01
 0.4987926132406174 0.1936064778284266 0.1419860085963536E-01
 0.4987769888782082 0.1946958903565030 0.1448377509463297E-01
 0.4987607826502498 0.1958035914309943 0.1477536263823419E-01
 0.4987406422217682 0.1971503871151376 0.1513130190444084E-01
 0.4987219235920508 0.1983742415039818 0.1545627192416225E-01
 0.4987040037344180 0.1995221460766400 0.1576360132349215E-01
 0.4986871208845938 0.2005833918284207 0.1605150200296876E-01
 0.4986692588446663 0.2016856674327138 0.1635614622070472E-01
 0.4986513252716654 0.2027718486264368 0.1666346205964202E-01
 0.4986347984573296 0.2037551753330640 0.1694858759014276E-01
 0.4986172367195945 0.2047820495669006 0.1725355518382114E-01
 0.4985982263411526 0.2058733091087974 0.1758535990557359E-01
 0.4985806066049282 0.2068664799423554 0.1789365162235162E-01
 0.4985611080967308 0.2079457910527014 0.1823483049388368E-01
 0.4985412470342834 0.2090246176108163 0.1858169281782849E-01
 0.4985212325803965 0.2100916198485834 0.1893005459632848E-01
 0.4984988962586901 0.2112595084203431 0.1931702090242798E-01
 0.4984778198656312 0.2123403109062541 0.1968022418987093E-01
 0.4984542110537490 0.2135275988215085 0.2008483164929960E-01
 0.4984328375609241 0.2145820711557206 0.2044914163697074E-01
 0.4984086319745799 0.2157538712792382 0.2085944261825322E-01
 0.4983867603880816 0.2167930744394159 0.2122808515300340E-01
 0.4983621083779893 0.2179430225684058 0.2164127048013818E-01
 0.4983392866096707 0.2189882357175148 0.2202168533252239E-01
 0.4983156898233195 0.2200501698938583 0.2241294519042216E-01
 0.4982912983344013 0.2211286045595543 0.2281514008486213E-01
 0.4982678439261293 0.2221478680716995 0.2319972785705181E-01
 0.4982406034261882 0.2233107205985810 0.2364382643480223E-01
 0.4982164307946351 0.2243245070974226 0.2403568264059173E-01
 0.4981888496852008 0.2254612969435818 0.2448025678408920E-01
 0.4981636976832151 0.2264801563287046 0.2488329774519766E-01
 0.4981376671872479 0.2275174110094862 0.2529805601584847E-01
 0.4981107290788175 0.2285731203916005 0.2572484957072355E-01
 0.4980849696573902 0.2295664171971488 0.2613074065308370E-01
 0.4980548507206719 0.2307084836934321 0.2660257655589464E-01
 0.4980282576717212 0.2317001797480199 0.2701670617798538E-01
 0.4979989281052629 0.2327764900591799 0.2747082745901683E-01
 0.4979711046461331 0.2337812470962475 0.2789919821420265E-01
 0.4979432622106576 0.2347713960315075 0.2832556696384113E-01
 0.4979119221515229 0.2358682949020782 0.2880275884963106E-01
 0.4978837374789464 0.2368393794528912 0.2922943223562316E-01
 0.4978508138371425 0.2379559915461943 0.2972496941518757E-01
 0.4978214599300417 0.2389359827586314 0.3016428479910298E-01
 0.4977912314801678 0.2399303953444600 0.3061430279882978E-01
 0.4977594985691769 0.2409587273304764 0.3108411449694029E-01
 0.4977296424754362 0.2419121751037543 0.3152371116499520E-01
 0.4976942902956862 0.2430241320522719 0.3204127988807273E-01
 0.4976632174727010 0.2439867844344496 0.3249366754581598E-01
 0.4976307772797972 0.2449776296625288 0.3296349363404701E-01
 0.4975974932912218 0.2459797051111703 0.3344290397040361E-01
 0.4975658283507076 0.2469198161802224 0.3389651026147095E-01
 0.4975280574421954 0.2480249275588139 0.3443449939887981E-01
 0.4974951393420965 0.2489740904855608 0.3490073460246500E-01
 0.4974607902408987 0.2499511151356703 0.3538467539154114E-01
 0.4974254786191544 0.2509417123243118 0.3587943221028012E-01
 0.4973920173017093 0.2518679009563648 0.3634568820511963E-01
 0.4973518711460094 0.2529636006744055 0.3690186305129561E-01
 0.4973169605769219 0.2539030900839146 0.3738275172628427E-01
 0.4972810594561126 0.2548567361998731 0.3787467394217531E-01
 0.4972430576572217 0.2558528061323916 0.3839248553536908E-01
 0.4972077299823345 0.2567668283740557 0.3887118102384398E-01
 0.4971664803389034 0.2578199563655003 0.3942692478593755E-01
 0.4971294173223432 0.2587536344106637 0.3992344035468537E-01
 0.4970922359765059 0.2596787157586056 0.4041892973137275E-01
 0.4970497604278095 0.2607217649998382 0.4098177444161594E-01
 0.4970122825604450 0.2616302804208077 0.4147555300591469E-01
 0.4969710319986602 0.2626178512068312 0.4201601338256446E-01
 0.4969315016153492 0.2635524099019139 0.4253107433803542E-01
 0.4968929581057226 0.2644528179176581 0.4303066645683486E-01
 0.4968458887165679 0.2655383480679239 0.4363729898918606E-01
 0.4968060058696925 0.2664464119923945 0.4414831274478354E-01
 0.4967644281451283 0.2673819585948747 0.4467815376728190E-01
 0.4967214725740396 0.2683369436915382 0.4522256781344711E-01
 0.4966811727346785 0.2692225039569967 0.4573066728686181E-01
 0.4966345098397026 0.2702356937542604 0.4631582967135107E-01
 0.4965921230824746 0.2711450158951430 0.4684442013579368E-01
 0.4965501351818143 0.2720357323269099 0.4736528811729698E-01
 0.4964983958026223 0.2731199567176991 0.4800348486798332E-01
 0.4964553813242562 0.2740104415194975 0.4853112880189065E-01
 0.4964097409071920 0.2749447741406497 0.4908814227122273E-01
 0.4963640106555777 0.2758703829104008 0.4964331685895149E-01
 0.4963205585994825 0.2767403471041526 0.5016811486126808E-01
 0.4962693859684709 0.2777533042849601 0.5078284609232093E-01
 0.4962237284093708 0.2786468024119438 0.5132842754578779E-01
 0.4961784318557379 0.2795239058676799 0.5186708699702455E-01
 0.4961222139300326 0.2805999159953951 0.5253203989578954E-01
 0.4960758605708231 0.2814769307025790 0.5307732490643866E-01
 0.4960269608297861 0.2823924170938478 0.5364968313640447E-01
 0.4959774793587640 0.2833089119086273 0.5422594839694706E-01
 0.4959308173351845 0.2841643087764764 0.5476679961591117E-01
 0.4958775257210290 0.2851309697102092 0.5538147113742053E-01
 0.4958282226998684 0.2860157783704961 0.5594724624188964E-01
 0.4957800750415566 0.2868712615406702 0.5649707513210508E-01
 0.4957198626303800 0.2879294764162584 0.5718102684988188E-01
 0.4956698769751661 0.2887983913262925 0.5774584243306745E-01
 0.4956190735060242 0.2896728581054299 0.5831720442094673E-01
 0.4955630986059683 0.2906264764254797 0.5894357791793619E-01
 0.4955128893371872 0.2914732869690488 0.5950260426992777E-01
 0.4954591166203889 0.2923714204742721 0.6009837438448856E-01
 0.4954047534053210 0.2932704118874471 0.6069770822451254E-01
 0.4953536181402044 0.2941079571191695 0.6125881965692395E-01
 0.4952962233218197 0.2950389373107836 0.6188562413426661E-01
 0.4952418368534384 0.2959124587939151 0.6247664264133184E-01
 0.4951893633150051 0.2967474565638138 0.6304416706992089E-01
 0.4951259441485176 0.2977466539566098 0.6372660353692390E-01
 0.4950709444089366 0.2986045714335029 0.6431548156771492E-01
 0.4950165593567653 0.2994452073212157 0.6489515453147245E-01
 0.4949477892632823 0.3004975059071565 0.6562442984072740E-01
 0.4948919635508315 0.3013431664547697 0.6621335038658292E-01
 0.4948345731910975 0.3022047195369903 0.6681591033960274E-01
 0.4947731053038206 0.3031189055239265 0.6745815051640525E-01
 0.4947171743891030 0.3039432054380233 0.6803982140710758E-01
 0.4946573184047249 0.3048175762020314 0.6865949641720381E-01
 0.4945962783087774 0.3057011483004067 0.6928841975224054E-01
 0.4945393055967387 0.3065186309783096 0.6987267333759803E-01
 0.4944768722458710 0.3074066469260989 0.7050989893210752E-01
 0.4944154844667325 0.3082719934632262 0.7113346332630570E-01
 0.4943573088432401 0.3090850797747653 0.7172175182178142E-01
 0.4942920370775790 0.3099894344329424 0.7237877031129013E-01
 0.4942299934466614 0.3108414757151411 0.7300030512527979E-01
 0.4941705096684025 0.3116515697128438 0.7359344516353496E-01
 0.4941018090851608 0.3125790899335628 0.7427519147479492E-01
 0.4940389464551462 0.3134203539608760 0.7489601245706091E-01
 0.4939780168257347 0.3142291104493993 0.7549510141853556E-01
 0.4939042050367695 0.3152002948317687 0.7621740805391937E-01
 0.4938403651654977 0.3160328678591220 0.7683907004130389E-01
 0.4937776889320869 0.3168437270664057 0.7744664105266899E-01
 0.4936970676041573 0.3178774302546999 0.7822424895294744E-01
 0.4936321398830166 0.3187024592025180 0.7884740886810122E-01
 0.4935669951399597 0.3195237053716257 0.7946997059080703E-01
 0.4934909461640353 0.3204743003936363 0.8019335328626970E-01
 0.4934257376278482 0.3212825750925216 0.8081069355435259E-01
 0.4933585229197539 0.3221092660055562 0.8144421045063940E-01
 0.4932844435848254 0.3230129549614004 0.8213920157444411E-01
 0.4932184206600802 0.3238119285290124 0.8275585068853321E-01
 0.4931495272874099 0.3246393007593728 0.8339658524579856E-01
 0.4930749360867408 0.3255279474287223 0.8408715437817434E-01
 0.4930077628923223 0.3263219805041338 0.8470619853011928E-01
 0.4929373835062818 0.3271476962874441 0.8535189605653232E-01
 0.4928616397278133 0.3280293815572299 0.8604357757983483E-01
 0.4927932121817610 0.3288198140211043 0.8666565905177612E-01
 0.4927214740482926 0.3296424020473187 0.8731504997690374E-01
 0.4926442058644459 0.3305215660775375 0.8801130477005085E-01
 0.4925744586713661 0.3313091861153397 0.8863692127555975E-01
 0.4925014535633703 0.3321276457245312 0.8928886546714214E-01
 0.4924224232405340 0.3330069249207595 0.8999137150594458E-01
 0.4923513151005529 0.3337921975795903 0.9062067852035625E-01
 0.4922771085424028 0.3346058739909917 0.9127466605431221E-01
 0.4921960745950860 0.3354877583017024 0.9198563037727039E-01
 0.4921235680146396 0.3362710613650457 0.9261893143219564E-01
 0.4920482117986110 0.3370794739258434 0.9327428748285849E-01
 0.4919649502846055 0.3379660917848594 0.9399512240870141E-01
 0.4918910067564966 0.3387477828430832 0.9463250761695771E-01
 0.4918145220073546 0.3395507965477317 0.9528910843840911E-01
 0.4917287865544144 0.3404443569855446 0.9602187063880355E-01
 0.4916533642809168 0.3412247881270611 0.9666361465799517E-01
 0.4915757418458961 0.3420225717020168 0.9732127320473513E-01
 0.4914873490567143 0.3429244851126170 0.9806679649244257E-01
 0.4914104135624157 0.3437039070041754 0.9871284637675408E-01
 0.4913316148565882 0.3444969110995523 0.9937186176948998E-01
 0.4912404163257585 0.3454081352980122 0.1001311903806900
 0.4911619402498889 0.3461867019159808 0.1007816448750442
 0.4910819131397551 0.3469754745842373 0.1014421472984490
 0.4909879223037592 0.3478953166295078 0.1022143570739524
 0.4909079031810363 0.3486729381668863 0.1028688625334827
 0.4908265929516595 0.3494580294945064 0.1035312467738198
 0.4907298627741862 0.3503854603988379 0.1043157309201222
 0.4906483071969626 0.3511619695737936 0.1049741489674371
 0.4905656818979596 0.3519436869020645 0.1056384045069937
 0.4904663124440172 0.3528773027942781 0.1064336252633551
 0.4903832333143217 0.3536524973612869 0.1070955278016942
 0.4902992720383962 0.3544310430863815 0.1077617959064860
 0.4901972266824267 0.3553707865218845 0.1085679726635973
 0.4901126205016519 0.3561446251706907 0.1092333539437096
 0.4900273077645193 0.3569201398507430 0.1099015141472240
 0.4899226520220370 0.3578650365907425 0.1107174372505408
 0.4898365247714642 0.3586374066439121 0.1113859262499430
 0.4897498497425302 0.3594099939447248 0.1120560137393945
 0.4896424710439972 0.3603607046709161 0.1128824705085398
 0.4895548071573960 0.3611316849540468 0.1135541210315156
 0.4894667515602704 0.3619015030278177 0.1142259858933599
 0.4893567951938084 0.3628564138951484 0.1150611068469222
 0.4892676047298919 0.3636258731632164 0.1157354714980964
 0.4891781572194513 0.3643930289212383 0.1164091107703584
 0.4890661501893572 0.3653473905792478 0.1172488825201259
 0.4889754660804039 0.3661150402389819 0.1179256819437710
 0.4888846814181445 0.3668791088401807 0.1186004415359523
 0.4887703555974393 0.3678351025225930 0.1194462776236522
 0.4886781258132589 0.3686013720912409 0.1201255769190754
 0.4885860222270775 0.3693622478702246 0.1208012891654431
 0.4884691389381745 0.3703216809312135 0.1216549831036986
 0.4883753175690252 0.3710869149020677 0.1223371185741012
 0.4882818919208973 0.3718446593556106 0.1230136102824566
 0.4881623438375891 0.3728081724416105 0.1238753074832215
 0.4880669102158592 0.3735724944995584 0.1245601165191176
 0.4879721454728594 0.3743272777538899 0.1252375008830884
 0.4878498226948044 0.3752954928015180 0.1261080222522717
 0.4877527613906774 0.3760589730040770 0.1267956509202934
 0.4876566490438007 0.3768108840484402 0.1274738311800571
 0.4875314961492931 0.3777839620456660 0.1283529392587732
 0.4874327980734244 0.3785466202615135 0.1290431489223530
 0.4873353208656379 0.3792958143143466 0.1297222352738485
 0.4872072613332216 0.3802740670198284 0.1306104888713874
 0.4871069114511489 0.3810359633566368 0.1313034218883866
 0.4870080426242638 0.3817826552908636 0.1319834349094503
 0.4868771139747256 0.3827655203260880 0.1328799134484814
 0.4867751140221453 0.3835265926144690 0.1335752302645436
 0.4866748301247627 0.3842709692259994 0.1342562883545836
 0.4865410270882973 0.3852582318464742 0.1351610492306069
 0.4864373743276630 0.3860184534713351 0.1358588100174082
 0.4863356633767210 0.3867606078516200 0.1365408312127203
 0.4861990010773876 0.3877519171368826 0.1374531312294227
 0.4860936982320383 0.3885112289937308 0.1381529993166799
 0.4859905450354602 0.3892512791018574 0.1388360485565588
 0.4858509897857317 0.3902466520865449 0.1397561757554523
 0.4857440339607665 0.3910050363791362 0.1404582461042948
 0.4856394330180840 0.3917430240880582 0.1411422264312963
 0.4854974170211570 0.3927392185234266 0.1420667685744675
 0.4853888389058657 0.3934964442628404 0.1427705516358975
 0.4852828161290185 0.3942322130063787 0.1434552744834501
 0.4851411662798412 0.3952096988482132 0.1443662551812767
 0.4850310993431184 0.3959649401882109 0.1450710572681906
 0.4849238906684075 0.3966970067798153 0.1457549623086318
 0.4847881672690789 0.3976188134628276 0.1466171466934113
 0.4846766738039616 0.3983719585963455 0.1473224743646499
 0.4845687542927968 0.3990974912559700 0.1480027423773868
 0.4844425052929937 0.3999419769249177 0.1487955155797237
 0.4843287433894390 0.4006990411991248 0.1495070453941911
 0.4842202072313528 0.4014179339601391 0.1501833592722792
 0.4841015042883309 0.4022004208357771 0.1509202080664054
 0.4839825206154196 0.4029808826936372 0.1516559178662923
 0.4838724299066939 0.4036996012335056 0.1523341517894987
 0.4837577734290143 0.4044446863791170 0.1530380245102978
 0.4836257476314393 0.4052983530855491 0.1538453819665115
 0.4835123290737170 0.4060280874327211 0.1545362345686242
 0.4833986226250379 0.4067563602435723 0.1552263086959061
 0.4832471064051294 0.4077217134732543 0.1561419788321522
 0.4831295780858357 0.4084665733965685 0.1568493074979670
 0.4830148254044396 0.4091905603819045 0.1575375283084591
 0.4828692000746561 0.4101047194198406 0.1584075124469382
 0.4827499144188918 0.4108497433446304 0.1591172824365629
 0.4826346611475311 0.4115663841817106 0.1598005926203275
 0.4825013731053063 0.4123912952462206 0.1605878338602915
 0.4823793973128120 0.4131426048981878 0.1613055261575869
 0.4822635788957577 0.4138528519490203 0.1619846436568153
 0.4821386848262413 0.4146153726016369 0.1627144550005723
 0.4820094101415888 0.4154009873218982 0.1634670902724441
 0.4818915275270695 0.4161141737463532 0.1641509043256491
 0.4817704921028692 0.4168432995775773 0.1648505169742938
 0.4816204254577418 0.4177429573054648 0.1657144920695089
 0.4814980555410389 0.4184730491455198 0.1664162754709161
 0.4813771867643104 0.4191911175096276 0.1671071043305813
 0.4812219902930087 0.4201087095099617 0.1679907356801179
 0.4810963391931499 0.4208480267844035 0.1687033155453435
 0.4809749800544354 0.4215590804833018 0.1693891282387447
 0.4808347473295557 0.4223770773247063 0.1701786580321077
 0.4807062560967884 0.4231232008604490 0.1708993949446896
 0.4805844176588661 0.4238277399133846 0.1715805200107588
 0.4804536407239606 0.4245808047237646 0.1723091745289957
 0.4803165210760187 0.4253669189334918 0.1730704489487945
 0.4801923293011869 0.4260758835560586 0.1737575168488351
 0.4800655852785495 0.4267964797288148 0.1744563136337344
 0.4799043516445596 0.4277089276164160 0.1753418421552599
 0.4797750797801362 0.4284371135382743 0.1760491547829058
 0.4796483616713606 0.4291480255920878 0.1767402540185440
 0.4794927202857027 0.4300173352607873 0.1775860854786498
 0.4793605195653985 0.4307524118113200 0.1783018940698431
 0.4792336955394992 0.4314547693526939 0.1789862899084654
 0.4790927862570486 0.4322319266301162 0.1797440702366302
 0.4789554617471479 0.4329861037383315 0.1804799811797569
 0.4788275002225670 0.4336860409994369 0.1811634882162190
 0.4786939921004933 0.4344134504947086 0.1818743757231230
 0.4785402672068154 0.4352474240643367 0.1826900616737260
 0.4784082594028961 0.4359605521532792 0.1833880394952360
 0.4782768089653148 0.4366679206585149 0.1840807750842023
 0.4781111089638339 0.4375557324382057 0.1849507764434612
 0.4779742365535085 0.4382858766516591 0.1856667836795713
 0.4778426385361720 0.4389851769453778 0.1863530163754249
 0.4776947258682679 0.4397680378113433 0.1871217944700463
 0.4775533670173100 0.4405131453694968 0.1878539819465160
 0.4774209500896054 0.4412084316268163 0.1885375778385734
 0.4772820494133755 0.4419349979772322 0.1892522741061626
 0.4771253273087899 0.4427514244609392 0.1900558081624749
 0.4769890007933564 0.4434587364081094 0.1907523853060643
 0.4768528697966032 0.4441624019656819 0.1914458090097996
 0.4766812581171856 0.4450457622201216 0.1923169173440018
 0.4765394869889450 0.4457724372242125 0.1930339608666411
 0.4764032925667382 0.4464679302362860 0.1937205645030605
 0.4762508658911268 0.4472433288765812 0.1944864226233090
 0.4761041097729994 0.4479869327143001 0.1952212857660697
 0.4759670049063627 0.4486790483890844 0.1959056774734536
 0.4758238391301975 0.4493991211989148 0.1966181611762199
 0.4756593540256608 0.4502231298759123 0.1974340151328849
 0.4755178414338425 0.4509292672658414 0.1981335549503111
 0.4753772895588608 0.4516280856736407 0.1988261553739268
 0.4752055941915764 0.4524783702840788 0.1996692925595638
 0.4750586790774421 0.4532030182940314 0.2003882589276751
 0.4749182298836574 0.4538932845595807 0.2010735071031925
 0.4747644909414973 0.4546461048189598 0.2018212987836451
 0.4746100755938879 0.4553993618995921 0.2025699414044137
 0.4744679366383578 0.4560902122075271 0.2032568646663524
 0.4743218687867728 0.4567976660834223 0.2039605600607504
 0.4741393031039476 0.4576783765496956 0.2048369742027507
 0.4739911723323488 0.4583901318288259 0.2055456168945443
 0.4738462466737236 0.4590840516398718 0.2062368473923945
 0.4736748862546515 0.4599014679825415 0.2070515225630875
 0.4735224860635990 0.4606256694501112 0.2077736246330220
 0.4733777060169164 0.4613112681674683 0.2084574654738338
 0.4732223218002309 0.4620445150714833 0.2091890569252051
 0.4730590963403392 0.4628119304344543 0.2099550187790085
 0.4729115721210808 0.4635030523221652 0.2106451290268382
 0.4727622158941241 0.4642003880819021 0.2113417659308951
 0.4725595127524881 0.4651430251710506 0.2122839578192054
 0.4724045079710186 0.4658609490842914 0.2130018697634082
 0.4722549777397722 0.4665511605507222 0.2136922930216745
 0.4720811470136506 0.4673506601634330 0.2144923136039151
 0.4719232350969453 0.4680742872696300 0.2152167165496289
 0.4717738618149761 0.4687564809406364 0.2158999583512953
 0.4716152112220073 0.4694786129821330 0.2166235568177713
 0.4714438221406967 0.4702559394513116 0.2174028413881974
 0.4712909208116183 0.4709469957018810 0.2180959129898967
 0.4711375236639846 0.4716380216520953 0.2187891715554538
 0.4709465037186547 0.4724953826483291 0.2196496061035225
 0.4707865333960529 0.4732107220908990 0.2203678137428110
 0.4706335155011060 0.4738927252497845 0.2210528506136119
 0.4704656607511745 0.4746383528099022 0.2218021342718749
 0.4702981452125781 0.4753798864976682 0.2225476097844358
 0.4701435246512748 0.4760620664746846 0.2232336248593539
 0.4699849977762471 0.4767592374436817 0.2239348817538650
 0.4697835336479962 0.4776419929392647 0.2248230595325121
 0.4696217943112546 0.4783480836647593 0.2255337351242241
 0.4694645511443612 0.4790323453353705 0.2262226862982250
 0.4692830727121605 0.4798193977380926 0.2270154261734880
 0.4691165124068004 0.4805392557938521 0.2277407083170830
 0.4689593235894006 0.4812164405161822 0.2284231326621634
 0.4687936110920770 0.4819280845013330 0.2291403968319759
 0.4686102809434392 0.4827127073401804 0.2299313724974341
 0.4684487435982596 0.4834017497987692 0.2306261784037613
 0.4682879515382067 0.4840854830332552 0.2313158380043790
 0.4680960960837891 0.4848985513336969 0.2321362183584394
 0.4679273904842969 0.4856110582193698 0.2328553204972951
 0.4677669888049893 0.4862863845489965 0.2335370103884047
 0.4675953649760232 0.4870067013222481 0.2342642161317270
 0.4674142367905955 0.4877644005512384 0.2350293054164947
 0.4672506242957144 0.4884466337970712 0.2357183711674780
 0.4670860020259820 0.4891309942724574 0.2364097923439653
 0.4668811560480277 0.4899796795373822 0.2372675141953325
 0.4667098065207583 0.4906871477027834 0.2379826999398371
 0.4665458809691185 0.4913619026629290 0.2386649220799429
 0.4663672068753358 0.4920950905783005 0.2394063235021472
 0.4661870662170732 0.4928319152146775 0.2401515356886687
 0.4660211541853150 0.4935084442908170 0.2408359291064809
 0.4658522158815301 0.4941952653349742 0.2415309209226231
 0.4656262387353136 0.4951107774260370 0.2424575881905953
 0.4654518273779085 0.4958148971067917 0.2431704232828929
 0.4652835875006539 0.4964920725660258 0.2438560367924720
 0.4650923847948424 0.4972592769349139 0.2446328513191198
 0.4649137573630034 0.4979737382737378 0.2453563416607461
 0.4647454904051090 0.4986447595863688 0.2460359551513578
 0.4645700916195973 0.4993421724322920 0.2467424335154786
 0.4643656599573512 0.5001524080332184 0.2475633449050304
 0.4641916850246879 0.5008397340186653 0.2482597901806732
 0.4640202727437484 0.5015149757692687 0.2489440018136095
 0.4638231279000527 0.5022892008953829 0.2497285173369510
 0.4636419060876895 0.5029986626016870 0.2504474526372113
 0.4634707033066425 0.5036669550131554 0.2511247541252248
 0.4632913208703622 0.5043651651572222 0.2518324883112036
 0.4630867450381302 0.5051589443581068 0.2526372085836910
 0.4629102818843371 0.5058415287778784 0.2533292443387605
 0.4627357095329927 0.5065148889782871 0.2540119247895828
 0.4625346444759312 0.5072881023551644 0.2547958306242837
 0.4623502911632171 0.5079948718483518 0.2555124037413225
 0.4621761369904326 0.5086606429040814 0.2561874823567610
 0.4619935258101422 0.5093567803576119 0.2568934499478110
 0.4617847612033927 0.5101501758339179 0.2576981444934369
 0.4616051270588026 0.5108307951528259 0.2583884819452982
 0.4614275160044256 0.5115018843835974 0.2590691301801926
 0.4612237780952969 0.5122694274651738 0.2598475661469693
 0.4610358803529008 0.5129751690968922 0.2605633182506502
 0.4608587056532683 0.5136387812673835 0.2612363793513980
 0.4606733457920028 0.5143311404021865 0.2619386519198615
 0.4604572879702755 0.5151357173833205 0.2627547869592446
 0.4602739500633912 0.5158164012561592 0.2634452192020013
 0.4600934031414081 0.5164849012283094 0.2641232160759774
 0.4598875823855159 0.5172447941186317 0.2648937954753703
 0.4596958986920505 0.5179504146862824 0.2656092655858749
 0.4595156768654468 0.5186120290730964 0.2662800920068666
 0.4593277651967759 0.5193000170959859 0.2669776569794966
 0.4591020885710576 0.5201237869318942 0.2678128641471264
 0.4589148283849940 0.5208052871728625 0.2685037454498799
 0.4587313470317105 0.5214712544642490 0.2691787638741899
 0.4585231071129747 0.5222249679814845 0.2699425721082261
 0.4583277697819001 0.5229299510817376 0.2706568882507075
 0.4581445427264407 0.5235894555876442 0.2713250729632695
 0.4579540957899996 0.5242731432117395 0.2720177321072016
 0.4577194852455501 0.5251128669673517 0.2728684136390229
 0.4575284799092075 0.5257944908422532 0.2735588263747866
 0.4573420796670635 0.5264579412896166 0.2742306947135413
 0.4571312011889065 0.5272064613287657 0.2749885390564479
 0.4569322187542572 0.5279107711905956 0.2757014886985014
 0.4567459390077011 0.5285683863529175 0.2763670990415608
 0.4565528890115220 0.5292481474468216 0.2770550785467116
 0.4563111556661285 0.5300968324360282 0.2779139384431387
 0.4561164290570138 0.5307784809787327 0.2786036353854550
 0.4559270687983258 0.5314396436709645 0.2792724529318360
 0.4557138453316115 0.5321821345424308 0.2800233478523436
 0.4555109041653376 0.5328868760046250 0.2807359059222341
 0.4553214808890114 0.5335429770645322 0.2813991834647721
 0.4551259818673734 0.5342184164539666 0.2820819303874935
 0.4548747895571720 0.5350837498302732 0.2829564754319921
 0.4546760279448013 0.5357664694452737 0.2836462783617221
 0.4544836717401316 0.5364255227216250 0.2843119608356572
 0.4542679947590548 0.5371625458011389 0.2850561331956549
 0.4540611366194327 0.5378675285715455 0.2857677168443802
 0.4538686067682148 0.5385220175851447 0.2864281648778586
 0.4536705949444321 0.5391934827259309 0.2871055985168181
 0.4534094277482117 0.5400765572534818 0.2879962777016288
 0.4532067649348686 0.5407598284717634 0.2886851870023104
 0.4530114381986721 0.5414167383403995 0.2893472712905038
 0.4527928150456036 0.5421501163297832 0.2900861322200091
 0.4525823120659003 0.5428543919181205 0.2907954175972804
 0.4523867026678370 0.5435072123228591 0.2914527081104673
 0.4521858867134194 0.5441757911911766 0.2921257262717737
 0.4519165341655711 0.5450699964375574 0.2930256435345173
 0.4517102122777439 0.5457529875339033 0.2937127764573229
 0.4515118393643097 0.5464080721010790 0.2943716130358390
 0.4512899436028874 0.5471389992606707 0.2951064619817298
 0.4510758350097137 0.5478424505589328 0.2958134552559789
 0.4508771217104514 0.5484937290215597 0.2964678525337416
 0.4506734700265936 0.5491596141388899 0.2971367923888007
 0.4503998393131143 0.5500518145425082 0.2980328495801873
 0.4501899388879965 0.5507342906756310 0.2987180305759628
 0.4499886378826857 0.5513872485500934 0.2993733233503633
 0.4497646895647195 0.5521118880265701 0.3001002413498807
 0.4495461851232705 0.5528171196098713 0.3008073944948713
 0.4493442366169030 0.5534673531010130 0.3014591778768561
 0.4491381747783444 0.5541292937410672 0.3021225019079880
 0.4488747922307246 0.5549731245543655 0.3029677963184829
 0.4486618058417092 0.5556536681002070 0.3036492239814370
 0.4484583448473344 0.5563022615766606 0.3042983680424449
 0.4482373757121730 0.5570050036044979 0.3050013681036610
 0.4480100819583047 0.5577260650907335 0.3057223554924518
 0.4478039650870168 0.5583783834150835 0.3063743582217929
 0.4475966399318919 0.5590330372595218 0.3070284945604098
 0.4473509333310668 0.5598069658405517 0.3078015573907528
 0.4471332595272193 0.5604908698829069 0.3084844321151804
 0.4469275780752950 0.5611356156093832 0.3091279386490559
 0.4467115889427666 0.5618111354912075 0.3098018580238533
 0.4464597374198227 0.5625968430863392 0.3105853339433726
 0.4462466507156906 0.5632599671182855 0.3112463103125108
 0.4460378310081500 0.5639083571363880 0.3118924035964937
 0.4458030879416429 0.5646355317238804 0.3126167773871855
 0.4455774406510167 0.5653328375418835 0.3133111380268337
 0.4453680883180016 0.5659783147050929 0.3139536131115435
 0.4451538534823936 0.5666373876002556 0.3146093116593127
 0.4448738343224010 0.5674966323025453 0.3154636872735337
 0.4446527663118209 0.5681732305152112 0.3161361167657937
 0.4444414996917646 0.5688183952875250 0.3167770692136234
 0.4442109760018648 0.5695207774045349 0.3174746126806516
 0.4439763751631002 0.5702338904424749 0.3181825139948792
 0.4437628172830934 0.5708815658572352 0.3188251491048101
 0.4435477139078258 0.5715325183004969 0.3194707083135999
 0.4432920710437973 0.5723043249745418 0.3202356953421449
 0.4430662093522955 0.5729845798431594 0.3209095982034877
 0.4428529306798852 0.5736255342689762 0.3215443223546127
 0.4426292666913217 0.5742962450122134 0.3222082876767069
 0.4423659919553251 0.5750838437135122 0.3229876614239555
 0.4421448074585223 0.5757439548940528 0.3236405879984694
 0.4419286193491627 0.5763877764828617 0.3242771142608408
 0.4416871769342371 0.5771052071593615 0.3249860758122604
 0.4414522732709785 0.5778015990957616 0.3256739391511700
 0.4412351650471124 0.5784438329191518 0.3263080858153486
 0.4410140134718302 0.5790966515887279 0.3269524986564072
 0.4407370429733949 0.5799122969855046 0.3277573769209126
 0.4405076647680927 0.5805861620176845 0.3284220825713941
 0.4402894455220852 0.5812258856861969 0.3290528466392845
 0.4400560493164623 0.5819086447689663 0.3297257383190035
 0.4398045354174694 0.5826427294277250 0.3304488803888925
 0.4395815716776253 0.5832920427996667 0.3310882673733488
 0.4393603047528426 0.5839350825695965 0.3317212810746933
 0.4391085562906146 0.5846651032369092 0.3324396902386375
 0.4388710297491573 0.5853523281019395 0.3331157305757044
 0.4386498293057452 0.5859909684234370 0.3337437157616108
 0.4384228406927543 0.5866449760909703 0.3343865262278999
 0.4381187723433233 0.5875189499664421 0.3352451042734199
 0.4378847939289158 0.5881898262034866 0.3359038825893704
 0.4376611826764052 0.5888296528225714 0.3365319947448481
 0.4374159485311240 0.5895298708041301 0.3372192190508022
 0.4371692830896805 0.5902326245002250 0.3379087353909210
 0.4369439439529267 0.5908732680333761 0.3385371073639362
 0.4367167761445670 0.5915178125907671 0.3391690857223328
 0.4364467013620126 0.5922824123956394 0.3399184998179771
 0.4362076566199801 0.5929576467707988 0.3405801140038625
 0.4359823789085664 0.5935926971650145 0.3412022209365687
 0.4357471578416963 0.5942544433601743 0.3418503669624412
 0.4354591947844035 0.5950627241751187 0.3426418641291978
 0.4352241228010220 0.5957210500431916 0.3432863334589865
 0.4349958393256758 0.5963590860289242 0.3439107387158833
 0.4347428137043372 0.5970648114916415 0.3446011408025533
 0.4344932038021040 0.5977595120015207 0.3452805272332985
 0.4342637432738456 0.5983968293197651 0.3459036337827883
 0.4340314840268176 0.5990406547079047 0.3465329756973400
 0.4337512616024919 0.5998157503963216 0.3472904663256502
 0.4335080273879695 0.6004870525734748 0.3479463390136918
 0.4332783041032404 0.6011198072863824 0.3485643597963968
 0.4330373686587062 0.6017821390110749 0.3492110558449017
 0.4327520558824560 0.6025647454636397 0.3499749353158538
 0.4325134785676267 0.6032177357345944 0.3506121466787482
 0.4322808913898370 0.6038530916466782 0.3512320643116263
 0.4320232309106785 0.6045555196485760 0.3519173508418645
 0.4317685367725614 0.6052484019629448 0.3525932360008226
 0.4315345942727006 0.6058835598642897 0.3532127047561270
 0.4312980452134124 0.6065245644853016 0.3538377490192773
 0.4310140397349514 0.6072925427843818 0.3545864456056380
 0.4307657103819709 0.6079626053499938 0.3552395843299057
 0.4305315564370895 0.6085931917107258 0.3558542027921854
 0.4302868972765320 0.6092508036786716 0.3564951452998271
 0.4299876024285998 0.6100535208170040 0.3572774774293328
 0.4297432015814411 0.6107075919680656 0.3579148651212780
 0.4295060745003423 0.6113409848842295 0.3585320020442590
 0.4292443659998886 0.6120386595007152 0.3592116454782974
 0.4289838118625009 0.6127318285220738 0.3598867966506494
 0.4287451548565742 0.6133654997116373 0.3605039501818778
 0.4285044829700794 0.6140033231288449 0.3611251378493237
 0.4282192078785453 0.6147578039102235 0.3618599382271298
 0.4279655377649562 0.6154272938329153 0.3625119385855625
 0.4277270672279586 0.6160554705771168 0.3631236519208187
 0.4274793858000597 0.6167066877396020 0.3637577339056063
 0.4271656783987566 0.6175297256565117 0.3645590472227191
 0.4269153200727405 0.6181851441655913 0.3651971686562890
 0.4266739702007000 0.6188157944764714 0.3658112275035103
 0.4264093219727293 0.6195059936808237 0.3664833510129993
 0.4261421444305419 0.6202013854403381 0.3671606041567175
 0.4258986256754308 0.6208339774651545 0.3677767258105752
 0.4256539994914837 0.6214682787695428 0.3683945142476356
 0.4253690620874638 0.6222056372369484 0.3691126777741292
 0.4251094503752940 0.6228760906196241 0.3697657112450416
 0.4248664185208788 0.6235025507239678 0.3703759630821711
 0.4246159544521012 0.6241469853610655 0.3710038186117767
 0.4242771805442521 0.6250167371448042 0.3718513350107872
 0.4240196295956722 0.6256765067515658 0.3724943013131148
 0.4237737191410760 0.6263052910841326 0.3731070863989183
 0.4235051704345782 0.6269906664273135 0.3737750305988679
 0.4232319719651063 0.6276865294237944 0.3744532354604627
 0.4229837605451892 0.6283175481531021 0.3750683249107734
 0.4227350193561895 0.6289487733441457 0.3756837359632608
 0.4224478167838899 0.6296761881975229 0.3763930954894551
 0.4221828280592549 0.6303460042854618 0.3770464291795416
 0.4219354266789522 0.6309702126001934 0.3776553729899006
 0.4216815208812353 0.6316096808755979 0.3782792833000127
 0.4213488890009768 0.6324456677544910 0.3790950744764384
 0.4210865247130626 0.6331036578059792 0.3797373345932731
 0.4208370351263750 0.6337282222825877 0.3803471484280000
 0.4205692735884348 0.6343973010751006 0.3810006406427073
 0.4202827491452732 0.6351118640072356 0.3816987864158477
 0.4200281503592078 0.6357455987450399 0.3823181202267266
 0.4197760404338028 0.6363720228524224 0.3829304236419446
 0.4194937387807172 0.6370721541320291 0.3836148974781852
 0.4192196371717698 0.6377506298377172 0.3842783527258963
 0.4189668827473914 0.6383751195553735 0.3848891914579278
 0.4187110844400165 0.6390060156281563 0.3855064987785322
 0.4184057167648215 0.6397577077723605 0.3862422753745352
 0.4181366054427261 0.6404188397867793 0.3868896327643201
 0.4178836372385402 0.6410391975919140 0.3874972265348331
 0.4176212359669177 0.6416815517697393 0.3881265160693678
 0.4172838291514825 0.6425058260577938 0.3889342838519497
 0.4170174085601219 0.6431553447339085 0.3895710583495594
 0.4167616294208015 0.6437778142096759 0.3901815816989305
 0.4164833835111497 0.6444537344266891 0.3908448517643422
 0.4161967865285804 0.6451486128242496 0.3915270631602751
 0.4159378270344362 0.6457753277816757 0.3921426152946267
 0.4156795275906900 0.6463993588424642 0.3927557504658058
 0.4153868396524161 0.6471051643193360 0.3934494907284809
 0.4151082861020656 0.6477756031143940 0.3941087517278618
 0.4148501619370989 0.6483957601142443 0.3947188542950522
 0.4145879371067205 0.6490246794105060 0.3953378856167364
 0.4142702537308282 0.6497851455365490 0.3960868133621973
 0.4139953084267695 0.6504420162257573 0.3967340556146268
 0.4137363684622860 0.6510595594837657 0.3973427995800328
 0.4134667488297448 0.6517014547176994 0.3979757935915811
 0.4131292865885286 0.6525032663423924 0.3987668663420407
 0.4128578168783008 0.6531469948693432 0.3994023358496104
 0.4125964182588412 0.6537657645753537 0.4000135227006192
 0.4123125487721016 0.6544365337888118 0.4006764961749006
 0.4120185075665056 0.6551300347393617 0.4013623977598438
 0.4117536058734891 0.6557536787324659 0.4019795827926399
 0.4114900615340107 0.6563730678868265 0.4025928871603807
 0.4111943035337118 0.6570669135892976 0.4032803074937577
 0.4109076296706557 0.6577381887874522 0.4039457911159409
 0.4106432497804303 0.6583561663743429 0.4045588469337047
 0.4103760184947550 0.6589797464137461 0.4051778868336974
 0.4100613916149164 0.6597125596896459 0.4059059109011122
 0.4097786381527020 0.6603698821025761 0.4065594026348433
 0.4095137030030832 0.6609847102491825 0.4071710018748035
 0.4092407256641172 0.6616171216392280 0.4078004198691932
 0.4088681628750113 0.6624784834571860 0.4086582439882790
 0.4085869994188092 0.6631271912499460 0.4093047410884317
 0.4083198203293916 0.6637425709782109 0.4099184255417566
 0.4080316011624305 0.6644052544587191 0.4105797426274204
 0.4077279375232654 0.6651021549109744 0.4112757106449755
 0.4074564958588618 0.6657239879194710 0.4118971213029889
 0.4071877074346457 0.6663387062855169 0.4125117812256556
 0.4068896150582256 0.6670192414346917 0.4131926714969256
 0.4065936009309455 0.6676937869820460 0.4138680427992366
 0.4063225908057218 0.6683102708913227 0.4144857437002021
 0.4060503355477516 0.6689285483453129 0.4151057237731916
 0.4057373466082186 0.6696380482992712 0.4158177866940119
 0.4054460814127909 0.6702970772490762 0.4164797563870535
 0.4051749635811078 0.6709094616493925 0.4170953208610149
 0.4048984071172405 0.6715330833086302 0.4177225978900332
 0.4045551512968454 0.6723056439655022 0.4185002716076447
 0.4042668814272855 0.6729532003380058 0.4191526478351094
 0.4039952219332796 0.6735624052078669 0.4197668717338106
 0.4037118530342974 0.6741967988018058 0.4204070161559416
 0.4033598405210270 0.6749833531126306 0.4212014388498315
 0.4030749857473593 0.6756186225578170 0.4218436290690515
 0.4028011368227919 0.6762283189700178 0.4224604167903098
 0.4025064431993659 0.6768833021871044 0.4231235048955683
 0.4021912919958004 0.6775824724901951 0.4238319176479565
 0.4019114120732952 0.6782022863079016 0.4244604861942893
 0.4016350550187789 0.6788132810998873 0.4250806703674470
 0.4013299072872981 0.6794867587159005 0.4257649407936289
 0.4010243435584396 0.6801599284036575 0.4264495770047126
 0.4007456379488815 0.6807728626717745 0.4270735055244977
 0.4004667122786069 0.6813852665916221 0.4276973894506598
 0.4001507668287509 0.6820777293914486 0.4284034168385052
 0.3998495550229254 0.6827366971497592 0.4290758881245362
 0.3995710461743006 0.6833449561887908 0.4296971586886199
 0.3992894917172933 0.6839588537841778 0.4303247442202009
 0.3989611521788473 0.6846734792346389 0.4310560062168818
 0.3986618497245448 0.6853237081379313 0.4317219983679068
 0.3983824293031396 0.6859297165359330 0.4323431987771036
 0.3980966529810289 0.6865484874355945 0.4329779595626118
 0.3977384163833600 0.6873226970007154 0.4337728708865124
 0.3974406597609408 0.6879649727152543 0.4344329565683903
 0.3971597615572153 0.6885698673011513 0.4350552027216314
 0.3968659265498046 0.6892015677719224 0.4357056552955334
 0.3965097819819414 0.6899657867554109 0.4364934247524734
 0.3962165465332055 0.6905938365630191 0.4371415069183839
 0.3959340656869904 0.6911978498653701 0.4377653307941614
 0.3956310962522829 0.6918445834524827 0.4384338525301017
 0.3953026057474007 0.6925445263842083 0.4391580623908704
 0.3950132690670754 0.6931599511545067 0.4397954458849364
 0.3947291817934153 0.6937632207935888 0.4404208328809376
 0.3944202839029360 0.6944180678443043 0.4411003587163475
 0.3940976550917704 0.6951007947341066 0.4418095312850551
 0.3938081519817544 0.6957123580597965 0.4424453630674890
 0.3935213902092182 0.6963171408803727 0.4430746515012338
 0.3932046681612254 0.6969839697422945 0.4437690761354597
 0.3928870409649693 0.6976515065954967 0.4444648739228084
 0.3925975680784623 0.6982588324756218 0.4450985120826114
 0.3923082173541260 0.6988649135275881 0.4457314630068138
 0.3919821779716522 0.6995466633588199 0.4464441893464690
 0.3916684457747666 0.7002015023323159 0.4471295188983564
 0.3913792176626250 0.7008041764742792 0.4477608631475116
 0.3910879144841984 0.7014101901864080 0.4483962695310333
 0.3907541895955862 0.7021032462750642 0.4491236282862872
 0.3904414655700431 0.7027515209768582 0.4498046787433566
 0.3901513530631279 0.7033519150477094 0.4504360550563002
 0.3898575003125259 0.7039590647749141 0.4510751697910224
 0.3895146002985341 0.7046663056619358 0.4518204422559122
 0.3892019284048036 0.7053100319727802 0.4524994906332760
 0.3889101829073801 0.7059096738207040 0.4531325956034540
 0.3886123152896104 0.7065209049574706 0.4537784621583372
 0.3882465155360751 0.7072701656485491 0.4545709028000413
 0.3879351548916518 0.7079067354765027 0.4552448208442314
 0.3876423523174123 0.7085043737503048 0.4558781208102144
 0.3873388449531073 0.7091228520749582 0.4565341436534807
 0.3869407059811601 0.7099326154384414 0.4573940482785961
 0.3866312129633033 0.7105608717831382 0.4580619430540043
 0.3863369074799738 0.7111573179373822 0.4586965816587623
 0.3860240483914701 0.7117903210507023 0.4593706983265217
 0.3856718469681689 0.7125016419681958 0.4601289445932076
 0.3853681377804684 0.7131139387487115 0.4607822801636309
 0.3850723690417309 0.7137092628063877 0.4614181049061449
 0.3847546960689158 0.7143476194634941 0.4621005520815185
 0.3844085859265644 0.7150418790091854 0.4628435109143819
 0.3841043039533311 0.7156511705990533 0.4634961360685293
 0.3838058218823419 0.7162478836087179 0.4641357872603420
 0.3834818117167652 0.7168945534150329 0.4648295311284507
 0.3831421252122730 0.7175713100701645 0.4655561757287169
 0.3828381187041749 0.7181759432915013 0.4662059623278544
 0.3825377533772253 0.7187723747850736 0.4668475120791555
 0.3822084798718887 0.7194251163196811 0.4675503100559701
 0.3818724741677457 0.7200900296171303 0.4682669302577144
 0.3815687026399308 0.7206901384292226 0.4689142955048633
 0.3812674282180688 0.7212843634538200 0.4695558340291686
 0.3809367317099571 0.7219355335364921 0.4702594316482213
 0.3805989340958293 0.7225995168181503 0.4709775120354902
 0.3802934605723381 0.7231989489881038 0.4716263627390705
 0.3799905210738316 0.7237924606713424 0.4722693677862835
 0.3796584767014036 0.7244419131285957 0.4729736179529138
 0.3793174114135962 0.7251078370809297 0.4736963863878625
 0.3790093626662502 0.7257082790406388 0.4743486044233898
 0.3787037123020406 0.7263030947341793 0.4749951598651539
 0.3783669354903426 0.7269573910868499 0.4757068712527049
 0.3780266632317065 0.7276173183719140 0.4764252635852304
 0.3777176477715073 0.7282156192398487 0.4770770956836222
 0.3774100474751960 0.7288102317478043 0.4777254437700674
 0.3770687325839902 0.7294689131619966 0.4784442931655182
 0.3767298041922505 0.7301218440922739 0.4791575196929141
 0.3764205670747128 0.7307165841770077 0.4798077143963974
 0.3761123111422139 0.7313084984797291 0.4804552932524138
 0.3757712446892570 0.7319623272933508 0.4811711422182030
 0.3754291938655440 0.7326168989354165 0.4818883765303348
 0.3751179946095303 0.7332114389621939 0.4825403532487729
 0.3748085284223311 0.7338017339460783 0.4831881831418289
 0.3744685038930034 0.7344492474816834 0.4838993868237066
 0.3741208795033475 0.7351100790834216 0.4846258049873768
 0.3738064176876226 0.7357068669697749 0.4852822841329628
 0.3734943512264285 0.7362981714200763 0.4859331259469015
 0.3731512491914264 0.7369472081426548 0.4866479526970382
 0.3728022672700063 0.7376062179456138 0.4873742603420830
 0.3724860668819103 0.7382023262088524 0.4880317193308885
 0.3721718254863163 0.7387938049249629 0.4886845594268452
 0.3718246493412204 0.7394461931421661 0.4894052112412159
 0.3714764868346169 0.7400992984220496 0.4901272528999898
 0.3711599152679481 0.7406921590602944 0.4907831723165110
 0.3708451736613054 0.7412806663930634 0.4914346925055839
 0.3704990664676657 0.7419267589771047 0.4921504192398313
 0.3701469805982485 0.7425828744454327 0.4928777402854827
 0.3698284913894909 0.7431753973015689 0.4935350117210655
 0.3695131615527070 0.7437611239186092 0.4941851734399546
 0.3691701786862603 0.7443971820695885 0.4948916818582350
 0.3688093155288052 0.7450652399485621 0.4956342332783725
 0.3684868582999757 0.7456611959560537 0.4962970263748259
 0.3681691659071702 0.7462474244197006 0.4969493169024446
 0.3678248919981151 0.7468816742718982 0.4976553804345970
 0.3674595010283835 0.7475536616275363 0.4984038659309482
 0.3671341511580788 0.7481510028759966 0.4990696099714292
 0.3668137199305618 0.7487383896978983 0.4997246709638188
 0.3664652266560381 0.7493761802773847 0.5004364275572686
 0.3661011905766551 0.7500412663710768 0.5011791701006519
 0.3657752588476886 0.7506357432292403 0.5018434760418218
 0.3654539400120984 0.7512208910352199 0.5024977046982271
 0.3651053416503807 0.7518546927574232 0.5032066968878306
 0.3647379602735405 0.7525214951956586 0.5039530200437664
 0.3644106542829240 0.7531145702381953 0.5046172060313764
 0.3640892950975068 0.7536959653176453 0.5052686853267316
 0.3637442686260718 0.7543191845230265 0.5059674502517797
 0.3633653043947869 0.7550025232359701 0.5067341017014424
 0.3630338573803717 0.7555991693600421 0.5074038659556654
 0.3627106270689236 0.7561801193215425 0.5080563179427017
 0.3623656695174466 0.7567991378324097 0.5087518494258586
 0.3619787759360612 0.7574922072973574 0.5095310102981661
 0.3616431557508645 0.7580924012836824 0.5102061668777450
 0.3613165224372523 0.7586756120479895 0.5108626187337887
 0.3609671009912684 0.7592985190370415 0.5115642005976457
 0.3605820999337745 0.7599836693817352 0.5123363950313108
 0.3602452790435867 0.7605820638359176 0.5130111934612289
 0.3599166961687831 0.7611649139485056 0.5136687522943648
 0.3595645205854910 0.7617886206254730 0.5143726830030246
 0.3591802150523684 0.7624680620352984 0.5151398357215380
 0.3588432157800915 0.7630628681817010 0.5158117195699926
 0.3585148150464148 0.7636416029495978 0.5164657361698588
 0.3581650622110749 0.7642569981793709 0.5171615064937906
 0.3577714250871079 0.7649484186098316 0.5179436197889006
 0.3574314903426908 0.7655445010654500 0.5186181910600385
 0.3571023067139901 0.7661208422282340 0.5192706614945178
 0.3567545054370909 0.7667288325872927 0.5199592083844188
 0.3563447887205318 0.7674438136197503 0.5207692689049112
 0.3559992799777974 0.7680457062370480 0.5214515336413080
 0.3556666598020100 0.7686242493322203 0.5221076489564933
 0.3553154366724711 0.7692341975686083 0.5227997275420022
 0.3549044911551194 0.7699466252682869 0.5236085038988089
 0.3545560588642934 0.7705496371815576 0.5242933635673789
 0.3542199507057585 0.7711304186540260 0.5249531804091174
 0.3538632145704415 0.7717458792428494 0.5256525828172259
 0.3534611946286722 0.7724382792792427 0.5264396502301132
 0.3531136005059970 0.7730359318383921 0.5271192466240324
 0.3527767482454406 0.7736142247021237 0.5277770704693339
 0.3524189525343408 0.7742275160920051 0.5284749922341011
 0.3520157887268557 0.7749173960843065 0.5292604240380595
 0.3516677821870017 0.7755118944594879 0.5299375377515727
 0.3513313026596696 0.7760858248553673 0.5305914371901581
 0.3509766107069863 0.7766898904372616 0.5312798770701903
 0.3505547528135715 0.7774071068643943 0.5320975510118704
 0.3502017241929974 0.7780062745971543 0.5327808967873661
 0.3498634087197767 0.7785795939204824 0.5334350001097025
 0.3495090254794095 0.7791792249370170 0.5341193731150803
 0.3490654126920615 0.7799285182914961 0.5349748809518465
 0.3487062622976905 0.7805340796462813 0.5356664872952308
 0.3483637739163207 0.7811106597271964 0.5363251193386350
 0.3480034386043849 0.7817163532093855 0.5370171183269028
 0.3475770192919335 0.7824318985905147 0.5378347865279669
 0.3472178375016027 0.7830335869179260 0.5385225335007028
 0.3468721748705392 0.7836117421688320 0.5391835874468847
 0.3465059221368054 0.7842233912475783 0.5398831854500272
 0.3460916863827215 0.7849140051857749 0.5406734024554188
 0.3457339293690498 0.7855094639338078 0.5413549578153841
 0.3453878802192053 0.7860845626969186 0.5420133563304277
 0.3450217771662556 0.7866920576650548 0.5427089656380804
 0.3446017475998120 0.7873878608246818 0.5435058319086921
 0.3442426890929369 0.7879816702730575 0.5441860218388707
 0.3438972375872230 0.7885521170172201 0.5448395837082169
 0.3435352945965317 0.7891488952379688 0.5455234623729244
 0.3430842360275507 0.7898913232489727 0.5463744431951684
 0.3427188778840127 0.7904916494611536 0.5470626671401617
 0.3423714026414985 0.7910617303839229 0.5477162883051850
 0.3420087927349158 0.7916557494020351 0.5483974172199829
 0.3415365110096574 0.7924280690378150 0.5492831125110644
 0.3411653525688337 0.7930339459746085 0.5499780713747037
 0.3408130796539684 0.7936081214520211 0.5506368177354997
 0.3404428634321912 0.7942106301356133 0.5513282398202943
 0.3400021349969753 0.7949266787064274 0.5521501532474099
 0.3396317903336054 0.7955273577846734 0.5528397490001172
 0.3392759234235063 0.7961036827243856 0.5535014269831187
 0.3388996543872223 0.7967121227402999 0.5541999879371420
 0.3384715127838889 0.7974032892348244 0.5549935449676279
 0.3381026805199267 0.7979977297762658 0.5556760959553093
 0.3377465564026846 0.7985708309328541 0.5563342293423618
 0.3373703272561402 0.7991753742536633 0.5570285924701019
 0.3369381916355050 0.7998685984334434 0.5578249766050144
 0.3365688608250331 0.8004600994174679 0.5585046195874137
 0.3362138364646317 0.8010278458697114 0.5591570454643686
 0.3358424008898008 0.8016209563104049 0.5598386802904448
 0.3353731961355546 0.8023689031114121 0.5606983520331106
 0.3349969967604104 0.8029675628182226 0.5613865313738320
 0.3346403527011712 0.8035342604626644 0.5620380669144602
 0.3342695764377593 0.8041225469088978 0.5627145282890857
 0.3337566443985810 0.8049349313949514 0.5636488153894305
 0.3333727423571999 0.8055418596234579 0.5643468670530252
 0.3330112418561925 0.8061125164839530 0.5650031995011919
 0.3326322235054004 0.8067099385679517 0.5656902963381583
 0.3321732789069819 0.8074321311148210 0.5665208849422845
 0.3317916375891027 0.8080316725290877 0.5672104503143182
 0.3314258006604545 0.8086055307202494 0.5678705443988685
 0.3310396604977842 0.8092103319811838 0.5685663180884588
 0.3305960599345507 0.8099039891130735 0.5693643949631472
 0.3302149340810010 0.8104989824355537 0.5700489681907341
 0.3298472119809733 0.8110722020327575 0.5707084421304255
 0.3294583898243691 0.8116774101837372 0.5714046231413362
 0.3290172310007095 0.8123629616172433 0.5721930886735296
 0.3286369812501382 0.8129529103798486 0.5728715026686022
 0.3282708642928892 0.8135201034072138 0.5735236943399858
 0.3278871181653217 0.8141137378983432 0.5742062589973724
 0.3274184501900231 0.8148375388831721 0.5750384584781092
 0.3270337315854431 0.8154307054320324 0.5757204198912231
 0.3266680081353259 0.8159937648297398 0.5763677158855632
 0.3262885233689116 0.8165771688909068 0.5770383383780404
 0.3257759273976564 0.8173638565856558 0.5779425526901764
 0.3253823364401069 0.8179668523621606 0.5786356032121682
 0.3250131179061721 0.8185316801647472 0.5792847898302751
 0.3246307190735572 0.8191158285352524 0.5799561946624576
 0.3241254628616287 0.8198863428265166 0.5808417910160266
 0.3237272906684850 0.8204925079999775 0.5815384294642921
 0.3233525771995087 0.8210621213331732 0.5821929693161234
 0.3229627238749755 0.8216538889010524 0.5828728560363695
 0.3224580909663607 0.8224185854849165 0.5837512823890001
 0.3220584041555360 0.8230232168823480 0.5844457822359137
 0.3216785704514479 0.8235969707792302 0.5851048200274979
 0.3212774302103641 0.8242020186937014 0.5857998358847607
 0.3208242765427259 0.8248844232900807 0.5865837399257160
 0.3204310693796688 0.8254756155111702 0.5872628441618819
 0.3200511861557254 0.8260459495615190 0.5879179175242174
 0.3196500118692053 0.8266473712427401 0.5886085772511463
 0.3191927304000139 0.8273318110867182 0.5893943977491103
 0.3187996503302771 0.8279192281229425 0.5900686832443802
 0.3184222014114391 0.8284824809461395 0.5907151289306851
 0.3180284793054753 0.8290691801230918 0.5913883935238871
 0.3175181214741902 0.8298284145416153 0.5922595105940142
 0.3171177660892170 0.8304230058695179 0.5929415862709665
 0.3167403164697505 0.8309827782310201 0.5935835829817884
 0.3163497275625321 0.8315612218938891 0.5942468369657614
 0.3158455380590489 0.8323066821865623 0.5951013620023434
 0.3154390143948858 0.8329067428429582 0.5957890454205096
 0.3150581466599572 0.8334681284633023 0.5964322884269792
 0.3146673132657154 0.8340433965082700 0.5970913221513158
 0.3142004272106518 0.8347295395765354 0.5978771928476270
 0.3137856373740435 0.8353381506330917 0.5985740447058262
 0.3133981043755638 0.8359059464502230 0.5992239324262919
 0.3130039134431972 0.8364826856401362 0.5998838018595548
 0.3125471406397432 0.8371499684547767 0.6006469499871352
 0.3121247553247267 0.8377660455668999 0.6013512744978103
 0.3117308480474732 0.8383397486900696 0.6020069756087431
 0.3113311966947512 0.8389209953084988 0.6026711525932121
 0.3108649519501583 0.8395980513089142 0.6034446233246362
 0.3104418007760966 0.8402115605619841 0.6041452819072145
 0.3100464886279078 0.8407838777694969 0.6047986507335342
 0.3096453161677093 0.8413638633170315 0.6054604743484718
 0.3091759853743730 0.8420413479976702 0.6062331256393758
 0.3087537452586561 0.8426499031358036 0.6069267637438834
 0.3083606259604225 0.8432156791644930 0.6075713200651919
 0.3079642686296382 0.8437853289460080 0.6082200006896998
 0.3075180223053708 0.8444257384492327 0.6089489299512144
 0.3070895971881839 0.8450396381726509 0.6096473557960197
 0.3066956747171555 0.8456032936062217 0.6102883172345944
 0.3063049917485783 0.8461615551159974 0.6109228408175836
 0.3058855989631760 0.8467600035354137 0.6116026943603928
 0.3054255598475092 0.8474154583008465 0.6123469046161972
 0.3050211989065851 0.8479907289173754 0.6129997446721661
 0.3046303458475783 0.8485460249698433 0.6136296421594619
 0.3042235126454946 0.8491232365665392 0.6142841164457661
 0.3036833820603861 0.8498883326097849 0.6151511502738439
 0.3032599224882001 0.8504871814020376 0.6158293666494191
 0.3028624413140363 0.8510485095942008 0.6164647234735002
 0.3024517115381095 0.8516277547148107 0.6171199799583996
 0.3019310552688744 0.8523608737001653 0.6179487777366127
 0.3015007807831090 0.8529657597676673 0.6186322160099040
 0.3010955407635848 0.8535346531620464 0.6192747050926930
 0.3006758998863300 0.8541229493898195 0.6199388331315682
 0.3001106745381557 0.8549140378279849 0.6208314126010479
 0.2996759409755868 0.8555214767601156 0.6215163307748353
 0.2992642123098829 0.8560959627398637 0.6221636618576613
 0.2988284935986706 0.8567030684156194 0.6228472449785694
 0.2983497495096793 0.8573691152868351 0.6235965828297497
 0.2979276455713868 0.8579554904614350 0.6242557783266680
 0.2975177743615522 0.8585240936349817 0.6248945751495638
 0.2970836645514490 0.8591254889993937 0.6255697907372481
 0.2966013726065299 0.8597926323457326 0.6263183217543902
 0.2961808725261631 0.8603734438598147 0.6269695315585520
 0.2957752213554306 0.8609329923112468 0.6275964596823832
 0.2953521638649442 0.8615157658876742 0.6282489114290464
 0.2948019846274634 0.8622724596898650 0.6290952823192772
 0.2943727816935489 0.8628618348054128 0.6297538791973482
 0.2939686317627864 0.8634160632832444 0.6303727108441398
 0.2935523565628229 0.8639861679302152 0.6310087799696216
 0.2930420517479270 0.8646840131780086 0.6317866872488878
 0.2926073121025852 0.8652776257139051 0.6324477890311869
 0.2922012034105739 0.8658314020225809 0.6330639927914415
 0.2917903395709328 0.8663909357462551 0.6336860666384384
 0.2913321344935361 0.8670140822307518 0.6343782293463225
 0.2908780918879836 0.8676306782999871 0.6350624761012866
 0.2904615554042708 0.8681955649242922 0.6356887997594493
 0.2900496401464120 0.8687534574306356 0.6363068665486463
 0.2896102433658141 0.8693477766918015 0.6369647214144195
 0.2891115134441152 0.8700213599741168 0.6377095480434766
 0.2886771669347467 0.8706071343805710 0.6383565521128516
 0.2882571547071114 0.8711728252649603 0.6389806848427468
 0.2878151068018786 0.8717673997157148 0.6396359365951909
 0.2872925772885543 0.8724691787112442 0.6404083690323685
 0.2868485762116581 0.8730646033914888 0.6410629708510657
 0.2864198351139299 0.8736387934479444 0.6416936040642349
 0.2859648267162538 0.8742473374332000 0.6423613216348779
 0.2854671006475420 0.8749120453515115 0.6430898843841016
 0.2850261654959488 0.8755000682136586 0.6437336640739388
 0.2845949144031202 0.8760744152637153 0.6443617497193516
 0.2841339591519260 0.8766874938879650 0.6450313546026628
 0.2836455833907106 0.8773361120175173 0.6457388134340792
 0.2832094428006303 0.8779145505211926 0.6463689039737561
 0.2827826398474102 0.8784798723249377 0.6469839843260218
 0.2823309045459263 0.8790774322329370 0.6476333884828462
 0.2818256149456519 0.8797448806740156 0.6483578361540231
 0.2813887235316094 0.8803211722052805 0.6489825475719180
 0.2809672882957044 0.8808763687531145 0.6495836585801793
 0.2805301268856971 0.8814515521453743 0.6502056123144044
 0.2799522426986757 0.8822107510991563 0.6510252555778449
 0.2795036307455447 0.8827992297638962 0.6516595613427063
 0.2790830512058314 0.8833502344860322 0.6522526619158509
 0.2786532861431935 0.8839125747431932 0.6528571514863458
 0.2781546347250565 0.8845641706379314 0.6535565457211986
 0.2776981246312262 0.8851598737671054 0.6541949425939536
 0.2772736999039075 0.8857130034178958 0.6547868290566099
 0.2768498364862781 0.8862647264360227 0.6553763430192431
 0.2763931933664134 0.8868583655740008 0.6560096724217179
 0.2758943213238349 0.8875060155200176 0.6566994888964124
 0.2754538380590963 0.8880770970046464 0.6573067885991621
 0.2750264479104091 0.8886305193647300 0.6578944571149951
 0.2745813159511684 0.8892062021707309 0.6585048631525482
 0.2740041809702004 0.8899515243154570 0.6592937210096437
 0.2735407706322680 0.8905491035311597 0.6599249841567719
 0.2731028746627424 0.8911130671281013 0.6605196924031552
 0.2726501774319507 0.8916953669783503 0.6611326514573389
 0.2720767299863107 0.8924319319673419 0.6619064323592566
 0.2716048429232566 0.8930371680284419 0.6625409774307610
 0.2711559201650430 0.8936122169114399 0.6631428401546584
 0.2706876084508051 0.8942113434487469 0.6637688345147640
 0.2701266086428507 0.8949280339979946 0.6645161828064994
 0.2696556977886470 0.8955287840044713 0.6651413099142797
 0.2691992348031599 0.8961103661227728 0.6657452710240671
 0.2687127050317894 0.8967294622675610 0.6663868184874138
 0.2681996849705610 0.8973813834564874 0.6670608383778415
 0.2677392315262241 0.8979657375153854 0.6676636796997452
 0.2672850586685483 0.8985414127773012 0.6682563845947166
 0.2667954888200175 0.8991611706773298 0.6688931971900741
 0.2662906260680361 0.8997994405800083 0.6695476513975015
 0.2658363700863448 0.9003729991866903 0.6701345332033942
 0.2653901121031172 0.9009357873696479 0.6707092296977945
 0.2649152471926660 0.9015339247179737 0.6713187118052331
 0.2643861856463150 0.9021994486092141 0.6719952282921597
 0.2639296376024921 0.9027730143432647 0.6725768770139349
 0.2634899549559853 0.9033247462457425 0.6731351729319662
 0.2630327688850900 0.9038977735256949 0.6737137668092319
 0.2624506633213844 0.9046263908409233 0.6744476176002594
 0.2619822385974128 0.9052119206407696 0.6750358335489369
 0.2615439498572354 0.9057591426844434 0.6755843113850871
 0.2610972446469672 0.9063162416057740 0.6761414138051420
 0.2605922741823287 0.9069452410788130 0.6767688421828817
 0.2601095150582055 0.9075458199063814 0.6773663451094440
 0.2596654858294690 0.9080975694360668 0.6779139055301301
 0.2592253395217307 0.9086438850824272 0.6784547812841237
 0.2587585943170171 0.9092225565457493 0.6790262756825103
 0.2581906124707338 0.9099258312001296 0.6797188353805523
 0.2577247321978530 0.9105019419851502 0.6802845078687638
 0.2572804772397673 0.9110506914836094 0.6808219041727082
 0.2568220858195286 0.9116162720452555 0.6813743388289776
 0.2562793563364315 0.9122850886203052 0.6820257338745209
 0.2557944894569128 0.9128818489585512 0.6826052594600824
 0.2553402111218656 0.9134403222442976 0.6831461766778019
 0.2548811539802554 0.9140040451171280 0.6836907764691857
 0.2543750844992300 0.9146247745701305 0.6842887890051972
 0.2538614011150374 0.9152540700861861 0.6848932210678507
 0.2533909224215738 0.9158297576795723 0.6854444936320249
 0.2529237382697033 0.9164007748240549 0.6859896854716490
 0.2524213408649716 0.9170141246381602 0.6865735067129485
 0.2518803421592616 0.9176737863327000 0.6871993729041445
 0.2513943486815410 0.9182656620124422 0.6877591692453585
 0.2509135935991486 0.9188504951183318 0.6883106980763364
 0.2503937842673468 0.9194820995395588 0.6889045341985104
 0.2498581056548866 0.9201321888468371 0.6895137456832008
 0.2493670693439826 0.9207273942746634 0.6900696709499644
 0.2488739641094084 0.9213244311564398 0.6906254621322108
 0.2483215868881304 0.9219924327333217 0.6912450793541964
 0.2478033356564018 0.9226184011215669 0.6918235613788393
 0.2473173117851625 0.9232047759015718 0.6923635941821831
 0.2468189604507387 0.9238053561254159 0.6929148743956246
 0.2462152107462322 0.9245320559625680 0.6935794524642408
 0.2457094109366146 0.9251401049852693 0.6941334199443491
 0.2452316282938536 0.9257138456287271 0.6946543276895167
 0.2447356294324105 0.9263088199610391 0.6951926142751301
 0.2440902751467874 0.9270819819824825 0.6958891630490869
 0.2435915725163980 0.9276787017204209 0.6964244650919772
 0.2431214611700623 0.9282406180492162 0.6969267412266172
 0.2426324288646380 0.9288245434880349 0.6974468626680603
 0.2419736646917287 0.9296101641327744 0.6981437355537827
 0.2414785502108195 0.9301998919547647 0.6986646559402155
 0.2410140867069161 0.9307525461071114 0.6991511064105697
 0.2405338594293414 0.9313233849187477 0.6996517890362521
 0.2399341091758060 0.9320354868848415 0.7002738130104609
 0.2394390495210307 0.9326226113743902 0.7007845156255297
 0.2389769428335816 0.9331701072796901 0.7012589931309097
 0.2385084322664374 0.9337246538786882 0.7017378578225141
 0.2379825070039531 0.9343465189016661 0.7022727913908852
 0.2374683665097872 0.9349537992635577 0.7027930667280372
 0.2369998543819245 0.9355066291221434 0.7032648636652052
 0.2365382520296978 0.9360507899731565 0.7037275453659672
 0.2360508300857818 0.9366248359458694 0.7042137788613400
 0.2354054818814779 0.9373840074765878 0.7048538770978271
 0.2349120697202349 0.9379637832125952 0.7053404563219984
 0.2344467727405391 0.9385100005785250 0.7057970737788071
 0.2339665596891704 0.9390731998603696 0.7062660463650754
 0.2333938958493316 0.9397441294827173 0.7068222512571901
 0.2328874722644509 0.9403368248737606 0.7073113234177745
 0.2324152669716683 0.9408889455839721 0.7077649657288564
 0.2319394348235306 0.9414447956133205 0.7082197592349777
 0.2314175880813251 0.9420538118447456 0.7087158500597003
 0.2308725171747111 0.9426892809856867 0.7092310477577782
 0.2303832266055592 0.9432591563727488 0.7096909594950532
 0.2299032408759788 0.9438176807870161 0.7101397787928120
 0.2293965662127608 0.9444067127430400 0.7106110249168958
 0.2287271929026463 0.9451840317714019 0.7112295695291476
 0.2282099335746906 0.9457840428156249 0.7117043777867644
 0.2277168184716270 0.9463555124610843 0.7121544342674286
 0.2271994479056603 0.9469545346201624 0.7126239242414345
 0.2265325193284248 0.9477258827519097 0.7132251033063876
 0.2260034878893512 0.9483370794150060 0.7136988075934481
 0.2254943443207939 0.9489247487259979 0.7141520819247197
 0.2249555750856422 0.9495460288150340 0.7146289264837282
 0.2243468693352580 0.9502472386791077 0.7151641571540470
 0.2238129936692109 0.9508616249432443 0.7156304734555596
 0.2232862826405084 0.9514672011235067 0.7160876467403824
 0.2227157939420778 0.9521224815554747 0.7165795879174424
 0.2221376085773696 0.9527859411003160 0.7170747807411822
 0.2216005795213117 0.9534015824334590 0.7175317267431415
 0.2210529293992058 0.9540288168932413 0.7179947788268005
 0.2204031967537176 0.9547722113084894 0.7185403177863328
 0.2198452565235811 0.9554099304796505 0.7190054388631492
 0.2193066355696511 0.9560250022934006 0.7194514759300240
 0.2187260457016253 0.9566873825957415 0.7199289525240986
 0.2181425733065454 0.9573524113737798 0.7204053282834237
 0.2176094273727968 0.9579595226357351 0.7208375986062523
 0.2170739812368083 0.9585687224976633 0.7212688742458664
 0.2164597026192978 0.9592669635333099 0.7217601549849800
 0.2159043165353005 0.9598976693440597 0.7222011307921016
 0.2153856397404906 0.9604861830029235 0.7226101879258383
 0.2148566402490626 0.9610859112577427 0.7230245907956174
 0.2142223899369795 0.9618043051910983 0.7235176743616634
 0.2136778206287457 0.9624205532548771 0.7239377378876087
 0.2131685131666758 0.9629964278798336 0.7243278504768109
 0.2126485427047727 0.9635838939609139 0.7247234097552563
 0.2120266709023163 0.9642858767063281 0.7251929108465931
 0.2114859134196258 0.9648957583545897 0.7255980179145214
 0.2109825152450840 0.9654630595312762 0.7259724938889921
 0.2104729664262524 0.9660368580287466 0.7263489316205564
 0.2098924275838635 0.9666900698688617 0.7267745847556242
 0.2093447305897651 0.9673058175570369 0.7271729891314623
 0.2088417513221923 0.9678708580189088 0.7275361553449728
 0.2083417079247890 0.9684321924015480 0.7278946412776744
 0.2078017021696566 0.9690379342538741 0.7282789267961556
 0.2072181532458366 0.9696919954099193 0.7286908896338057
 0.2067066409500440 0.9702648712912009 0.7290491765547699
 0.2062111012044259 0.9708194660523243 0.7293937606587915
 0.2056938068486403 0.9713979993354513 0.7297508267219257
 0.2049673013240362 0.9722098126443214 0.7302477332328111
 0.2044353023713805 0.9728037676584692 0.7306082214211252
 0.2039379292032290 0.9733586763478309 0.7309426684961067
 0.2034237923881744 0.9739318970302482 0.7312857775475265
 0.2027727434795660 0.9746571986136008 0.7317164574855896
 0.2022385448962064 0.9752518558848629 0.7320666741980926
 0.2017396892226924 0.9758067936155075 0.7323911468020823
 0.2012321625628703 0.9763710070424190 0.7327187123077412
 0.2006535362963930 0.9770138100014908 0.7330890416691533
 0.2001025724680207 0.9776254395762644 0.7334385851427999
 0.1995961118682881 0.9781872881873722 0.7337572543651417
 0.1990927277211060 0.9787453686828057 0.7340714882094195
 0.1985520829689459 0.9793443674754133 0.7344062076010959
 0.1979431784296955 0.9800185134029764 0.7347797430427992
 0.1974189745438845 0.9805984798187781 0.7350983918793491
 0.1969129518916992 0.9811579801452348 0.7354034222269399
 0.1963850599568838 0.9817412970150728 0.7357189583207067
 0.1956731414756323 0.9825273793989810 0.7361401939967627
 0.1951262622103797 0.9831307800846040 0.7364604512746535
 0.1946125509518588 0.9836972326636833 0.7367586664334300
 0.1940810498355312 0.9842829459071551 0.7370645408857405
 0.1934133585572601 0.9850182331224352 0.7374449364499948
 0.1928582075154351 0.9856291611274515 0.7377579367751647
 0.1923367996068466 0.9862026076047049 0.7380492001645560
 0.1918017849770782 0.9867906717052645 0.7383453451685933
 0.1911660249082140 0.9874890183199727 0.7386937052467395
 0.1905973010706337 0.9881133175493105 0.7390020987173642
 0.1900652981287299 0.9886969592118747 0.7392878351934328
 0.1895241427941651 0.9892902996988130 0.7395757703098862
 0.1889038029349413 0.9899700409299660 0.7399024569997774
 0.1883171671470544 0.9906124427553826 0.7402080576067978
 0.1877719992667167 0.9912090831662232 0.7404891441433825
 0.1872206761944644 0.9918121192321315 0.7407705640664305
 0.1865977881999919 0.9924930252418428 0.7410851132745194
 0.1859946842829020 0.9931518970409241 0.7413862796758355
 0.1854347398163108 0.9937632638245208 0.7416629386277603
 0.1848672436782137 0.9943825311924639 0.7419404375102790
 0.1842231773955737 0.9950849385656141 0.7422518437601299
 0.1836099494594712 0.9957533086267346 0.7425448289988268
 0.1830341650757420 0.9963805124624654 0.7428168004166371
 0.1824428146643023 0.9970243181186952 0.7430929904472684
 0.1817320236629489 0.9977976901271540 0.7434208169081740
 0.1811130321919047 0.9984707683733673 0.7437026758381113
 0.1805154141672982 0.9991202465180715 0.7439716398877114
 0.1798809206664568 0.9998094188323655 0.7442538175469960
 0.1792035747733204  1.000544708655547 0.7445512038945641
 0.1785829718153217  1.001218018783805 0.7448201817716755
 0.1779543433427717  1.001899667953881 0.7450892434886758
 0.1772022466507709  1.002714719137159 0.7454067222467577
 0.1765545745157319  1.003416191755879 0.7456763279223537
 0.1759101035701092  1.004113823146984 0.7459411765909882
 0.1751777906173961  1.004906095718622 0.7462380088443054
 0.1745256560524015  1.005611230823366 0.7464986472353493
 0.1738785657972763  1.006310549763242 0.7467538073128731
 0.1731474251782644  1.007100275618523 0.7470379536815518
 0.1724981993430125  1.007801148469407 0.7472865963820265
 0.1718665394625789  1.008482724813772 0.7475252466780343
 0.1711564879249752  1.009248501070571 0.7477897246022249
 0.1705052982441758  1.009950441535549 0.7480287776229160
 0.1698909043681299  1.010612412093813 0.7482512476838797
 0.1692405963548581  1.011312758440182 0.7484834471272711
 0.1685470027794715  1.012059364392076 0.7487273686916598
 0.1679341296685216  1.012718778650463 0.7489396978257027
 0.1673259406268219  1.013372877573130 0.7491474582986483
 0.1666137849487362  1.014138447582903 0.7493870641352198
 0.1659797509342314  1.014819729398784 0.7495971210971158
 0.1653862441714887  1.015457205714736 0.7497910243639214
 0.1647711223080684  1.016117638762538 0.7499892662251202
 0.1639980138843398  1.016947326768116 0.7502345902688538
 0.1633849213755789  1.017605000220837 0.7504261836325737
 0.1627954370285036  1.018237112213564 0.7506079999092122
 0.1621515747074420  1.018927272989055 0.7508039542000465
 0.1615023942829321  1.019622861751179 0.7509987758936995
 0.1609138091764011  1.020253290162180 0.7511730294869753
 0.1603265838802905  1.020882044099148 0.7513446087861760
 0.1596604313516904  1.021595047141722 0.7515364792429660
 0.1590316458988476  1.022267805401704 0.7517148694502991
 0.1584501781855845  1.022889724296434 0.7518774867411001
 0.1578616250618551  1.023519016540809 0.7520398003192336
 0.1571627978528845  1.024265952218185 0.7522295668102723
 0.1565452288976185  1.024925801078664 0.7523946170391512
 0.1559674962436662  1.025542890194890 0.7525467826978446
 0.1553739472286534  1.026176678558444 0.7527008686788976
 0.1545741500295284  1.027030390888357 0.7529049110256987
 0.1539616410599588  1.027683955675355 0.7530584082488294
 0.1533833201257715  1.028300857701095 0.7532011613027952
 0.1527699674301499  1.028954937177913 0.7533502822108969
 0.1520818670496729  1.029688496937657 0.7535148243314245
 0.1514882354431343  1.030321154051913 0.7536544704600254
 0.1509094319042021  1.030937839115515 0.7537885951501262
 0.1502837974298226  1.031604235173072 0.7539313362337332
 0.1496224932289746  1.032308419456945 0.7540797169852520
 0.1490330792972899  1.032935876931896 0.7542098290927568
 0.1484514713306252  1.033554865483487 0.7543362691598584
 0.1478137734840547  1.034233370099557 0.7544727095828868
 0.1471641713269181  1.034924351689727 0.7546093718947403
 0.1465758120615264  1.035550027253798 0.7547311519158707
 0.1459901119726694  1.036172724526670 0.7548505179768178
 0.1453369051062827  1.036867018615265 0.7549814750826149
 0.1446953746332163  1.037548726064345 0.7551078960906055
 0.1441066526648500  1.038174167077744 0.7552220230841380
 0.1435151134089518  1.038802458193537 0.7553349021306927
 0.1428387043445173  1.039520719392514 0.7554618028464454
 0.1422034013990417  1.040195166221405 0.7555789076805652
 0.1416132886653190  1.040821497873633 0.7556858960086299
 0.1410131824797392  1.041458299775682 0.7557929505801573
 0.1402892066237356  1.042226365741137 0.7559197857504181
 0.1396586693583110  1.042895145149258 0.7560282098398593
 0.1390653474188601  1.043524320573289 0.7561285172978057
 0.1384497297176961  1.044177006542815 0.7562308502545347
 0.1375704955765776  1.045108952692638 0.7563739546033366
 0.1369388165132388  1.045778339048569 0.7564745764011110
 0.1363339385150611  1.046419199132732 0.7565692340179616
 0.1356616888713441  1.047131297323776 0.7566725160351494
 0.1350010093402366  1.047830997396185 0.7567720837615515
 0.1343927182161094  1.048475092658283 0.7568620868640761
 0.1337773508128783  1.049126563601532 0.7569515338995850
 0.1330444559352635  1.049902306582229 0.7570559929068811
 0.1323949262959142  1.050589676109889 0.7571467169704057
 0.1317828386892862  1.051237309053533 0.7572306438141843
 0.1311446458259185  1.051912448376535 0.7573165577555458
 0.1303397247294055  1.052763804355235 0.7574226417878523
 0.1296960276240389  1.053444506687695 0.7575056830000483
 0.1290712783344397  1.054105064658286 0.7575847768976386
 0.1283743555714318  1.054841810616281 0.7576712811012045
 0.1276933874689772  1.055561568207770 0.7577540669157399
 0.1270631902248540  1.056227557623392 0.7578291739259443
 0.1264192611909539  1.056907956239122 0.7579044533282184
 0.1255533605834737  1.057822738198199 0.7580034204123179
 0.1248836001006991  1.058530184613542 0.7580782547389083
 0.1242415805670343  1.059208230557326 0.7581486398332979
 0.1235276880917461  1.059962071398500 0.7582254114865755
 0.1228284096154731  1.060700369185437 0.7582991485288491
 0.1221800259375529  1.061384835734803 0.7583662814998285
 0.1215130845638563  1.062088797541843 0.7584341504822020
 0.1205481915303996  1.063107082152173 0.7585303209332868
 0.1211914644480304  1.062428236069228 0.7584664656967982
 0.1205585493669844  1.063096152210374 0.7585293008195249
 0.1199068193437654  1.063783836646291 0.7585929841597209
 0.1192414493592301  1.064485823775234 0.7586569610030202
 0.1184338431084321  1.065337755099920 0.7587332280854171
 0.1177340529015560  1.066075848669307 0.7587980982091178
 0.1170655222591340  1.066780882854923 0.7588590278661187
 0.1163378664210908  1.067548173705559 0.7589242020323443
 0.1155951571970811  1.068331235561913 0.7589895093690050
 0.1149135432720198  1.069049793379421 0.7590483724631543
 0.1142122225741240  1.069789038458889 0.7591078673067311
 0.1133106404167114  1.070739246283348 0.7591827505043283
 0.1125962646240631  1.071492050874377 0.7592408040933366
 0.1118883664454063  1.072237943897685 0.7592972196223806
 0.1109361304493573  1.073241157693353 0.7593713809709508
 0.1102004406386697  1.074016131662974 0.7594273348404741
 0.1094771143459974  1.074777998141896 0.7594812115605086
 0.1085225462409932  1.075783303215156 0.7595505825276648
 0.1077710699882223  1.076574624698599 0.7596038074446676
 0.1070274064389272  1.077357637138488 0.7596552823186150
 0.1060061407385103  1.078432810627034 0.7597240551885350
 0.1052342892646664  1.079245307560566 0.7597745764525081
 0.1044533285458179  1.080067310809289 0.7598244235537844
 0.1035744693344251  1.080992260737486 0.7598789884363654
 0.1027972142295254  1.081810194993720 0.7599258940785746
 0.1019859751361130  1.082663811051016 0.7599735069304364
 0.1011148613158577  1.083580340268613 0.7600231236989281
 0.1003134891622402  1.084423412617160 0.7600674009577725
 0.9946067346012410E-01  1.085320524590292 0.7601130865849418
 0.9859737449070273E-01  1.086228582118393 0.7601578259463062
 0.9776312084805271E-01  1.087106012425247 0.7601996201780793
 0.9682983330462759E-01  1.088087516670498 0.7602447121578358
 0.9596185689642694E-01  1.089000257516453 0.7602850908975096
 0.9508104253043004E-01  1.089926424375280 0.7603245457558840
 0.9416136370086015E-01  1.090893380271487 0.7603641096952607
 0.9326690360603793E-01  1.091833749073063 0.7604009898256772
 0.9227140083698736E-01  1.092880266838513 0.7604401923116544
 0.9137854895596652E-01  1.093818805039195 0.7604737196424712
 0.9041225147163456E-01  1.094834477687768 0.7605082875184366
 0.8952186563116563E-01  1.095770299089417 0.7605385735062136
 0.8859886756134779E-01  1.096740338493908 0.7605683978661846
 0.8767464573871979E-01  1.097711607509723 0.7605966888523146
 0.8680284825568807E-01  1.098627734427871 0.7606219799918731
 0.8572783007504961E-01  1.099757353490742 0.7606513953841152
 0.8485253764856474E-01  1.100677054816493 0.7606739874426737
 0.8393571611221613E-01  1.101640348832881 0.7606964331653838
 0.8304294450938064E-01  1.102578333318566 0.7607171758318072
 0.8219543231148069E-01  1.103468731134724 0.7607359231937419
 0.8112599274199647E-01  1.104592239829121 0.7607583630018092
 0.8026141089687581E-01  1.105500497546450 0.7607755714458371
 0.7938794857716661E-01  1.106418053315119 0.7607921482710125
 0.7846096973086954E-01  1.107391794703053 0.7608088816994004
 0.7761945059743726E-01  1.108275737691437 0.7608233297518016
 0.7669921533137833E-01  1.109242336629539 0.7608383450951439
 0.7581741305390720E-01  1.110168539671427 0.7608519863180773
 0.7497261713252369E-01  1.111055849878894 0.7608643858908287
 0.7391962419010240E-01  1.112161804692068 0.7608789451733182
 0.7304804632194446E-01  1.113077196220277 0.7608902619458376
 0.7217050128413675E-01  1.113998834531110 0.7609010033202932
 0.7121137559920704E-01  1.115006130647050 0.7609120161544410
 0.7035107028266807E-01  1.115909625006763 0.7609212667545254
 0.6941382301444912E-01  1.116893905542825 0.7609306870119397
 0.6850587383572598E-01  1.117847400657060 0.7609391728209360
 0.6763296973887978E-01  1.118764077974595 0.7609467446920801
 0.6653277975651904E-01  1.119919419893878 0.7609554604999902
 0.6562195373187812E-01  1.120875890627647 0.7609619409430100
 0.6469399444499803E-01  1.121850341187737 0.7609677870231577
 0.6368693345114967E-01  1.122907844571608 0.7609731570614391
 0.6276187261797310E-01  1.123879231468996 0.7609771013654710
 0.6173776710112971E-01  1.124954615347812 0.7609803256480622
 0.6077281644840930E-01  1.125967877125791 0.7609823431762778
 0.5978792886648415E-01  1.127002070663776 0.7609835740083826
 0.5869840744094487E-01  1.128146134113279 0.7609842624520547
 0.5767888938223390E-01  1.129216688812564 0.7609845361813481
 0.5652665921756177E-01  1.130426598689035 0.7609846453278549
 0.5539035094958405E-01  1.131619789484216 0.7609846745047756
 0.5412975563019067E-01  1.132943488982784 0.7609846812647929
 0.5273309591285241E-01  1.134410064121979 0.7609846822897230
 0.5123991131382234E-01  1.135977996082963 0.7609846823810414
 0.4923931467215117E-01  1.138078740637499 0.7609846823858939
 0.4713700627789089E-01  1.140286288535560 0.7609846823858563
 0.4426786613854049E-01  1.143299055026508 0.7609846823858537
 0.3916659213208062E-01  1.148655693824669 0.7609846823858536
 0.2284962823651064E-01  1.165789468987603 0.7609846823858536
-0.4241822734576923E-01  1.234324569639342 0.7609846823858536
-0.2425532854167456  1.444478193141565 0.7609846823858536
