RUNGE KUTTA: X Z PHI
 0.4998186208923477 0.3464054130089925E-01 0.5235987755982988E-02
 0.4989308136922853 0.1732013133174192 0.9036366823164140E-02
 0.4995767820821448 0.8082792970209826E-01 0.5235987755982988E-02
 0.4990555835267617 0.1705129258853786 0.1045118116573271E-01
 0.4994202473287108 0.1107230325442340 0.5237210512804626E-02
 0.4995246048078105 0.9079296398792502E-01 0.5235987758941844E-02
 0.4995593896573672 0.8414960779737383E-01 0.5235987755983188E-02
 0.4995153610547843 0.9255837463539922E-01 0.5235987778640345E-02
 0.4994824369332784 0.9884635981852788E-01 0.5235993031356322E-02
 0.4995043863498360 0.9465436969645373E-01 0.5235987952141020E-02
 0.4994829551679089 0.9874738529522246E-01 0.5235992717775673E-02
 0.4994636852476868 0.1024276224961201 0.5236030225106675E-02
 0.4994442639002522 0.1061367105994405 0.5236223730225554E-02
 0.4994282653479087 0.1091919120348506 0.5236767916061305E-02
 0.4994114297583667 0.1124063581040399 0.5238343616256389E-02
 0.4993979524112013 0.1149785427156048 0.5241186823808109E-02
 0.4993862100068694 0.1172180437281297 0.5245758398547092E-02
 0.4993733663164978 0.1196645873239462 0.5254374376340478E-02
 0.4993622415725341 0.1217795591732470 0.5266363417706021E-02
 0.4993525828159489 0.1236111075135090 0.5281472449561627E-02
 0.4993436481404036 0.1252999092282725 0.5300401577875247E-02
 0.4993342035405137 0.1270775461026809 0.5326713589695980E-02
 0.4993248087044791 0.1288359084007803 0.5360467167933044E-02
 0.4993161179755068 0.1304514987341584 0.5399351171516111E-02
 0.4993070238096283 0.1321283701641888 0.5448752362873985E-02
 0.4992978441003610 0.1338041977824307 0.5508357845167212E-02
 0.4992893864735086 0.1353309538753735 0.5572329705633304E-02
 0.4992797634674395 0.1370453368596122 0.5655879711538620E-02
 0.4992710720892772 0.1385707508715475 0.5741192538173495E-02
 0.4992625960628991 0.1400355634389000 0.5833188864542891E-02
 0.4992528031194056 0.1416980706524657 0.5949781557212016E-02
 0.4992442344591557 0.1431251541130831 0.6060326195654246E-02
 0.4992348770868593 0.1446531260976844 0.6189473229684015E-02
 0.4992259689700388 0.1460775234018843 0.6319880407736569E-02
 0.4992169715091452 0.1474859302202784 0.6458317671897042E-02
 0.4992075411345833 0.1489293269051098 0.6610100779072891E-02
 0.4991984343693460 0.1502914484979511 0.6762657228476172E-02
 0.4991889073767357 0.1516833447063336 0.6927935683882854E-02
 0.4991795962333234 0.1530115014453401 0.7094389190141852E-02
 0.4991698504807450 0.1543682690480886 0.7272868250521947E-02
 0.4991602293995230 0.1556751122675593 0.7452157882088184E-02
 0.4991503906997464 0.1569792090841426 0.7637466838397563E-02
 0.4991403703072744 0.1582751600134473 0.7827276028349001E-02
 0.4991302677315642 0.1595502625489136 0.8019109442406511E-02
 0.4991197378286982 0.1608472250894024 0.8219132945167547E-02
 0.4991090915830117 0.1621268265148859 0.8421203775771257E-02
 0.4990979882802360 0.1634290767520098 0.8631690037525121E-02
 0.4990867504135284 0.1647151865660402 0.8844421700926803E-02
 0.4990750601568416 0.1660206767779010 0.9065303465394916E-02
 0.4990633307569314 0.1672989852140985 0.9286423565250652E-02
 0.4990510244592465 0.1686078871776138 0.9517887115620132E-02
 0.4990387697136052 0.1698800816972832 0.9747868306414576E-02
 0.4990257787157806 0.1711963789611563 0.9991086924254010E-02
 0.4990128645695508 0.1724735415594569 0.1023226929982249E-01
 0.4989995638519874 0.1737578772206042 0.1048010052186062E-01
 0.4989859621083235 0.1750402771148386 0.1073295868951100E-01
 0.4989723425254852 0.1762944722774939 0.1098549347171147E-01
 0.4989582054309418 0.1775662289103940 0.1124687825015994E-01
 0.4989441881656839 0.1787983907684459 0.1150530900168698E-01
 0.4989294975910908 0.1800604238488844 0.1177534756958442E-01
 0.4989149445160482 0.1812824679772072 0.1204195707213558E-01
 0.4988996384419052 0.1825389390972411 0.1232131525483700E-01
 0.4988846649173647 0.1837408915380137 0.1259354824408080E-01
 0.4988688809555507 0.1849801418178338 0.1287933794752286E-01
 0.4988536173018736 0.1861527127767275 0.1315445537924383E-01
 0.4988380827768100 0.1873212315104104 0.1343313851562269E-01
 0.4988218809779846 0.1885144508991214 0.1372244794725409E-01
 0.4988062649616196 0.1896410013245670 0.1400011924062269E-01
 0.4987888649291765 0.1908702787426116 0.1430826373935818E-01
 0.4987722166438658 0.1920219539348186 0.1460196947766659E-01
 0.4987542598864365 0.1932385016191887 0.1491768452934245E-01
 0.4987364137391557 0.1944223444305052 0.1523047737307658E-01
 0.4987178219657545 0.1956301022437653 0.1555530622157638E-01
 0.4986999697211885 0.1967663483669283 0.1586615691107225E-01
 0.4986808442144088 0.1979592334530031 0.1619800784775030E-01
 0.4986629770618392 0.1990517892724838 0.1650695244325000E-01
 0.4986432165493006 0.2002365961458073 0.1684740411748306E-01
 0.4986245937215040 0.2013315126408312 0.1716700109971171E-01
 0.4986047023574834 0.2024787628029104 0.1750699639022105E-01
 0.4985848591873098 0.2036012845241536 0.1784480668719214E-01
 0.4985648617147044 0.2047112754910518 0.1818391202909028E-01
 0.4985434748507290 0.2058757506639426 0.1854507279965461E-01
 0.4985230435130616 0.2069672484944796 0.1888861392809767E-01
 0.4985005814576099 0.2081445990501017 0.1926466879751788E-01
 0.4984796826160405 0.2092195914985746 0.1961307871296190E-01
 0.4984566424634480 0.2103828579898852 0.1999553242124548E-01
 0.4984352338929288 0.2114440140263705 0.2034929014973847E-01
 0.4984113245651569 0.2126075794252662 0.2074252478198635E-01
 0.4983890424972812 0.2136723023983844 0.2110730683023243E-01
 0.4983658899761983 0.2147593369915756 0.2148466243656694E-01
 0.4983421869762723 0.2158526532554433 0.2186920105019275E-01
 0.4983191812478542 0.2168956120841344 0.2224067591249807E-01
 0.4982933063114001 0.2180480741329459 0.2265647362800944E-01
 0.4982697201132762 0.2190803519226297 0.2303372368326061E-01
 0.4982431346012370 0.2202238610367730 0.2345694983776020E-01
 0.4982186969314062 0.2212569675588510 0.2384407806048631E-01
 0.4981927310845030 0.2223364952667309 0.2425340684557944E-01
 0.4981669175144353 0.2233918179155923 0.2465835160327950E-01
 0.4981415269283513 0.2244131066120568 0.2505479762647124E-01
 0.4981127130419567 0.2255527363291450 0.2550245374723292E-01
 0.4980868016884388 0.2265606462662639 0.2590294569922220E-01
 0.4980572649685589 0.2276907831674828 0.2635710845318682E-01
 0.4980304243926794 0.2287010314646234 0.2676771859174081E-01
 0.4980022664539386 0.2297443733610969 0.2719639879600875E-01
 0.4979737025586414 0.2307861206263506 0.2762906736565279E-01
 0.4979461065793894 0.2317772180988426 0.2804495809516144E-01
 0.4979143798630768 0.2328987049213255 0.2852058958827979E-01
 0.4978860421644942 0.2338847250286938 0.2894324082900094E-01
 0.4978546348209650 0.2349609029316277 0.2940933961204204E-01
 0.4978249618755026 0.2359621258590795 0.2984742884477994E-01
 0.4977952710606125 0.2369493773423992 0.3028356832320124E-01
 0.4977618412674371 0.2380441127244799 0.3077205962505469E-01
 0.4977318166414091 0.2390126521462572 0.3120857384368060E-01
 0.4976968704036975 0.2401230698703018 0.3171405406566411E-01
 0.4976656107948240 0.2411014776656384 0.3216383347615841E-01
 0.4976335433962749 0.2420910790997343 0.3262290635078920E-01
 0.4975996407811436 0.2431223125879927 0.3310576492426427E-01
 0.4975679235176318 0.2440735677801242 0.3355527480900811E-01
 0.4975306830466653 0.2451743707643436 0.3408035567328106E-01
 0.4974976919947366 0.2461355127347875 0.3454304775929137E-01
 0.4974635345458827 0.2471171885502812 0.3501964279185904E-01
 0.4974279337663017 0.2481262528387845 0.3551378911126751E-01
 0.4973944211656529 0.2490634028306029 0.3597662474530681E-01
 0.4973547604008298 0.2501570547261239 0.3652149558666927E-01
 0.4973198531767631 0.2511062336914602 0.3699845353063298E-01
 0.4972839277049473 0.2520704294484652 0.3748677106438204E-01
 0.4972459825018289 0.2530753110609200 0.3799980571123044E-01
 0.4972106275213651 0.2539994807137017 0.3847538495329867E-01
 0.4971687444972715 0.2550796472730471 0.3903579150817152E-01
 0.4971317321488825 0.2560213901365369 0.3952831347222888E-01
 0.4970942819319054 0.2569624240947406 0.4002406713276230E-01
 0.4970530512584381 0.2579850872985269 0.4056692547740191E-01
 0.4970157049933649 0.2588996772713184 0.4105608461074272E-01
 0.4969736163242331 0.2599174551320310 0.4160451263577943E-01
 0.4969343627906132 0.2608546725422716 0.4211326807615362E-01
 0.4968955939292030 0.2617692850906601 0.4261314540399149E-01
 0.4968492501324756 0.2628486485818705 0.4320738018029532E-01
 0.4968095865665053 0.2637607190349838 0.4371320524432381E-01
 0.4967671453265855 0.2647250619176128 0.4425171559268407E-01
 0.4967250962542057 0.2656690044269011 0.4478245518978025E-01
 0.4966847546963841 0.2665641716797260 0.4528901113914074E-01
 0.4966358643908591 0.2676357281326089 0.4589951277304840E-01
 0.4965938001673800 0.2685463422322251 0.4642190879664676E-01
 0.4965509753835137 0.2694629650296071 0.4695111758189557E-01
 0.4965043190678997 0.2704499252109430 0.4752467323446454E-01
 0.4964619456340361 0.2713360295993597 0.4804285294108424E-01
 0.4964150675449933 0.2723052790807837 0.4861313021735281E-01
 0.4963701727332911 0.2732229326588098 0.4915644013036029E-01
 0.4963266110885191 0.2741036996114418 0.4968106400854053E-01
 0.4962734080093015 0.2751668873393185 0.5031845413514361E-01
 0.4962281643332914 0.2760604843640543 0.5085758321829250E-01
 0.4961819488394446 0.2769635556080824 0.5140554715036662E-01
 0.4961318421373629 0.2779318593270501 0.5199660530794317E-01
 0.4960862892974311 0.2788026615966411 0.5253131443952137E-01
 0.4960363361989871 0.2797474549121869 0.5311487543391162E-01
 0.4959878076846018 0.2806554213353330 0.5367899720217329E-01
 0.4959411500727661 0.2815194345086113 0.5421876277917462E-01
 0.4958840344693587 0.2825654840632695 0.5487609226059844E-01
 0.4958351941229240 0.2834500895707225 0.5543530952415127E-01
 0.4957863014400836 0.2843267518410627 0.5599256210076489E-01
 0.4957294569029627 0.2853350952857877 0.5663724163643712E-01
 0.4956802699773308 0.2861983864638057 0.5719226648422779E-01
 0.4956281353594321 0.2871043170521507 0.5777771134726268E-01
 0.4955750658888219 0.2880171151366291 0.5837072819313265E-01
 0.4955252466027147 0.2888656101404338 0.5892483460983635E-01
 0.4954691711092974 0.2898111653462346 0.5954558139391614E-01
 0.4954163011406933 0.2906936838555510 0.6012797754835365E-01
 0.4953650996541459 0.2915402409622654 0.6068932439552863E-01
 0.4953011566110301 0.2925865389094652 0.6138672948176616E-01
 0.4952476109075418 0.2934536009711670 0.6196774320219770E-01
 0.4951940473332415 0.2943128541540129 0.6254631793788450E-01
 0.4951314440705942 0.2953071014001249 0.6321923125091351E-01
 0.4950775852920549 0.2961540366243097 0.6379528257668941E-01
 0.4950210672535515 0.2970346021380477 0.6439693303886268E-01
 0.4949622763830558 0.2979418886898401 0.6501977114684770E-01
 0.4949078418703394 0.2987742259483731 0.6559382315021503E-01
 0.4948483495064105 0.2996756056770956 0.6621838143156472E-01
 0.4947898001150033 0.3005544308467502 0.6683014396553097E-01
 0.4947342133204429 0.3013813694246207 0.6740826467469577E-01
 0.4946710716128884 0.3023121336090320 0.6806180452445101E-01
 0.4946121340371963 0.3031728900515387 0.6866888910842973E-01
 0.4945551422869240 0.3039980152321023 0.6925331990787523E-01
 0.4944861175305005 0.3049880733488584 0.6995775782936338E-01
 0.4944264137611957 0.3058364208319067 0.7056405587658958E-01
 0.4943675451541149 0.3066657869213400 0.7115911807438151E-01
 0.4942934386718189 0.3077000178684120 0.7190438436150587E-01
 0.4942328990777392 0.3085369766360558 0.7251015731594025E-01
 0.4941713386494846 0.3093808996129784 0.7312340943016404E-01
 0.4941029693298900 0.3103098995074227 0.7380127039604099E-01
 0.4940422194370744 0.3111282260039556 0.7440071575416406E-01
 0.4939784303565395 0.3119804159958446 0.7502724277637336E-01
 0.4939109972193257 0.3128735751902901 0.7568639865266696E-01
 0.4938493037323828 0.3136839139622865 0.7628670428979997E-01
 0.4937834394403208 0.3145420164387921 0.7692477361194876E-01
 0.4937156751588491 0.3154174636144308 0.7757822063725846E-01
 0.4936528409241064 0.3162226440135298 0.7818136532896960E-01
 0.4935849954456942 0.3170850829699584 0.7882964715351984E-01
 0.4935164938687152 0.3179486831337414 0.7948116240881463E-01
 0.4934524535873604 0.3187496479509834 0.8008759209195275E-01
 0.4933827158365744 0.3196149884542322 0.8074512977180091E-01
 0.4933132518328114 0.3204699402718755 0.8139714342913386E-01
 0.4932479779893714 0.3212670879467899 0.8200712851763092E-01
 0.4931764798634177 0.3221334577079831 0.8267229324845114E-01
 0.4931059039301312 0.3229818278695548 0.8332589352492148E-01
 0.4930393850542562 0.3237753444237279 0.8393929443556690E-01
 0.4929662995513228 0.3246405204958647 0.8461036111652552E-01
 0.4928944603242277 0.3254842647168057 0.8526701943020942E-01
 0.4928266833822375 0.3262743459664634 0.8588381161505589E-01
 0.4927522188282017 0.3271358529721317 0.8655840234750367E-01
 0.4926789713788123 0.3279767356838617 0.8721890976913341E-01
 0.4926099198877456 0.3287636206757549 0.8783889212144627E-01
 0.4925342765743104 0.3296192554620863 0.8851512639503430E-01
 0.4924594603392822 0.3304591097266552 0.8918094947973536E-01
 0.4923891133325281 0.3312430764205764 0.8980423995660604E-01
 0.4923124731488566 0.3320909876294162 0.9048026220401521E-01
 0.4922359233995927 0.3329315777637322 0.9115241999911462E-01
 0.4921642622220231 0.3337128689198213 0.9177897635681515E-01
 0.4920867914484678 0.3345515014136460 0.9245348894743240E-01
 0.4920082876450998 0.3353950764848886 0.9313399541760926E-01
 0.4919352837262762 0.3361740185430697 0.9376409516229771E-01
 0.4918571124850374 0.3370022917361180 0.9443588505284042E-01
 0.4917763710811269 0.3378516115106809 0.9512667978284219E-01
 0.4917019736566663 0.3386287352608699 0.9576052126575545E-01
 0.4916231563777944 0.3394464128540386 0.9642928776369276E-01
 0.4915397975194665 0.3403050340434760 0.9713353923184606E-01
 0.4914639276882666 0.3410810991157782 0.9777176469380386E-01
 0.4913844345274249 0.3418887879911869 0.9843764650629411E-01
 0.4912980364692364 0.3427604351205434 0.9915815328852029E-01
 0.4912206056250178 0.3435362255772684 0.9980112529723396E-01
 0.4911403224602588 0.3443353096252004 0.1004651027049596
 0.4910504683872806 0.3452233884444757 0.1012050097493098
 0.4909713960808931 0.3459995253429050 0.1018532819542519
 0.4908901632839817 0.3467917165388034 0.1025164720503889
 0.4907966502348575 0.3476973154875040 0.1032764695383248
 0.4907159068473177 0.3484738787109813 0.1039298099195049
 0.4906335526907004 0.3492608950496113 0.1045935133729945
 0.4905365160005170 0.3501818085967449 0.1053721039836153
 0.4904541278838594 0.3509583482886513 0.1060302069786192
 0.4903705280337465 0.3517413712909765 0.1066952036186235
 0.4902703722664294 0.3526730281146934 0.1074882612432436
 0.4901864011687919 0.3534488224148228 0.1081502114296969
 0.4901014850701647 0.3542285055032511 0.1088169503780294
 0.4899985308810051 0.3551673926285777 0.1096217554270717
 0.4899130173590682 0.3559419740694409 0.1102872249790269
 0.4898267605050682 0.3567185394765056 0.1109557051208412
 0.4897211275029528 0.3576631616805124 0.1117706114786532
 0.4896340877570857 0.3584363209364012 0.1124390858772334
 0.4895464710378411 0.3592099468583529 0.1131093354426438
 0.4894381456311720 0.3601600708481346 0.1139343392520211
 0.4893495738996559 0.3609318034395646 0.1146058557396819
 0.4892605822095995 0.3617026239479346 0.1152777777265636
 0.4891496120995026 0.3626575043681712 0.1161117989877143
 0.4890595123066646 0.3634277329570160 0.1167859211048248
 0.4889691303132331 0.3641958881464408 0.1174594911616295
 0.4888555027508047 0.3651553378019198 0.1183025381148967
 0.4887638679858397 0.3659240816685009 0.1189793290807990
 0.4886720844071283 0.3666896704724815 0.1196544413687991
 0.4885558261962468 0.3676531863201138 0.1205056449528198
 0.4884626584806117 0.3684203978728350 0.1211847167526027
 0.4883694627925154 0.3691835169508081 0.1218613389523207
 0.4882505130828940 0.3701513401498421 0.1227211159969398
 0.4881557991001175 0.3709170967737335 0.1234026188093333
 0.4880611802637572 0.3716778387689628 0.1240806791876038
 0.4879396077568149 0.3726491626403818 0.1249479128767681
 0.4878433531735584 0.3734133952751386 0.1256314685270755
 0.4877473047774400 0.3741718215460098 0.1263109352138440
 0.4876229722125833 0.3751475009333051 0.1271866308643462
 0.4875251603664500 0.3759103129586664 0.1278724490505984
 0.4874276723249840 0.3766665032734546 0.1285532752791871
 0.4873007000128617 0.3776453610139314 0.1294359999105574
 0.4872013396970570 0.3784066649882030 0.1301237017299232
 0.4871024152409452 0.3791606051510367 0.1308057977833444
 0.4869724386639596 0.3801451960561779 0.1316981069803890
 0.4868714867792518 0.3809052853985753 0.1323880743623726
 0.4867710908194820 0.3816572321648058 0.1330715491975828
 0.4866385963487792 0.3826436445551244 0.1339694924671900
 0.4865360921894032 0.3834022108352758 0.1346611231135575
 0.4864342376938319 0.3841520805031873 0.1353458041426157
 0.4862985958719342 0.3851447709863104 0.1362536688623120
 0.4861944750385053 0.3859022528489602 0.1369474759416029
 0.4860911196941801 0.3866503396285134 0.1376335127371538
 0.4859532154105684 0.3876426459201259 0.1385447921058647
 0.4858475539412324 0.3883984916480666 0.1392399546837518
 0.4857427425145155 0.3891444961322078 0.1399269874942581
 0.4856023784690883 0.3901377702775261 0.1408431420512679
 0.4854951309638042 0.3908923047588503 0.1415400876817372
 0.4853888973352147 0.3916360100786392 0.1422278134180862
 0.4852463276573979 0.3926283965862985 0.1431467113327466
 0.4851374923712407 0.3933816395246852 0.1438451536572982
 0.4850298900208225 0.3941227191943647 0.1445331847518419
 0.4848851211926244 0.3951141597378172 0.1454549775151962
 0.4847746573137715 0.3958663967392644 0.1461553048942336
 0.4846657403561184 0.3966045348137193 0.1468432286860163
 0.4845187727087463 0.3975950162065999 0.1477674444997495
 0.4844066391399854 0.3983465250895539 0.1484695791195223
 0.4842964524291544 0.3990814873913028 0.1491570492190651
 0.4841472768807836 0.4000710633443549 0.1500839001248193
 0.4840334154309744 0.4008222211819951 0.1507883038795939
 0.4839219980036649 0.4015538209021846 0.1514750158542581
 0.4837743307371044 0.4025182862922017 0.1523812703165845
 0.4836588973875208 0.4032681808938361 0.1530867119762159
 0.4835465340659034 0.4039947736724172 0.1537709533571340
 0.4834071478314280 0.4048915669945912 0.1546164516536740
 0.4832901062500009 0.4056407646626892 0.1553235675504491
 0.4831772580158715 0.4063598511269411 0.1560028659978864
 0.4830486021462283 0.4071758014361738 0.1567743621704364
 0.4829284485734878 0.4079341584177266 0.1574921004865425
 0.4828148346540533 0.4086480202920660 0.1581683939912922
 0.4826932003620260 0.4094088498757765 0.1588899238495014
 0.4825651720186467 0.4102058951791270 0.1596465899812775
 0.4824493003611852 0.4109239587593719 0.1603289098588260
 0.4823307799624945 0.4116552332536271 0.1610243544358050
 0.4821769616349230 0.4125995300641010 0.1619232398702253
 0.4820563509362272 0.4133362470580171 0.1626252506537626
 0.4819372748238407 0.4140604271878373 0.1633159742280276
 0.4817762432330316 0.4150348324448749 0.1642463766182777
 0.4816529433112961 0.4157771383930390 0.1649558688331902
 0.4815329269709387 0.4164965654938608 0.1656440142115918
 0.4813833992603606 0.4173886573045532 0.1664980085238894
 0.4812585601321087 0.4181298990853594 0.1672082184726267
 0.4811382848462072 0.4188410199465122 0.1678901467237804
 0.4810019511341231 0.4196435411686899 0.1686604150999761
 0.4808734536208343 0.4203965288298441 0.1693837646925186
 0.4807524017454675 0.4211028981050965 0.1700628210656743
 0.4806239511948523 0.4218493083632337 0.1707808492599139
 0.4804849505048925 0.4226534343587824 0.1715549666177285
 0.4803610519524514 0.4233670858733923 0.1722425311474381
 0.4802356133129589 0.4240866588625453 0.1729363617321583
 0.4800632998360538 0.4250703495033375 0.1738857637925874
 0.4799337271453699 0.4258064481342266 0.1745968226358361
 0.4798072324978585 0.4265221199769543 0.1752886039260337
 0.4796457630547121 0.4274315002505731 0.1761682682676138
 0.4795146496869055 0.4281665201556125 0.1768798457784030
 0.4793880346173047 0.4288734669580811 0.1775647831928363
 0.4792425253653905 0.4296824825435815 0.1783492735446681
 0.4791081732476139 0.4304262499762048 0.1790710764281258
 0.4789811108918893 0.4311268533241389 0.1797514448013245
 0.4788455666260722 0.4318712488045898 0.1804747905379440
 0.4787009402663802 0.4326621730255358 0.1812438755360787
 0.4785711652277581 0.4333689690440666 0.1819316633223412
 0.4784395684477956 0.4340829069709728 0.1826269254154956
 0.4782578005380533 0.4350644842949257 0.1835836690084911
 0.4781218245333830 0.4357953688869841 0.1842966258542169
 0.4779893389109742 0.4365047201114975 0.1849889775484590
 0.4778233522731600 0.4373896250250423 0.1858532118631678
 0.4776858632399279 0.4381194268060391 0.1865664551445796
 0.4775535485502672 0.4388190753745601 0.1872506900102928
 0.4774046679927996 0.4396032028312436 0.1880180907344569
 0.4772626354446173 0.4403482196318445 0.1887477103144044
 0.4771295276047975 0.4410437546630175 0.1894292471809578
 0.4769898145798092 0.4417710567500300 0.1901422606535628
 0.4768318301337863 0.4425901215054291 0.1909456715683663
 0.4766947964406068 0.4432977176417922 0.1916401667486613
 0.4765578870239242 0.4440020563398541 0.1923318966308943
 0.4763860956580334 0.4448821893405913 0.1931968808626089
 0.4762437558320427 0.4456083842050104 0.1939110323903398
 0.4761068767352893 0.4463041411180576 0.1945955828959553
 0.4759535442348990 0.4470805607539315 0.1953598579241053
 0.4758061390658309 0.4478240393053590 0.1960920947048325
 0.4756683726833694 0.4485163350638072 0.1967743142908872
 0.4755244419886708 0.4492369851994165 0.1974849100513975
 0.4753577629819943 0.4500682213866968 0.1983050816636212
 0.4752154899376215 0.4507749608945212 0.1990028058726352
 0.4750741267330954 0.4514746690003081 0.1996938930636617
 0.4749012200446172 0.4523271407527125 0.2005362578795919
 0.4747537977176537 0.4530510730384187 0.2012519888382207
 0.4746126408177361 0.4537417671086685 0.2019352314060164
 0.4744575832065893 0.4544977202311753 0.2026834638682868
 0.4743029674617461 0.4552486726937658 0.2034271607036207
 0.4741602668864009 0.4559392578323712 0.2041113783180576
 0.4740132838380520 0.4566480871249631 0.2048139301739510
 0.4738243850667717 0.4575553994609537 0.2057135885651587
 0.4736753779487625 0.4582682350091519 0.2064207593811773
 0.4735292914847344 0.4589646667824271 0.2071119957400900
 0.4733525389265021 0.4598041058746244 0.2079456193693275
 0.4732001476133913 0.4605250760537153 0.2086619350328098
 0.4730545284854139 0.4612116333196686 0.2093442967089967
 0.4728958537668163 0.4619571297090808 0.2100854710302844
 0.4727348367162010 0.4627108712925568 0.2108351148189418
 0.4725872759062671 0.4633992054909339 0.2115199976810775
 0.4724362934319868 0.4641011312610723 0.2122187310209616
 0.4722252644974174 0.4650782424264197 0.2131919438285914
 0.4720699638540359 0.4657943913425056 0.2139055825439822
 0.4719186548603487 0.4664897712527467 0.2145987589726026
 0.4717316799676682 0.4673458754496939 0.2154524639632188
 0.4715746569648665 0.4680621437826231 0.2161670392381397
 0.4714241488381060 0.4687464079380321 0.2168500054748726
 0.4712583981843723 0.4694974051562677 0.2175999600622301
 0.4710938390103773 0.4702403694450885 0.2183422560427064
 0.4709418597578697 0.4709242274679228 0.2190257636673693
 0.4707855152024326 0.4716254353995575 0.2197268331589719
 0.4705778459778819 0.4725532766209644 0.2206548346556859
 0.4704185127931949 0.4732624334353612 0.2213644260492365
 0.4702629254360713 0.4739526581923049 0.2220553746401405
 0.4700763552970540 0.4747774137500266 0.2228813830775193
 0.4699139492646211 0.4754927842889872 0.2235981301188707
 0.4697590976972468 0.4761726768676180 0.2242795204717123
 0.4695918455486200 0.4769046233204076 0.2250132498105818
 0.4694183080922096 0.4776614747545312 0.2257721434941866
 0.4692608996395569 0.4783457124374218 0.2264584436100253
 0.4691012589467921 0.4790374678548299 0.2271525263329653
 0.4688915987510742 0.4799426567653677 0.2280611176412582
 0.4687264048949224 0.4806532440883063 0.2287745997243706
 0.4685673043604105 0.4813354573519965 0.2294597208937823
 0.4683876909331570 0.4821031012961352 0.2302307648348958
 0.4682176810381435 0.4828272546763541 0.2309582788466079
 0.4680583163346194 0.4835039245541650 0.2316382719007157
 0.4678919878547629 0.4842079733024297 0.2323459990229950
 0.4676959178209069 0.4850350688549749 0.2331776907821288
 0.4675308458595793 0.4857290378246011 0.2338756947834632
 0.4673679980175360 0.4864115573107845 0.2345622963368207
 0.4671776434990837 0.4872067425199553 0.2353623686732660
 0.4670062575685829 0.4879202957682746 0.2360804666859451
 0.4668438081134976 0.4885945684939966 0.2367592236274059
 0.4666714407806904 0.4893078187284974 0.2374774481005028
 0.4664832342310622 0.4900840606762232 0.2382593551716492
 0.4663167777570423 0.4907683972900531 0.2389488523653980
 0.4661502813938014 0.4914508512190115 0.2396365616624512
 0.4659506797744960 0.4922663270639767 0.2404584456192553
 0.4657766504357788 0.4929749694117351 0.2411728046682702
 0.4656108746158524 0.4936479795198056 0.2418514150317841
 0.4654332660790845 0.4943668546933843 0.2425764753887456
 0.4652456641727529 0.4951237582981589 0.2433400876804282
 0.4650767522208537 0.4958031464197568 0.2440256100915690
 0.4649066786924342 0.4964852053423037 0.2447138839504797
 0.4646970786595405 0.4973230428622255 0.2455594150346655
 0.4645200854714569 0.4980282079623157 0.2462711400487042
 0.4643509069184898 0.4987002598154682 0.2469495586162407
 0.4641677783144957 0.4994255659140970 0.2476818803162203
 0.4639798224912176 0.5001676740427812 0.2484312934255513
 0.4638083305025650 0.5008427477455007 0.2491130714250955
 0.4636346146247492 0.5015246174544079 0.2498017284199527
 0.4634100800937205 0.5024030667815657 0.2506889410360381
 0.4632299281217178 0.5031055396739048 0.2513984848152933
 0.4630572394372465 0.5037769741013470 0.2520767796045818
 0.4628664170610430 0.5045167280767575 0.2528242279309628
 0.4626788851147228 0.5052415083627740 0.2535566577122771
 0.4625050990262567 0.5059112168958735 0.2542334833662675
 0.4623269935561354 0.5065956440974729 0.2549251957968455
 0.4620734464322701 0.5075666463950436 0.2559065610208648
 0.4618897323360983 0.5082677868712403 0.2566152599019303
 0.4617120884719448 0.5089438408352510 0.2572987074218044
 0.4615004771351045 0.5097467212204898 0.2581105076953216
 0.4613145744106833 0.5104498868735174 0.2588215644954837
 0.4611382572966597 0.5111149333649024 0.2594940869744938
 0.4609507758639890 0.5118201176255888 0.2602071763216172
 0.4607476475497823 0.5125818795868056 0.2609774596517780
 0.4605671657606382 0.5132567442642143 0.2616598966580687
 0.4603871633195828 0.5139279856915305 0.2623387243931543
 0.4601743259940332 0.5147193307004939 0.2631390818254735
 0.4599846768729833 0.5154223416437778 0.2638501136044830
 0.4598053671792959 0.5160852042915729 0.2645204942393209
 0.4596158702083191 0.5167838183625024 0.2652269476195370
 0.4594057255386771 0.5175562794790800 0.2660079829189877
 0.4592215167973490 0.5182314528354690 0.2666906110093804
 0.4590388246656422 0.5188992815642970 0.2673658150814293
 0.4588264566922268 0.5196733725037519 0.2681484650716587
 0.4586328581439987 0.5203769875482558 0.2688598319218978
 0.4584506129388860 0.5210375587893075 0.2695276069706142
 0.4582596992996034 0.5217277118077672 0.2702251783657215
 0.4580391403164359 0.5225227103751139 0.2710285969694529
 0.4578507215722585 0.5231999045230596 0.2717129039243293
 0.4576653659932978 0.5238643449738118 0.2723843122808043
 0.4574533132564449 0.5246223808550070 0.2731502965449112
 0.4572555194694483 0.5253274352448437 0.2738627081685612
 0.4570702618939244 0.5259860581327335 0.2745281226806769
 0.4568778299384951 0.5266684136733276 0.2752173966647990
 0.4566426997901281 0.5274997419768426 0.2760569969422632
 0.4564496309405892 0.5281803733766008 0.2767443168655492
 0.4562613348296864 0.5288424692537923 0.2774128880783939
 0.4560478478454655 0.5295911154616192 0.2781688307600964
 0.4558459971802064 0.5302969900583654 0.2788815255277500
 0.4556575797134965 0.5309541776195887 0.2795449592808310
 0.4554628493604182 0.5316316611833425 0.2802287384789880
 0.4552125268211460 0.5325000030602663 0.2811049338721308
 0.4550150042591074 0.5331831780452448 0.2817941567347260
 0.4548235086724695 0.5338438287923949 0.2824605824937776
 0.4546065296363104 0.5345904141917656 0.2832136114958187
 0.4544013482771030 0.5352944836492938 0.2839236361344210
 0.4542098937544862 0.5359497778616358 0.2845843109459114
 0.4540122078706683 0.5366247188047923 0.2852645886807317
 0.4537542048631696 0.5375030461386240 0.2861495447282441
 0.4535531895790802 0.5381853844207931 0.2868368275002780
 0.4533586399405409 0.5388441338294171 0.2875002211803648
 0.4531381942561651 0.5395886310587528 0.2882498270255210
 0.4529298102572593 0.5402905155624675 0.2889563613946927
 0.4527354180383814 0.5409436399398520 0.2896136226713041
 0.4525348471498259 0.5416158838570468 0.2902899026782057
 0.4522685878708212 0.5425057402422110 0.2911847684652298
 0.4520640489277927 0.5431873618058678 0.2918700251789201
 0.4518663700602896 0.5438445156931599 0.2925305673347446
 0.4516420846743381 0.5445882205916051 0.2932779885184817
 0.4514305444935497 0.5452878281112180 0.2939809514974311
 0.4512331396976015 0.5459390914116761 0.2946351721785496
 0.4510294715622347 0.5466094153285654 0.2953083399470023
 0.4507569341194715 0.5475038789841526 0.2962062860697404
 0.4505490039206734 0.5481843730076097 0.2968892344907257
 0.4503482701501158 0.5488397430710449 0.2975468475219749
 0.4501209876647334 0.5495799402448797 0.2982894414365914
 0.4499058590302056 0.5502787577581688 0.2989903495651365
 0.4497053308036985 0.5509285846764478 0.2996419155775404
 0.4494988115404247 0.5515962607535383 0.3003111304220331
 0.4492119713998549 0.5525209997566651 0.3012375759808680
 0.4490000421779803 0.5532022976223234 0.3019198560687040
 0.4487959771974221 0.5538567704765265 0.3025750914891885
 0.4485635034747421 0.5546005232042948 0.3033195053724274
 0.4483457845641551 0.5552953141817898 0.3040146852139373
 0.4481424044661614 0.5559428228175114 0.3046623127093476
 0.4479324676344716 0.5566096731900316 0.3053290095223137
 0.4476508701866412 0.5575017218019637 0.3062204268234073
 0.4474365585280261 0.5581787723669411 0.3068967261931934
 0.4472298316446600 0.5588303582674110 0.3075474158723245
 0.4469964349251977 0.5595642438293917 0.3082801082683163
 0.4467744971448878 0.5602603775242626 0.3089749063763948
 0.4465679720839680 0.5609066712630091 0.3096197404600545
 0.4463558810506091 0.5615688920530458 0.3102802140933656
 0.4460483963851408 0.5625263022432933 0.3112346522431600
 0.4462534877004060 0.5618880613875208 0.3105984486103726
 0.4460511854523438 0.5625176320519107 0.3112260111070206
 0.4458440904449624 0.5631607173650125 0.3118668500384126
 0.4456354799771836 0.5638070852084894 0.3125107943814305
 0.4454008875825672 0.5645322614409534 0.3132330640055557
 0.4451744166031448 0.5652306418540523 0.3139284251447247
 0.4449645498718148 0.5658763463358767 0.3145710959205481
 0.4447500481012266 0.5665348576868486 0.3152262339295790
 0.4444583990890378 0.5674278674702621 0.3161142081288845
 0.4442361222484090 0.5681066667898343 0.3167888630378539
 0.4440240685365806 0.5687528076537451 0.3174308451174316
 0.4437909316137224 0.5694615800357425 0.3181348321061110
 0.4435579322222220 0.5701682605845854 0.3188364853376019
 0.4433444200378158 0.5708143778098261 0.3194777404397878
 0.4431283749327908 0.5714667490327922 0.3201249124582308
 0.4428635009446100 0.5722646410731197 0.3209160487342683
 0.4426377337549439 0.5729430692815288 0.3215884317059746
 0.4424238977912369 0.5735842447437192 0.3222236895636100
 0.4421974686512725 0.5742617055179171 0.3228947145114581
 0.4419442346875288 0.5750175796615250 0.3236431806757148
 0.4417243097508950 0.5756725113773423 0.3242914643726929
 0.4415075215839044 0.5763167291882828 0.3249289009116195
 0.4412632131988531 0.5770411047751282 0.3256453538883154
 0.4410291123967884 0.5777336123895640 0.3263300211943229
 0.4408118513279387 0.5783749115087837 0.3269638711288971
 0.4405896672524881 0.5790293629662524 0.3276105658134448
 0.4402896618304573 0.5799108423898321 0.3284813476523250
 0.4400593629327895 0.5805858079088876 0.3291478806357859
 0.4398398656958538 0.5812277498427626 0.3297815611746879
 0.4395998778967452 0.5819281028397582 0.3304726090964389
 0.4393569583517349 0.5826354096596889 0.3311702258723442
 0.4391355145111991 0.5832787907859924 0.3318045765222039
 0.4389125151565221 0.5839253550764171 0.3324418920721060
 0.4386473226799459 0.5846925197639591 0.3331978662974240
 0.4384125541579439 0.5853701100210633 0.3338653475315748
 0.4381913752580349 0.5860071443463097 0.3344926465686729
 0.4379603511475657 0.5866711617903525 0.3351462553500715
 0.4376799178839694 0.5874753203616662 0.3359374709581263
 0.4374494437619738 0.5881346912121801 0.3365860053709765
 0.4372253077459105 0.5887746162938106 0.3372152702096071
 0.4369763109448630 0.5894840120525492 0.3379127106738574
 0.4367318082502181 0.5901790682645974 0.3385959006427941
 0.4365066277614163 0.5908178587382685 0.3392236193315595
 0.4362782107532614 0.5914645278424474 0.3398588912145799
 0.4359967266772454 0.5922596413915907 0.3406397320110368
 0.4357581884703831 0.5929319050342078 0.3412997436634522
 0.4355324044556217 0.5935669307386671 0.3419230841672927
 0.4352939051033107 0.5942363607763478 0.3425801028395234
 0.4350229938636069 0.5949950836209813 0.3433246288100004
 0.4347900173765407 0.5956461429439439 0.3439633517807122
 0.4345613148684722 0.5962839871429807 0.3445889304415706
 0.4343061855481323 0.5969940574865077 0.3452851180738150
 0.4340572319840008 0.5976854467776773 0.3459627795670078
 0.4338276178604268 0.5983218276576140 0.3465863820123667
 0.4335945461800996 0.5989665235259946 0.3472180272739070
 0.4333068887674859 0.5997604578284746 0.3479957554021855
 0.4330636277938288 0.6004303580959585 0.3486518386688978
 0.4328334627646756 0.6010629365909300 0.3492712165594165
 0.4325905324880216 0.6017292798211726 0.3499234781079535
 0.4323132782869460 0.6024881264501480 0.3506660930078269
 0.4320756116560084 0.6031372340959397 0.3513012036201638
 0.4318425830268947 0.6037724382001662 0.3519226585885196
 0.4315833295404142 0.6044776971124283 0.3526126190032458
 0.4313289642673060 0.6051682023026915 0.3532880998325866
 0.4310947727749652 0.6058026754187511 0.3539086942619672
 0.4308575183868193 0.6064442139517779 0.3545360996967078
 0.4305691995764299 0.6072221711382364 0.3552967808089159
 0.4303207656976638 0.6078910564044688 0.3559507256115794
 0.4300862298533171 0.6085212959961626 0.3565668559729128
 0.4298403542187595 0.6091807355353850 0.3572115248818872
 0.4295472237670509 0.6099652208376894 0.3579784181022337
 0.4293032935626412 0.6106166401151577 0.3586151717626915
 0.4290658793236413 0.6112494487817406 0.3592336457931332
 0.4288038067222106 0.6119466044416634 0.3599148940258849
 0.4285427797270618 0.6126395494556789 0.3605919329611417
 0.4283037120385603 0.6132729549970835 0.3612107617518853
 0.4280626294955536 0.6139105004630988 0.3618336393034710
 0.4277768023908371 0.6146648227218122 0.3625706323179950
 0.4275227538436916 0.6153338742405035 0.3632243186032539
 0.4272839381703429 0.6159616105444429 0.3638376131627680
 0.4270359440302571 0.6166122499671333 0.3644732410324314
 0.4267125065386476 0.6174589618812402 0.3653003759549556
 0.4264611524158138 0.6181155235259345 0.3659417789506980
 0.4262190807932641 0.6187466491443177 0.3665583995165942
 0.4259520624365540 0.6194414690743778 0.3672373496926536
 0.4256860865782289 0.6201321794408251 0.3679123721200323
 0.4254424989412423 0.6207635334445942 0.3685294265331550
 0.4251969819154600 0.6213987173007678 0.3691502307672481
 0.4249072557547894 0.6221467717773971 0.3698813496802852
 0.4246480658246961 0.6228146112113184 0.3705340969153951
 0.4244047561736426 0.6234403597213967 0.3711457672373190
 0.4241528697624829 0.6240869752289370 0.3717779270112838
 0.4238066822536967 0.6249737044327704 0.3726449810339489
 0.4235491528626548 0.6256318756554755 0.3732886205593423
 0.4233023171032544 0.6262615482068875 0.3739044140958677
 0.4230291338991160 0.6269571056599245 0.3745846597868954
 0.4227592247911702 0.6276429648818842 0.3752554730014171
 0.4225114395165477 0.6282714200233952 0.3758702371035237
 0.4222613045739192 0.6289046889314535 0.3764898461437843
 0.4219644960041021 0.6296546360235243 0.3772238164934389
 0.4217009699501633 0.6303191433701751 0.3778743320015864
 0.4214533916731192 0.6309422902925385 0.3784844681674820
 0.4211967784706713 0.6315870112437180 0.3791158198658420
 0.4208491473430138 0.6324585238910505 0.3799694243680873
 0.4205874260052027 0.6331132377642208 0.3806108560070784
 0.4203364796194925 0.6337398557976281 0.3812249407923041
 0.4200602607186161 0.6344282938778941 0.3818998281622001
 0.4197837635379528 0.6351160824422529 0.3825742878811043
 0.4195310669849175 0.6357434972695399 0.3831896874640809
 0.4192769814962488 0.6363732398936114 0.3838074757453087
 0.4189810543234622 0.6371052760636708 0.3845257407832997
 0.4187114308772325 0.6377709304991845 0.3851790208074817
 0.4184592307695102 0.6383924410753823 0.3857891498971962
 0.4181998017520974 0.6390306332062990 0.3864158646193319
 0.4178353385298373 0.6399252769795883 0.3872947926849213
 0.4175671441635839 0.6405821770747637 0.3879404051509294
 0.4173121971209098 0.6412055088733853 0.3885531962428850
 0.4170343107460056 0.6418836873738815 0.3892200901928947
 0.4167500049915238 0.6425762014607977 0.3899013102634407
 0.4164923036136041 0.6432027548604863 0.3905178932701939
 0.4162346746978282 0.6438280367384213 0.3911335009667162
 0.4159406736504455 0.6445402640462452 0.3918350636392718
 0.4156641329097294 0.6452089031728043 0.3924940143292370
 0.4154070624135061 0.6458293493916288 0.3931057131350970
 0.4151448504179702 0.6464611015188926 0.3937287678753760
 0.4148161754940420 0.6472514179305050 0.3945084950233529
 0.4145432190309123 0.6479064384840768 0.3951550160692061
 0.4142853779918662 0.6485240930527482 0.3957649254162087
 0.4140144913560781 0.6491718591700740 0.3964048757663583
 0.4136932307460481 0.6499385776876766 0.3971627464096801
 0.4134251530409251 0.6505771253284626 0.3977942290593731
 0.4131648570532175 0.6511960585764314 0.3984065505622930
 0.4128810651528773 0.6518696547974380 0.3990732106885734
 0.4125892425344669 0.6525610065960308 0.3997577588124517
 0.4123253817294393 0.6531849798343093 0.4003759186691804
 0.4120621242444030 0.6538064569727055 0.4009919619152287
 0.4117636983620192 0.6545096705318860 0.4016894844494000
 0.4114799577898479 0.6551770172917554 0.4023518704730532
 0.4112170506154844 0.6557942712583018 0.4029648884708975
 0.4109500726791169 0.6564200107176326 0.4035866543500305
 0.4106279596068139 0.6571735437945261 0.4043358272455855
 0.4103478047751974 0.6578276549809625 0.4049865591432145
 0.4100843187173346 0.6584417764983221 0.4055978871464738
 0.4098110110908551 0.6590776971099982 0.4062313243280793
 0.4094337681876223 0.6599536304698710 0.4071045032165420
 0.4091543257342200 0.6606011233720036 0.4077504076766804
 0.4088871315835435 0.6612191630121972 0.4083672436862765
 0.4085941483232997 0.6618956543260287 0.4090427503036250
 0.4082984430366890 0.6625771629891011 0.4097236400555012
 0.4080293426759978 0.6631962534181759 0.4103425359821160
 0.4077600766547564 0.6638146780243593 0.4109611564557624
 0.4074535720865807 0.6645173592218052 0.4116645577642905
 0.4071640782859554 0.6651798062408594 0.4123281586142004
 0.4068955912623909 0.6657931149038377 0.4129429203967692
 0.4066229319227597 0.6664149061376318 0.4135665428816838
 0.4062956907085778 0.6671597807437040 0.4143140915525613
 0.4060089634248332 0.6678111963153379 0.4149683131045750
 0.4057395473910410 0.6684222312597692 0.4155824206753965
 0.4054607512045906 0.6690534721977538 0.4162173136648528
 0.4050486617030332 0.6699845303157851 0.4171546403324523
 0.4053234850034903 0.6693638678152481 0.4165296848360405
 0.4050583964229316 0.6699625632579855 0.4171325138194619
 0.4047875161623761 0.6705733338373165 0.4177479118477680
 0.4045160791670230 0.6711843443377146 0.4183639334316910
 0.4042192267047008 0.6718514065448277 0.4190368849880314
 0.4039139047586679 0.6725362426333181 0.4197282399870558
 0.4036382200081154 0.6731535110410668 0.4203518349331478
 0.4033639746369116 0.6737665328294348 0.4209716018908534
 0.4030574222292352 0.6744505666384786 0.4216637296244808
 0.4027580499427676 0.6751173569785406 0.4223389778335402
 0.4024828722940160 0.6757291978975711 0.4229590478995782
 0.4022059342507249 0.6763439309363735 0.4235824807025550
 0.4018873252098299 0.6770498998187188 0.4242989782714694
 0.4015908623140713 0.6777055883850150 0.4249649974588828
 0.4013149333840623 0.6783148185550774 0.4255843486899396
 0.4010336515392351 0.6789348359827213 0.4262152174137659
 0.4006884543830781 0.6796943212384948 0.4269887600841109
 0.4003943512966441 0.6803401639352906 0.4276471868998020
 0.4001173946626449 0.6809473245779296 0.4282666629323630
 0.3998292722563028 0.6815779082836469 0.4289105029000279
 0.3994471778754531 0.6824125058884472 0.4297633706662800
 0.3991551838568597 0.6830490348210301 0.4304144222414820
 0.3988759146188003 0.6836568033065619 0.4310365679407292
 0.3985740791191338 0.6843125637076951 0.4317084194066344
 0.3982563131964705 0.6850016832007947 0.4324150849409184
 0.3979722719851709 0.6856165840359058 0.4330461633493676
 0.3976914153430012 0.6862235903937508 0.4336695967907510
 0.3973820819259592 0.6868909957862256 0.4343555847047106
 0.3970697111228804 0.6875637391913050 0.4350476440021320
 0.3967855201803707 0.6881747355186905 0.4356767410699805
 0.3965015813133063 0.6887841877862996 0.4363048195159101
 0.3961814050839031 0.6894702233665607 0.4370125259229168
 0.3958735913202734 0.6901285778971825 0.4376923613352103
 0.3955894937519713 0.6907351746948196 0.4383193067265032
 0.3953027287743469 0.6913464645198247 0.4389516085585415
 0.3949697663255049 0.6920549736136309 0.4396850901781797
 0.3946646321859095 0.6927030837742587 0.4403566428822967
 0.3943803557603580 0.6933058773713070 0.4409817846154145
 0.3940907486192451 0.6939189717909920 0.4416181719123962
 0.3937412510759190 0.6946575107497657 0.4423855257228559
 0.3934370620523916 0.6952991154757751 0.4430528050920344
 0.3931515003580712 0.6959004261664834 0.4436786850088232
 0.3928568268180413 0.6965199074064703 0.4443239706843858
 0.3924507148108416 0.6973719766092057 0.4452123690876182
 0.3921461817431109 0.6980096454829448 0.4458779143591389
 0.3918575623613405 0.6986129867537680 0.4465082255987610
 0.3915481178792546 0.6992587783292150 0.4471835553222407
 0.3912147112085133 0.6999533273478866 0.4479106422182410
 0.3909201596373241 0.7005658588295334 0.4485524987184534
 0.3906306010073204 0.7011670277666722 0.4491829870147120
 0.3903151099780827 0.7018209347909008 0.4498693689222177
 0.3899880154787037 0.7024976833442725 0.4505803743261082
 0.3896939415024025 0.7031050669049718 0.4512190920041572
 0.3894028697493156 0.7037052772587952 0.4518508391263714
 0.3890835993732524 0.7043625264371678 0.4525432833572389
 0.3887572417062454 0.7050331708944919 0.4532505291758165
 0.3884619168261316 0.7056390077598540 0.4538899895465196
 0.3881683560846407 0.7062402525117876 0.4545250950775040
 0.3878430828266434 0.7069053189716583 0.4552281769760296
 0.3875186481171567 0.7075674929494974 0.4559288120702956
 0.3872224274129368 0.7081710582006229 0.4565680101234609
 0.3869261216671610 0.7087738224922318 0.4572069479897614
 0.3865922695157171 0.7094518026853920 0.4579263389095055
 0.3862707675013729 0.7101035413551506 0.4586185913750514
 0.3859745114466408 0.7107030972146027 0.4592559920198189
 0.3856763905109646 0.7113054574748188 0.4598968943506290
 0.3853363240914027 0.7119913861060809 0.4606273276759055
 0.3850154555804369 0.7126374394945173 0.4613159097057261
 0.3847184510460009 0.7132344504440984 0.4619527747613541
 0.3844186061579110 0.7138362052620213 0.4625952599757298
 0.3840744157343499 0.7145257647236734 0.4633321840240952
 0.3837523796395609 0.7151697902292293 0.4640210824223858
 0.3834534986195415 0.7157665182911663 0.4646598963032134
 0.3831506512384171 0.7163701959841369 0.4653066187842463
 0.3827965567053437 0.7170747937603527 0.4660620510837374
 0.3824747379700381 0.7177140186737465 0.4667479819120994
 0.3821744045256145 0.7183095844937127 0.4673876133713365
 0.3818677522096947 0.7189167047095296 0.4680402368161068
 0.3814913147368940 0.7196606442209460 0.4688407502368011
 0.3811709412896785 0.7202926241647080 0.4695214690245435
 0.3808700736245949 0.7208851566781648 0.4701602239357278
 0.3805593716787122 0.7214960745855654 0.4708192974443794
 0.3801360872722385 0.7223267577935927 0.4717162537191876
 0.3798154777974356 0.7229547209754860 0.4723949442771671
 0.3795127775003850 0.7235466420678540 0.4730352009480159
 0.3791929967037062 0.7241709497647146 0.4737110452741593
 0.3788193619240391 0.7248990817798647 0.4744999838597858
 0.3785045818284491 0.7255114233362441 0.4751640027261514
 0.3781998467236911 0.7261032733827498 0.4758062329703417
 0.3778738095384984 0.7267354635809686 0.4764926904040565
 0.3775139374319272 0.7274320256719052 0.4772496088055466
 0.3771998810542492 0.7280388530646673 0.4779095445734980
 0.3768926659478100 0.7286315139300173 0.4785545923071503
 0.3765603890698083 0.7292714709742163 0.4792517184689588
 0.3762083849210802 0.7299482344671601 0.4799896094556605
 0.3758951014920361 0.7305495293009279 0.4806457561755598
 0.3755868017878927 0.7311403203346895 0.4812908957605762
 0.3752523253643006 0.7317802243997822 0.4819901448610484
 0.3749001971752523 0.7324527234764969 0.4827255445165105
 0.3745860542954862 0.7330516637758820 0.4833809841191286
 0.3742769933732642 0.7336399851052054 0.4840252629970849
 0.3739431734195316 0.7342744047116154 0.4847205419112910
 0.3735848963901955 0.7349541159339732 0.4854660295954744
 0.3732677562248562 0.7355547605628439 0.4861252532658973
 0.3729564709914210 0.7361433853076484 0.4867716652666897
 0.3726204193546682 0.7367778104390238 0.4874687835559550
 0.3722596628559847 0.7374576876637892 0.4882163414954120
 0.3719401283705626 0.7380588550835671 0.4888778275027850
 0.3716259939176655 0.7386489291717827 0.4895275811998865
 0.3712848288419242 0.7392887326967246 0.4902326473565906
 0.3709271721400959 0.7399582993261630 0.4909711141190198
 0.3706073017175656 0.7405561204136043 0.4916309300271195
 0.3702918917977983 0.7411446781063036 0.4922809164053203
 0.3699488974346448 0.7417836675849296 0.4929870063600949
 0.3695903655708647 0.7424504478299959 0.4937242506255470
 0.3692696918667254 0.7430458246461430 0.4943829467398036
 0.3689540469117878 0.7436309490464008 0.4950306887286999
 0.3686133805466026 0.7442614407360586 0.4957290916275149
 0.3682466013227332 0.7449390862634950 0.4964802141674844
 0.3679226591646236 0.7455365785300496 0.4971428745050248
 0.3676053256004761 0.7461209670024401 0.4977913169827881
 0.3672645529104110 0.7467475156381882 0.4984868747949515
 0.3668901968815764 0.7474346165195609 0.4992500745773240
 0.3665625108032885 0.7480350357849358 0.4999173965699662
 0.3662419596869146 0.7486214612743294 0.5005695695065769
 0.3658965721162077 0.7492523079898563 0.5012716104437214
 0.3655242416324441 0.7499311902297772 0.5020276316516028
 0.3651954363970146 0.7505297011068507 0.5026945562385500
 0.3648729080039871 0.7511158691301230 0.5033480519478041
 0.3645244019721585 0.7517482317078431 0.5040533771785769
 0.3641533973136973 0.7524202607152033 0.5048033192507881
 0.3638244164534745 0.7530151742309592 0.5054675534954731
 0.3635018848140608 0.7535975209585739 0.5061181052582224
 0.3631555171032388 0.7542219112397567 0.5068160297342936
 0.3627764565851195 0.7549040610975540 0.5075789919308638
 0.3624448172710554 0.7554998691176972 0.5082457655173923
 0.3621214318330053 0.7560799498987650 0.5088952555440249
 0.3617767655883602 0.7566972301731510 0.5095867281678711
 0.3613836753910463 0.7574000137758665 0.5103744154521576
 0.3610471271303295 0.7580006787112323 0.5110480494973265
 0.3607204710510259 0.7585827823179371 0.5117012512714559
 0.3603721892984931 0.7592024433334018 0.5123970213878444
 0.3599781746218564 0.7599022575051184 0.5131832818347780
 0.3596391536439414 0.7605033684415291 0.5138590058170492
 0.3593093720860316 0.7610871879158396 0.5145155546261417
 0.3589558910711083 0.7617119709877821 0.5152184184002541
 0.3585689364076319 0.7623947468209660 0.5159868108931838
 0.3582304989124719 0.7629909140476805 0.5166580086577192
 0.3579002071076265 0.7635718353063657 0.5173123229186425
 0.3575465040475558 0.7641929533655321 0.5180122457979762
 0.3571568100088728 0.7648761048765887 0.5187824718010977
 0.3568174354632960 0.7654700498494538 0.5194524368657502
 0.3564872691303749 0.7660469943753231 0.5201034786985328
 0.3561366110347414 0.7666587945318557 0.5207941071562133
 0.3557287683230090 0.7673691363407488 0.5215963085714354
 0.3553843758679656 0.7679679407473206 0.5222728543443830
 0.3550519034167324 0.7685451317457588 0.5229252692502315
 0.3547004150306948 0.7691543903422718 0.5236142449067244
 0.3542776722147646 0.7698858770435516 0.5244418355832698
 0.3539282916926231 0.7704893697568289 0.5251248874281951
 0.3535917521802621 0.7710697845940360 0.5257820041706976
 0.3532338830814172 0.7716860231465168 0.5264798524889936
 0.3528263704489399 0.7723865428212001 0.5272733732258732
 0.3524774603595353 0.7729853095825751 0.5279518690018059
 0.3521386636334792 0.7735658285645424 0.5286099409326268
 0.3517762184373518 0.7741858986985746 0.5293131550820813
 0.3513767128552608 0.7748682142337753 0.5300873281032102
 0.3510288333047485 0.7754613727159668 0.5307606228116297
 0.3506902095241192 0.7760378720046710 0.5314152200510286
 0.3503296665725866 0.7766507400392541 0.5321113111307273
 0.3499194904316909 0.7773467923419336 0.5329021186795044
 0.3495689291499646 0.7779406851224926 0.5335770725030332
 0.3492301148984449 0.7785138083300657 0.5342286267667594
 0.3488730011060431 0.7791169651188342 0.5349145499675607
 0.3484296811537847 0.7798644118632471 0.5357648614968785
 0.3480723025383858 0.7804659072212023 0.5364493351464795
 0.3477303163156115 0.7810406197152637 0.5371034631055395
 0.3473697015572355 0.7816457127634034 0.5377922945348818
 0.3469288675984761 0.7823841247332152 0.5386330909373398
 0.3465687121659706 0.7829863524446186 0.5393190271029520
 0.3462223683625293 0.7835646022639525 0.5399778692341478
 0.3458539747244457 0.7841787192270365 0.5406778306586327
 0.3454351031883613 0.7848758019272222 0.5414726527857076
 0.3450761301238327 0.7854722052930704 0.5421528810162259
 0.3447276518752191 0.7860502956251979 0.5428123475190406
 0.3443554761871283 0.7866667472034627 0.5435156707574735
 0.3439420005658122 0.7873504590500856 0.5442958349808975
 0.3435838439716687 0.7879417250924872 0.5449706187052692
 0.3432361402085400 0.7885148751850994 0.5456248517809229
 0.3428674315063397 0.7891217274209613 0.5463177110103260
 0.3424380512782852 0.7898272462195166 0.5471234240608442
 0.3420767344700331 0.7904199395090966 0.5478004348731796
 0.3417290498819611 0.7909894200198992 0.5484510294835290
 0.3413639446978158 0.7915865390158345 0.5491332865878380
 0.3408858571131676 0.7923670564013184 0.5500252341386401
 0.3405163146585989 0.7929692960547842 0.5507135930564526
 0.3401647296155667 0.7935414088942290 0.5513676564301493
 0.3397943304901542 0.7941432309184222 0.5520558374823528
 0.3393359906949733 0.7948866565975703 0.5529061246039644
 0.3389648458657221 0.7954876175124801 0.5535935622660578
 0.3386086604814260 0.7960634885743150 0.5542523317760004
 0.3382305969368772 0.7966738056685418 0.5549505163762929
 0.3377954493914628 0.7973750990181974 0.5557528033131683
 0.3374253479272218 0.7979705762622702 0.5564341053257694
 0.3370666724706557 0.7985468076231578 0.5570934974050550
 0.3366836721616285 0.7991611847703983 0.5577966943598646
 0.3362584769126361 0.7998421224653604 0.5585762644883889
 0.3358899468774961 0.8004313583471210 0.5592509822571928
 0.3355320252079115 0.8010027876688935 0.5599053888047241
 0.3351522338994473 0.8016082249781814 0.5605987931700950
 0.3347120119834987 0.8023088320281032 0.5614012463503911
 0.3343406679510371 0.8028988523510134 0.5620770931925820
 0.3339834926952332 0.8034655270796662 0.5627262678715876
 0.3336092774983446 0.8040583631673150 0.5634054986311591
 0.3330950929843139 0.8048714884735646 0.5643372516874805
 0.3327140071200083 0.8054730531672400 0.5650266408171137
 0.3323534797817855 0.8060413221397699 0.5656778902868026
 0.3319740617265335 0.8066384850022098 0.5663622566421582
 0.3314985900946578 0.8073855538192696 0.5672184409433335
 0.3311172415932596 0.8079837163687927 0.5679040219390473
 0.3307520866067605 0.8085556322332480 0.5685595910340995
 0.3303660210468280 0.8091594014238686 0.5692517519393461
 0.3299045713287055 0.8098798585721969 0.5700777496034550
 0.3295213104048240 0.8104772461596860 0.5707626383397228
 0.3291516214152849 0.8110526277986063 0.5714222292234066
 0.3287576728706961 0.8116648501441263 0.5721239394672200
 0.3283160997528016 0.8123499644528773 0.5729090546359767
 0.3279352271794989 0.8129399530110307 0.5735850735740770
 0.3275654191647241 0.8135119660356122 0.5742404644591660
 0.3271715855003245 0.8141202390647845 0.5749374045158469
 0.3267281514758439 0.8148040095120485 0.5757208679847925
 0.3263475351594133 0.8153899815863438 0.5763922759034642
 0.3259797208268963 0.8159554277076205 0.5770401395534803
 0.3255928928434308 0.8165492406550822 0.5777204544196667
 0.3251016420488560 0.8173020808377711 0.5785828798788698
 0.3247136752439894 0.8178956380210208 0.5792627890324602
 0.3243450276213190 0.8184588233919606 0.5799078902237690
 0.3239606068644994 0.8190452624924104 0.5805796203583803
 0.3234175145970814 0.8198722961359486 0.5815269073889709
 0.3230210398485566 0.8204749811328258 0.5822171664054052
 0.3226477433043836 0.8210416060525395 0.5828660523025982
 0.3222559009936783 0.8216355221039223 0.5835461075089200
 0.3217482100815685 0.8224037261916055 0.5844256338990628
 0.3213513135177843 0.8230032626393563 0.5851120273213790
 0.3209720903962613 0.8235752684870830 0.5857669225053616
 0.3205695028638207 0.8241816277732024 0.5864611854544223
 0.3201047686993225 0.8248804557878366 0.5872613383640217
 0.3197097408504785 0.8254735136328087 0.5879403394747401
 0.3193267660744892 0.8260476443669625 0.5885975714677874
 0.3189174196341248 0.8266604077235097 0.5892988762390170
 0.3184654828619295 0.8273358474973381 0.5900717195118796
 0.3180726789054831 0.8279219949475325 0.5907422521088828
 0.3176907792243054 0.8284910575130132 0.5913931490666855
 0.3172844939820803 0.8290955793759658 0.5920845352511124
 0.3168240203748808 0.8297796401728366 0.5928668098965783
 0.3164306558583324 0.8303630932423026 0.5935339418986504
 0.3160514267564023 0.8309247864820879 0.5941760808652913
 0.3156541333215015 0.8315124029196765 0.5948477068141992
 0.3151075320726304 0.8323194660275995 0.5957698789135298
 0.3147037052829618 0.8329146935334572 0.5964498055315216
 0.3143229945775337 0.8334750523654466 0.5970897629890987
 0.3139255684431884 0.8340591926816264 0.5977567412927101
 0.3133480528068492 0.8349065404518856 0.5987239726088380
 0.3137331543043910 0.8343417040028470 0.5980792622913679
 0.3133530039586042 0.8348992834556851 0.5987156904948802
 0.3129668121576027 0.8354649448027689 0.5993611619345010
 0.3125841561097966 0.8360246553175658 0.5999996389986503
 0.3121819893389864 0.8366120789731823 0.6006695017280602
 0.3116273732017630 0.8374207957563612 0.6015913623663290
 0.3112139078187378 0.8380226549571347 0.6022772078157098
 0.3108215641543878 0.8385929520473961 0.6029269490097233
 0.3104057445181626 0.8391965083791113 0.6036144410875310
 0.3099226929405077 0.8398965380504109 0.6044115975597253
 0.3095130522844999 0.8404892483648907 0.6050862866562021
 0.3091158816224871 0.8410631009901702 0.6057392202959628
 0.3086916514366865 0.8416751679693268 0.6064352751824672
 0.3082248821568126 0.8423475599829314 0.6071994950373532
 0.3078175956632084 0.8429333712976799 0.6078649643895169
 0.3074206528148027 0.8435035062057414 0.6085123568311884
 0.3069968929044754 0.8441112918062538 0.6092022443777201
 0.3065299633398355 0.8447799614477047 0.6099609446407533
 0.3061241631228919 0.8453602142861458 0.6106190519220440
 0.3057308867964227 0.8459217848081114 0.6112556968366336
 0.3053173097775016 0.8465115239887894 0.6119239551511263
 0.3047989609689671 0.8472494811022174 0.6127596794514832
 0.3043858701902726 0.8478366487089780 0.6134242587699349
 0.3039937505283684 0.8483932422334959 0.6140539416675519
 0.3035872067212322 0.8489695255396026 0.6147056151181696
 0.3030697205820972 0.8497019208095472 0.6155334053936874
 0.3026489346872268 0.8502965104008150 0.6162050775068103
 0.3022544122026374 0.8508532206986692 0.6168336438488921
 0.3018508608769496 0.8514219055613668 0.6174754044665112
 0.3013843205875059 0.8520783927210420 0.6182158485619375
 0.3009519916860726 0.8526858225445133 0.6189006051826667
 0.3005497777308620 0.8532501511870222 0.6195364928402575
 0.3001448888628460 0.8538174674018197 0.6201754842001685
 0.2996982559013259 0.8544423863876778 0.6208790327167940
 0.2992444165977518 0.8550764382404548 0.6215924628776514
 0.2988308699826880 0.8556533671813665 0.6222412061249338
 0.2984199240490024 0.8562258864805228 0.6228845531965665
 0.2979723069978604 0.8568486121441005 0.6235837983348207
 0.2975078184530771 0.8574938401633712 0.6243077551995720
 0.2970882853832822 0.8580757748005116 0.6249602510270619
 0.2966725659822835 0.8586516314159743 0.6256055558982234
 0.2962176040070224 0.8592809514321122 0.6263103650715132
 0.2957569242386540 0.8599172305674467 0.6270225178323393
 0.2953387376889374 0.8604939947679344 0.6276676198443856
 0.2949245954377107 0.8610644109197747 0.6283051562780240
 0.2944749115872571 0.8616829156359646 0.6289958669102188
 0.2940100727164942 0.8623213228258737 0.6297081538135115
 0.2935930899928924 0.8628931931829418 0.6303456518232678
 0.2931847710316850 0.8634524409427554 0.6309685970087121
 0.2927528812572840 0.8640431775739292 0.6316261233685084
 0.2922476671756652 0.8647331744482452 0.6323935000039443
 0.2918236108877863 0.8653114742049597 0.6330361140541428
 0.2914181708259084 0.8658636590333055 0.6336492257407204
 0.2909990659019785 0.8664337100591578 0.6342816567479849
 0.2904772731267731 0.8671423799631464 0.6350671220712070
 0.2900406184899175 0.8677345258916165 0.6357227947831843
 0.2896325325797694 0.8682871964944803 0.6363342345931886
 0.2892188818956695 0.8688466831337698 0.6369526987403029
 0.2887552531241314 0.8694729095104127 0.6376443012201756
 0.2882992873291245 0.8700879040349393 0.6383228056828701
 0.2878813117409553 0.8706508937275831 0.6389432939160137
 0.2874673679252196 0.8712077349234041 0.6395563787521756
 0.2870245247142831 0.8718026640604570 0.6402107062627130
 0.2865203320529092 0.8724790247663996 0.6409537554969637
 0.2860846706565832 0.8730626097734835 0.6415942032632002
 0.2856626175878303 0.8736272238301722 0.6422132617744781
 0.2852170421883317 0.8742225162246995 0.6428653526375970
 0.2846794438061779 0.8749396774764420 0.6436500711257912
 0.2842317540941933 0.8755360068784747 0.6443017840458586
 0.2838003668497068 0.8761098569871687 0.6449281920832378
 0.2833402008893266 0.8767211666359064 0.6455946576734722
 0.2828351329575212 0.8773911527652725 0.6463241072549188
 0.2823909099208866 0.8779795879963892 0.6469639504185503
 0.2819569290253660 0.8785537015359047 0.6475875228812922
 0.2814884034004820 0.8791726806416744 0.6482590796737204
 0.2809983727480148 0.8798191483634350 0.6489596236235099
 0.2805597950048412 0.8803969413136081 0.6495849821373615
 0.2801301678677503 0.8809622165357464 0.6501960374103581
 0.2796706133767058 0.8815660762779938 0.6508479215669214
 0.2791703460782521 0.8822225067322281 0.6515554839538861
 0.2787323796251577 0.8827963993998261 0.6521731561779618
 0.2783091749525848 0.8833502520440707 0.6527684545366114
 0.2778674453546637 0.8839276210445939 0.6533882021309384
 0.2772557933823270 0.8847258686356142 0.6542436574904110
 0.2768054410660311 0.8853127072473765 0.6548715100916904
 0.2763839712207429 0.8858612205027109 0.6554575329809759
 0.2759487075235465 0.8864269886113744 0.6560611309504835
 0.2754026937405323 0.8871357161494651 0.6568159945229936
 0.2749490106997424 0.8877237583824442 0.6574412567325996
 0.2745262602629483 0.8882710244464900 0.6580223027319823
 0.2740983603935460 0.8888242886904014 0.6586088748625267
 0.2736220306748441 0.8894393845904263 0.6592599926798137
 0.2731444030240671 0.8900553277834413 0.6599109121204058
 0.2727106267990632 0.8906140048725407 0.6605003330090479
 0.2722835070886541 0.8911634459857457 0.6610790770008664
 0.2718316271494608 0.8917440255050727 0.6616896068840901
 0.2712654710029622 0.8924703987750211 0.6624520004803198
 0.2708079125590139 0.8930566096760248 0.6630661276842941
 0.2703715780546479 0.8936149391848219 0.6636500972261654
 0.2699163667310423 0.8941967086218935 0.6642575840258337
 0.2693172979931091 0.8949612240683215 0.6650542725105747
 0.2688447307838671 0.8955634188172505 0.6656804304276774
 0.2683965427577646 0.8961338313948808 0.6662723615051833
 0.2679249184315616 0.8967333228813228 0.6668932034969022
 0.2673601272063137 0.8974502357598837 0.6676339610178529
 0.2668873874093181 0.8980494662272058 0.6682517571162033
 0.2664300840626003 0.8986284071841451 0.6688474974283263
 0.2659366967122925 0.8992522367966547 0.6694881975873120
 0.2654177028263217 0.8999075585642471 0.6701598432080385
 0.2649525887633543 0.9004940810051866 0.6707597058117699
 0.2644936575398727 0.9010721000674371 0.6713496359158729
 0.2639894918197470 0.9017062864467600 0.6719954227220126
 0.2634846829695978 0.9023404417093505 0.6726396157491467
 0.2630270908389827 0.9029145593700767 0.6732214823698383
 0.2625747571988717 0.9034814074551065 0.6737947567818330
 0.2620833979421209 0.9040964076203353 0.6744153747025401
 0.2615740261526679 0.9047331287368265 0.6750564258082433
 0.2611194060194377 0.9053007046626604 0.6756265584588597
 0.2606757703137778 0.9058539291123696 0.6761810504014691
 0.2602081851451752 0.9064363404573174 0.6767634422722097
 0.2596405186159484 0.9071424793307631 0.6774676415583580
 0.2591767554384570 0.9077186157107823 0.6780406194854564
 0.2587371844436112 0.9082640756224279 0.6785817844048421
 0.2582851664325389 0.9088243523876515 0.6791363352980906
 0.2577434329234425 0.9094949963314753 0.6797983788922294
 0.2572678396183588 0.9100830146942430 0.6803772830795599
 0.2568268960543479 0.9106275720622652 0.6809120741476756
 0.2563850173915693 0.9111726883342385 0.6814461225416514
 0.2559054478656060 0.9117636296082431 0.6820235944321820
 0.2553874878459751 0.9124010956486734 0.6826448108321678
 0.2549320978174497 0.9129608885868828 0.6831888638178029
 0.2544911546567922 0.9135023311589044 0.6837137730383005
 0.2540337216610227 0.9140634100249113 0.6842563495620845
 0.2534707970339280 0.9147530322996477 0.6849212867895079
 0.2529894267379267 0.9153420044050494 0.6854874390870184
 0.2525403348528254 0.9158908708216493 0.6860135687979471
 0.2520860640557704 0.9164454688337578 0.6865437376497754
 0.2515817962307653 0.9170604053499926 0.6871298811627020
 0.2510689245307527 0.9176850820957806 0.6877234926993213
 0.2506037981104127 0.9182509531359360 0.6882596609271515
 0.2501445304386886 0.9188090911273985 0.6887870486039431
 0.2496545168062487 0.9194039342572333 0.6893475052530849
 0.2490799894872668 0.9201005087190863 0.6900016253487938
 0.2485923082251656 0.9206910621609175 0.6905542656791110
 0.2481203343209545 0.9212619637351194 0.6910867894892283
 0.2476195930658824 0.9218669875513138 0.6916492670333420
 0.2470336854267600 0.9225740374665735 0.6923041664039167
 0.2465344272865374 0.9231757807970549 0.6928595000688647
 0.2460480237881835 0.9237613786201534 0.6933981720791447
 0.2455190312802518 0.9243975244296435 0.6939813730513451
 0.2449680552556794 0.9250593069376611 0.6945858595260823
 0.2444703407772538 0.9256564192440546 0.6951292720538762
 0.2439731992733083 0.9262521875113727 0.6956695110922074
 0.2433998543116908 0.9269384673605083 0.6962893722702570
 0.2428735220292002 0.9275677155380109 0.6968554209202119
 0.2423837706518266 0.9281525819002441 0.6973796086175578
 0.2418834446051332 0.9287494353769811 0.6979126580199922
 0.2412234759496356 0.9295357462461393 0.6986120486282567
 0.2407106711375022 0.9301459522378501 0.6991525449704564
 0.2402298605372866 0.9307174806078166 0.6996569534475294
 0.2397287340834976 0.9313125370009955 0.7001801992651716
 0.2391101488943427 0.9320461999221782 0.7008225636190066
 0.2386122177603476 0.9326360706419844 0.7013368038820733
 0.2381403270281975 0.9331945264799762 0.7018218401578633
 0.2376506195079481 0.9337734882252575 0.7023228411742084
 0.2369744901302158 0.9345718858939620 0.7030106742874814
 0.2364745437006509 0.9351615267692844 0.7035163807015641
 0.2360077475004863 0.9357115258676476 0.7039863192472371
 0.2355264032131096 0.9362781190982030 0.7044686203135264
 0.2349193974708087 0.9369918423811131 0.7050734955801718
 0.2344201495709895 0.9375782095149964 0.7055681872092723
 0.2339557488535055 0.9381231226114984 0.7060260773318375
 0.2334861075089973 0.9386736724071724 0.7064869122142594
 0.2329626747243360 0.9392866771029051 0.7069979005961942
 0.2324423428925709 0.9398954235863894 0.7075031116346865
 0.2319708122162709 0.9404465404839089 0.7079585623054957
 0.2315080830853555 0.9409868777682034 0.7084033040875733
 0.2310222017319821 0.9415537284149961 0.7088679375675833
 0.2303166954337718 0.9423758582204417 0.7095382878646010
 0.2307870942260372 0.9418278242495536 0.7090918951643375
 0.2303241395533719 0.9423671893653653 0.7095312412428959
 0.2298532755722104 0.9429152788745533 0.7099758505801624
 0.2293896186719160 0.9434544989958987 0.7104114518842092
 0.2289103370344513 0.9440113923684531 0.7108594381083705
 0.2283427224638718 0.9446702723626716 0.7113869677272390
 0.2278324373937439 0.9452620070691286 0.7118584090264880
 0.2273590889049066 0.9458104068451541 0.7122933418372512
 0.2268848858011244 0.9463593147411806 0.7127267608728218
 0.2263708763346537 0.9469537586348474 0.7131939765217142
 0.2258086189036258 0.9476033600050258 0.7137019928408032
 0.2253156914007943 0.9481723146182257 0.7141447630634759
 0.2248372672711944 0.9487240436875665 0.7145721864830670
 0.2243376694418581 0.9492996838444858 0.7150160793273821
 0.2236728919719809 0.9500648480320348 0.7156028167086047
 0.2231517119031534 0.9506640987781714 0.7160596468949346
 0.2226616020419377 0.9512271224642409 0.7164866844592652
 0.2221548934149774 0.9518087056505202 0.7169255810172432
 0.2215228171147282 0.9525334621866961 0.7174693935265493
 0.2209881857382927 0.9531458669176729 0.7179262282402208
 0.2204845335225089 0.9537222711571172 0.7183539858879592
 0.2199650046642356 0.9543163258376317 0.7187925810848692
 0.2193189879966636 0.9550542825243706 0.7193341761812829
 0.2187695730516264 0.9556812573143496 0.7197914367524577
 0.2182493498307038 0.9562743883466015 0.7202215344767178
 0.2177051858377371 0.9568942668306910 0.7206684370308979
 0.2170243829242600 0.9576690128030847 0.7212232959829323
 0.2164685557211857 0.9583008977360553 0.7216728437669749
 0.2159277813899339 0.9589151223792481 0.7221072743262932
 0.2153221609650729 0.9596023647793477 0.7225903585978530
 0.2147333161467202 0.9602699316323612 0.7230565390420813
 0.2141856878518925 0.9608902110853900 0.7234869195507080
 0.2136196346204305 0.9615307966569685 0.7239285265423373
 0.2129493980674836 0.9622885497505826 0.7244471207576086
 0.2123868331912454 0.9629239633629233 0.7248788408243833
 0.2118390743933717 0.9635421247088879 0.7252961163300401
 0.2112194917419066 0.9642407177480954 0.7257644784095671
 0.2106406672996870 0.9648927621503418 0.7261985525453318
 0.2101045750888953 0.9654961623972341 0.7265975553731614
 0.2095585708891948 0.9661102227800378 0.7270009031169308
 0.2088417062280439 0.9669156869580243 0.7275257699152450
 0.2082831087228134 0.9675427360065314 0.7279310517954763
 0.2077589033545521 0.9681307150424046 0.7283084515657785
 0.2072100231970918 0.9687458940203760 0.7287006124937374
 0.2065618218138497 0.9694717687786720 0.7291598214042133
 0.2060243649601687 0.9700731221140070 0.7295373723937724
 0.2055098709634501 0.9706483563079612 0.7298960619953995
 0.2049695166914714 0.9712520586429869 0.7302698833639660
 0.2043152011788611 0.9719824775478069 0.7307185443457436
 0.2037815753483079 0.9725776834975803 0.7310812016062628
 0.2032733166208812 0.9731441929061679 0.7314239201983326
 0.2027438998411222 0.9737338717232675 0.7317781288548820
 0.2020051994114725 0.9745559580895002 0.7322676657654464
 0.2014664877868966 0.9751549726531630 0.7326212362269874
 0.2009610679073597 0.9757165831871789 0.7329503191848836
 0.2004345429701144 0.9763012515937148 0.7332904165429213
 0.1996925521229675 0.9771245045945065 0.7337649443629402
 0.1991553298923585 0.9777200751886084 0.7341050485175570
 0.1986517246811914 0.9782780093860112 0.7344212350335358
 0.1981280697153640 0.9788577818543446 0.7347473198365618
 0.1973190057383027 0.9797528065748196 0.7352457730751348
 0.1978584313283308 0.9791561682664096 0.7349141615573698
 0.1973545773385849 0.9797134744007800 0.7352239941930431
 0.1968473420781551 0.9802741714590543 0.7355333682802208
 0.1963472705069342 0.9808266099693034 0.7358358829312922
 0.1958263718706330 0.9814017009768008 0.7361483683377262
 0.1951384349820744 0.9821606579129412 0.7365569534328851
 0.1945986782811691 0.9827557030904928 0.7368742672362067
 0.1940945164293060 0.9833111662277357 0.7371680748769270
 0.1935785179738881 0.9838793324059087 0.7374662102316267
 0.1929723921770173 0.9845463053984447 0.7378131107857734
 0.1924234307969696 0.9851499763101349 0.7381242178472750
 0.1919146271499680 0.9857091520616746 0.7384099601493366
 0.1914044622863854 0.9862695030317173 0.7386939544107073
 0.1908467444535845 0.9868817209441727 0.7390015503930045
 0.1902614842847833 0.9875237680528427 0.7393211273129531
 0.1897394667863769 0.9880960901793283 0.7396034103092832
 0.1892294724978925 0.9886549186248683 0.7398766863129338
 0.1886928198651694 0.9892426285443831 0.7401615773460976
 0.1879733099574256 0.9900300685132873 0.7405392458244273
 0.1874271305591971 0.9906274171510722 0.7408226483779209
 0.1869107192843920 0.9911918977606218 0.7410880020792500
 0.1863722948722030 0.9917801219593271 0.7413619853450721
 0.1855777972200123 0.9926475171067083 0.7417613128206375
 0.1861075008388468 0.9920692889538421 0.7414957298649726
 0.1855888148846992 0.9926354932818579 0.7417558153634429
 0.1850628421353791 0.9932093516058803 0.7420170036230220
 0.1845423170655879 0.9937769715570098 0.7422729689283082
 0.1839962670065936 0.9943721140821205 0.7425387988312599
 0.1831883641054024 0.9952520729031320 0.7429270563964407
 0.1837270040333308 0.9946654685702612 0.7426688692872472
 0.1832027782747185 0.9952363791436805 0.7429201821052314
 0.1826699757641833 0.9958163367500500 0.7431730092719230
 0.1821409635523953 0.9963918789960321 0.7434214582411243
 0.1815822892470232 0.9969993824627863 0.7436810705359160
 0.1808608197781660 0.9977834445415603 0.7440121789477305
 0.1802940494151195 0.9983990231506434 0.7442690472842302
 0.1797525219821413 0.9989868902231813 0.7445118317205716
 0.1791801383433167 0.9996079443733397 0.7447656497786183
 0.1784835625883890  1.000363327039855 0.7450706571789094
 0.1779104166895558  1.000984515096607 0.7453184250650903
 0.1773573851694199  1.001583611730239 0.7455547794639155
 0.1767678415630813  1.002221950798897 0.7458038299935240
 0.1760917883938420  1.002953569747032 0.7460857858503134
 0.1755112172039620  1.003581530737302 0.7463248571477161
 0.1749439100882537  1.004194855778607 0.7465557520059601
 0.1743298036915130  1.004858458128615 0.7468026671599159
 0.1736702016731777  1.005570859413580 0.7470643458089724
 0.1730815199494082  1.006206349781049 0.7472947771480165
 0.1724967643249843  1.006837312991928 0.7475207503703191
 0.1718434529681239  1.007541913428836 0.7477697651054350
 0.1711969556436808  1.008238821071325 0.7480125894761153
 0.1705992528163572  1.008882829735182 0.7482338867230511
 0.1699907162322505  1.009538219987215 0.7484559978030559
 0.1692421395102587  1.010344035691295 0.7487247254890930
 0.1685992198465678  1.011035771769112 0.7489515191540664
 0.1679855591341234  1.011695736218403 0.7491645526640553
 0.1673262731921517  1.012404457016269 0.7493897741361492
 0.1666157405016473  1.013167911943621 0.7496284674439184
 0.1659763140784800  1.013854654545714 0.7498399242260897
 0.1653241197326795  1.014554812129618 0.7500525642698500
 0.1644876403818284  1.015452373975431 0.7503211021979751
 0.1638097388237113  1.016179426310944 0.7505354631540704
 0.1631289280392718  1.016909286484115 0.7507478935870604
 0.1623454819005753  1.017748794683548 0.7509888472125976
 0.1616641291263280  1.018478576618031 0.7511953278014405
 0.1609584095163959  1.019234141224902 0.7514061051754118
 0.1602203817436555  1.020023957179985 0.7516230620987733
 0.1595533562628327  1.020737495402453 0.7518159978181096
 0.1588551821645619  1.021484061163062 0.7520146710193534
 0.1581290329639959  1.022260228422265 0.7522177320370192
 0.1574773966369896  1.022956483601095 0.7523968803981727
 0.1568133788723889  1.023665712950356 0.7525764893294606
 0.1560303691083329  1.024501711227719 0.7527845315988997
 0.1553796327008474  1.025196221923835 0.7529543719188098
 0.1547423712935975  1.025876123932662 0.7531180151692205
 0.1539841691920116  1.026684771270941 0.7533092662044886
 0.1533258530971418  1.027386637807548 0.7534723010377052
 0.1527052750688243  1.028048061512542 0.7536234530779862
 0.1520486294860535  1.028747710385370 0.7537807564239626
 0.1513366350708648  1.029506085896371 0.7539483149631163
 0.1507116219946866  1.030171605809495 0.7540928643068866
 0.1500935297080052  1.030829568371137 0.7542334991089928
 0.1493844718692663  1.031584137960351 0.7543920156818358
 0.1487314269218992  1.032278889295632 0.7545353708823606
 0.1481225874829045  1.032926433717567 0.7546667721618370
 0.1474960332435219  1.033592642591154 0.7547997671620561
 0.1466267625327514  1.034516638589928 0.7549806097838314
 0.1459892941231977  1.035194028351269 0.7551105612395086
 0.1453792049753106  1.035842160449450 0.7552328436771373
 0.1446979340546599  1.036565726986635 0.7553670018901245
 0.1440417509846030  1.037262465946452 0.7554938589929029
 0.1434363194435450  1.037905160930007 0.7556088787866536
 0.1428222817781803  1.038556841741219 0.7557235814032732
 0.1420660925950446  1.039359184817486 0.7558621875779705
 0.1414278355669232  1.040036226009605 0.7559769384603771
 0.1408256860883097  1.040674824086601 0.7560833411293354
 0.1401935601836542  1.041345067911560 0.7561931156232026
 0.1394537499534680  1.042129304228812 0.7563191020559081
 0.1388319262887867  1.042788317169096 0.7564229365190829
 0.1382267894546158  1.043429514848990 0.7565221978303407
 0.1375629135329310  1.044132806667771 0.7566290916948980
 0.1368936637071706  1.044841640516094 0.7567347573613603
 0.1362842328771537  1.045486987956995 0.7568291714426585
 0.1356727149877935  1.046134423893930 0.7569221956004821
 0.1349630682933556  1.046885602620465 0.7570280193760374
 0.1343138372398834  1.047572691820204 0.7571228585705644
 0.1337066263942922  1.048215193502490 0.7572098796526132
 0.1330813512096170  1.048876693474387 0.7572978241699505
 0.1320658470429632  1.049950785035585 0.7574371363790393
 0.1327428664749874  1.049234739740371 0.7573447383447790
 0.1321405336623670  1.049871799693844 0.7574270365146886
 0.1315319436669798  1.050515371907533 0.7575086702414322
 0.1309189411446997  1.051163504893769 0.7575893755814825
 0.1302308444668829  1.051890912049011 0.7576781760889196
 0.1295642145909202  1.052595503908409 0.7577624248071489
 0.1289480803663691  1.053246619890761 0.7578387553468063
 0.1283214788287378  1.053908696371876 0.7579148908345664
 0.1275369852401178  1.054737463233572 0.7580081246033834
 0.1268844841968704  1.055426671879947 0.7580839353115272
 0.1262655896228728  1.056080287719364 0.7581544128807594
 0.1256072016954474  1.056775512314422 0.7582278944606596
 0.1248836182755855  1.057539463349806 0.7583069258017088
 0.1242485652550180  1.058209846394011 0.7583748477861098
 0.1236199797311915  1.058873313183575 0.7584408029269577
 0.1229055553609016  1.059627276830906 0.7585142886700439
 0.1222307251977746  1.060339354060059 0.7585823236551809
 0.1216014707027157  1.061003253457122 0.7586446119431631
 0.1209533184152136  1.061687005275395 0.7587076581962305
 0.1200090295515907  1.062683006092028 0.7587975792408178
 0.1206385654254843  1.062019014994953 0.7587378806402734
 0.1200232202377431  1.062668039605587 0.7587962443718530
 0.1193924752901945  1.063333228751937 0.7588551032938831
 0.1187539136023679  1.064006582281215 0.7589137210091368
 0.1180201786019961  1.064780197894502 0.7589798927757034
 0.1173373938395497  1.065500002718469 0.7590403490691460
 0.1166975729683761  1.066174435757315 0.7590960301964285
 0.1160325802879830  1.066875323299060 0.7591529139002686
 0.1152091607111218  1.067743079764057 0.7592219640134075
 0.1145413793886231  1.068446730392722 0.7592768434797291
 0.1138886047484183  1.069134494192156 0.7593295241692055
 0.1131364886186690  1.069926835186783 0.7593890399952623
 0.1124426899294793  1.070657656899962 0.7594428200128963
 0.1117896511503042  1.071345472421939 0.7594924602234816
 0.1111043745948833  1.072067169704489 0.7595435339836686
 0.1103152114923599  1.072898184416403 0.7596010690221987
 0.1096394030571518  1.073609757644469 0.7596492562209255
 0.1089691026704541  1.074315464199320 0.7596960666797891
 0.1081670831297781  1.075159761589723 0.7597507895275467
 0.1074625752976171  1.075901331581348 0.7597977043214698
 0.1067911062536305  1.076608060583664 0.7598414175116885
 0.1060648101723755  1.077372426850891 0.7598876069084909
 0.1053136061243101  1.078162933233970 0.7599341949570786
 0.1046286267345568  1.078883686638080 0.7599756321618535
 0.1039273297788712  1.079621548609019 0.7600170284537984
 0.1029712310219950  1.080627400525396 0.7600717915656156
 0.1022510527702682  1.081384983417389 0.7601117695628775
 0.1015404279074544  1.082132458090890 0.7601501522558484
 0.1004802955745120  1.083247459276191 0.7602054653030870
 0.1011870573317288  1.082504131683203 0.7601688475746265
 0.1005063900397546  1.083220015722673 0.7602041316169387
 0.1000071998592076  1.083745001492565 0.7602294028390816
