RUNGE KUTTA: X Z PHI
 0.4997860290211328 0.4086507330741257E-01 0.5235987755982988E-02
 0.4984802060189934 0.2043194398419894 0.1528240767579975E-01
 0.4995007343826433 0.9535183771729597E-01 0.5235987767924489E-02
 0.4996909308083030 0.5902732811070703E-01 0.5235987755982988E-02
 0.4993103960522140 0.1316763465800759 0.5315493352252004E-02
 0.4995641331911965 0.8324366784843300E-01 0.5235987755982991E-02
 0.4993904054612046 0.1164213498097224 0.5238668162328055E-02
 0.4995062266830794 0.9430289518318632E-01 0.5235987780977120E-02
 0.4995448310218311 0.8693007696001746E-01 0.5235987755986296E-02
 0.4995108606283840 0.9341788491147004E-01 0.5235987766975862E-02
 0.4994852483398018 0.9830942682409315E-01 0.5235988515011957E-02
 0.4994668408155955 0.1018249708204174 0.5235995178963080E-02
 0.4994509019999267 0.1048690213704465 0.5236026121836795E-02
 0.4994361890225402 0.1076789246755323 0.5236127106885924E-02
 0.4994216571772072 0.1104541412073246 0.5236405808187393E-02
 0.4994069432132430 0.1132638914083651 0.5237099059457133E-02
 0.4993936517652671 0.1158015215096546 0.5238439179177019E-02
 0.4993820531653452 0.1180152204175391 0.5240591273741857E-02
 0.4993717200814934 0.1199863978950439 0.5243716462614959E-02
 0.4993618334292360 0.1218710492585776 0.5248236767068279E-02
 0.4993497907215749 0.1241639635652927 0.5256537679234849E-02
 0.4993406216636946 0.1259068424266117 0.5265546250789736E-02
 0.4993324416855404 0.1274588366767711 0.5276027616003993E-02
 0.4993236256055028 0.1291276117377849 0.5290376633893449E-02
 0.4993157207649765 0.1306196159903049 0.5306317845524977E-02
 0.4993081579490914 0.1320424684787384 0.5324612089392974E-02
 0.4993001725318570 0.1335390508673498 0.5347470933726786E-02
 0.4992929956916483 0.1348782179429814 0.5371351508901855E-02
 0.4992842046101330 0.1365098611747999 0.5405184619229749E-02
 0.4992771684482615 0.1378079517992723 0.5436113926189676E-02
 0.4992693265319626 0.1392454811350565 0.5474866090381356E-02
 0.4992624800259995 0.1404917837690893 0.5512598740006612E-02
 0.4992550321683892 0.1418373877706998 0.5558054562587103E-02
 0.4992482837941147 0.1430466725361218 0.5603540175233007E-02
 0.4992408486213019 0.1443671314636472 0.5658897312088029E-02
 0.4992341675976008 0.1455421308086874 0.5713922753575761E-02
 0.4992266167156523 0.1468558214058827 0.5783104303730399E-02
 0.4992200921868674 0.1479776609611658 0.5849916645988859E-02
 0.4992120267465331 0.1493457369193475 0.5943257972289213E-02
 0.4992054594119833 0.1504429459188134 0.6029401795439842E-02
 0.4991987825251968 0.1515415904052283 0.6127251736976549E-02
 0.4991914378688093 0.1527288920265729 0.6247085989289386E-02
 0.4991847480697069 0.1537897588233801 0.6366609023085792E-02
 0.4991775875319756 0.1549026271884027 0.6503708215569689E-02
 0.4991696499760083 0.1561083987236382 0.6663851885709061E-02
 0.4991621831733231 0.1572160380647033 0.6819516982933347E-02
 0.4991538062758150 0.1584286870633990 0.6997255075641723E-02
 0.4991448344090421 0.1596936128246010 0.7189091000758637E-02
 0.4991354640989723 0.1609791458023858 0.7389612830663017E-02
 0.4991249796982862 0.1623768570059638 0.7613303282055804E-02
 0.4991146612934745 0.1637129874480633 0.7832459540309771E-02
 0.4991041983916911 0.1650302727255521 0.8053595900250095E-02
 0.4990930458120570 0.1663952465005314 0.8288026326821313E-02
 0.4990822015348846 0.1676860549524887 0.8514694469364231E-02
 0.4990707017695499 0.1690179712939451 0.8753763866481931E-02
 0.4990593319417848 0.1702996362330334 0.8988881946768140E-02
 0.4990475187855550 0.1715963321856704 0.9231871725575923E-02
 0.4990356664409286 0.1728635579188262 0.9474399803123168E-02
 0.4990234725111208 0.1741339699518898 0.9722690506272365E-02
 0.4990111002755593 0.1753902993239795 0.9973373365771929E-02
 0.4989984937905207 0.1766384224886304 0.1022748975135568E-01
 0.4989855733299220 0.1778859356124280 0.1048657212619261E-01
 0.4989725078859338 0.1791165659347470 0.1074721778034242E-01
 0.4989590101510666 0.1803570355495923 0.1101507878688701E-01
 0.4989454211966152 0.1815758610465770 0.1128326313734869E-01
 0.4989313421230682 0.1828085450446583 0.1155955338544911E-01
 0.4989171593268590 0.1840209511557503 0.1183633113041073E-01
 0.4989026841206384 0.1852295406639296 0.1211723756550663E-01
 0.4988878224132638 0.1864416730521981 0.1240395536554090E-01
 0.4988728763174055 0.1876328320379250 0.1269058499658642E-01
 0.4988574549414230 0.1888340724027747 0.1298459007686711E-01
 0.4988422599138291 0.1899914410620109 0.1327254517988454E-01
 0.4988262479567315 0.1911842560711627 0.1357394139221016E-01
 0.4988112578437204 0.1922772678810726 0.1385391439005345E-01
 0.4987940267847738 0.1935068381762929 0.1417262440377892E-01
 0.4987783855182110 0.1945993847707334 0.1445843788549727E-01
 0.4987623439079012 0.1956978329992617 0.1474747165600808E-01
 0.4987425272512828 0.1970256823913028 0.1509828406503448E-01
 0.4987239344546118 0.1982440055964409 0.1542158888470769E-01
 0.4987058767952713 0.1994032132411394 0.1573159452086722E-01
 0.4986889482716573 0.2004694457967975 0.1602036521798213E-01
 0.4986713894929236 0.2015552679759661 0.1631975350992929E-01
 0.4986529797749778 0.2026724836895335 0.1663502413124276E-01
 0.4986363901981824 0.2036611920712986 0.1692104284650745E-01
 0.4986190756468749 0.2046753785975305 0.1722153836689076E-01
 0.4985994754874588 0.2058022389745304 0.1756352173764755E-01
 0.4985818066398799 0.2067993828587646 0.1787264688526526E-01
 0.4985626194066571 0.2078628597204916 0.1820840162159894E-01
 0.4985425864351217 0.2089524988121136 0.1855833289071000E-01
 0.4985227191632543 0.2100130453095090 0.1890422906911974E-01
 0.4984997647727352 0.2112145354605851 0.1930201319068764E-01
 0.4984787055840388 0.2122952937936026 0.1966499915189263E-01
 0.4984548203016106 0.2134972613041204 0.2007441950201072E-01
 0.4984334434194306 0.2145524402436083 0.2043884071848492E-01
 0.4984093014592831 0.2157217721823489 0.2084812723712316E-01
 0.4983874294162877 0.2167615546380664 0.2121683794966078E-01
 0.4983629482807453 0.2179042057995003 0.2162723230761465E-01
 0.4983400863178204 0.2189519160432707 0.2200838837149639E-01
 0.4983166295844618 0.2200082329779499 0.2239740349208457E-01
 0.4982920598793598 0.2210952222566067 0.2280261757931666E-01
 0.4982686401574117 0.2221135438758242 0.2318670599106611E-01
 0.4982415021949191 0.2232727031024120 0.2362921673142121E-01
 0.4982173389089379 0.2242867209034018 0.2402099885266640E-01
 0.4981899607324969 0.2254159040043875 0.2446240070148836E-01
 0.4981647586182828 0.2264375141607417 0.2486634285108210E-01
 0.4981389113452772 0.2274682222855226 0.2527828547348924E-01
 0.4981117268562509 0.2285343305340000 0.2570908408080663E-01
 0.4980860006633387 0.2295269582643277 0.2611453660930918E-01
 0.4980559887970704 0.2306656988014256 0.2658480185776111E-01
 0.4980293875416543 0.2316583551747552 0.2699915757244989E-01
 0.4980004451885222 0.2327212551406064 0.2744740339834078E-01
 0.4979725178830419 0.2337305854146128 0.2787749552977473E-01
 0.4979448190272732 0.2347164261084504 0.2830178672084308E-01
 0.4979126924034983 0.2358415545679510 0.2879106565342968E-01
 0.4978844388619441 0.2368153861588584 0.2921884238599720E-01
 0.4978515415491483 0.2379315127520104 0.2971404897185151E-01
 0.4978221448969409 0.2389132779174497 0.3015405958485423E-01
 0.4977920271831798 0.2399044072290305 0.3060248792701710E-01
 0.4977601146841312 0.2409389099186054 0.3107501823806997E-01
 0.4977302643752692 0.2418924507779046 0.3151457806489677E-01
 0.4976949538905022 0.2430034253865903 0.3203159319038046E-01
 0.4976638553445506 0.2439671578931211 0.3248440409946243E-01
 0.4976315362838009 0.2449546085781502 0.3295252996613045E-01
 0.4975981171545511 0.2459610549856045 0.3343394275956146E-01
 0.4975664671745393 0.2469009745590032 0.3388738265358222E-01
 0.4975287411554940 0.2480050771325616 0.3442478996378402E-01
 0.4974957985911726 0.2489552063730190 0.3489142094412248E-01
 0.4974615735584783 0.2499289837320655 0.3537366853436637E-01
 0.4974261189258962 0.2509238716899328 0.3587048568529524E-01
 0.4973926686274983 0.2518499863109430 0.3633663619208638E-01
 0.4973525604497477 0.2529449273679525 0.3689234253070265E-01
 0.4973176175563220 0.2538855217489835 0.3737372508552228E-01
 0.4972818195427205 0.2548366745770271 0.3786428655883255E-01
 0.4972436302422967 0.2558378979605958 0.3838470571070198E-01
 0.4972082969740946 0.2567522478527631 0.3886351839323403E-01
 0.4971673706672357 0.2577973829062186 0.3941496507266005E-01
 0.4971302836298336 0.2587319435731278 0.3991186464187915E-01
 0.4970931945786746 0.2596550082703773 0.4040618783495781E-01
 0.4970502034383151 0.2607109603403440 0.4097592177675202E-01
 0.4970126698050248 0.2616209485072348 0.4147046450472656E-01
 0.4969715456666752 0.2626056318951460 0.4200930237568921E-01
 0.4969319725485998 0.2635413430954981 0.4252495438015467E-01
 0.4968934553738818 0.2644412680529519 0.4302423724724865E-01
 0.4968464262351390 0.2655260370422433 0.4363039305000336E-01
 0.4968065293503342 0.2664345614786682 0.4414162319279256E-01
 0.4967650484569227 0.2673680826014566 0.4467027009863928E-01
 0.4967219717942210 0.2683259112645849 0.4521625769245828E-01
 0.4966816726351313 0.2692115794211165 0.4572438007163574E-01
 0.4966352633358287 0.2702194350804675 0.4630640766463662E-01
 0.4965928470178886 0.2711295716771140 0.4683541573414832E-01
 0.4965509192035099 0.2720191903466939 0.4735558683156017E-01
 0.4964992596162698 0.2731019737377433 0.4799286186670090E-01
 0.4964562370346403 0.2739928212644083 0.4852065750573128E-01
 0.4964107888926070 0.2749234394601809 0.4907538501602385E-01
 0.4963649057121945 0.2758523660035738 0.4963247894053142E-01
 0.4963214679170893 0.2767222349228279 0.5015715929726697E-01
 0.4962708274100407 0.2777249394395207 0.5076557789736436E-01
 0.4962251267780576 0.2786195783607003 0.5131175731346527E-01
 0.4961799474733294 0.2794947058229381 0.5184910512500126E-01
 0.4961238773123713 0.2805682750596332 0.5251242228731213E-01
 0.4960775035799304 0.2814459991380444 0.5305804301117041E-01
 0.4960289422757047 0.2823555115216067 0.5362654710632889E-01
 0.4959791273260287 0.2832785455798381 0.5420680175726707E-01
 0.4959324696389831 0.2841341638690462 0.5474769023550933E-01
 0.4958798587451255 0.2850888761280023 0.5535462948953337E-01
 0.4958304101601986 0.2859767117873750 0.5592220332433408E-01
 0.4957823795856042 0.2868305049566598 0.5647081801937221E-01
 0.4957223066166089 0.2878867714396600 0.5715334269733082E-01
 0.4956722155407420 0.2887579295348538 0.5771947652516049E-01
 0.4956217040520456 0.2896277902735004 0.5828768647481828E-01
 0.4955646709212619 0.2905998284278759 0.5892602866551481E-01
 0.4955143339431916 0.2914490343204620 0.5948655738445813E-01
 0.4954608654362032 0.2923423516104068 0.6007904529433292E-01
 0.4954062112726576 0.2932464197236042 0.6068167383484679E-01
 0.4953550742729231 0.2940842135900285 0.6124287620330204E-01
 0.4952981776746835 0.2950073921176388 0.6186433291643997E-01
 0.4952436256882179 0.2958838595497853 0.6245724888300352E-01
 0.4951912134814837 0.2967181436531974 0.6302420149124888E-01
 0.4951291004363285 0.2976971792607447 0.6369272715690033E-01
 0.4950740351425498 0.2985565695288890 0.6428246048636958E-01
 0.4950198864264662 0.2993939969251114 0.6485976679719306E-01
 0.4949513713321390 0.3004429841233279 0.6558654700874458E-01
 0.4948954454736076 0.3012906423314180 0.6617669955755349E-01
 0.4948385524876165 0.3021452334545560 0.6677422276603236E-01
 0.4947758252188458 0.3030786381791197 0.6742979858425339E-01
 0.4947197418790289 0.3039055211777673 0.6801317577229259E-01
 0.4946603887076520 0.3047729183266356 0.6862778114521230E-01
 0.4945987682750678 0.3056652629233452 0.6926282438822186E-01
 0.4945417587184090 0.3064835733584262 0.6984757140165146E-01
 0.4944799474975735 0.3073630950574702 0.7047858414264635E-01
 0.4944181532958897 0.3082345310016830 0.7110641406784345E-01
 0.4943599934710099 0.3090477057440066 0.7169466009510359E-01
 0.4942955876651349 0.3099404523680696 0.7234311309386250E-01
 0.4942332073964953 0.3107975177165590 0.7296818073780675E-01
 0.4941737942769992 0.3116070085772398 0.7356076268901098E-01
 0.4941064956856336 0.3125160884675746 0.7422879430151712E-01
 0.4940433354004383 0.3133618460943755 0.7485275858299519E-01
 0.4939825728713558 0.3141688583459574 0.7545039319623580E-01
 0.4939116881985375 0.3151022560564291 0.7614435188100932E-01
 0.4938476213741350 0.3159385765035027 0.7676855373816194E-01
 0.4937853702265131 0.3167446959718956 0.7737232562077961E-01
 0.4937087703619307 0.3177280222907430 0.7811164041302604E-01
 0.4936436522736711 0.3185566510001663 0.7873711165404218E-01
 0.4935795524120405 0.3193659059073480 0.7935017357113888E-01
 0.4934969819994318 0.3203991688281986 0.8013607407159959E-01
 0.4934308242134106 0.3212197489441271 0.8076263527059434E-01
 0.4933642000825496 0.3220396911313722 0.8139081075150500E-01
 0.4932876131544202 0.3229744470145156 0.8210953327103404E-01
 0.4932212500046799 0.3237778120934022 0.8272947731494447E-01
 0.4931527476343188 0.3246007685324880 0.8336669684341196E-01
 0.4930770708637849 0.3255026166373072 0.8406743662025988E-01
 0.4930097481008976 0.3262985976495776 0.8468794240633999E-01
 0.4929396609196976 0.3271210752114645 0.8533104768299393E-01
 0.4928632164766594 0.3280111002656218 0.8602921231447537E-01
 0.4927946920723264 0.3288027796093868 0.8665223276775945E-01
 0.4927231727285215 0.3296229951888476 0.8729970602959887E-01
 0.4926453882453005 0.3305081655494529 0.8800067559795720E-01
 0.4925755694580029 0.3312966863737616 0.8862697907919254E-01
 0.4925027251313716 0.3321134416252515 0.8927753516971200E-01
 0.4924232925782930 0.3329972903629517 0.8998366177760342E-01
 0.4923521271191633 0.3337832611333750 0.9061350672039856E-01
 0.4922780343832496 0.3345957582623841 0.9126652373201120E-01
 0.4921966855534586 0.3354811349625020 0.9198028258315390E-01
 0.4921241335552349 0.3362649725705122 0.9261400218438776E-01
 0.4920488540616917 0.3370726079536690 0.9326871390402848E-01
 0.4919653534732731 0.3379618148814716 0.9399163988251114E-01
 0.4918913754406717 0.3387438984574385 0.9462933596226129E-01
 0.4918149373161299 0.3395464512579631 0.9528555048878491E-01
 0.4917290285136603 0.3404418448728690 0.9601980754331570E-01
 0.4916535812896645 0.3412225501132783 0.9666177206970232E-01
 0.4915759836099255 0.3420200953389104 0.9731922922029324E-01
 0.4914874722273453 0.3429232331477580 0.9806576009752388E-01
 0.4914105199192205 0.3437028330648533 0.9871195505834425E-01
 0.4913317335739012 0.3444957203511958 0.9937087093828585E-01
 0.4912404655355861 0.3454076454870444 0.1001307816435993
 0.4911619801537523 0.3461863073129997 0.1007813148242211
 0.4910819567852263 0.3469750458104369 0.1014417878360990
 0.4909879336182846 0.3478952063211330 0.1022142643410432
 0.4909079104499826 0.3486728677540274 0.1028688031975065
 0.4908266014712394 0.3494579474987607 0.1035311775110585
 0.4907298621365644 0.3503854664890690 0.1043157360785571
 0.4906483056308108 0.3511619844383507 0.1049741615849150
 0.4905656795872051 0.3519437086948190 0.1056384230450300
 0.4904663047004352 0.3528773752743526 0.1064336870811798
 0.4903832250508346 0.3536525742260020 0.1070955935070649
 0.4902992628253924 0.3544311282493109 0.1077618688694179
 0.4901972360742990 0.3553707003551617 0.1085678986489947
 0.4901126318863240 0.3561445213620966 0.1092332645945976
 0.4900273210525031 0.3569200194297584 0.1099014102922689
 0.4899226435107880 0.3578651131499523 0.1107175034431546
 0.4898365141986841 0.3586375011712453 0.1113860081501373
 0.4897498384296836 0.3594100944788373 0.1120561010263242
 0.4896424671621625 0.3603607389130049 0.1128825003111639
 0.4895548039572130 0.3611317130148110 0.1135541454995705
 0.4894667481729564 0.3619015325532200 0.1142260116852960
 0.4893567930402953 0.3628564325287298 0.1150611231619774
 0.4892676029680829 0.3636258883179055 0.1157354847926904
 0.4891781552846834 0.3643930454665064 0.1164091253125267
 0.4890661491721824 0.3653473992147998 0.1172488901272096
 0.4889754653914259 0.3661150460543454 0.1179256870751834
 0.4888846808216029 0.3668791138464134 0.1186004459606642
 0.4887703565053957 0.3678350949573944 0.1194462709230067
 0.4886781267075578 0.3686013646823786 0.1201255703452680
 0.4885860229159504 0.3693622421954558 0.1208012841214409
 0.4884691380752675 0.3703216879892484 0.1216549893903478
 0.4883753167289070 0.3710869217350079 0.1223371246697442
 0.4882818897120501 0.3718446772210616 0.1230136262442727
 0.4881623387596948 0.3728082132236900 0.1238753439925495
 0.4880669050943734 0.3735725354032607 0.1245601531981198
 0.4879721410851289 0.3743273126057959 0.1252375321867147
 0.4878498159247756 0.3752955462009783 0.1261080703109608
 0.4877527543724249 0.3760590280580078 0.1267957005407110
 0.4876566430478029 0.3768109308304611 0.1274738734046054
 0.4875314992935875 0.3777839376830803 0.1283529172277096
 0.4874328021402046 0.3785465889217435 0.1290431205373340
 0.4873353243440388 0.3792957876506944 0.1297222110866856
 0.4872072584805180 0.3802740887367888 0.1306105086089280
 0.4871069079178338 0.3810359901113497 0.1313034462379629
 0.4870080381598760 0.3817826889195822 0.1319834655552599
 0.4868771130628105 0.3827655271483444 0.1328799196767588
 0.4867751136380215 0.3835265954730524 0.1335752328780757
 0.4866748296182662 0.3842709729759098 0.1342562917879827
 0.4865410192527579 0.3852582894648823 0.1351611020809147
 0.4864373657562119 0.3860185161735437 0.1358588676043076
 0.4863356545156335 0.3867606723447783 0.1365408905162282
 0.4861989940333385 0.3877519680606355 0.1374531781345020
 0.4860936917583112 0.3885112755543310 0.1381530422618996
 0.4859905381657745 0.3892513282640781 0.1388360939627459
 0.4858509823471528 0.3902467049649542 0.1397562246777312
 0.4857440269610593 0.3910050858857605 0.1404582919619895
 0.4856394265070753 0.3917430699121487 0.1411422689259453
 0.4854974106115860 0.3927392633360886 0.1420668101976006
 0.4853888328573382 0.3934964863399600 0.1427705907688421
 0.4852828109190533 0.3942322490745922 0.1434553080705934
 0.4851411737998627 0.3952096471206994 0.1443662069356013
 0.4850311078551350 0.3959648819255814 0.1450710028667795
 0.4849238998201597 0.3966969444364531 0.1457549040365939
 0.4847881822754324 0.3976187118466356 0.1466170515846284
 0.4846766883472800 0.3983718605939502 0.1473223825298156
 0.4845687701072211 0.3990973851850264 0.1480026428664978
 0.4844425303969288 0.3999418094574573 0.1487953582679909
 0.4843287669425406 0.4006988848361753 0.1495068983606155
 0.4842202315725882 0.4014177731036579 0.1501832078736783
 0.4841015337494153 0.4022002271103278 0.1509200255468076
 0.4839825443572842 0.4029807273447385 0.1516557713449128
 0.4838724528043061 0.4036994520861859 0.1523340109689546
 0.4837578000906846 0.4044445135252455 0.1530378611292687
 0.4836257620259167 0.4052982602602884 0.1538452941270564
 0.4835123411363528 0.4060280099980558 0.1545361612273163
 0.4833986346658673 0.4067562832980565 0.1552262357544952
 0.4832471196870002 0.4077216291028611 0.1561418987539643
 0.4831295908274172 0.4084664928292689 0.1568492309502707
 0.4830148411839920 0.4091904610481012 0.1575374338335160
 0.4828692329553715 0.4101045135883733 0.1584073164443697
 0.4827499471496837 0.4108495393811439 0.1591170880387844
 0.4826346947906013 0.4115661754451204 0.1598003935110791
 0.4825014233049891 0.4123909853381724 0.1605875379591889
 0.4823794441111984 0.4131423172959423 0.1613052512908512
 0.4822636268368969 0.4138525585808613 0.1619843630135469
 0.4821387431581834 0.4146150172779847 0.1627141147529069
 0.4820094556745694 0.4154007112619025 0.1634668256822360
 0.4818915718327088 0.4161139062667918 0.1641506477675596
 0.4817705402055983 0.4168430104293340 0.1648502394273201
 0.4816204288323574 0.4177429371281758 0.1657144726828861
 0.4814980536138477 0.4184730606189583 0.1664162865043059
 0.4813771842407574 0.4191911324702042 0.1671071187298691
 0.4812219728793343 0.4201088121915166 0.1679908346112946
 0.4810963210488918 0.4208481333133776 0.1687034182586755
 0.4809749616780867 0.4215591879296888 0.1693892319052423
 0.4808347190064527 0.4223772421464321 0.1701788171824043
 0.4807062296574747 0.4231233540581727 0.1708995429909031
 0.4805843917689163 0.4238278893206287 0.1715806645121469
 0.4804536118170716 0.4245809708218320 0.1723093353116223
 0.4803165015397438 0.4253670306846231 0.1730705572121133
 0.4801923110360726 0.4260759876144014 0.1737576177262788
 0.4800655679888277 0.4267965778276170 0.1744564087962265
 0.4799043474957939 0.4277089510344428 0.1753418648929328
 0.4797750775595162 0.4284371260213246 0.1760491669130967
 0.4796483578643631 0.4291480469074027 0.1767402747482591
 0.4794927286162928 0.4300172888447997 0.1775860402954762
 0.4793605287459192 0.4307523608694729 0.1783018444462310
 0.4792337047940460 0.4314547182006737 0.1789862400491894
 0.4790927970329601 0.4322318673257187 0.1797440123901747
 0.4789554702797409 0.4329860569755352 0.1804799355319130
 0.4788275084460581 0.4336859961044667 0.1811634443583322
 0.4786940020547378 0.4344133963680783 0.1818743228053424
 0.4785402832053460 0.4352473374687648 0.1826899769436947
 0.4784082756013373 0.4359604648169064 0.1833879539892641
 0.4782768257371980 0.4366678305784082 0.1840806868431343
 0.4781111465906760 0.4375555313206392 0.1849505792861968
 0.4779742733576473 0.4382856807077394 0.1856665914629884
 0.4778426736369794 0.4389849907741981 0.1863528336206876
 0.4776947718509542 0.4397677949493533 0.1871215558922196
 0.4775534082818407 0.4405129282965757 0.1878537685759090
 0.4774209893784273 0.4412082257144913 0.1885373753401007
 0.4772820901640238 0.4419347852295030 0.1892520647817597
 0.4771253529090429 0.4427512913880264 0.1900556771489480
 0.4769890244237959 0.4434586140340689 0.1907522647516436
 0.4768528946956297 0.4441622735006413 0.1914456823743819
 0.4766813079079150 0.4450455065203399 0.1923166651001383
 0.4765395360583330 0.4457721861884664 0.1930337130956640
 0.4764033431394721 0.4464676724497464 0.1937203099542798
 0.4762509308229029 0.4472429992336281 0.1944860969484470
 0.4761041659445920 0.4479866486457773 0.1952210049522512
 0.4759670599472928 0.4486787710361127 0.1959054031315924
 0.4758238985143115 0.4493988230731372 0.1966178660995710
 0.4756593856043655 0.4502229720138912 0.1974338587837076
 0.4755178685294942 0.4509291323055318 0.1981334212199822
 0.4753773182531572 0.4516279432618245 0.1988260141985986
 0.4752056527995129 0.4524780806699692 0.1996690052956829
 0.4750587368208242 0.4532027340037105 0.2003879767852069
 0.4749182876841465 0.4538930009844112 0.2010732255082592
 0.4747645629978201 0.4546457526490407 0.2018209488632660
 0.4746101368243377 0.4553990637770137 0.2025696450353226
 0.4744679966962820 0.4560899208096633 0.2032565748701504
 0.4743219349897537 0.4567973460094596 0.2039602416280467
 0.4741393351687955 0.4576782222067602 0.2048368205717284
 0.4739911985534023 0.4583900060623571 0.2055454916468787
 0.4738462754461347 0.4590839141119360 0.2062367103633432
 0.4736749327503950 0.4599012466394081 0.2070513019051766
 0.4735225302748848 0.4606254597349872 0.2077734154876195
 0.4733777503357519 0.4613110586521144 0.2084572564647915
 0.4732223782564221 0.4620442491383255 0.2091887915484104
 0.4730591407010032 0.4628117222615765 0.2099548109559958
 0.4729116128324610 0.4635028619191369 0.2106449388595673
 0.4727622591677551 0.4642001863827817 0.2113415643865833
 0.4725594863690083 0.4651431475823581 0.2122840802063522
 0.4724044750238611 0.4658611014179917 0.2130020221205248
 0.4722549430903696 0.4665513202212537 0.2136924527656684
 0.4720810913153232 0.4673509158438864 0.2144925695035240
 0.4719231823754783 0.4680745284447791 0.2152169580385894
 0.4717738064190672 0.4687567335227589 0.2159002113822469
 0.4716151444257924 0.4694789164951189 0.2166238610222069
 0.4714437726854580 0.4702561633379699 0.2174030658891007
 0.4712908749883949 0.4709472024657136 0.2180961203903917
 0.4711374741779349 0.4716382442128420 0.2187893948689840
 0.4709464000839262 0.4724958468539379 0.2196500720742166
 0.4707864310209984 0.4732111791103519 0.2203682726944455
 0.4706334110987290 0.4738931898272839 0.2210533173608670
 0.4704655285515194 0.4746389390280050 0.2218027234946610
 0.4702980279280406 0.4753804047764605 0.2225481309082186
 0.4701434114820842 0.4760625649789899 0.2232341262275181
 0.4699848723959869 0.4767597879486029 0.2239354355493434
 0.4697834851338311 0.4776422050793555 0.2248232730141274
 0.4696217579264961 0.4783482422473927 0.2255338947648959
 0.4694645131928736 0.4790325102252999 0.2262228523480186
 0.4692830115109919 0.4798196626810878 0.2270156930780867
 0.4691164539019233 0.4805395082294445 0.2277409626840268
 0.4689592637857303 0.4812166977575160 0.2284233919143736
 0.4687935416732401 0.4819283821335454 0.2291406968399270
 0.4686102377136850 0.4827128920266238 0.2299315587031553
 0.4684487051458531 0.4834019135625773 0.2306263435615043
 0.4682879112035533 0.4840856542825004 0.2313160107645983
 0.4680960347608807 0.4848988107390949 0.2321364801370499
 0.4679273315216397 0.4856113068418573 0.2328555714446978
 0.4677669291365175 0.4862866353859406 0.2335372636058573
 0.4675952930713464 0.4870070026248655 0.2342645203401772
 0.4674141750485126 0.4877646583956225 0.2350295658078314
 0.4672505653487661 0.4884468792216889 0.2357186190859172
 0.4670859395742871 0.4891312534995972 0.2364100542859069
 0.4668810241880915 0.4899802248124208 0.2372680653627774
 0.4667096756185629 0.4906876873277730 0.2379832454998710
 0.4665457474666369 0.4913624513729546 0.2386654768974024
 0.4663670444389090 0.4920957560615637 0.2394069964931257
 0.4661869304590524 0.4928324696059779 0.2401520964546373
 0.4660210233265904 0.4935089770963566 0.2408364681765170
 0.4658520766264424 0.4941958306307612 0.2415314930202145
 0.4656262403135296 0.4951107710448419 0.2424575817308428
 0.4654518451964102 0.4958148252810383 0.2431703505644356
 0.4652836077112453 0.4964919913361923 0.2438559545481531
 0.4650924092191892 0.4972591790937196 0.2446327522478497
 0.4649137800210709 0.4979736477867057 0.2453562500232050
 0.4647455122619144 0.4986446725503281 0.2460358669925854
 0.4645701152221079 0.4993420787249719 0.2467423385812802
 0.4643656736359029 0.5001523539138846 0.2475632900690808
 0.4641916974268317 0.5008396850929051 0.2482597406050386
 0.4640202840688382 0.5015149312204203 0.2489439566730111
 0.4638231480112591 0.5022891220442057 0.2497284374362425
 0.4636419265519334 0.5029985826065356 0.2504473715694039
 0.4634707238258177 0.5036668750289387 0.2511246730565718
 0.4632913414587491 0.5043650851385408 0.2518324071947900
 0.4630867469319055 0.5051589370222401 0.2526372011463546
 0.4629102809770596 0.5058415322823494 0.2533292478917699
 0.4627357044384081 0.5065149086015336 0.2540119446842388
 0.4625346211072002 0.5072881920772661 0.2547959215879099
 0.4623502684709933 0.5079949587178091 0.2555124918197823
 0.4621761150754786 0.5086607265670208 0.2561875671950271
 0.4619934951877100 0.5093568969265910 0.2568935681707486
 0.4617847435623603 0.5101502427679884 0.2576982123831064
 0.4616051124331555 0.5108308504907996 0.2583885380728647
 0.4614275020816881 0.5115019369172572 0.2590691834607123
 0.4612237539128267 0.5122695184251423 0.2598476583964143
 0.4610358573580713 0.5129752553410211 0.2605634057197724
 0.4608586836732172 0.5136388634831600 0.2612364627410518
 0.4606733240805779 0.5143312213851980 0.2619387340652073
 0.4604572855384123 0.5151357264245945 0.2627547961303394
 0.4602739492563046 0.5158164042485369 0.2634452222370861
 0.4600934023582932 0.5164849041239987 0.2641232190126042
 0.4598875735786125 0.5172448265842567 0.2648938283954380
 0.4596958912657110 0.5179504419853045 0.2656092932652120
 0.4595156698296041 0.5186120548683335 0.2662801181612019
 0.4593277561541256 0.5193000501578415 0.2669776905014085
 0.4591020807716806 0.5201238153547690 0.2678128929632290
 0.4589148209704872 0.5208053141202051 0.2685037727659810
 0.4587313386030242 0.5214712850168896 0.2691787948391413
 0.4585230954879909 0.5222250099949916 0.2699426146805588
 0.4583277595618959 0.5229299879151607 0.2706569255699235
 0.4581445341779207 0.5235894863172377 0.2713251040966715
 0.4579540874601525 0.5242731730751363 0.2720177623618163
 0.4577194867569463 0.5251128615665877 0.2728684081681604
 0.4575284822529823 0.5257944824893274 0.2735588179149690
 0.4573420821286824 0.5264579325393148 0.2742306858531918
 0.4571312010384008 0.5272064618622143 0.2749885395964837
 0.4569322178486697 0.5279107743916117 0.2757014919385707
 0.4567459362068197 0.5285683962282092 0.2763671090365638
 0.4565528869806856 0.5292481545883834 0.2770550857743671
 0.4563111598304547 0.5300968178395725 0.2779139236729235
 0.4561164335418189 0.5307784652999570 0.2786036195232600
 0.4559270729333614 0.5314396292514559 0.2792724383471686
 0.4557138589256409 0.5321820872719328 0.2800233000528249
 0.4555109169845412 0.5328868315477164 0.2807358609761659
 0.4553214929450530 0.5335429353581954 0.2813991413047339
 0.4551259950375501 0.5342183710097470 0.2820818844545169
 0.4548747757574851 0.5350837972913414 0.2829565233920219
 0.4546760114567935 0.5357665260066840 0.2836463355013945
 0.4544836551069076 0.5364255796401421 0.2843120183170401
 0.4542679674882002 0.5371626388640998 0.2850562271443795
 0.4540611122061506 0.5378676116637732 0.2857678007027017
 0.4538685817537570 0.5385221025160785 0.2864282505728334
 0.4536705673427371 0.5391935762075291 0.2871056928190870
 0.4534094112345601 0.5400766129991582 0.2879963339169501
 0.4532067506965684 0.5407598764151571 0.2886852353324852
 0.4530114242060498 0.5414167853424935 0.2893473186537729
 0.4527928031044049 0.5421501563329116 0.2900861725142810
 0.4525823004198065 0.5428544308319208 0.2907954567820445
 0.4523866915507511 0.5435072493803587 0.2914527454177442
 0.4521858767314475 0.5441758243837239 0.2921257596813805
 0.4519165034922802 0.5450700981020637 0.2930257458312897
 0.4517101808196171 0.5457530915412060 0.2937128810781636
 0.4515118063578590 0.5464081809685839 0.2943717225079618
 0.4512899074536009 0.5471391181796103 0.2951065815173399
 0.4510758043950045 0.5478425510157021 0.2958135562046934
 0.4508770929041984 0.5484938233228571 0.2964679472770255
 0.4506734381748591 0.5491597181608943 0.2971368968773752
 0.4503997603931512 0.5500520714582201 0.2980331075590090
 0.4501898595772705 0.5507345482345933 0.2987182891071948
 0.4499885577927259 0.5513875080349142 0.2993735837100445
 0.4497645873409272 0.5521122183708097 0.3001005726595172
 0.4495460996039644 0.5528173952818277 0.3008076708664499
 0.4493441537943050 0.5534676194664963 0.3014594448377924
 0.4491380838304301 0.5541295855554804 0.3021227942891876
 0.4488746058881122 0.5549737206764533 0.3029683933401737
 0.4486616210867141 0.5556542577321570 0.3036498142482946
 0.4484581570172325 0.5563028596616000 0.3042989664961441
 0.4482371451842128 0.5570057358457835 0.3050021004356343
 0.4480098972235649 0.5577266504024930 0.3057229406195123
 0.4478037882803561 0.5583789423377196 0.3063749167851184
 0.4475964501298730 0.5590336359010833 0.3070290926410910
 0.4473506559905727 0.5598078382392743 0.3078024286452989
 0.4471329973140477 0.5604916927507740 0.3084852535752906
 0.4469273159649556 0.5611364363284953 0.3091287576124130
 0.4467112869861225 0.5618120787827474 0.3098027988661081
 0.4464596212365693 0.5625972050581360 0.3105856948040447
 0.4462465620247348 0.5632602428108375 0.3112465850681825
 0.4460377409930427 0.5639086363261430 0.3118926817575615
 0.4458029774184225 0.5646358736729912 0.3126171179587429
 0.4455773445171584 0.5653331342673937 0.3133114334368635
 0.4453679931873801 0.5659786076918994 0.3139539046692219
 0.4451537486469940 0.5666377097568628 0.3146096320882246
 0.4448736040044409 0.5674973380139154 0.3154643887811297
 0.4446525361010892 0.5681739342931815 0.3161368160703052
 0.4444412629460585 0.5688191174767226 0.3167777865644857
 0.4442106932443766 0.5695216379234914 0.3174754671019621
 0.4439761455502557 0.5702345875615552 0.3181832058541569
 0.4437625989988658 0.5708822271514442 0.3188258050898995
 0.4435474818611956 0.5715332197663169 0.3194714037868892
 0.4432917247710404 0.5723053690605001 0.3202367299090496
 0.4430658828711520 0.5729855620375017 0.3209105710221345
 0.4428526034002409 0.5736265167816885 0.3215452951519147
 0.4426288913654584 0.5742973692720850 0.3222094004377702
 0.4423658429745347 0.5750842888193193 0.3229881017798345
 0.4421446917797273 0.5757442997561990 0.3236409290308472
 0.4419285025518724 0.5763881239457744 0.3242774577074554
 0.4416870255920859 0.5771056563358345 0.3249865195798730
 0.4414521428746657 0.5778019852279971 0.3256743204805534
 0.4412350380130918 0.5784442083094213 0.3263084564239629
 0.4410138757331217 0.5790970577495312 0.3269528995312110
 0.4407367613207036 0.5799131253233746 0.3277581941580088
 0.4405073865794595 0.5805869783869806 0.3284228876783754
 0.4402891616155546 0.5812267171170672 0.3290536662464428
 0.4400557167465225 0.5819096165734169 0.3297266958571410
 0.4398042985501970 0.5826434199487704 0.3304495604689852
 0.4395813547588521 0.5832926738514904 0.3310888886778690
 0.4393600754916043 0.5839357481567817 0.3317219361883322
 0.4391082467588859 0.5846659997713879 0.3324405723525849
 0.4388707505328824 0.5853531350613219 0.3331165242384036
 0.4386495564910303 0.5859917552823596 0.3337444893244738
 0.4384225443549968 0.5866458290237082 0.3343873643685156
 0.4381179682999960 0.5875212578015439 0.3352473708675511
 0.4378839829396632 0.5881921490488436 0.3359061631956070
 0.4376603422152991 0.5888320552313234 0.3365343528800844
 0.4374149144804230 0.5895328200707061 0.3372221131980284
 0.4371684281822788 0.5902350574512902 0.3379111221284208
 0.4369431274400616 0.5908755870590907 0.3385393815797269
 0.4367159129979591 0.5915202591263811 0.3391714841343579
 0.4364454027461223 0.5922860844616580 0.3399220982943343
 0.4362064303581625 0.5929611069592915 0.3405835039842308
 0.4359811523486186 0.5935961513681509 0.3412056044394988
 0.4357457959342216 0.5942582708539353 0.3418541154590475
 0.4354590891599708 0.5950630202805283 0.3426421540441211
 0.4352241719231570 0.5957209126150420 0.3432861989444015
 0.4349959028706692 0.5963589085998082 0.3439105651068479
 0.4347428912469105 0.5970645954487455 0.3446009294887439
 0.4344932683387197 0.5977593325782571 0.3452803517908654
 0.4342638050615579 0.5983966578744471 0.3459034661780045
 0.4340315492014765 0.5990404742208568 0.3465327992875355
 0.4337513786356849 0.5998154270651732 0.3472901503816729
 0.4335081400179950 0.6004867420436478 0.3479460356669767
 0.4332784179710790 0.6011194939480859 0.3485640538036043
 0.4330374936771169 0.6017817956807600 0.3492107206741870
 0.4327520987357364 0.6025646280574003 0.3499748207359974
 0.4325135098169119 0.6032176502892059 0.3506120633047146
 0.4322809244797289 0.6038530013420748 0.3512319762059131
 0.4320232628750876 0.6045554326001956 0.3519172659227042
 0.4317685589907085 0.6052483415826269 0.3525931771065526
 0.4315346152805877 0.6058835028819320 0.3532126491867507
 0.4312980638102727 0.6065245141396576 0.3538376999322787
 0.4310140719243462 0.6072924558411837 0.3545863608535021
 0.4307657402734253 0.6079625247751751 0.3552395057936778
 0.4305315872762417 0.6085931087377313 0.3558541219215279
 0.4302869309244696 0.6092507133259918 0.3564950572386151
 0.4299875869714435 0.6100535622240419 0.3572775177828282
 0.4297431811881517 0.6107076464920503 0.3579149182505078
 0.4295060544967663 0.6113410382658431 0.3585320540511797
 0.4292443443334545 0.6120387172004622 0.3592117016818783
 0.4289837932299664 0.6127318780406480 0.3598868448795872
 0.4287451356074312 0.6133655507733056 0.3605039999118327
 0.4285044605909092 0.6140033823819094 0.3611251955570000
 0.4282191619556825 0.6147579252298599 0.3618600563808177
 0.4279654926491733 0.6154274127860897 0.3625120544268585
 0.4277270217482590 0.6160555902689349 0.3631237684695733
 0.4274793390799054 0.6167068104615859 0.3637578533925360
 0.4271656481783300 0.6175298048470046 0.3645591243217658
 0.4269152935504916 0.6181852135323558 0.3651972361946488
 0.4266739445288667 0.6188158614956456 0.3658112927632413
 0.4264092878408404 0.6195060826069355 0.3664834376155625
 0.4261421212354121 0.6202014457500509 0.3671606628953915
 0.4258986040748540 0.6208340335257497 0.3677767804118914
 0.4256539788862414 0.6214683321486022 0.3683945662368832
 0.4253690255247685 0.6222057317525994 0.3691127698307026
 0.4251094162902977 0.6228761785596392 0.3697657969043118
 0.4248663844379124 0.6235026384997471 0.3703760485930048
 0.4246159210938053 0.6241470711109628 0.3710039021621538
 0.4242771911422689 0.6250167099700197 0.3718513085288627
 0.4240196448580563 0.6256764676909076 0.3724942632465554
 0.4237737364694492 0.6263052468160810 0.3731070432571144
 0.4235051855400186 0.6269906279139008 0.3737749930643387
 0.4232319806125900 0.6276865074197507 0.3744532140135652
 0.4229837669386113 0.6283175319140031 0.3750683090801921
 0.4227350252182650 0.6289487584814905 0.3756837214713613
 0.4224478230071446 0.6296761724518702 0.3763930801327530
 0.4221828339667440 0.6303459893672577 0.3770464146271488
 0.4219354325252733 0.6309701978626802 0.3776553586118587
 0.4216815223290658 0.6316096772325132 0.3782792797453262
 0.4213488536139334 0.6324457565854482 0.3790951611725205
 0.4210864878339310 0.6331037502098137 0.3797374248009551
 0.4208369957104443 0.6337283208679205 0.3803472447002295
 0.4205692244162716 0.6343974238295000 0.3810007605575503
 0.4202827099400584 0.6351119616823380 0.3816988818609744
 0.4200281143005027 0.6357456884202900 0.3823182078729649
 0.4197759969516404 0.6363721307982430 0.3829305291633380
 0.4194936929783882 0.6370722676135531 0.3836150084336005
 0.4192195985247192 0.6377507254083246 0.3842784461935315
 0.4189668464705788 0.6383752091071691 0.3848892790659384
 0.4187110446550358 0.6390061136661472 0.3855065947214872
 0.4184056664206764 0.6397578315687011 0.3862423965731488
 0.4181365586605909 0.6404189546110646 0.3868897452123735
 0.4178835916215084 0.6410393093621146 0.3874973360182841
 0.4176211807969722 0.6416816867035793 0.3881266482757548
 0.4172837972597617 0.6425059038785949 0.3889343601305761
 0.4170173815768805 0.6431554104579443 0.3895711227977841
 0.4167616003522132 0.6437778848902105 0.3901816510389928
 0.4164833464407470 0.6444538243940230 0.3908449400701192
 0.4161967554539298 0.6451486880944813 0.3915271370756448
 0.4159377993205886 0.6457753947942639 0.3921426811257275
 0.4156794976606844 0.6463994310883018 0.3927558214624010
 0.4153868152216848 0.6471052231753737 0.3934495485905112
 0.4151082629550651 0.6477756587741376 0.3941088064723410
 0.4148501390294585 0.6483958151037689 0.3947189084061867
 0.4145879129937780 0.6490247371925546 0.3953379425049213
 0.4142702016570479 0.6497852700589045 0.3960869360309454
 0.4139952581449443 0.6504421362447674 0.3967341739005734
 0.4137363194244287 0.6510596763338785 0.3973429147870394
 0.4134666931510454 0.6517015871569678 0.3979759242206827
 0.4131292835460710 0.6525032735632925 0.3987668734683555
 0.4128578195513659 0.6531469885363984 0.3994023295961286
 0.4125964271387073 0.6537657435732854 0.4000135019496237
 0.4123125616813753 0.6544365033130023 0.4006764660431775
 0.4120185188411825 0.6551300081732078 0.4013623714761861
 0.4117536183935497 0.6557536492824096 0.4019795536396157
 0.4114900817779684 0.6563730203493862 0.4025928400774963
 0.4111943361802198 0.6570668370737861 0.4032802316630831
 0.4109076597380789 0.6577381184464144 0.4039457213582293
 0.4106432790448650 0.6583560980278154 0.4045587791085461
 0.4103760524265732 0.6589796673020140 0.4051778082704542
 0.4100614687715883 0.6597123801604310 0.4059057324758548
 0.4097787134239306 0.6603697072754612 0.4065592287726595
 0.4095137765847840 0.6609845396335792 0.4071708321109129
 0.4092408081052883 0.6616169308113523 0.4078002298952424
 0.4088683793971508 0.6624779834483392 0.4086577458411341
 0.4085872176029399 0.6631266882950411 0.4093042396834305
 0.4083200456208704 0.6637420525112492 0.4099179083312046
 0.4080318645367236 0.6644046494460257 0.4105791386452697
 0.4077281341083804 0.6651017041811744 0.4112752603578163
 0.4074566761090813 0.6657235753421320 0.4118967088835148
 0.4071878931767619 0.6663382818489987 0.4125113567074164
 0.4068898417282810 0.6670187244330259 0.4131921540502262
 0.4065937922852823 0.6676933513308058 0.4138676064499568
 0.4063227729919894 0.6683098568076532 0.4144853286410128
 0.4060505215518584 0.6689281262942717 0.4151053003907456
 0.4057376004550097 0.6696374734198309 0.4158172094790903
 0.4054463126068706 0.6702965546071676 0.4164792312101915
 0.4051751902137121 0.6709089501705123 0.4170948065547105
 0.4048986417241768 0.6715325547282213 0.4177220660354724
 0.4045556076297572 0.6723046179779466 0.4184992383832129
 0.4042673277346451 0.6729521986516367 0.4191516382925226
 0.4039956704131472 0.6735614003063243 0.4197658581504004
 0.4037123502477647 0.6741956866170794 0.4204058934179339
 0.4033599587880514 0.6749830891321020 0.4212011720958376
 0.4030750497222461 0.6756184800066971 0.4218434849107300
 0.4028011957507039 0.6762281878812566 0.4224602841303201
 0.4025065101782465 0.6768831534522739 0.4231233542613661
 0.4021913352517173 0.6775823766165889 0.4238318204623796
 0.4019114554733750 0.6782021902758385 0.4244603887623818
 0.4016351027307825 0.6788131757009873 0.4250805633340151
 0.4013299786445675 0.6794866013697411 0.4257647808452389
 0.4010244023703151 0.6801597989563761 0.4264494452898694
 0.4007456952495423 0.6807727367594036 0.4270733773019041
 0.4004667750633416 0.6813851288565492 0.4276972490792693
 0.4001508508889431 0.6820775453274082 0.4284032290853040
 0.3998496323483919 0.6827365281334196 0.4290757155671663
 0.3995711192126176 0.6833447968050255 0.4296969958241914
 0.3992895654801462 0.6839586930857057 0.4303245798649900
 0.3989612535454113 0.6846732588244476 0.4310557805620114
 0.3986619436422400 0.6853235042822290 0.4317217894812617
 0.3983825227214877 0.6859295140950985 0.4323429911835249
 0.3980967513994231 0.6865482745148369 0.4329777410566196
 0.3977385931026353 0.6873223154784251 0.4337724789626263
 0.3974408301849173 0.6879646054199162 0.4344325789118422
 0.3971599404247437 0.6885694824358061 0.4350548066301341
 0.3968661177040000 0.6892011571686131 0.4357052322914521
 0.3965098643714291 0.6899656101448349 0.4364932425927929
 0.3962166100759741 0.6905937005824745 0.4371413665371165
 0.3959341304456047 0.6911977115080354 0.4377651878393114
 0.3956311670073336 0.6918444325465485 0.4384336964703029
 0.3953026533122513 0.6925444251290405 0.4391579575717607
 0.3950133117594632 0.6931598604220698 0.4397953518705971
 0.3947292218939187 0.6937631357077483 0.4404207446336934
 0.3944203341281486 0.6944179614632161 0.4411002482703946
 0.3940977049556507 0.6951006893120648 0.4418094217255359
 0.3938081982857668 0.6957122603248401 0.4424452614124491
 0.3935214369288976 0.6963170424282279 0.4430745490196524
 0.3932047398595843 0.6969838189231854 0.4437689190049873
 0.3928871009233905 0.6976513806976009 0.4444647426314642
 0.3925976259468960 0.6982587111642554 0.4450983854552575
 0.3923082881384405 0.6988647653816349 0.4457313082162814
 0.3919822598936037 0.6995464922163487 0.4464440103283737
 0.3916685089223901 0.7002013706429637 0.4471293810069257
 0.3913792745556099 0.7008040580203583 0.4477607390031091
 0.3910879744634304 0.7014100655098237 0.4483961387500098
 0.3907542824286274 0.7021030536652156 0.4491234260392896
 0.3904415493545599 0.7027513474431503 0.4498044963434273
 0.3901514340464460 0.7033517475859400 0.4504358788664745
 0.3898575894379048 0.7039588807766716 0.4510749760088186
 0.3895147024539113 0.7046660951634234 0.4518202203141885
 0.3892020212113281 0.7053098410683958 0.4524992891592616
 0.3889102715746731 0.7059094917240633 0.4531324032664859
 0.3886124064714703 0.7065207180035159 0.4537782645305425
 0.3882466853799534 0.7072698181097796 0.4545705350418863
 0.3879353186654006 0.7079064009302942 0.4552444665010383
 0.3876425130461291 0.7085040459501424 0.4558777732850370
 0.3873390156940383 0.7091225044323852 0.4565337747227425
 0.3869407134052323 0.7099326003552182 0.4573940322512622
 0.3866312005099831 0.7105608970415104 0.4580619699183739
 0.3863368917507326 0.7111573497891395 0.4586966155643012
 0.3860240322593794 0.7117903536628376 0.4593707330722459
 0.3856718476576221 0.7125016405770728 0.4601289431095377
 0.3853681404139223 0.7131139334438568 0.4607822745005393
 0.3850723642171826 0.7137092725095060 0.4614181152742598
 0.3847546868978770 0.7143476378767313 0.4621005717762486
 0.3844085666453083 0.7150419176493398 0.4628435522855964
 0.3841042865292500 0.7156512054604134 0.4634961734242896
 0.3838058067361313 0.7162479138642028 0.4641358197050951
 0.3834817982555621 0.7168945802580743 0.4648295599373408
 0.3831421149698191 0.7175713304577005 0.4655561976292412
 0.3828381113983610 0.7181759578101493 0.4662059779376895
 0.3825377488423879 0.7187723837826535 0.4668475217618268
 0.3822084697522996 0.7194251363629177 0.4675503316471069
 0.3818724587218223 0.7200900601554899 0.4682669631869562
 0.3815686904341760 0.7206901625226586 0.4689143215063323
 0.3812674173932258 0.7212843847874574 0.4695558570705113
 0.3809367245466143 0.7219355476294503 0.4702594468824501
 0.3805989243041762 0.7225995360477747 0.4709775328414559
 0.3802934517546390 0.7231989662772478 0.4716263814617563
 0.3799905153405961 0.7237924718948435 0.4722693799510477
 0.3796584686124752 0.7244419289361604 0.4729736351021550
 0.3793173975416317 0.7251078641415848 0.4736964157711947
 0.3790093489218380 0.7257083058094494 0.4743486335108262
 0.3787036981824801 0.7263031221899315 0.4749951897191262
 0.3783669163114486 0.7269574283153996 0.4757069117633007
 0.3780266478743717 0.7276173481298263 0.4764252959928155
 0.3777176332125525 0.7282156474056747 0.4770771263819591
 0.3774100292336738 0.7288102669819225 0.4777254822045834
 0.3770687097338792 0.7294689572201603 0.4784443412706956
 0.3767297753465575 0.7301218996138183 0.4791575803682603
 0.3764205394130050 0.7307166373351324 0.4798077725327511
 0.3761122832292565 0.7313085520359610 0.4804553518659452
 0.3757712139557678 0.7319623861584490 0.4811712066923961
 0.3754291661942784 0.7326169518427861 0.4818884345264761
 0.3751179664303277 0.7332114927553075 0.4825404122617836
 0.3748084871614905 0.7338018125875950 0.4831882694822676
 0.3744684566164626 0.7344493374333284 0.4838994856638004
 0.3741208410652994 0.7351101520895090 0.4846258852698345
 0.3738063807305332 0.7357069370514070 0.4852823612482219
 0.3734943126860413 0.7362982443889703 0.4859332062863677
 0.3731511941813886 0.7369473121136604 0.4866480672448525
 0.3728022156784820 0.7376063152844101 0.4873743676605962
 0.3724860166359463 0.7382024208585108 0.4880318237600803
 0.3721717749431405 0.7387938999845887 0.4886846643885020
 0.3718245651567836 0.7394463511980526 0.4894053859091754
 0.3714764105856184 0.7400994413304047 0.4901274109550821
 0.3711598374297677 0.7406923047170274 0.4907833335188661
 0.3708450914378745 0.7412808200149478 0.4914348626281853
 0.3704989641435384 0.7419269498256078 0.4921506307275708
 0.3701469067317507 0.7425830119762786 0.4928778927953829
 0.3698284229314109 0.7431755245618382 0.4935351529344846
 0.3695130935189377 0.7437612501932546 0.4941853136520672
 0.3691700929816464 0.7443973408735516 0.4948918583113741
 0.3688092519303762 0.7450653575824193 0.4956343640709263
 0.3684867998727697 0.7456613038540392 0.4962971464037939
 0.3681691147541491 0.7462475187374117 0.4969494218730071
 0.3678248379145540 0.7468817738252482 0.4976554912884734
 0.3674594678966056 0.7475537225055943 0.4984039337601022
 0.3671341201389417 0.7481510597819157 0.4990696734133186
 0.3668136812995812 0.7487384604577249 0.4997247499017006
 0.3664651759044062 0.7493762730813234 0.5004365311604949
 0.3661011443189422 0.7500413508084419 0.5011792644293654
 0.3657752138900206 0.7506358251643241 0.5018435676265054
 0.3654538944534290 0.7512209739369734 0.5024977974103191
 0.3651053062170977 0.7518547571261478 0.5032067689120803
 0.3647379352663632 0.7525215405439912 0.5039530708152988
 0.3644106323777562 0.7531146098989866 0.5046172504602502
 0.3640892747596580 0.7536960020840817 0.5052687265371572
 0.3637442431773841 0.7543192304529532 0.5059675017650299
 0.3633652923182517 0.7550025449924034 0.5067341261179578
 0.3630338487683381 0.7555991848505574 0.5074038833487627
 0.3627106150334392 0.7561801409366196 0.5080563422235851
 0.3623656588123100 0.7567991570268319 0.5087518709981337
 0.3619787894352845 0.7574921831373759 0.5095309831286223
 0.3616431725142578 0.7580923713292270 0.5102061331718778
 0.3613165397348724 0.7586755811864819 0.5108625839858427
 0.3609671167936720 0.7592984908895405 0.5115641688847637
 0.3605821133093075 0.7599836456000549 0.5123363682198039
 0.3602452902369561 0.7605820439655149 0.5130111710484836
 0.3599167100727682 0.7611648893041443 0.5136687244856580
 0.3595645308258665 0.7617886025045584 0.5143726625472943
 0.3591802146679347 0.7624680627143576 0.5151398364884321
 0.3588432133691645 0.7630628724336725 0.5158117243739962
 0.3585148110942271 0.7636416099091640 0.5164657440364964
 0.3581650599758459 0.7642570021091052 0.5171615109378408
 0.3577714192261716 0.7649484288951608 0.5179436314262351
 0.3574314810818965 0.7655445172917186 0.5186182094264131
 0.3571022992718875 0.7661208552481478 0.5192706762368016
 0.3567544989400833 0.7667288439356245 0.5199592212387887
 0.3563447520853480 0.7674438774904249 0.5207693412875094
 0.3559992418474980 0.7680457726093800 0.5214516088946675
 0.3556666259527842 0.7686243081632106 0.5221077156920567
 0.3553154076469870 0.7692342479351169 0.5227997847047492
 0.3549044931499464 0.7699466218132220 0.5236084999754990
 0.3545560656757121 0.7705496254027350 0.5242933501875365
 0.3542199592292232 0.7711304039370197 0.5249531636871132
 0.3538632287795370 0.7717458547482898 0.5256525549781675
 0.3534612227683903 0.7724382308580180 0.5264395951791405
 0.3531136297081796 0.7730358816674552 0.5271191895640208
 0.3527767779458063 0.7736141737524009 0.5277770125013166
 0.3524189848997581 0.7742274606594539 0.5284749291386397
 0.3520157939919775 0.7749173870829276 0.5292604137876263
 0.3516677868747112 0.7755118864577039 0.5299375286362471
 0.3513313014069892 0.7760858269904528 0.5305914396230983
 0.3509766110221476 0.7766898899009417 0.5312798764588657
 0.3505547530326223 0.7774071064923253 0.5320975505876039
 0.3502017242345820 0.7780062745266303 0.5327808967069194
 0.3498634073809929 0.7785795961875294 0.5334350026966589
 0.3495090261345988 0.7791792238292744 0.5341193718505618
 0.3490654329810283 0.7799284840554084 0.5349748418556899
 0.3487062843044698 0.7805340425700048 0.5356664449462641
 0.3483637910552989 0.7811106308953080 0.5363250864011332
 0.3480034627024364 0.7817163127344526 0.5370170720808147
 0.3475770415813343 0.7824318612229240 0.5378347438216111
 0.3472178573506215 0.7830335536935298 0.5385224955185978
 0.3468721933836497 0.7836117112270292 0.5391835520625212
 0.3465059429012490 0.7842233565980616 0.5398831458109576
 0.3460916978570643 0.7849139860728700 0.5406733805819616
 0.3457339380728111 0.7855094494582486 0.5413549412447719
 0.3453878873097196 0.7860845509219742 0.5420133428487192
 0.3450217889847084 0.7866920380694623 0.5427089431984115
 0.3446017510949840 0.7873878550399375 0.5435058252830777
 0.3442426939381870 0.7879816622661531 0.5441860126662991
 0.3438972479794568 0.7885520998690914 0.5448395640594871
 0.3435353138324072 0.7891488635459479 0.5455234260514713
 0.3430842644910717 0.7898912764438101 0.5463743895406569
 0.3427189072104629 0.7904916013116722 0.5470626119374159
 0.3423714300012616 0.7910616855294550 0.5477162368754170
 0.3420088225176623 0.7916557006499763 0.5483973613159042
 0.3415365288606525 0.7924280398752043 0.5492830790640736
 0.3411653665192556 0.7930339232197712 0.5499780452713426
 0.3408130919378193 0.7936081014451530 0.5506367947790413
 0.3404428799215945 0.7942106033207057 0.5513282090445724
 0.3400021605454387 0.7949266372361908 0.5521501056411270
 0.3396318144987403 0.7955273186203570 0.5528397040365067
 0.3392759474158523 0.7961036438976196 0.5535013824056071
 0.3388996879802185 0.7967120684616477 0.5541999256185650
 0.3384715214240081 0.7974032752990788 0.5549935289669885
 0.3381026864504935 0.7979977202253500 0.5556760849881043
 0.3377465494803013 0.7985708420646893 0.5563342421268812
 0.3373703008222206 0.7991754166961162 0.5570286412232011
 0.3369382068518495 0.7998685740452922 0.5578249485847495
 0.3365688786969473 0.8004600708163772 0.5585045867221692
 0.3362138556232059 0.8010278152539964 0.5591570102806599
 0.3358424234988566 0.8016209202354699 0.5598386388293628
 0.3353732207335627 0.8023688639377915 0.5606983070047911
 0.3349970197976910 0.8029675261861440 0.5613864892609396
 0.3346403652898082 0.8035342404741107 0.5620380439317193
 0.3342695896444626 0.8041225259703871 0.5627145042104601
 0.3337565854698125 0.8049350246301338 0.5636489226211082
 0.3333726794492252 0.8055419590007415 0.5643469813513394
 0.3330111773937748 0.8061126181690900 0.5650033164513106
 0.3326321537990679 0.8067100483581202 0.5656904226066352
 0.3321732600559484 0.8074321607515017 0.5665209190278025
 0.3317916280541862 0.8080316874966197 0.5672104675300885
 0.3314257945735243 0.8086055402613653 0.5678705553744334
 0.3310396542455980 0.8092103417663126 0.5685663293460966
 0.3305960477933540 0.8099040080815529 0.5693644167876322
 0.3302149226244256 0.8104990003074758 0.5700489887529000
 0.3298472044202209 0.8110722138102076 0.5707084556792716
 0.3294583950555055 0.8116774020476144 0.5714046137829794
 0.3290172055998002 0.8123630010555428 0.5721931340284064
 0.3286369552851292 0.8129529506339724 0.5728715489566772
 0.3282708314561969 0.8135201542418435 0.5735237527910462
 0.3278870795753453 0.8141137975502838 0.5742063275844309
 0.3274184884991388 0.8148374797732930 0.5750383905175459
 0.3270337775867738 0.8154306345592297 0.5757203384120109
 0.3266680612328423 0.8159936831399026 0.5763676219787245
 0.3262885854272529 0.8165770735549357 0.5770382287943683
 0.3257761086744471 0.8173635786524841 0.5779422332462550
 0.3253825186270163 0.8179665734562224 0.5786352826532726
 0.3250133007705258 0.8185314006182577 0.5792844685294728
 0.3246309173526608 0.8191155258678566 0.5799558467831500
 0.3241259921945064 0.8198855363734383 0.5808408641458594
 0.3237278214986817 0.8204917004925351 0.5815375014917478
 0.3233531145051152 0.8210613051395937 0.5821920315063026
 0.3229633202643292 0.8216529842959985 0.5828718168106817
 0.3224578785138837 0.8224189071177714 0.5837516518342428
 0.3220581076115911 0.8230236651443656 0.5844462971214974
 0.3216782519774315 0.8235974515023919 0.5851053722173526
 0.3212770747594899 0.8242025544227654 0.5858004512896565
 0.3208240506285712 0.8248847632051503 0.5865841303983886
 0.3204308696122130 0.8254759156430593 0.5872631889095725
 0.3200509823450229 0.8260462553335576 0.5879182687005178
 0.3196497638269465 0.8266477428179017 0.5886090039161324
 0.3191925846855144 0.8273320290006659 0.5893946479115005
 0.3187995269748579 0.8279194123302848 0.5900688946745317
 0.3184220796717461 0.8284826624867627 0.5907153372707958
 0.3180283412364392 0.8290693857149779 0.5913886294345021
 0.3175181345314556 0.8298283951352178 0.5922594883301384
 0.3171177975825334 0.8304229591313477 0.5929415326616063
 0.3167403556971402 0.8309827200955449 0.5935835163144416
 0.3163497848804790 0.8315611370693772 0.5942467397163411
 0.3158456056207400 0.8323065823863296 0.5951012476171904
 0.3154390772106923 0.8329066501905300 0.5957889392490623
 0.3150582017889415 0.8334680472613329 0.5964321953925843
 0.3146673601227963 0.8340433275881443 0.5970912432032232
 0.3142005366567776 0.8347293788685500 0.5978770088093188
 0.3137857454494666 0.8353379921752656 0.5985738633052256
 0.3133982046647301 0.8359057996135291 0.5992237643915739
 0.3130040122607546 0.8364825411628658 0.5998836365901387
 0.3125472696374351 0.8371497801608435 0.6006467346861937
 0.3121248733452456 0.8377658735559752 0.6013510778779120
 0.3117309606374143 0.8383395848244560 0.6020067883434684
 0.3113313251681638 0.8389208085915838 0.6026709392586515
 0.3108651549132333 0.8395977568203905 0.6034442869492983
 0.3104419929441956 0.8402112821540750 0.6041449640081615
 0.3100466767418497 0.8407836056156666 0.6047983401032083
 0.3096455186621129 0.8413635707723872 0.6054601406079829
 0.3091762697233174 0.8420409378748199 0.6062326580499918
 0.3087540084138152 0.8426495241429368 0.6069263318779213
 0.3083608896127356 0.8432152999775625 0.6075708881773338
 0.3079645397242591 0.8437849395945788 0.6082195574159590
 0.3075183807412474 0.8444252244558715 0.6089483450503729
 0.3070899189495144 0.8450391774563916 0.6096468317706766
 0.3066959904796039 0.8456028420962813 0.6102878039208902
 0.3063053001758132 0.8461611146900196 0.6109223403493154
 0.3058859514981760 0.8467595008523534 0.6116021234489535
 0.3054258010443563 0.8474151149198884 0.6123465148444044
 0.3050214135091341 0.8479904238211848 0.6129993985145754
 0.3046305646202665 0.8485457143610050 0.6136292898958550
 0.3042237398979969 0.8491229143663578 0.6142837512000299
 0.3036840406439948 0.8498874005814177 0.6151500944203042
 0.3032605838189999 0.8504862468313781 0.6158283085253441
 0.3028631015749019 0.8510475777916747 0.6164636690853141
 0.3024524420982542 0.8516267251321092 0.6171188156049683
 0.3019326338025810 0.8523586529623512 0.6179462679917470
 0.3015023477875931 0.8529635584371293 0.6186297293878606
 0.3010971138719012 0.8535324462594112 0.6192722131927469
 0.3006776122502497 0.8541205504982046 0.6199361256026371
 0.3001108018264054 0.8549138598434735 0.6208312118524378
 0.2996758770222971 0.8555215660553201 0.6215164314267868
 0.2992641240559324 0.8560960857966686 0.6221638004695649
 0.2988283774665875 0.8567032301107562 0.6228474269714600
 0.2983496632461258 0.8573692352051278 0.6235967176877161
 0.2979275703635683 0.8579555948654762 0.6242558956562206
 0.2975176993250845 0.8585241976609711 0.6248946919815069
 0.2970835851162263 0.8591255989669742 0.6255699141642361
 0.2966013040092652 0.8597927271599947 0.6263184280966192
 0.2961808065559245 0.8603735349181139 0.6269696336182132
 0.2957751516381478 0.8609330884146962 0.6275965673190486
 0.2953520785267183 0.8615158833628469 0.6282490428967307
 0.2948019925861108 0.8622724487536000 0.6290952700934913
 0.2943728009835262 0.8628618083350181 0.6297538496301780
 0.2939686444316187 0.8634160459212045 0.6303726914656642
 0.2935523663469607 0.8639861545394099 0.6310087650352535
 0.2930420346865090 0.8646840364905799 0.6317867132232067
 0.2926072905959606 0.8652776550596406 0.6324478216988814
 0.2922011825895642 0.8658314303961101 0.6330640243500635
 0.2917903375284980 0.8663909385259263 0.6336860697274519
 0.2913321593628507 0.8670140484336644 0.6343781918239070
 0.2908781223007884 0.8676306370285529 0.6350624303224763
 0.2904615836678195 0.8681955266197465 0.6356887573061882
 0.2900496701798240 0.8687534167800728 0.6363068215319461
 0.2896102719722918 0.8693477380258582 0.6369646786348064
 0.2891115412596724 0.8700213224357304 0.6377095065589368
 0.2886771923426035 0.8706071001378268 0.6383565143116534
 0.2882571770681874 0.8711727951677046 0.6389806516545795
 0.2878151195355811 0.8717673826000190 0.6396359177437830
 0.2872926254285407 0.8724691141093088 0.6404082979726479
 0.2868486279670863 0.8730645340325827 0.6410628946378617
 0.2864198982769652 0.8736387089126570 0.6416935112627909
 0.2859648968913258 0.8742472436439093 0.6423612187772664
 0.2854671584953703 0.8749119681549513 0.6430897998211972
 0.2850262192436036 0.8754999965848221 0.6437335856975744
 0.2845949642818188 0.8760743488778854 0.6443616771652761
 0.2841340124834405 0.8766874230055069 0.6450312772358413
 0.2836456082344819 0.8773360790464533 0.6457387774969934
 0.2832094629866319 0.8779145237667142 0.6463688748477218
 0.2827826544725823 0.8784798529655475 0.6469839632745866
 0.2823309093205770 0.8790774259212416 0.6476333816275881
 0.2818256369116002 0.8797448516805194 0.6483578047056654
 0.2813887433687748 0.8803211460555820 0.6489825192424081
 0.2809673103597842 0.8808763397041395 0.6495836271483426
 0.2805301358163673 0.8814515404026638 0.6502055996253499
 0.2799521739152355 0.8822108413870510 0.6510253529656258
 0.2795035580760455 0.8827993250273741 0.6516596639520944
 0.2790829678381463 0.8833503436395996 0.6522527793306624
 0.2786531970303692 0.8839126912727917 0.6528572766646327
 0.2781544944355095 0.8845643538238007 0.6535567421850591
 0.2776979896928333 0.8851600497327710 0.6541951310261110
 0.2772735643837155 0.8857131799258039 0.6547870177937626
 0.2768497033110504 0.8862648996782130 0.6553765279910214
 0.2763930421722548 0.8868585619986895 0.6560098818134329
 0.2758941925502997 0.8875061825782963 0.6566996666807005
 0.2754537185592290 0.8880772518376135 0.6573069531305649
 0.2750263319200140 0.8886306694681064 0.6578946163927055
 0.2745811810599388 0.8892063765136495 0.6585050478693594
 0.2740039788889692 0.8899517850741616 0.6592939967087944
 0.2735405730295511 0.8905493581787794 0.6599252529179838
 0.2731026789875381 0.8911133189823771 0.6605199577568148
 0.2726499676441513 0.8916956366556430 0.6611329350783646
 0.2720762168042234 0.8924325905983792 0.6619071235003177
 0.2716043279084805 0.8930378281472036 0.6625416689039710
 0.2711554098319170 0.8936128702183801 0.6631435233558087
 0.2706870482120631 0.8942120597179997 0.6637695822425311
 0.2701264209927308 0.8949282735410212 0.6645164323157242
 0.2696555612776785 0.8955289580420800 0.6651414908314289
 0.2691991001641258 0.8961105375605342 0.6657454488762901
 0.2687125481878164 0.8967296617156248 0.6663870249379098
 0.2681995623682564 0.8973815391456241 0.6670609991571391
 0.2677391163959250 0.8979658835348514 0.6676638301860559
 0.2672849266364055 0.8985415800293451 0.6682565566271148
 0.2667953318043867 0.8991613693170336 0.6688934010850552
 0.2662905028014670 0.8997995963143347 0.6695478109079600
 0.2658362601602094 0.9003731378994223 0.6701346749951946
 0.2653900095249271 0.9009359166575034 0.6707093615854018
 0.2649151416872144 0.9015340575289741 0.6713188469822136
 0.2643861323424099 0.9021995156154233 0.6719952963178839
 0.2639295945954137 0.9027730683412486 0.6725769317123345
 0.2634899139258958 0.9033247977025207 0.6731352249457652
 0.2630327257837292 0.9038978275159867 0.6737138212640140
 0.2624506075050569 0.9046264606532964 0.6744476878142958
 0.2619821851390814 0.9052119874232972 0.6750359005593110
 0.2615439016081805 0.9057592028915946 0.6755843716626116
 0.2610971856590882 0.9063163151292960 0.6761414872431012
 0.2605922044956803 0.9069453278259041 0.6767689285971135
 0.2601094514964029 0.9075458989324073 0.6773664236290611
 0.2596654242716698 0.9080976458847756 0.6779139813077281
 0.2592252699227641 0.9086439714218314 0.6784548666617025
 0.2587585168601346 0.9092226525208025 0.6790263703453567
 0.2581906199337668 0.9099258219659472 0.6797188263016098
 0.2577247510807213 0.9105019186479589 0.6802844849850486
 0.2572804969026286 0.9110506672091200 0.6808218804309953
 0.2568220947103200 0.9116162610816516 0.6813743281343627
 0.2562793567272906 0.9122850881389615 0.6820257334064389
 0.2557944891438657 0.9128818493436124 0.6826052598335129
 0.2553402126957973 0.9134403203104310 0.6831461748071129
 0.2548811660246751 0.9140040303347798 0.6836907622069369
 0.2543751200212466 0.9146247310264775 0.6842887471173413
 0.2538614178334518 0.9152540496176645 0.6848932014387619
 0.2533909359551559 0.9158297411289038 0.6854444778065862
 0.2529237511272872 0.9164007591175690 0.6859896704976508
 0.2524213443961538 0.9170141203296950 0.6865735026183659
 0.2518803560353424 0.9176737694238175 0.6871993568881677
 0.2513943545262929 0.9182656548983668 0.6877591625267152
 0.2509135948928120 0.9188504935454882 0.6883106965952052
 0.2503937818036321 0.9194821025313328 0.6889045370068940
 0.2498581000010020 0.9201321957040282 0.6895137520982059
 0.2493670613455453 0.9207274039644149 0.6900696799854467
 0.2488739437815052 0.9213244557549315 0.6906254849926365
 0.2483215550964593 0.9219924711554399 0.6912451149251435
 0.2478032996582892 0.9226184445762142 0.6918236014654535
 0.2473172727691120 0.9232048229475440 0.6923636374387100
 0.2468189205373754 0.9238054041994176 0.6929149184495090
 0.2462151025490851 0.9245321861054854 0.6935795712385026
 0.2457093013309516 0.9251402366739274 0.6941335397092395
 0.2452315227293338 0.9257139723277611 0.6946544425245074
 0.2447355073967650 0.9263089662685805 0.6951927464014471
 0.2440902018611424 0.9270820697197347 0.6958892419022087
 0.2435915113531530 0.9276787748651737 0.6964245305867287
 0.2431214014667673 0.9282406893751930 0.6969268048722236
 0.2426323593768166 0.9288246264156591 0.6974469364032442
 0.2419736170302706 0.9296102209320970 0.6981437858165670
 0.2414785095373168 0.9301999403751241 0.6986646986335039
 0.2410140477180999 0.9307525924760931 0.6991511471543510
 0.2405338449236115 0.9313234021527323 0.6996518041247169
 0.2399340338687656 0.9320355762428343 0.7002738908855930
 0.2394389713000616 0.9326227040938637 0.7007845961224912
 0.2389768686091222 0.9331701951772351 0.7012590691699502
 0.2385083405266596 0.9337247624126150 0.7017379513746316
 0.2379823993698178 0.9343466461015387 0.7022729005858668
 0.2374682779800429 0.9349539037759249 0.7027931560863946
 0.2369997727628065 0.9355067253841595 0.7032649456645952
 0.2365381691000925 0.9360508876890756 0.7037276282968263
 0.2360507446506758 0.9366249365148583 0.7042138638785017
 0.2354056505051575 0.9373838092403425 0.7048537103921196
 0.2349122553162838 0.9379635652383976 0.7053402737548482
 0.2344469645188495 0.9385097755517846 0.7057968860255334
 0.2339667694100497 0.9390729540140067 0.7062658420613604
 0.2333941969993080 0.9397437768555204 0.7068219596417141
 0.2328877558017906 0.9403364931984427 0.7073110503342124
 0.2324155445795023 0.9408886211429557 0.7077646997118403
 0.2319397293208663 0.9414444517501981 0.7082194784819583
 0.2314179375563591 0.9420534041976428 0.7087155187674307
 0.2308727863779592 0.9426889672992853 0.7092307940528596
 0.2303834757105558 0.9432588663756185 0.7096907259617223
 0.2299034881516678 0.9438173931807416 0.7101395481720199
 0.2293968505591150 0.9444063823349717 0.7106107611854511
 0.2287268841750256 0.9451843900616163 0.7112298537478319
 0.2282095738619618 0.9457844598753804 0.7117047070105782
 0.2277164459588635 0.9463559439686939 0.7121547732987420
 0.2271990459298848 0.9469549998151133 0.7126242879473941
 0.2265326479927253 0.9477257340331775 0.7132249877587193
 0.2260036724963193 0.9483368662381894 0.7136986427780148
 0.2254945364731878 0.9489245270391546 0.7141519113421740
 0.2249557852081877 0.9495457866293960 0.7146287410778269
 0.2243470204224524 0.9502470647253518 0.7151640247716960
 0.2238131298960117 0.9508614682466110 0.7156303548424505
 0.2232864284798178 0.9514670335247691 0.7160875205523881
 0.2227159644388462 0.9521222858148813 0.7165794413939734
 0.2221377606840163 0.9527857666471972 0.7170746509105619
 0.2216007213289499 0.9534014199423667 0.7175316064591056
 0.2210530667303893 0.9540286596785291 0.7179946630791545
 0.2204034521194912 0.9547719192911761 0.7185401041917164
 0.2198455086536081 0.9554096424329743 0.7190052293832701
 0.2193068944492045 0.9560247068017528 0.7194512622586458
 0.2187263375223732 0.9566870498248744 0.7199287133976812
 0.2181428087037043 0.9573521432020413 0.7204051367920074
 0.2176096555633324 0.9579592629005553 0.7208374142017890
 0.2170742306385317 0.9585684388658894 0.7212686740265354
 0.2164600210167015 0.9592666017948011 0.7217599013038219
 0.2159046069553241 0.9598973396845231 0.7222009009978242
 0.2153859288251339 0.9604858551296874 0.7226099606899675
 0.2148569497981096 0.9610855604673914 0.7230243491367733
 0.2142228358456395 0.9618038003758024 0.7235173291521577
 0.2136782413556267 0.9624200773510533 0.7239374145280716
 0.2131689219517356 0.9629959658473221 0.7243275384219127
 0.2126489787196756 0.9635834015442714 0.7247230792084894
 0.2120273925603717 0.9642850624668707 0.7251923682583982
 0.2114865998640844 0.9648949844781052 0.7255975055276597
 0.2109831882691043 0.9654623013567054 0.7259719949377947
 0.2104736636703716 0.9660360731650566 0.7263484183258413
 0.2098933543456779 0.9666890275387405 0.7267739080031190
 0.2093455539233627 0.9673048922954459 0.7271723925349488
 0.2088425431750045 0.9678699687859147 0.7275355856372484
 0.2083425230437610 0.9684312777016065 0.7278940589802595
 0.2078026384293609 0.9690368844261764 0.7282782630747442
 0.2072187912545108 0.9696912806041870 0.7286904410976984
 0.2067072108955630 0.9702642332017554 0.7290487788052424
 0.2062116694972527 0.9708188302542780 0.7293933669036673
 0.2056944217887740 0.9713973118432461 0.7297504038613906
 0.2049695414576945 0.9722073107147370 0.7302462092546451
 0.2044375709643096 0.9728012357808468 0.7306066902567111
 0.2039402126507975 0.9733561296058909 0.7309411387250333
 0.2034262729261165 0.9739291323810196 0.7312841285197746
 0.2027775253674997 0.9746518736340609 0.7317133096367217
 0.2022431984935851 0.9752466774160714 0.7320636356434599
 0.2017443134605669 0.9758016511750638 0.7323881504457653
 0.2012370393015653 0.9763655873762741 0.7327155769901731
 0.2006600008428204 0.9770066310983803 0.7330849226059710
 0.2001082958591895 0.9776190881980552 0.7334349695024622
 0.1996016015706380 0.9781812000424446 0.7337538137293554
 0.1990983676332028 0.9787391179036529 0.7340679813302416
 0.1985585429354663 0.9793372126336631 0.7344022251314740
 0.1979467477292062 0.9800145631415367 0.7347775640822857
 0.1974220018302154 0.9805951315677927 0.7350965594503537
 0.1969159625808065 0.9811546522923310 0.7354016148254576
 0.1963883524609432 0.9817376599660279 0.7357169987360155
 0.1956822835324175 0.9825172891805934 0.7361348158362674
 0.1951354301414129 0.9831206678192809 0.7364551061688336
 0.1946217886759792 0.9836870495207467 0.7367533262030498
 0.1940910387366244 0.9842719414709167 0.7370588174036301
 0.1934316037196497 0.9849981483050994 0.7374345990484948
 0.1928759131888068 0.9856096824569677 0.7377480001281442
 0.1923544487378107 0.9861832024994972 0.7380393840635375
 0.1918206255747838 0.9867699688988950 0.7383349629542243
 0.1911932297709442 0.9874591453016647 0.7386788769687263
 0.1906226148757311 0.9880855383031119 0.7389884367531581
 0.1900901904078367 0.9886696582291676 0.7392745247021822
 0.1895504298935798 0.9892614855765504 0.7395618470017403
 0.1889378421348321 0.9899327538108239 0.7398846250144533
 0.1883474510188493 0.9905792897107666 0.7401923611472493
 0.1878013940597977 0.9911769216128695 0.7404740597142349
 0.1872515299538225 0.9917783804398637 0.7407548899487516
 0.1866364167693745 0.9924508111553692 0.7410657104528094
 0.1860283301609917 0.9931151504671240 0.7413695654266512
 0.1854672920975238 0.9937277313974097 0.7416469327011661
 0.1849015637164091 0.9943450900098434 0.7419237381535218
 0.1842669991576323 0.9950371612182302 0.7422307754821190
 0.1836491944454404 0.9957105464413012 0.7425261815382074
 0.1830726680138580 0.9963385817494691 0.7427987078060739
 0.1824837475266410 0.9969797658185847 0.7430739743823975
 0.1817945550123493 0.9977296736308082 0.7433921563194646
 0.1811734155686264 0.9984051254973463 0.7436753273614493
 0.1805770909979491 0.9990532336908808 0.7439440247132019
 0.1799502907934996 0.9997340895582770 0.7442231362637491
 0.1792542935790118  1.000489666249700 0.7445290738995713
 0.1786306378957453  1.001166317332931 0.7447996410213494
 0.1780044150953761  1.001845386440833 0.7450679364946450
 0.1772780305310765  1.002632615216083 0.7453749479397079
 0.1766296338861769  1.003334916799227 0.7456452606394856
 0.1759874979860408  1.004030064253503 0.7459095502654570
 0.1752786448021582  1.004797011853406 0.7461973891248269
 0.1746229688681065  1.005506032527303 0.7464599761419508
 0.1739811569684908  1.006199701975016 0.7467135842669549
 0.1732759055101192  1.006961532887221 0.7469883402315001
 0.1726192079929555  1.007670539841238 0.7472405115693440
 0.1719906123875143  1.008348872828163 0.7474786219503897
 0.1713038767416706  1.009089578563494 0.7477351535272715
 0.1706355130438566  1.009810105263343 0.7479812432661275
 0.1700189976806839  1.010474423984818 0.7482051127799131
 0.1693845500225756  1.011157756239858 0.7484323384095222
 0.1686173959391640  1.011983607595575 0.7487027888574171
 0.1679926438128979  1.012655833083681 0.7489195549232889
 0.1673861108541339  1.013308177446964 0.7491270335028597
 0.1666997277439513  1.014046078232188 0.7493583560261932
 0.1660587281445642  1.014734882474801 0.7495711210985568
 0.1654640495614567  1.015373650256241 0.7497657529402495
 0.1648558843697883  1.016026648514688 0.7499621114554605
 0.1640442943777921  1.016897670712157 0.7502200224650313
 0.1634236230593067  1.017563491804439 0.7504141650771121
 0.1628345180598418  1.018195212216101 0.7505960178327455
 0.1621985071626300  1.018876974886525 0.7507897627443654
 0.1615397321085387  1.019582862082431 0.7509876453185972
 0.1609488576310774  1.020215756220215 0.7511627168677281
 0.1603630049162005  1.020843053641536 0.7513340334071568
 0.1597080525000806  1.021544085878503 0.7515228612164604
 0.1590736088659849  1.022222915316872 0.7517030465777943
 0.1584907449674170  1.022846341955132 0.7518662145702879
 0.1579044197803371  1.023473266498362 0.7520280753207318
 0.1572264834993322  1.024197894080715 0.7522124052172100
 0.1566044583174196  1.024862526148436 0.7523788948403936
 0.1560258556103688  1.025480563784524 0.7525315097608390
 0.1554365873102585  1.026109801045055 0.7526847144676259
 0.1547157449489260  1.026879276290494 0.7528690865173282
 0.1541014005557473  1.027534845930152 0.7530235937676826
 0.1535243904009453  1.028150392564863 0.7531665329418060
 0.1529270647189117  1.028787427185251 0.7533123097477928
 0.1519860948701103  1.029790577206136 0.7535374975802325
 0.1526134332355462  1.029121834099990 0.7533879676436925
 0.1520431301375086  1.029729785837186 0.7535240016510006
 0.1514657111802406  1.030345155589373 0.7536597273620852
 0.1508877698015010  1.030960915750026 0.7537935761385830
 0.1502582078393286  1.031631487940817 0.7539371254952963
 0.1496031510811910  1.032329012640353 0.7540840185606024
 0.1490151703408725  1.032954939262612 0.7542137512046573
 0.1484330313962847  1.033574488014721 0.7543402465869645
 0.1477912691440463  1.034257311130855 0.7544774830568912
 0.1471457699941525  1.034943922433468 0.7546132092866328
 0.1465584078376961  1.035568533010544 0.7547347256064284
 0.1459720276702595  1.036191948804730 0.7548541742083310
 0.1453138296062828  1.036891542261076 0.7549860599093582
 0.1446754205697241  1.037569927025647 0.7551117937221552
 0.1440874603516704  1.038194554029942 0.7552257135060809
 0.1434949523091785  1.038823869389359 0.7553387179218937
 0.1428108469106303  1.039550296574768 0.7554669799031382
 0.1421780885405479  1.040222035451532 0.7555835321203440
 0.1415885118153302  1.040847792505996 0.7556903507304100
 0.1409867359553708  1.041486360337958 0.7557976282378578
 0.1402425793010071  1.042275826001946 0.7559278683487800
 0.1396137403496001  1.042942793580484 0.7560358636349472
 0.1390203209994308  1.043572062721204 0.7561360619659480
 0.1384000873984780  1.044229632170970 0.7562390252857856
 0.1376238325355595  1.045052425650680 0.7563653749434712
 0.1370007718469239  1.045712691322271 0.7564647877186015
 0.1363989427321871  1.046350333855928 0.7565591403595835
 0.1357419412502792  1.047046295597031 0.7566602914942185
 0.1350678247428971  1.047760242121269 0.7567621006576603
 0.1344565176035697  1.048407543464558 0.7568527214343319
 0.1338445638480573  1.049055412850115 0.7569418418257488
 0.1331429110771467  1.049798104754284 0.7570420898297873
 0.1324863535931376  1.050492930035811 0.7571340509201909
 0.1318734822255862  1.051141408491812 0.7572183101144621
 0.1312438384044273  1.051807520920030 0.7573033099517914
 0.1303552785155223  1.052747354998420 0.7574206156344777
 0.1297010869876874  1.053439156908552 0.7575050364603565
 0.1290756080490681  1.054100487136939 0.7575842338074366
 0.1283798811467654  1.054835969801748 0.7576706023585754
 0.1276981796929980  1.055556503423382 0.7577534902644509
 0.1270678411151148  1.056222642950770 0.7578286248667707
 0.1264242709759314  1.056902663114552 0.7579038732675700
 0.1255684978977141  1.057806747911340 0.7580017120491567
 0.1248989133747190  1.058514010876476 0.7580765599983151
 0.1242574683338797  1.059191452411323 0.7581469136035458
 0.1235477846196940  1.059940851879218 0.7582232712645023
 0.1228457380761331  1.060682075120802 0.7582973382742323
 0.1221968757555946  1.061367049377665 0.7583645515003794
 0.1215314224074301  1.062069443081212 0.7584322999790829
 0.1205358075888193  1.063120150079632 0.7585315402498977
 0.1211995624027991  1.062419689740492 0.7584656552713812
 0.1205625269486698  1.063091954924830 0.7585289090094023
 0.1199101850945733  1.063780285439652 0.7585926578845544
 0.1192449788487223  1.064482100284875 0.7586566243702297
 0.1184399003091890  1.065331365935432 0.7587326616791896
 0.1177399025373633  1.066069679247116 0.7587975605952229
 0.1170714961051868  1.066774583200982 0.7588584878891667
 0.1163450998074990  1.067540546811964 0.7589235599774754
 0.1156010426471555  1.068325030746863 0.7589889966491323
 0.1149192025999684  1.069043827660180 0.7590478879502038
 0.1142184253670093  1.069782500630791 0.7591073458746342
 0.1133069943941741  1.070743088661259 0.7591830496710189
 0.1125916919542698  1.071496869243254 0.7592411720509380
 0.1118833702159922  1.072243207989988 0.7592976138852663
 0.1109215047656063  1.073256565204186 0.7593725047154958
 0.1101855054044169  1.074031863508569 0.7594284586851888
 0.1094609995856271  1.074794970594356 0.7594823990128572
 0.1084773200221937  1.075830929839501 0.7595538203040101
 0.1077248311703112  1.076623312476417 0.7596070426026027
 0.1069769377067615  1.077410773371352 0.7596587328183919
 0.1060241356058943  1.078413867170660 0.7597228624371010
 0.1052588535254695  1.079219451014948 0.7597729878365739
 0.1044813224695409  1.080037847108070 0.7598226588601894
 0.1035895916729225  1.080976346176582 0.7598780632722031
 0.1028107338848933  1.081795968414728 0.7599250890000744
 0.1020010782704646  1.082647919709369 0.7599726329509622
 0.1011258308639852  1.083568799387905 0.7600225085444097
 0.1003241258701265  1.084412222904803 0.7600668218098173
 0.9947308569553807E-01  1.085307468233970 0.7601124322680909
 0.9860821877933654E-01  1.086217176099035 0.7601572733670285
 0.9777394799376520E-01  1.087094625390105 0.7601990867903708
 0.9684429193724454E-01  1.088072311729049 0.7602440268747790
 0.9597617195878531E-01  1.088985204773587 0.7602844370417897
 0.9509649312977236E-01  1.089910178862386 0.7603238668416551
 0.9417423247567493E-01  1.090879850488512 0.7603635675940521
 0.9328055114884355E-01  1.091819401579978 0.7604004389336744
 0.9228949319117531E-01  1.092861248060493 0.7604394970445640
 0.9139718251996780E-01  1.093799218653827 0.7604730355699839
 0.9043380191826721E-01  1.094811826832355 0.7605075359205528
 0.8954248105182666E-01  1.095748632319790 0.7605378891826982
 0.8862323036890897E-01  1.096714734754512 0.7605676309923661
 0.8769471873406094E-01  1.097690513284909 0.7605960907975043
 0.8682330722624146E-01  1.098606235680293 0.7606214015372541
 0.8575980356016852E-01  1.099723757001561 0.7606505476022978
 0.8488447598180913E-01  1.100643496783184 0.7606731835483157
 0.8397482098662708E-01  1.101599262660455 0.7606955000847673
 0.8307661334406792E-01  1.102542960085007 0.7607164125386345
 0.8222975943562645E-01  1.103432667642103 0.7607351808902370
 0.8120030906092798E-01  1.104514167816451 0.7607568456440388
 0.8033602845012346E-01  1.105422111782246 0.7607741180804057
 0.7947211703610513E-01  1.106329637246604 0.7607905855013963
 0.7851664376360971E-01  1.107333313041957 0.7608079011575519
 0.7767192633259568E-01  1.108220617217539 0.7608224490464698
 0.7676591342713647E-01  1.109172279092251 0.7608372838104374
 0.7587640779555144E-01  1.110106575193062 0.7608510961261457
 0.7503311520807475E-01  1.110992307969499 0.7608635193950974
 0.7403409378309973E-01  1.112041579226193 0.7608774099093558
 0.7316156689011320E-01  1.112957970212539 0.7608888249659564
 0.7229640162447762E-01  1.113866609390720 0.7608995018019633
 0.7127323703863932E-01  1.114941162987190 0.7609113283175941
 0.7040574631197889E-01  1.115852204625132 0.7609206961893181
 0.6948272208018325E-01  1.116821549586046 0.7609300175175049
 0.6856653425207018E-01  1.117783697799821 0.7609386253045268
 0.6769540464935457E-01  1.118698512618699 0.7609462222007309
 0.6665469386625041E-01  1.119791395274424 0.7609545412778340
 0.6574391803584956E-01  1.120747814971980 0.7609611140196083
 0.6483111903651022E-01  1.121706347285139 0.7609669747487542
 0.6378191236118236E-01  1.122808108762712 0.7609726971763661
 0.6285282425557291E-01  1.123783725398755 0.7609767571519084
 0.6185314756123086E-01  1.124833457961002 0.7609800208949233
 0.6088206658696704E-01  1.125853157473795 0.7609821593005082
 0.5990875635285875E-01  1.126875194375601 0.7609834597745672
 0.5876713997539180E-01  1.128073960832587 0.7609842338359281
 0.5774610072173895E-01  1.129146112917638 0.7609845249381741
 0.5660755139039094E-01  1.130341657126446 0.7609846413172983
 0.5547144542548475E-01  1.131534635496677 0.7609846735265423
 0.5423128779765859E-01  1.132836874213974 0.7609846810619384
 0.5282320877511996E-01  1.134315440297870 0.7609846822721633
 0.5134655124214514E-01  1.135866017864040 0.7609846823798011
 0.4939728250340674E-01  1.137912865090982 0.7609846823858719
 0.4732864592547766E-01  1.140085055594491 0.7609846823858561
 0.4455460774252468E-01  1.142997959418040 0.7609846823858530
 0.3976008081795820E-01  1.148032495675147 0.7609846823858528
 0.2552017060827145E-01  1.162985241874420 0.7609846823858528
-0.3143947023047550E-01  1.222796226671510 0.7609846823858528
-0.2233814367463505  1.424346620461828 0.7609846823858528
