   2.0723701    
   1.8859574    
   1.7831168    
   1.7124702    
   1.6585431    
   1.6147513    
   1.5777229    
   1.5455149    
   1.5169114    
   1.4911033    
   1.4675264    
   1.4457723    
   1.4255358    
   1.4065831    
   1.3887312    
   1.3718348    
   1.3557752    
   1.3404559    
   1.3257960    
   1.3117279    
   1.2981939    
   1.2851449    
   1.2725385    
   1.2603377    
   1.2485102    
   1.2370276    
   1.2258648    
   1.2149994    
   1.2044115    
   1.1940830    
   1.1839980    
   1.1741418    
   1.1645011    
   1.1550639    
   1.1458191    
   1.1367568    
   1.1278676    
   1.1191431    
   1.1105753    
   1.1021570    
   1.0938814    
   1.0857422    
   1.0777339    
   1.0698506    
   1.0620874    
   1.0544397    
   1.0469028    
   1.0394727    
   1.0321454    
   1.0249172    
   1.0177847    
   1.0107446    
   1.0037936    
  0.99692899    
  0.99014789    
  0.98344767    
  0.97682583    
  0.97027999    
  0.96380788    
  0.95740736    
  0.95107639    
  0.94481301    
  0.93861526    
  0.93248153    
  0.92640996    
  0.92039901    
  0.91444707    
  0.90855265    
  0.90271431    
  0.89693075    
  0.89120054    
  0.88552248    
  0.87989539    
  0.87431800    
  0.86878920    
  0.86330795    
  0.85787314    
  0.85248381    
  0.84713900    
  0.84183776    
  0.83657914    
  0.83136231    
  0.82618642    
  0.82105064    
  0.81595415    
  0.81089628    
  0.80587620    
  0.80089319    
  0.79594660    
  0.79103577    
  0.78615999    
  0.78131866    
  0.77651113    
  0.77173692    
  0.76699531    
  0.76228577    
  0.75760782    
  0.75296092    
  0.74834448    
  0.74375802    
  0.73920113    
  0.73467326    
  0.73017395    
  0.72570276    
  0.72125930    
  0.71684307    
  0.71245366    
  0.70809078    
  0.70375389    
  0.69944263    
  0.69515669    
  0.69089568    
  0.68665922    
  0.68244696    
  0.67825854    
  0.67409372    
  0.66995209    
  0.66583335    
  0.66173714    
  0.65766329    
  0.65361136    
  0.64958113    
  0.64557236    
  0.64158469    
  0.63761789    
  0.63367164    
  0.62974578    
  0.62583995    
  0.62195396    
  0.61808759    
  0.61424053    
  0.61041254    
  0.60660350    
  0.60281312    
  0.59904110    
  0.59528738    
  0.59155166    
  0.58783370    
  0.58413333    
  0.58045036    
  0.57678461    
  0.57313591    
  0.56950396    
  0.56588864    
  0.56228983    
  0.55870724    
  0.55514079    
  0.55159020    
  0.54805547    
  0.54453623    
  0.54103249    
  0.53754395    
  0.53407055    
  0.53061211    
  0.52716845    
  0.52373946    
  0.52032501    
  0.51692486    
  0.51353896    
  0.51016712    
  0.50680923    
  0.50346518    
  0.50013477    
  0.49681789    
  0.49351442    
  0.49022424    
  0.48694724    
  0.48368326    
  0.48043221    
  0.47719395    
  0.47396839    
  0.47075540    
  0.46755484    
  0.46436661    
  0.46119064    
  0.45802677    
  0.45487490    
  0.45173496    
  0.44860685    
  0.44549039    
  0.44238558    
  0.43929225    
  0.43621030    
  0.43313971    
  0.43008029    
  0.42703202    
  0.42399475    
  0.42096841    
  0.41795295    
  0.41494823    
  0.41195416    
  0.40897068    
  0.40599772    
  0.40303513    
  0.40008292    
  0.39714092    
  0.39420912    
  0.39128739    
  0.38837564    
  0.38547385    
  0.38258192    
  0.37969977    
  0.37682730    
  0.37396449    
  0.37111121    
  0.36826745    
  0.36543307    
  0.36260808    
  0.35979232    
  0.35698578    
  0.35418838    
  0.35140008    
  0.34862074    
  0.34585038    
  0.34308890    
  0.34033620    
  0.33759227    
  0.33485705    
  0.33213043    
  0.32941240    
  0.32670286    
  0.32400179    
  0.32130909    
  0.31862473    
  0.31594864    
  0.31328079    
  0.31062108    
  0.30796948    
  0.30532596    
  0.30269042    
  0.30006281    
  0.29744312    
  0.29483125    
  0.29222718    
  0.28963086    
  0.28704223    
  0.28446123    
  0.28188780    
  0.27932194    
  0.27676356    
  0.27421263    
  0.27166909    
  0.26913288    
  0.26660401    
  0.26408237    
  0.26156798    
  0.25906071    
  0.25656059    
  0.25406754    
  0.25158155    
  0.24910253    
  0.24663046    
  0.24416530    
  0.24170701    
  0.23925555    
  0.23681086    
  0.23437291    
  0.23194169    
  0.22951712    
  0.22709917    
  0.22468780    
  0.22228298    
  0.21988468    
  0.21749283    
  0.21510743    
  0.21272843    
  0.21035577    
  0.20798945    
  0.20562941    
  0.20327562    
  0.20092805    
  0.19858666    
  0.19625142    
  0.19392228    
  0.19159923    
  0.18928222    
  0.18697122    
  0.18466620    
  0.18236712    
  0.18007396    
  0.17778668    
  0.17550524    
  0.17322962    
  0.17095977    
  0.16869570    
  0.16643734    
  0.16418467    
  0.16193767    
  0.15969630    
  0.15746053    
  0.15523033    
  0.15300567    
  0.15078653    
  0.14857289    
  0.14636469    
  0.14416194    
  0.14196457    
  0.13977258    
  0.13758594    
  0.13540462    
