  0.62937272    
  0.76336563    
  0.83027858    
  0.86950624    
  0.89426202    
  0.91042644    
  0.92105865    
  0.92792070    
  0.93210357    
  0.93432093    
  0.93505931    
  0.93466246    
  0.93337971    
  0.93139637    
  0.92885298    
  0.92585778    
  0.92249548    
  0.91883314    
  0.91492462    
  0.91081333    
  0.90653485    
  0.90211838    
  0.89758819    
  0.89296442    
  0.88826406    
  0.88350141    
  0.87868851    
  0.87383568    
  0.86895168    
  0.86404401    
  0.85911912    
  0.85418260    
  0.84923917    
  0.84429300    
  0.83934772    
  0.83440632    
  0.82947165    
  0.82454592    
  0.81963122    
  0.81472927    
  0.80984163    
  0.80496961    
  0.80011433    
  0.79527682    
  0.79045796    
  0.78565842    
  0.78087884    
  0.77611971    
  0.77138156    
  0.76666474    
  0.76196951    
  0.75729620    
  0.75264496    
  0.74801588    
  0.74340922    
  0.73882496    
  0.73426318    
  0.72972387    
  0.72520709    
  0.72071278    
  0.71624082    
  0.71179128    
  0.70736402    
  0.70295888    
  0.69857585    
  0.69421476    
  0.68987554    
  0.68555802    
  0.68126202    
  0.67698747    
  0.67273420    
  0.66850197    
  0.66429079    
  0.66010034    
  0.65593052    
  0.65178114    
  0.64765209    
  0.64354312    
  0.63945407    
  0.63538480    
  0.63133514    
  0.62730491    
  0.62329394    
  0.61930203    
  0.61532903    
  0.61137474    
  0.60743904    
  0.60352170    
  0.59962261    
  0.59574151    
  0.59187835    
  0.58803290    
  0.58420503    
  0.58039451    
  0.57660121    
  0.57282501    
  0.56906569    
  0.56532311    
  0.56159717    
  0.55788767    
  0.55419445    
  0.55051732    
  0.54685622    
  0.54321098    
  0.53958142    
  0.53596741    
  0.53236884    
  0.52878553    
  0.52521735    
  0.52166414    
  0.51812583    
  0.51460224    
  0.51109320    
  0.50759864    
  0.50411844    
  0.50065243    
  0.49720052    
  0.49376255    
  0.49033841    
  0.48692799    
  0.48353115    
  0.48014781    
  0.47677782    
  0.47342107    
  0.47007743    
  0.46674684    
  0.46342912    
  0.46012422    
  0.45683202    
  0.45355240    
  0.45028523    
  0.44703045    
  0.44378793    
  0.44055760    
  0.43733934    
  0.43413302    
  0.43093860    
  0.42775595    
  0.42458498    
  0.42142561    
  0.41827771    
  0.41514122    
  0.41201603    
  0.40890208    
  0.40579927    
  0.40270749    
  0.39962667    
  0.39655674    
  0.39349759    
  0.39044917    
  0.38741136    
  0.38438407    
  0.38136727    
  0.37836087    
  0.37536475    
  0.37237886    
  0.36940312    
  0.36643749    
  0.36348182    
  0.36053613    
  0.35760024    
  0.35467416    
  0.35175782    
  0.34885108    
  0.34595394    
  0.34306630    
  0.34018809    
  0.33731925    
  0.33445972    
  0.33160943    
  0.32876828    
  0.32593626    
  0.32311329    
  0.32029930    
  0.31749424    
  0.31469801    
  0.31191060    
  0.30913192    
  0.30636191    
  0.30360055    
  0.30084774    
  0.29810342    
  0.29536754    
  0.29264006    
  0.28992093    
  0.28721005    
  0.28450742    
  0.28181297    
  0.27912661    
  0.27644834    
  0.27377805    
  0.27111575    
  0.26846135    
  0.26581481    
  0.26317611    
  0.26054513    
  0.25792187    
  0.25530630    
  0.25269830    
  0.25009790    
  0.24750502    
  0.24491961    
  0.24234162    
  0.23977102    
  0.23720776    
  0.23465177    
  0.23210305    
  0.22956152    
  0.22702716    
  0.22449993    
  0.22197975    
  0.21946661    
  0.21696047    
  0.21446127    
  0.21196897    
  0.20948356    
  0.20700496    
  0.20453316    
  0.20206811    
  0.19960976    
  0.19715808    
  0.19471304    
  0.19227459    
  0.18984270    
  0.18741733    
  0.18499844    
  0.18258600    
  0.18017997    
  0.17778030    
  0.17538698    
  0.17299996    
  0.17061922    
  0.16824470    
  0.16587639    
  0.16351423    
  0.16115820    
  0.15880829    
  0.15646443    
  0.15412660    
  0.15179478    
  0.14946893    
  0.14714900    
  0.14483498    
  0.14252684    
  0.14022453    
  0.13792804    
  0.13563733    
  0.13335237    
  0.13107312    
  0.12879957    
  0.12653168    
  0.12426942    
  0.12201275    
  0.11976166    
  0.11751612    
  0.11527609    
  0.11304155    
  0.11081247    
  0.10858882    
  0.10637058    
  0.10415772    
  0.10195021    
  9.97480229E-02
  9.75511298E-02
  9.53595042E-02
  9.31731313E-02
  9.09919739E-02
  8.88160169E-02
  8.66452307E-02
  8.44795778E-02
  8.23190436E-02
  8.01636055E-02
  7.80132338E-02
  7.58679062E-02
  7.37276003E-02
  7.15922937E-02
  6.94619566E-02
  6.73365667E-02
  6.52160943E-02
  6.31005317E-02
  6.09898493E-02
  5.88840134E-02
  5.67830168E-02
  5.46868220E-02
  5.25954217E-02
  5.05087823E-02
  4.84268926E-02
  4.63497117E-02
  4.42772359E-02
  4.22094390E-02
  4.01462950E-02
  3.80877927E-02
  3.60339023E-02
  3.39845903E-02
  3.19398604E-02
  2.98996884E-02
  2.78640464E-02
  2.58329064E-02
  2.38062479E-02
  2.17840821E-02
