   2.9574137    
   2.8815970    
   2.8237374    
   2.7752197    
   2.7326999    
   2.6944587    
   2.6594727    
   2.6270738    
   2.5967963    
   2.5683012    
   2.5413315    
   2.5156870    
   2.4912083    
   2.4677660    
   2.4452529    
   2.4235795    
   2.4026699    
   2.3824587    
   2.3628900    
   2.3439143    
   2.3254888    
   2.3075755    
   2.2901402    
   2.2731528    
   2.2565861    
   2.2404153    
   2.2246184    
   2.2091751    
   2.1940668    
   2.1792765    
   2.1647885    
   2.1505890    
   2.1366642    
   2.1230018    
   2.1095908    
   2.0964203    
   2.0834804    
   2.0707619    
   2.0582564    
   2.0459554    
   2.0338514    
   2.0219374    
   2.0102065    
   1.9986523    
   1.9872689    
   1.9760506    
   1.9649919    
   1.9540879    
   1.9433335    
   1.9327242    
   1.9222558    
   1.9119239    
   1.9017246    
   1.8916540    
   1.8817086    
   1.8718851    
   1.8621798    
   1.8525898    
   1.8431121    
   1.8337438    
   1.8244818    
   1.8153239    
   1.8062671    
   1.7973093    
   1.7884479    
   1.7796806    
   1.7710054    
   1.7624199    
   1.7539223    
   1.7455106    
   1.7371827    
   1.7289370    
   1.7207717    
   1.7126850    
   1.7046752    
   1.6967409    
   1.6888804    
   1.6810923    
   1.6733750    
   1.6657273    
   1.6581477    
   1.6506349    
   1.6431876    
   1.6358048    
   1.6284848    
   1.6212270    
   1.6140299    
   1.6068925    
   1.5998137    
   1.5927925    
   1.5858278    
   1.5789188    
   1.5720644    
   1.5652637    
   1.5585158    
   1.5518198    
   1.5451750    
   1.5385802    
   1.5320349    
   1.5255382    
   1.5190893    
   1.5126876    
   1.5063320    
   1.5000223    
   1.4937574    
   1.4875367    
   1.4813596    
   1.4752253    
   1.4691334    
   1.4630831    
   1.4570739    
   1.4511051    
   1.4451762    
   1.4392866    
   1.4334357    
   1.4276230    
   1.4218481    
   1.4161102    
   1.4104090    
   1.4047439    
   1.3991145    
   1.3935202    
   1.3879607    
   1.3824353    
   1.3769438    
   1.3714857    
   1.3660605    
   1.3606678    
   1.3553072    
   1.3499783    
   1.3446808    
   1.3394140    
   1.3341779    
   1.3289719    
   1.3237956    
   1.3186488    
   1.3135310    
   1.3084420    
   1.3033813    
   1.2983488    
   1.2933439    
   1.2883664    
   1.2834160    
   1.2784923    
   1.2735952    
   1.2687242    
   1.2638791    
   1.2590594    
   1.2542652    
   1.2494960    
   1.2447515    
   1.2400314    
   1.2353356    
   1.2306637    
   1.2260156    
   1.2213907    
   1.2167892    
   1.2122105    
   1.2076547    
   1.2031212    
   1.1986101    
   1.1941209    
   1.1896534    
   1.1852076    
   1.1807830    
   1.1763797    
   1.1719972    
   1.1676354    
   1.1632942    
   1.1589733    
   1.1546725    
   1.1503916    
   1.1461303    
   1.1418887    
   1.1376663    
   1.1334633    
   1.1292790    
   1.1251136    
   1.1209669    
   1.1168386    
   1.1127286    
   1.1086366    
   1.1045626    
   1.1005064    
   1.0964679    
   1.0924468    
   1.0884430    
   1.0844563    
   1.0804867    
   1.0765339    
   1.0725977    
   1.0686783    
   1.0647751    
   1.0608882    
   1.0570174    
   1.0531627    
   1.0493238    
   1.0455006    
   1.0416930    
   1.0379008    
   1.0341240    
   1.0303624    
   1.0266157    
   1.0228841    
   1.0191673    
   1.0154653    
   1.0117778    
   1.0081047    
   1.0044459    
   1.0008014    
  0.99717104    
  0.99355471    
  0.98995221    
  0.98636353    
  0.98278850    
  0.97922707    
  0.97567904    
  0.97214442    
  0.96862304    
  0.96511477    
  0.96161962    
  0.95813739    
  0.95466799    
  0.95121139    
  0.94776744    
  0.94433606    
  0.94091713    
  0.93751055    
  0.93411630    
  0.93073422    
  0.92736429    
  0.92400634    
  0.92066032    
  0.91732615    
  0.91400379    
  0.91069305    
  0.90739387    
  0.90410626    
  0.90083003    
  0.89756519    
  0.89431161    
  0.89106917    
  0.88783789    
  0.88461757    
  0.88140827    
  0.87820983    
  0.87502217    
  0.87184530    
  0.86867905    
  0.86552334    
  0.86237818    
  0.85924345    
  0.85611910    
  0.85300505    
  0.84990126    
  0.84680760    
  0.84372401    
  0.84065050    
  0.83758694    
  0.83453327    
  0.83148944    
  0.82845539    
  0.82543099    
  0.82241631    
  0.81941116    
  0.81641555    
  0.81342942    
  0.81045264    
  0.80748522    
  0.80452710    
  0.80157822    
  0.79863846    
  0.79570782    
  0.79278624    
  0.78987360    
  0.78696996    
  0.78407520    
  0.78118926    
  0.77831209    
  0.77544361    
  0.77258384    
  0.76973265    
  0.76689005    
  0.76405597    
  0.76123035    
  0.75841308    
  0.75560421    
  0.75280368    
  0.75001138    
  0.74722731    
  0.74445140    
  0.74168360    
  0.73892385    
  0.73617214    
  0.73342842    
  0.73069263    
  0.72796470    
  0.72524458    
  0.72253233    
  0.71982777    
