  0.44075868    
  0.56480950    
  0.63631701    
  0.68311697    
  0.71575129    
  0.73936301    
  0.75682646    
  0.76989532    
  0.77970874    
  0.78704250    
  0.79244465    
  0.79631460    
  0.79895037    
  0.80057919    
  0.80137742    
  0.80148399    
  0.80101007    
  0.80004531    
  0.79866302    
  0.79692376    
  0.79487777    
  0.79256713    
  0.79002744    
  0.78728890    
  0.78437728    
  0.78131461    
  0.77812010    
  0.77481025    
  0.77139944    
  0.76790017    
  0.76432353    
  0.76067919    
  0.75697559    
  0.75322038    
  0.74942017    
  0.74558097    
  0.74170798    
  0.73780602    
  0.73387921    
  0.72993147    
  0.72596604    
  0.72198606    
  0.71799427    
  0.71399313    
  0.70998484    
  0.70597142    
  0.70195478    
  0.69793642    
  0.69391793    
  0.68990064    
  0.68588573    
  0.68187433    
  0.67786747    
  0.67386609    
  0.66987091    
  0.66588277    
  0.66190231    
  0.65793014    
  0.65396684    
  0.65001291    
  0.64606881    
  0.64213496    
  0.63821173    
  0.63429940    
  0.63039839    
  0.62650883    
  0.62263107    
  0.61876529    
  0.61491168    
  0.61107039    
  0.60724163    
  0.60342550    
  0.59962213    
  0.59583163    
  0.59205401    
  0.58828944    
  0.58453786    
  0.58079946    
  0.57707423    
  0.57336217    
  0.56966329    
  0.56597769    
  0.56230527    
  0.55864608    
  0.55500007    
  0.55136728    
  0.54774773    
  0.54414129    
  0.54054797    
  0.53696775    
  0.53340060    
  0.52984649    
  0.52630532    
  0.52277714    
  0.51926178    
  0.51575929    
  0.51226956    
  0.50879258    
  0.50532824    
  0.50187647    
  0.49843729    
  0.49501058    
  0.49159628    
  0.48819435    
  0.48480469    
  0.48142728    
  0.47806203    
  0.47470886    
  0.47136769    
  0.46803850    
  0.46472117    
  0.46141568    
  0.45812190    
  0.45483983    
  0.45156932    
  0.44831038    
  0.44506288    
  0.44182679    
  0.43860203    
  0.43538851    
  0.43218616    
  0.42899492    
  0.42581475    
  0.42264554    
  0.41948721    
  0.41633976    
  0.41320303    
  0.41007701    
  0.40696162    
  0.40385678    
  0.40076247    
  0.39767855    
  0.39460498    
  0.39154172    
  0.38848868    
  0.38544580    
  0.38241300    
  0.37939024    
  0.37637743    
  0.37337455    
  0.37038147    
  0.36739820    
  0.36442462    
  0.36146069    
  0.35850635    
  0.35556152    
  0.35262617    
  0.34970021    
  0.34678361    
  0.34387630    
  0.34097821    
  0.33808926    
  0.33520943    
  0.33233866    
  0.32947689    
  0.32662404    
  0.32378006    
  0.32094494    
  0.31811857    
  0.31530091    
  0.31249192    
  0.30969152    
  0.30689970    
  0.30411634    
  0.30134144    
  0.29857495    
  0.29581681    
  0.29306695    
  0.29032534    
  0.28759190    
  0.28486663    
  0.28214943    
  0.27944028    
  0.27673912    
  0.27404588    
  0.27136058    
  0.26868311    
  0.26601344    
  0.26335156    
  0.26069736    
  0.25805083    
  0.25541192    
  0.25278059    
  0.25015676    
  0.24754046    
  0.24493158    
  0.24233010    
  0.23973598    
  0.23714916    
  0.23456962    
  0.23199731    
  0.22943220    
  0.22687422    
  0.22432335    
  0.22177953    
  0.21924275    
  0.21671295    
  0.21419010    
  0.21167414    
  0.20916507    
  0.20666280    
  0.20416735    
  0.20167863    
  0.19919664    
  0.19672133    
  0.19425265    
  0.19179058    
  0.18933508    
  0.18688610    
  0.18444364    
  0.18200763    
  0.17957804    
  0.17715484    
  0.17473800    
  0.17232749    
  0.16992326    
  0.16752529    
  0.16513354    
  0.16274798    
  0.16036858    
  0.15799530    
  0.15562811    
  0.15326700    
  0.15091190    
  0.14856279    
  0.14621966    
  0.14388245    
  0.14155115    
  0.13922572    
  0.13690613    
  0.13459237    
  0.13228439    
  0.12998214    
  0.12768564    
  0.12539484    
  0.12310968    
  0.12083018    
  0.11855628    
  0.11628796    
  0.11402520    
  0.11176797    
  0.10951623    
  0.10726997    
  0.10502914    
  0.10279375    
  0.10056373    
  9.83390883E-02
  9.61197764E-02
  9.39057842E-02
  9.16970745E-02
  8.94936249E-02
  8.72954205E-02
  8.51024166E-02
  8.29146057E-02
  8.07319507E-02
  7.85544366E-02
  7.63820335E-02
  7.42147192E-02
  7.20524639E-02
  6.98952526E-02
  6.77430555E-02
  6.55958429E-02
  6.34536147E-02
  6.13163225E-02
  5.91839515E-02
  5.70564866E-02
  5.49339019E-02
  5.28161600E-02
  5.07032648E-02
  4.85951640E-02
  4.64918725E-02
  4.43933308E-02
  4.22995389E-02
  4.02104668E-02
  3.81260999E-02
  3.60464156E-02
  3.39713916E-02
  3.19010094E-02
  2.98352297E-02
  2.77740546E-02
  2.57174745E-02
  2.36654319E-02
  2.16179304E-02
  1.95749495E-02
  1.75364483E-02
  1.55024193E-02
  1.34728802E-02
  1.14477621E-02
  9.42707993E-03
  7.41078239E-03
  5.39880991E-03
  3.39121674E-03
  1.38791464E-03
   3.1409819    
   3.1389871    
   3.1369970    
   3.1350110    
   3.1330290    
   3.1310515    
   3.1290781    
