   3.0623295    
   3.0295074    
   3.0043287    
   2.9831076    
   2.9644163    
   2.9475226    
   2.9319913    
   2.9175389    
   2.9039686    
   2.8911369    
   2.8789353    
   2.8672800    
   2.8561041    
   2.8453534    
   2.8349829    
   2.8249555    
   2.8152394    
   2.8058076    
   2.7966368    
   2.7877069    
   2.7790000    
   2.7705002    
   2.7621939    
   2.7540684    
   2.7461128    
   2.7383168    
   2.7306714    
   2.7231686    
   2.7158005    
   2.7085605    
   2.7014422    
   2.6944396    
   2.6875477    
   2.6807613    
   2.6740758    
   2.6674871    
   2.6609910    
   2.6545839    
   2.6482625    
   2.6420233    
   2.6358633    
   2.6297798    
   2.6237700    
   2.6178315    
   2.6119616    
   2.6061583    
   2.6004193    
   2.5947428    
   2.5891266    
   2.5835693    
   2.5780685    
   2.5726233    
   2.5672314    
   2.5618920    
   2.5566032    
   2.5513639    
   2.5461726    
   2.5410283    
   2.5359294    
   2.5308750    
   2.5258641    
   2.5208957    
   2.5159686    
   2.5110817    
   2.5062344    
   2.5014257    
   2.4966547    
   2.4919205    
   2.4872224    
   2.4825597    
   2.4779315    
   2.4733372    
   2.4687760    
   2.4642472    
   2.4597504    
   2.4552846    
   2.4508495    
   2.4464445    
   2.4420691    
   2.4377222    
   2.4334040    
   2.4291136    
   2.4248505    
   2.4206145    
   2.4164047    
   2.4122207    
   2.4080625    
   2.4039292    
   2.3998208    
   2.3957365    
   2.3916759    
   2.3876390    
   2.3836253    
   2.3796341    
   2.3756654    
   2.3717186    
   2.3677938    
   2.3638902    
   2.3600075    
   2.3561459    
   2.3523045    
   2.3484831    
   2.3446817    
   2.3408999    
   2.3371375    
   2.3333941    
   2.3296692    
   2.3259630    
   2.3222752    
   2.3186052    
   2.3149531    
   2.3113184    
   2.3077011    
   2.3041010    
   2.3005176    
   2.2969508    
   2.2934005    
   2.2898667    
   2.2863486    
   2.2828465    
   2.2793601    
   2.2758889    
   2.2724333    
   2.2689927    
   2.2655668    
   2.2621558    
   2.2587593    
   2.2553773    
   2.2520096    
   2.2486558    
   2.2453160    
   2.2419901    
   2.2386777    
   2.2353787    
   2.2320931    
   2.2288206    
   2.2255614    
   2.2223148    
   2.2190809    
   2.2158599    
   2.2126513    
   2.2094550    
   2.2062709    
   2.2030990    
   2.1999393    
   2.1967912    
   2.1936548    
   2.1905303    
   2.1874170    
   2.1843154    
   2.1812251    
   2.1781459    
   2.1750777    
   2.1720207    
   2.1689744    
   2.1659389    
   2.1629140    
   2.1598997    
   2.1568961    
   2.1539028    
   2.1509197    
   2.1479468    
   2.1449840    
   2.1420312    
   2.1390884    
   2.1361554    
   2.1332321    
   2.1303186    
   2.1274147    
   2.1245203    
   2.1216352    
   2.1187594    
   2.1158929    
   2.1130357    
   2.1101875    
   2.1073484    
   2.1045184    
   2.1016972    
   2.0988846    
   2.0960810    
   2.0932860    
   2.0904996    
   2.0877216    
   2.0849524    
   2.0821912    
   2.0794387    
   2.0766943    
   2.0739579    
   2.0712299    
   2.0685101    
   2.0657980    
   2.0630941    
   2.0603981    
   2.0577097    
   2.0550294    
   2.0523565    
   2.0496914    
   2.0470340    
   2.0443842    
   2.0417418    
   2.0391068    
   2.0364792    
   2.0338590    
   2.0312462    
   2.0286405    
   2.0260420    
   2.0234506    
   2.0208664    
   2.0182891    
   2.0157189    
   2.0131557    
   2.0105991    
   2.0080497    
   2.0055070    
   2.0029709    
   2.0004416    
   1.9979190    
   1.9954031    
   1.9928936    
   1.9903907    
   1.9878943    
   1.9854043    
   1.9829208    
   1.9804436    
   1.9779727    
   1.9755081    
   1.9730498    
   1.9705976    
   1.9681517    
   1.9657118    
   1.9632781    
   1.9608504    
   1.9584286    
   1.9560130    
   1.9536031    
   1.9511993    
   1.9488013    
   1.9464091    
   1.9440227    
   1.9416420    
   1.9392672    
   1.9368979    
   1.9345343    
   1.9321765    
   1.9298241    
   1.9274772    
   1.9251361    
   1.9228003    
   1.9204700    
   1.9181451    
   1.9158256    
   1.9135115    
   1.9112027    
   1.9088993    
   1.9066011    
   1.9043081    
   1.9020203    
   1.8997378    
   1.8974605    
   1.8951882    
   1.8929211    
   1.8906590    
   1.8884020    
   1.8861500    
   1.8839029    
   1.8816609    
   1.8794237    
   1.8771915    
   1.8749642    
   1.8727418    
   1.8705242    
   1.8683113    
   1.8661033    
   1.8639001    
   1.8617015    
   1.8595076    
   1.8573184    
   1.8551339    
   1.8529540    
   1.8507788    
   1.8486081    
   1.8464420    
   1.8442805    
   1.8421234    
   1.8399708    
   1.8378227    
   1.8356791    
   1.8335398    
   1.8314050    
   1.8292747    
   1.8271486    
   1.8250269    
   1.8229094    
   1.8207963    
   1.8186874    
   1.8165829    
   1.8144826    
   1.8123864    
   1.8102944    
   1.8082067    
