   3.0354071    
   2.9915664    
   2.9580228    
   2.9298248    
   2.9050524    
   2.8827200    
   2.8622410    
   2.8432333    
   2.8254309    
   2.8086402    
   2.7927148    
   2.7775407    
   2.7630272    
   2.7491007    
   2.7357006    
   2.7227762    
   2.7102842    
   2.6981878    
   2.6864555    
   2.6750596    
   2.6639752    
   2.6531818    
   2.6426594    
   2.6323917    
   2.6223629    
   2.6125596    
   2.6029689    
   2.5935798    
   2.5843816    
   2.5753651    
   2.5665214    
   2.5578427    
   2.5493214    
   2.5409505    
   2.5327241    
   2.5246358    
   2.5166802    
   2.5088525    
   2.5011473    
   2.4935606    
   2.4860876    
   2.4787250    
   2.4714682    
   2.4643145    
   2.4572599    
   2.4503016    
   2.4434366    
   2.4366620    
   2.4299748    
   2.4233727    
   2.4168534    
   2.4104142    
   2.4040534    
   2.3977683    
   2.3915572    
   2.3854182    
   2.3793495    
   2.3733490    
   2.3674154    
   2.3615468    
   2.3557417    
   2.3499987    
   2.3443162    
   2.3386931    
   2.3331277    
   2.3276191    
   2.3221657    
   2.3167665    
   2.3114204    
   2.3061264    
   2.3008831    
   2.2956896    
   2.2905450    
   2.2854483    
   2.2803986    
   2.2753949    
   2.2704363    
   2.2655220    
   2.2606514    
   2.2558234    
   2.2510374    
   2.2462924    
   2.2415879    
   2.2369232    
   2.2322977    
   2.2277105    
   2.2231610    
   2.2186487    
   2.2141731    
   2.2097332    
   2.2053287    
   2.2009590    
   2.1966236    
   2.1923218    
   2.1880531    
   2.1838171    
   2.1796136    
   2.1754415    
   2.1713006    
   2.1671906    
   2.1631110    
   2.1590612    
   2.1550407    
   2.1510494    
   2.1470866    
   2.1431522    
   2.1392455    
   2.1353664    
   2.1315143    
   2.1276889    
   2.1238899    
   2.1201169    
   2.1163695    
   2.1126475    
   2.1089506    
   2.1052785    
   2.1016307    
   2.0980067    
   2.0944068    
   2.0908303    
   2.0872769    
   2.0837467    
   2.0802388    
   2.0767534    
   2.0732901    
   2.0698488    
   2.0664289    
   2.0630302    
   2.0596528    
   2.0562961    
   2.0529602    
   2.0496445    
   2.0463490    
   2.0430734    
   2.0398173    
   2.0365810    
   2.0333638    
   2.0301657    
   2.0269864    
   2.0238259    
   2.0206835    
   2.0175598    
   2.0144539    
   2.0113659    
   2.0082955    
   2.0052426    
   2.0022070    
   1.9991888    
   1.9961873    
   1.9932027    
   1.9902347    
   1.9872832    
   1.9843481    
   1.9814290    
   1.9785259    
   1.9756386    
   1.9727670    
   1.9699109    
   1.9670702    
   1.9642447    
   1.9614342    
   1.9586388    
   1.9558581    
   1.9530922    
   1.9503406    
   1.9476036    
   1.9448807    
   1.9421721    
   1.9394773    
   1.9367965    
   1.9341295    
   1.9314760    
   1.9288360    
   1.9262094    
   1.9235961    
   1.9209960    
   1.9184089    
   1.9158347    
   1.9132732    
   1.9107245    
   1.9081885    
   1.9056648    
   1.9031537    
   1.9006547    
   1.8981678    
   1.8956932    
   1.8932303    
   1.8907795    
   1.8883404    
   1.8859129    
   1.8834970    
   1.8810927    
   1.8786997    
   1.8763180    
   1.8739475    
   1.8715881    
   1.8692398    
   1.8669024    
   1.8645759    
   1.8622601    
   1.8599550    
   1.8576605    
   1.8553765    
   1.8531030    
   1.8508399    
   1.8485869    
   1.8463442    
   1.8441117    
   1.8418891    
   1.8396766    
   1.8374740    
   1.8352811    
   1.8330979    
   1.8309245    
   1.8287607    
   1.8266064    
   1.8244616    
   1.8223262    
   1.8202001    
   1.8180832    
   1.8159755    
   1.8138770    
   1.8117875    
   1.8097069    
   1.8076353    
   1.8055726    
   1.8035187    
   1.8014735    
   1.7994370    
   1.7974091    
   1.7953898    
   1.7933789    
   1.7913765    
   1.7893825    
   1.7873968    
   1.7854192    
   1.7834500    
   1.7814889    
   1.7795359    
   1.7775910    
   1.7756540    
   1.7737249    
   1.7718037    
   1.7698903    
   1.7679847    
   1.7660868    
   1.7641966    
   1.7623141    
   1.7604390    
   1.7585715    
   1.7567115    
   1.7548589    
   1.7530136    
   1.7511758    
   1.7493451    
   1.7475216    
   1.7457054    
   1.7438962    
   1.7420943    
   1.7402992    
   1.7385113    
   1.7367302    
   1.7349561    
   1.7331889    
   1.7314285    
   1.7296748    
   1.7279279    
   1.7261877    
   1.7244542    
   1.7227272    
   1.7210068    
   1.7192930    
   1.7175856    
   1.7158847    
   1.7141902    
   1.7125021    
   1.7108203    
   1.7091448    
   1.7074755    
   1.7058126    
   1.7041557    
   1.7025050    
   1.7008604    
   1.6992218    
   1.6975894    
   1.6959629    
   1.6943424    
   1.6927277    
   1.6911191    
   1.6895162    
   1.6879191    
   1.6863279    
   1.6847425    
   1.6831626    
   1.6815885    
   1.6800201    
   1.6784573    
   1.6769000    
   1.6753484    
   1.6738023    
