  0.20518625    
  0.27855194    
  0.32822931    
  0.36536554    
  0.39447105    
  0.41793096    
  0.43719137    
  0.45320606    
  0.46664134    
  0.47798252    
  0.48759460    
  0.49575910    
  0.50269759    
  0.50858760    
  0.51357329    
  0.51777333    
  0.52128637    
  0.52419525    
  0.52657002    
  0.52847058    
  0.52994823    
  0.53104746    
  0.53180677    
  0.53225994    
  0.53243643    
  0.53236246    
  0.53206092    
  0.53155249    
  0.53085524    
  0.52998567    
  0.52895832    
  0.52778637    
  0.52648175    
  0.52505517    
  0.52351636    
  0.52187419    
  0.52013665    
  0.51831108    
  0.51640427    
  0.51442230    
  0.51237077    
  0.51025492    
  0.50807941    
  0.50584871    
  0.50356680    
  0.50123739    
  0.49886402    
  0.49644980    
  0.49399775    
  0.49151057    
  0.48899084    
  0.48644096    
  0.48386309    
  0.48125932    
  0.47863153    
  0.47598156    
  0.47331110    
  0.47062168    
  0.46791476    
  0.46519172    
  0.46245384    
  0.45970237    
  0.45693839    
  0.45416299    
  0.45137712    
  0.44858178    
  0.44577783    
  0.44296607    
  0.44014731    
  0.43732229    
  0.43449166    
  0.43165612    
  0.42881629    
  0.42597270    
  0.42312592    
  0.42027646    
  0.41742483    
  0.41457146    
  0.41171682    
  0.40886131    
  0.40600529    
  0.40314919    
  0.40029329    
  0.39743793    
  0.39458343    
  0.39173013    
  0.38887823    
  0.38602805    
  0.38317981    
  0.38033375    
  0.37749010    
  0.37464908    
  0.37181085    
  0.36897567    
  0.36614364    
  0.36331496    
  0.36048982    
  0.35766831    
  0.35485062    
  0.35203689    
  0.34922722    
  0.34642172    
  0.34362054    
  0.34082380    
  0.33803153    
  0.33524391    
  0.33246097    
  0.32968283    
  0.32690954    
  0.32414120    
  0.32137787    
  0.31861961    
  0.31586653    
  0.31311864    
  0.31037599    
  0.30763867    
  0.30490673    
  0.30218017    
  0.29945904    
  0.29674342    
  0.29403335    
  0.29132882    
  0.28862986    
  0.28593653    
  0.28324887    
  0.28056687    
  0.27789056    
  0.27521998    
  0.27255514    
  0.26989606    
  0.26724273    
  0.26459518    
  0.26195344    
  0.25931749    
  0.25668737    
  0.25406307    
  0.25144458    
  0.24883196    
  0.24622516    
  0.24362421    
  0.24102910    
  0.23843984    
  0.23585643    
  0.23327887    
  0.23070714    
  0.22814126    
  0.22558123    
  0.22302702    
  0.22047864    
  0.21793608    
  0.21539934    
  0.21286842    
  0.21034329    
  0.20782396    
  0.20531042    
  0.20280266    
  0.20030065    
  0.19780441    
  0.19531392    
  0.19282915    
  0.19035012    
  0.18787678    
  0.18540916    
  0.18294720    
  0.18049094    
  0.17804033    
  0.17559537    
  0.17315604    
  0.17072232    
  0.16829422    
  0.16587169    
  0.16345476    
  0.16104336    
  0.15863751    
  0.15623720    
  0.15384239    
  0.15145309    
  0.14906926    
  0.14669089    
  0.14431797    
  0.14195049    
  0.13958842    
  0.13723174    
  0.13488044    
  0.13253452    
  0.13019392    
  0.12785867    
  0.12552872    
  0.12320407    
  0.12088470    
  0.11857059    
  0.11626172    
  0.11395807    
  0.11165963    
  0.10936638    
  0.10707830    
  0.10479537    
  0.10251759    
  0.10024492    
  9.79773477E-02
  9.57148597E-02
  9.34574381E-02
  9.12050679E-02
  8.89577195E-02
  8.67153853E-02
  8.44780430E-02
  8.22456852E-02
  8.00182745E-02
  7.77958110E-02
  7.55782649E-02
  7.33656362E-02
  7.11578876E-02
  6.89550042E-02
  6.67569786E-02
  6.45637810E-02
  6.23754002E-02
  6.01918250E-02
  5.80130257E-02
  5.58389984E-02
  5.36697134E-02
  5.15051596E-02
  4.93453182E-02
  4.71901633E-02
  4.50396910E-02
  4.28938791E-02
  4.07527126E-02
  3.86161655E-02
  3.64842452E-02
  3.43568958E-02
  3.22341323E-02
  3.01159173E-02
  2.80022584E-02
  2.58931145E-02
  2.37884820E-02
  2.16883328E-02
  1.95926484E-02
  1.75014529E-02
  1.54146822E-02
  1.33323325E-02
  1.12543963E-02
  9.18084476E-03
  7.11167185E-03
  5.04684867E-03
  2.98639433E-03
  9.30401729E-04
   3.1404710    
   3.1384234    
   3.1363802    
   3.1343412    
   3.1323066    
   3.1302760    
   3.1282496    
   3.1262276    
   3.1242096    
   3.1221960    
   3.1201863    
   3.1181810    
   3.1161797    
   3.1141825    
   3.1121893    
   3.1102002    
   3.1082153    
   3.1062343    
   3.1042573    
   3.1022844    
   3.1003156    
   3.0983508    
   3.0963898    
   3.0944328    
   3.0924799    
   3.0905309    
   3.0885856    
   3.0866444    
   3.0847070    
   3.0827737    
   3.0808439    
   3.0789182    
   3.0769963    
   3.0750780    
   3.0731637    
   3.0712533    
   3.0693464    
   3.0674436    
   3.0655444    
   3.0636487    
   3.0617571    
   3.0598688    
   3.0579846    
   3.0561039    
   3.0542269    
   3.0523534    
   3.0504837    
   3.0486176    
   3.0467553    
   3.0448964    
   3.0430412    
   3.0411894    
   3.0393412    
   3.0374968    
   3.0356557    
