   3.0272067    
   2.9799984    
   2.9438908    
   2.9135478    
   2.8868997    
   2.8628840    
   2.8408689    
   2.8204420    
   2.8013165    
   2.7832835    
   2.7661850    
   2.7498982    
   2.7343254    
   2.7193868    
   2.7050173    
   2.6911616    
   2.6777737    
   2.6648138    
   2.6522472    
   2.6400445    
   2.6281788    
   2.6166275    
   2.6053698    
   2.5943871    
   2.5836630    
   2.5731828    
   2.5629327    
   2.5529006    
   2.5430751    
   2.5334463    
   2.5240042    
   2.5147407    
   2.5056474    
   2.4967170    
   2.4879425    
   2.4793177    
   2.4708364    
   2.4624932    
   2.4542828    
   2.4462001    
   2.4382408    
   2.4304006    
   2.4226751    
   2.4150608    
   2.4075539    
   2.4001510    
   2.3928487    
   2.3856442    
   2.3785346    
   2.3715165    
   2.3645880    
   2.3577461    
   2.3509886    
   2.3443134    
   2.3377178    
   2.3312001    
   2.3247581    
   2.3183901    
   2.3120940    
   2.3058684    
   2.2997112    
   2.2936208    
   2.2875960    
   2.2816350    
   2.2757366    
   2.2698994    
   2.2641215    
   2.2584023    
   2.2527404    
   2.2471342    
   2.2415831    
   2.2360854    
   2.2306406    
   2.2252474    
   2.2199047    
   2.2146115    
   2.2093670    
   2.2041705    
   2.1990206    
   2.1939166    
   2.1888578    
   2.1838434    
   2.1788726    
   2.1739445    
   2.1690583    
   2.1642137    
   2.1594095    
   2.1546454    
   2.1499205    
   2.1452341    
   2.1405859    
   2.1359749    
   2.1314008    
   2.1268630    
   2.1223607    
   2.1178935    
   2.1134608    
   2.1090622    
   2.1046972    
   2.1003652    
   2.0960658    
   2.0917983    
   2.0875626    
   2.0833578    
   2.0791841    
   2.0750403    
   2.0709264    
   2.0668421    
   2.0627868    
   2.0587602    
   2.0547619    
   2.0507913    
   2.0468483    
   2.0429325    
   2.0390434    
   2.0351808    
   2.0313442    
   2.0275335    
   2.0237484    
   2.0199883    
   2.0162530    
   2.0125422    
   2.0088558    
   2.0051932    
   2.0015543    
   1.9979386    
   1.9943460    
   1.9907764    
   1.9872292    
   1.9837043    
   1.9802015    
   1.9767203    
   1.9732608    
   1.9698224    
   1.9664052    
   1.9630088    
   1.9596329    
   1.9562774    
   1.9529419    
   1.9496264    
   1.9463305    
   1.9430542    
   1.9397972    
   1.9365592    
   1.9333401    
   1.9301397    
   1.9269576    
   1.9237939    
   1.9206483    
   1.9175206    
   1.9144107    
   1.9113183    
   1.9082433    
   1.9051855    
   1.9021447    
   1.8991208    
   1.8961136    
   1.8931229    
   1.8901486    
   1.8871906    
   1.8842485    
   1.8813224    
   1.8784120    
   1.8755172    
   1.8726380    
   1.8697741    
   1.8669254    
   1.8640915    
   1.8612727    
   1.8584687    
   1.8556792    
   1.8529043    
   1.8501437    
   1.8473973    
   1.8446652    
   1.8419468    
   1.8392425    
   1.8365519    
   1.8338748    
   1.8312113    
   1.8285612    
   1.8259244    
   1.8233007    
   1.8206900    
   1.8180923    
   1.8155074    
   1.8129352    
   1.8103757    
   1.8078287    
   1.8052939    
   1.8027716    
   1.8002615    
   1.7977633    
   1.7952774    
   1.7928032    
   1.7903409    
   1.7878902    
   1.7854512    
   1.7830237    
   1.7806077    
   1.7782030    
   1.7758095    
   1.7734272    
   1.7710559    
   1.7686957    
   1.7663465    
   1.7640079    
   1.7616802    
   1.7593632    
   1.7570566    
   1.7547606    
   1.7524750    
   1.7501997    
   1.7479347    
   1.7456799    
   1.7434351    
   1.7412006    
   1.7389758    
   1.7367610    
   1.7345560    
   1.7323607    
   1.7301750    
   1.7279991    
   1.7258326    
   1.7236756    
   1.7215279    
   1.7193897    
   1.7172606    
   1.7151408    
   1.7130301    
   1.7109284    
   1.7088358    
   1.7067522    
   1.7046773    
   1.7026113    
   1.7005541    
   1.6985055    
   1.6964656    
   1.6944343    
   1.6924114    
   1.6903971    
   1.6883911    
   1.6863935    
   1.6844041    
   1.6824231    
   1.6804502    
   1.6784854    
   1.6765286    
   1.6745799    
   1.6726391    
   1.6707063    
   1.6687813    
   1.6668640    
   1.6649547    
   1.6630529    
   1.6611589    
   1.6592724    
   1.6573935    
   1.6555221    
   1.6536582    
   1.6518016    
   1.6499524    
   1.6481105    
   1.6462760    
   1.6444486    
   1.6426284    
   1.6408154    
   1.6390095    
   1.6372105    
   1.6354187    
   1.6336336    
   1.6318556    
   1.6300845    
   1.6283201    
   1.6265626    
   1.6248118    
   1.6230676    
   1.6213303    
   1.6195995    
   1.6178752    
   1.6161575    
   1.6144463    
   1.6127416    
   1.6110433    
   1.6093514    
   1.6076659    
   1.6059866    
   1.6043136    
   1.6026469    
   1.6009864    
   1.5993321    
   1.5976838    
   1.5960417    
   1.5944055    
   1.5927755    
   1.5911515    
   1.5895333    
   1.5879211    
   1.5863148    
   1.5847143    
