   3.0475585    
   3.0086489    
   2.9788198    
   2.9536960    
   2.9315815    
   2.9116066    
   2.8932543    
   2.8761880    
   2.8601732    
   2.8450398    
   2.8306589    
   2.8169305    
   2.8037748    
   2.7911274    
   2.7789352    
   2.7671535    
   2.7557447    
   2.7446766    
   2.7339213    
   2.7234550    
   2.7132559    
   2.7033060    
   2.6935880    
   2.6840875    
   2.6747913    
   2.6656868    
   2.6567638    
   2.6480122    
   2.6394229    
   2.6309879    
   2.6226995    
   2.6145506    
   2.6065352    
   2.5986471    
   2.5908806    
   2.5832312    
   2.5756936    
   2.5682635    
   2.5609367    
   2.5537097    
   2.5465784    
   2.5395393    
   2.5325897    
   2.5257261    
   2.5189459    
   2.5122461    
   2.5056245    
   2.4990783    
   2.4926054    
   2.4862037    
   2.4798708    
   2.4736052    
   2.4674044    
   2.4612670    
   2.4551914    
   2.4491756    
   2.4432182    
   2.4373176    
   2.4314728    
   2.4256818    
   2.4199436    
   2.4142568    
   2.4086206    
   2.4030333    
   2.3974941    
   2.3920016    
   2.3865552    
   2.3811536    
   2.3757958    
   2.3704810    
   2.3652084    
   2.3599770    
   2.3547859    
   2.3496344    
   2.3445215    
   2.3394468    
   2.3344095    
   2.3294086    
   2.3244438    
   2.3195140    
   2.3146191    
   2.3097577    
   2.3049300    
   2.3001351    
   2.2953722    
   2.2906411    
   2.2859411    
   2.2812717    
   2.2766323    
   2.2720225    
   2.2674420    
   2.2628899    
   2.2583661    
   2.2538700    
   2.2494011    
   2.2449591    
   2.2405438    
   2.2361543    
   2.2317908    
   2.2274523    
   2.2231390    
   2.2188501    
   2.2145855    
   2.2103448    
   2.2061276    
   2.2019336    
   2.1977625    
   2.1936140    
   2.1894879    
   2.1853836    
   2.1813011    
   2.1772399    
   2.1731999    
   2.1691809    
   2.1651821    
   2.1612039    
   2.1572456    
   2.1533072    
   2.1493886    
   2.1454890    
   2.1416085    
   2.1377470    
   2.1339040    
   2.1300795    
   2.1262732    
   2.1224849    
   2.1187141    
   2.1149611    
   2.1112256    
   2.1075070    
   2.1038055    
   2.1001208    
   2.0964525    
   2.0928009    
   2.0891652    
   2.0855458    
   2.0819423    
   2.0783544    
   2.0747821    
   2.0712252    
   2.0676835    
   2.0641568    
   2.0606451    
   2.0571480    
   2.0536656    
   2.0501976    
   2.0467441    
   2.0433047    
   2.0398791    
   2.0364676    
   2.0330698    
   2.0296857    
   2.0263150    
   2.0229576    
   2.0196135    
   2.0162826    
   2.0129645    
   2.0096593    
   2.0063667    
   2.0030870    
   1.9998196    
   1.9965646    
   1.9933220    
   1.9900916    
   1.9868731    
   1.9836667    
   1.9804720    
   1.9772891    
   1.9741178    
   1.9709580    
   1.9678097    
   1.9646727    
   1.9615470    
   1.9584324    
   1.9553288    
   1.9522363    
   1.9491545    
   1.9460835    
   1.9430233    
   1.9399736    
   1.9369344    
   1.9339056    
   1.9308872    
   1.9278791    
   1.9248811    
   1.9218931    
   1.9189153    
   1.9159473    
   1.9129891    
   1.9100407    
   1.9071021    
   1.9041731    
   1.9012537    
   1.8983437    
   1.8954431    
   1.8925518    
   1.8896698    
   1.8867970    
   1.8839333    
   1.8810786    
   1.8782330    
   1.8753963    
   1.8725684    
   1.8697493    
   1.8669389    
   1.8641373    
   1.8613442    
   1.8585596    
   1.8557836    
   1.8530159    
   1.8502567    
   1.8475057    
   1.8447629    
   1.8420284    
   1.8393019    
   1.8365835    
   1.8338732    
   1.8311708    
   1.8284763    
   1.8257897    
   1.8231108    
   1.8204398    
   1.8177763    
   1.8151206    
   1.8124725    
   1.8098319    
   1.8071988    
   1.8045731    
   1.8019547    
   1.7993438    
   1.7967402    
   1.7941438    
   1.7915547    
   1.7889726    
   1.7863978    
   1.7838299    
   1.7812691    
   1.7787153    
   1.7761683    
   1.7736284    
   1.7710953    
   1.7685689    
   1.7660493    
   1.7635365    
   1.7610302    
   1.7585307    
   1.7560377    
   1.7535514    
   1.7510716    
   1.7485981    
   1.7461312    
   1.7436707    
   1.7412165    
   1.7387687    
   1.7363272    
   1.7338918    
   1.7314627    
   1.7290399    
   1.7266231    
   1.7242125    
   1.7218080    
   1.7194093    
   1.7170168    
   1.7146304    
   1.7122498    
   1.7098750    
   1.7075062    
   1.7051431    
   1.7027860    
   1.7004344    
   1.6980888    
   1.6957488    
   1.6934146    
   1.6910858    
   1.6887628    
   1.6864454    
   1.6841334    
   1.6818269    
   1.6795261    
   1.6772307    
   1.6749407    
   1.6726561    
   1.6703768    
   1.6681030    
   1.6658343    
   1.6635711    
   1.6613131    
   1.6590602    
   1.6568127    
   1.6545703    
   1.6523330    
   1.6501009    
   1.6478739    
   1.6456519    
   1.6434350    
   1.6412232    
   1.6390163    
   1.6368144    
   1.6346173    
   1.6324253    
