   3.0060561    
   2.9500365    
   2.9071338    
   2.8710337    
   2.8392889    
   2.8106434    
   2.7843506    
   2.7599235    
   2.7370238    
   2.7154047    
   2.6948802    
   2.6753056    
   2.6565652    
   2.6385660    
   2.6212304    
   2.6044943    
   2.5883029    
   2.5726094    
   2.5573738    
   2.5425606    
   2.5281394    
   2.5140827    
   2.5003662    
   2.4869690    
   2.4738710    
   2.4610553    
   2.4485059    
   2.4362082    
   2.4241495    
   2.4123175    
   2.4007015    
   2.3892910    
   2.3780770    
   2.3670504    
   2.3562038    
   2.3455291    
   2.3350198    
   2.3246691    
   2.3144712    
   2.3044202    
   2.2945108    
   2.2847381    
   2.2750971    
   2.2655835    
   2.2561934    
   2.2469223    
   2.2377665    
   2.2287228    
   2.2197876    
   2.2109575    
   2.2022297    
   2.1936014    
   2.1850693    
   2.1766312    
   2.1682844    
   2.1600266    
   2.1518555    
   2.1437685    
   2.1357641    
   2.1278398    
   2.1199939    
   2.1122243    
   2.1045296    
   2.0969076    
   2.0893571    
   2.0818760    
   2.0744631    
   2.0671170    
   2.0598361    
   2.0526190    
   2.0454643    
   2.0383711    
   2.0313377    
   2.0243630    
   2.0174463    
   2.0105858    
   2.0037808    
   1.9970301    
   1.9903330    
   1.9836881    
   1.9770947    
   1.9705517    
   1.9640584    
   1.9576137    
   1.9512169    
   1.9448673    
   1.9385638    
   1.9323058    
   1.9260925    
   1.9199233    
   1.9137973    
   1.9077138    
   1.9016722    
   1.8956718    
   1.8897121    
   1.8837923    
   1.8779119    
   1.8720702    
   1.8662667    
   1.8605008    
   1.8547719    
   1.8490796    
   1.8434232    
   1.8378023    
   1.8322165    
   1.8266650    
   1.8211477    
   1.8156638    
   1.8102130    
   1.8047948    
   1.7994089    
   1.7940546    
   1.7887318    
   1.7834399    
   1.7781786    
   1.7729473    
   1.7677459    
   1.7625738    
   1.7574308    
   1.7523165    
   1.7472304    
   1.7421722    
   1.7371417    
   1.7321386    
   1.7271624    
   1.7222128    
   1.7172896    
   1.7123923    
   1.7075207    
   1.7026746    
   1.6978537    
   1.6930577    
   1.6882861    
   1.6835388    
   1.6788156    
   1.6741161    
   1.6694403    
   1.6647875    
   1.6601578    
   1.6555508    
   1.6509664    
   1.6464043    
   1.6418641    
   1.6373458    
   1.6328490    
   1.6283736    
   1.6239194    
   1.6194860    
   1.6150733    
   1.6106813    
   1.6063094    
   1.6019577    
   1.5976259    
   1.5933138    
   1.5890212    
   1.5847479    
   1.5804937    
   1.5762585    
   1.5720421    
   1.5678444    
   1.5636650    
   1.5595038    
   1.5553608    
   1.5512357    
   1.5471283    
   1.5430385    
   1.5389662    
   1.5349110    
   1.5308732    
   1.5268521    
   1.5228480    
   1.5188605    
   1.5148895    
   1.5109348    
   1.5069965    
   1.5030742    
   1.4991678    
   1.4952773    
   1.4914025    
   1.4875432    
   1.4836994    
   1.4798708    
   1.4760574    
   1.4722590    
   1.4684757    
   1.4647070    
   1.4609531    
   1.4572136    
   1.4534887    
   1.4497780    
   1.4460815    
   1.4423991    
   1.4387308    
   1.4350764    
   1.4314356    
   1.4278085    
   1.4241949    
   1.4205948    
   1.4170080    
   1.4134345    
   1.4098741    
   1.4063268    
   1.4027923    
   1.3992708    
   1.3957620    
   1.3922658    
   1.3887821    
   1.3853110    
   1.3818521    
   1.3784057    
   1.3749714    
   1.3715491    
   1.3681389    
   1.3647406    
   1.3613542    
   1.3579795    
   1.3546165    
   1.3512651    
   1.3479252    
   1.3445967    
   1.3412796    
   1.3379737    
   1.3346791    
   1.3313955    
   1.3281230    
   1.3248614    
   1.3216108    
   1.3183709    
   1.3151418    
   1.3119234    
   1.3087156    
   1.3055182    
   1.3023313    
   1.2991549    
   1.2959887    
   1.2928327    
   1.2896870    
   1.2865515    
   1.2834258    
   1.2803103    
   1.2772046    
   1.2741088    
   1.2710228    
   1.2679465    
   1.2648798    
   1.2618228    
   1.2587754    
   1.2557374    
   1.2527089    
   1.2496897    
   1.2466798    
   1.2436792    
   1.2406877    
   1.2377055    
   1.2347323    
   1.2317680    
   1.2288128    
   1.2258666    
   1.2229291    
   1.2200005    
   1.2170806    
   1.2141695    
   1.2112670    
   1.2083731    
   1.2054877    
   1.2026109    
   1.1997424    
   1.1968824    
   1.1940308    
   1.1911874    
   1.1883522    
   1.1855254    
   1.1827066    
   1.1798960    
   1.1770934    
   1.1742989    
   1.1715124    
   1.1687337    
   1.1659629    
   1.1632000    
   1.1604449    
   1.1576974    
   1.1549578    
   1.1522257    
   1.1495014    
   1.1467845    
   1.1440753    
   1.1413735    
   1.1386793    
   1.1359923    
   1.1333128    
   1.1306406    
   1.1279757    
   1.1253181    
   1.1226677    
   1.1200244    
   1.1173882    
   1.1147593    
   1.1121373    
   1.1095225    
