   3.0651722    
   3.0335195    
   3.0092332    
   2.9887600    
   2.9707236    
   2.9544187    
   2.9394257    
   2.9254715    
   2.9123664    
   2.8999720    
   2.8881841    
   2.8769219    
   2.8661206    
   2.8557284    
   2.8457017    
   2.8360050    
   2.8266075    
   2.8174834    
   2.8086102    
   2.7999685    
   2.7915409    
   2.7833123    
   2.7752695    
   2.7674005    
   2.7596946    
   2.7521420    
   2.7447340    
   2.7374630    
   2.7303212    
   2.7233021    
   2.7164001    
   2.7096090    
   2.7029243    
   2.6963406    
   2.6898537    
   2.6834598    
   2.6771545    
   2.6709349    
   2.6647971    
   2.6587384    
   2.6527555    
   2.6468461    
   2.6410072    
   2.6352365    
   2.6295319    
   2.6238911    
   2.6183119    
   2.6127925    
   2.6073308    
   2.6019256    
   2.5965748    
   2.5912769    
   2.5860305    
   2.5808339    
   2.5756862    
   2.5705857    
   2.5655313    
   2.5605216    
   2.5555558    
   2.5506325    
   2.5457509    
   2.5409098    
   2.5361083    
   2.5313456    
   2.5266206    
   2.5219326    
   2.5172806    
   2.5126638    
   2.5080819    
   2.5035336    
   2.4990184    
   2.4945357    
   2.4900846    
   2.4856648    
   2.4812753    
   2.4769158    
   2.4725854    
   2.4682841    
   2.4640107    
   2.4597652    
   2.4555469    
   2.4513552    
   2.4471896    
   2.4430499    
   2.4389353    
   2.4348457    
   2.4307804    
   2.4267392    
   2.4227219    
   2.4187274    
   2.4147558    
   2.4108069    
   2.4068801    
   2.4029748    
   2.3990912    
   2.3952286    
   2.3913870    
   2.3875656    
   2.3837645    
   2.3799832    
   2.3762214    
   2.3724790    
   2.3687556    
   2.3650510    
   2.3613648    
   2.3576970    
   2.3540468    
   2.3504148    
   2.3467999    
   2.3432026    
   2.3396220    
   2.3360584    
   2.3325114    
   2.3289807    
   2.3254662    
   2.3219676    
   2.3184848    
   2.3150175    
   2.3115656    
   2.3081288    
   2.3047071    
   2.3013003    
   2.2979081    
   2.2945302    
   2.2911668    
   2.2878175    
   2.2844820    
   2.2811606    
   2.2778525    
   2.2745583    
   2.2712772    
   2.2680092    
   2.2647545    
   2.2615125    
   2.2582834    
   2.2550671    
   2.2518630    
   2.2486715    
   2.2454920    
   2.2423248    
   2.2391696    
   2.2360263    
   2.2328947    
   2.2297745    
   2.2266660    
   2.2235689    
   2.2204831    
   2.2174084    
   2.2143447    
   2.2112923    
   2.2082503    
   2.2052193    
   2.2021990    
   2.1991892    
   2.1961896    
   2.1932006    
   2.1902218    
   2.1872530    
   2.1842945    
   2.1813459    
   2.1784072    
   2.1754782    
   2.1725590    
   2.1696494    
   2.1667492    
   2.1638587    
   2.1609774    
   2.1581056    
   2.1552427    
   2.1523893    
   2.1495447    
   2.1467090    
   2.1438825    
   2.1410646    
   2.1382556    
   2.1354551    
   2.1326635    
   2.1298802    
   2.1271055    
   2.1243391    
   2.1215813    
   2.1188316    
   2.1160901    
   2.1133566    
   2.1106315    
   2.1079142    
   2.1052051    
   2.1025035    
   2.0998101    
   2.0971243    
   2.0944462    
   2.0917759    
   2.0891132    
   2.0864580    
   2.0838103    
   2.0811701    
   2.0785370    
   2.0759115    
   2.0732932    
   2.0706823    
   2.0680783    
   2.0654817    
   2.0628920    
   2.0603092    
   2.0577335    
   2.0551648    
   2.0526030    
   2.0500479    
   2.0474997    
   2.0449581    
   2.0424232    
   2.0398951    
   2.0373735    
   2.0348585    
   2.0323498    
   2.0298479    
   2.0273523    
   2.0248630    
   2.0223801    
   2.0199037    
   2.0174332    
   2.0149691    
   2.0125113    
   2.0100594    
   2.0076137    
   2.0051742    
   2.0027406    
   2.0003130    
   1.9978913    
   1.9954756    
   1.9930657    
   1.9906617    
   1.9882635    
   1.9858711    
   1.9834844    
   1.9811034    
   1.9787281    
   1.9763584    
   1.9739943    
   1.9716357    
   1.9692827    
   1.9669353    
   1.9645932    
   1.9622566    
   1.9599254    
   1.9575996    
   1.9552791    
   1.9529639    
   1.9506540    
   1.9483494    
   1.9460500    
   1.9437557    
   1.9414667    
   1.9391828    
   1.9369040    
   1.9346302    
   1.9323615    
   1.9300978    
   1.9278392    
   1.9255854    
   1.9233366    
   1.9210927    
   1.9188538    
   1.9166197    
   1.9143903    
   1.9121659    
   1.9099461    
   1.9077312    
   1.9055209    
   1.9033154    
   1.9011146    
   1.8989184    
   1.8967268    
   1.8945400    
   1.8923576    
   1.8901798    
   1.8880066    
   1.8858378    
   1.8836735    
   1.8815137    
   1.8793584    
   1.8772075    
   1.8750609    
   1.8729188    
   1.8707811    
   1.8686476    
   1.8665185    
   1.8643937    
   1.8622731    
   1.8601568    
   1.8580447    
   1.8559369    
   1.8538332    
   1.8517337    
   1.8496383    
   1.8475471    
   1.8454599    
   1.8433769    
   1.8412980    
   1.8392230    
