  0.36591184    
  0.47848436    
  0.54702669    
  0.59386832    
  0.62777746    
  0.65318304    
  0.67263722    
  0.68773937    
  0.69955271    
  0.70881617    
  0.71606141    
  0.72168201    
  0.72597593    
  0.72917348    
  0.73145539    
  0.73296589    
  0.73382127    
  0.73411644    
  0.73392975    
  0.73332626    
  0.73236060    
  0.73107886    
  0.72952026    
  0.72771829    
  0.72570181    
  0.72349578    
  0.72112185    
  0.71859878    
  0.71594328    
  0.71316981    
  0.71029115    
  0.70731872    
  0.70426250    
  0.70113152    
  0.69793379    
  0.69467640    
  0.69136578    
  0.68800765    
  0.68460733    
  0.68116939    
  0.67769808    
  0.67419726    
  0.67067033    
  0.66712052    
  0.66355067    
  0.65996337    
  0.65636098    
  0.65274572    
  0.64911956    
  0.64548427    
  0.64184153    
  0.63819289    
  0.63453966    
  0.63088322    
  0.62722468    
  0.62356514    
  0.61990553    
  0.61624688    
  0.61258990    
  0.60893542    
  0.60528415    
  0.60163677    
  0.59799379    
  0.59435582    
  0.59072334    
  0.58709681    
  0.58347672    
  0.57986343    
  0.57625735    
  0.57265866    
  0.56906784    
  0.56548506    
  0.56191069    
  0.55834484    
  0.55478776    
  0.55123973    
  0.54770082    
  0.54417121    
  0.54065114    
  0.53714067    
  0.53363997    
  0.53014904    
  0.52666813    
  0.52319717    
  0.51973641    
  0.51628578    
  0.51284540    
  0.50941533    
  0.50599557    
  0.50258625    
  0.49918726    
  0.49579877    
  0.49242073    
  0.48905316    
  0.48569608    
  0.48234949    
  0.47901338    
  0.47568780    
  0.47237271    
  0.46906808    
  0.46577394    
  0.46249026    
  0.45921701    
  0.45595419    
  0.45270175    
  0.44945970    
  0.44622800    
  0.44300660    
  0.43979549    
  0.43659467    
  0.43340403    
  0.43022361    
  0.42705333    
  0.42389318    
  0.42074311    
  0.41760305    
  0.41447303    
  0.41135293    
  0.40824276    
  0.40514249    
  0.40205202    
  0.39897132    
  0.39590040    
  0.39283916    
  0.38978758    
  0.38674560    
  0.38371319    
  0.38069028    
  0.37767684    
  0.37467283    
  0.37167817    
  0.36869287    
  0.36571681    
  0.36275002    
  0.35979241    
  0.35684392    
  0.35390452    
  0.35097417    
  0.34805280    
  0.34514040    
  0.34223688    
  0.33934221    
  0.33645636    
  0.33357924    
  0.33071086    
  0.32785112    
  0.32500002    
  0.32215747    
  0.31932342    
  0.31649789    
  0.31368077    
  0.31087205    
  0.30807164    
  0.30527952    
  0.30249569    
  0.29972002    
  0.29695252    
  0.29419315    
  0.29144183    
  0.28869852    
  0.28596321    
  0.28323582    
  0.28051633    
  0.27780467    
  0.27510086    
  0.27240476    
  0.26971641    
  0.26703572    
  0.26436269    
  0.26169723    
  0.25903934    
  0.25638896    
  0.25374603    
  0.25111055    
  0.24848247    
  0.24586171    
  0.24324827    
  0.24064210    
  0.23804316    
  0.23545142    
  0.23286682    
  0.23028933    
  0.22771892    
  0.22515555    
  0.22259918    
  0.22004977    
  0.21750727    
  0.21497168    
  0.21244293    
  0.20992100    
  0.20740585    
  0.20489743    
  0.20239572    
  0.19990069    
  0.19741230    
  0.19493049    
  0.19245528    
  0.18998657    
  0.18752438    
  0.18506864    
  0.18261935    
  0.18017644    
  0.17773990    
  0.17530969    
  0.17288578    
  0.17046814    
  0.16805673    
  0.16565153    
  0.16325249    
  0.16085960    
  0.15847281    
  0.15609209    
  0.15371743    
  0.15134878    
  0.14898613    
  0.14662942    
  0.14427863    
  0.14193375    
  0.13959473    
  0.13726155    
  0.13493419    
  0.13261259    
  0.13029674    
  0.12798662    
  0.12568220    
  0.12338344    
  0.12109032    
  0.11880281    
  0.11652089    
  0.11424452    
  0.11197369    
  0.10970835    
  0.10744850    
  0.10519409    
  0.10294510    
  0.10070152    
  9.84633043E-02
  9.62304398E-02
  9.40028951E-02
  9.17806476E-02
  8.95636678E-02
  8.73519406E-02
  8.51454362E-02
  8.29441175E-02
  8.07479769E-02
  7.85569921E-02
  7.63711259E-02
  7.41903633E-02
  7.20146671E-02
  6.98440298E-02
  6.76784292E-02
  6.55178353E-02
  6.33622184E-02
  6.12115711E-02
  5.90658560E-02
  5.69250621E-02
  5.47891632E-02
  5.26581295E-02
  5.05319498E-02
  4.84105982E-02
  4.62940447E-02
  4.41822894E-02
  4.20752838E-02
  3.99730280E-02
  3.78754959E-02
  3.57826576E-02
  3.36944982E-02
  3.16109918E-02
  2.95321234E-02
  2.74578836E-02
  2.53882315E-02
  2.33231671E-02
  2.12626401E-02
  1.92066748E-02
  1.71552133E-02
  1.51082575E-02
  1.30657619E-02
  1.10277254E-02
  8.99413601E-03
  6.96501508E-03
  4.94019408E-03
  2.91984947E-03
  9.03926324E-04
   3.1404846    
   3.1384773    
   3.1364744    
   3.1344757    
   3.1324811    
   3.1304910    
   3.1285050    
   3.1265233    
   3.1245458    
   3.1225724    
   3.1206031    
   3.1186380    
   3.1166770    
   3.1147203    
   3.1127677    
   3.1108191    
   3.1088746    
