  7.44851455E-02
  0.10320620    
  0.12387558    
  0.14021556    
  0.15370692    
  0.16512844    
  0.17495391    
  0.18349902    
  0.19098771    
  0.19758621    
  0.20342228    
  0.20859678    
  0.21319118    
  0.21727236    
  0.22089615    
  0.22410969    
  0.22695327    
  0.22946157    
  0.23166476    
  0.23358926    
  0.23525833    
  0.23669256    
  0.23791036    
  0.23892811    
  0.23976061    
  0.24042116    
  0.24092181    
  0.24127352    
  0.24148625    
  0.24156913    
  0.24153048    
  0.24137796    
  0.24111864    
  0.24075899    
  0.24030501    
  0.23976226    
  0.23913589    
  0.23843069    
  0.23765109    
  0.23680124    
  0.23588501    
  0.23490599    
  0.23386757    
  0.23277290    
  0.23162496    
  0.23042651    
  0.22918016    
  0.22788838    
  0.22655347    
  0.22517760    
  0.22376284    
  0.22231111    
  0.22082426    
  0.21930400    
  0.21775196    
  0.21616973    
  0.21455874    
  0.21292037    
  0.21125597    
  0.20956679    
  0.20785400    
  0.20611873    
  0.20436208    
  0.20258506    
  0.20078862    
  0.19897372    
  0.19714122    
  0.19529197    
  0.19342677    
  0.19154640    
  0.18965156    
  0.18774298    
  0.18582131    
  0.18388720    
  0.18194124    
  0.17998403    
  0.17801611    
  0.17603804    
  0.17405030    
  0.17205341    
  0.17004783    
  0.16803400    
  0.16601235    
  0.16398330    
  0.16194725    
  0.15990457    
  0.15785564    
  0.15580080    
  0.15374039    
  0.15167472    
  0.14960413    
  0.14752889    
  0.14544930    
  0.14336564    
  0.14127816    
  0.13918713    
  0.13709278    
  0.13499537    
  0.13289511    
  0.13079222    
  0.12868692    
  0.12657940    
  0.12446986    
  0.12235849    
  0.12024547    
  0.11813098    
  0.11601518    
  0.11389823    
  0.11178030    
  0.10966153    
  0.10754207    
  0.10542205    
  0.10330161    
  0.10118089    
  9.90600064E-02
  9.69390795E-02
  9.48182344E-02
  9.26975757E-02
  9.05772150E-02
  8.84572491E-02
  8.63377973E-02
  8.42189342E-02
  8.21007788E-02
  7.99834058E-02
  7.78669044E-02
  7.57513642E-02
  7.36368597E-02
  7.15234727E-02
  6.94112852E-02
  6.73003644E-02
  6.51907846E-02
  6.30826131E-02
  6.09759092E-02
  5.88707514E-02
  5.67671917E-02
  5.46652861E-02
  5.25650941E-02
  5.04666790E-02
  4.83700894E-02
  4.62753810E-02
  4.41825874E-02
  4.20917720E-02
  4.00029756E-02
  3.79162431E-02
  3.58316116E-02
  3.37491296E-02
  3.16688418E-02
  2.95907836E-02
  2.75149867E-02
  2.54414976E-02
  2.33703349E-02
  2.13015229E-02
  1.92351416E-02
  1.71711873E-02
  1.51096834E-02
  1.30506558E-02
  1.09941410E-02
  8.94018635E-03
  6.88880403E-03
  4.83998610E-03
  2.79381638E-03
  7.50346226E-04
   3.1403022    
   3.1382639    
   3.1362286    
   3.1341956    
   3.1321657    
   3.1301384    
   3.1281137    
   3.1260922    
   3.1240733    
   3.1220572    
   3.1200440    
   3.1180336    
   3.1160259    
   3.1140213    
   3.1120195    
   3.1100206    
   3.1080248    
   3.1060317    
   3.1040416    
   3.1020546    
   3.1000702    
   3.0980890    
   3.0961108    
   3.0941353    
   3.0921631    
   3.0901937    
   3.0882273    
   3.0862639    
   3.0843036    
   3.0823462    
   3.0803919    
   3.0784404    
   3.0764921    
   3.0745468    
   3.0726047    
   3.0706654    
   3.0687292    
   3.0667961    
   3.0648658    
   3.0629387    
   3.0610147    
   3.0590937    
   3.0571759    
   3.0552609    
   3.0533490    
   3.0514402    
   3.0495343    
   3.0476317    
   3.0457320    
   3.0438354    
   3.0419419    
   3.0400512    
   3.0381639    
   3.0362794    
   3.0343978    
   3.0325196    
   3.0306442    
   3.0287719    
   3.0269027    
   3.0250366    
   3.0231733    
   3.0213132    
   3.0194559    
   3.0176020    
   3.0157509    
   3.0139027    
   3.0120575    
   3.0102155    
   3.0083766    
   3.0065405    
   3.0047076    
   3.0028775    
   3.0010505    
   2.9992263    
   2.9974053    
   2.9955871    
   2.9937720    
   2.9919600    
   2.9901509    
   2.9883447    
   2.9865415    
   2.9847412    
   2.9829438    
   2.9811494    
   2.9793580    
   2.9775696    
   2.9757841    
   2.9740014    
   2.9722216    
   2.9704449    
   2.9686711    
   2.9669001    
   2.9651320    
   2.9633670    
   2.9616046    
   2.9598453    
   2.9580889    
   2.9563353    
   2.9545846    
   2.9528368    
   2.9510918    
   2.9493496    
   2.9476104    
   2.9458737    
   2.9441402    
   2.9424095    
   2.9406815    
   2.9389565    
   2.9372342    
   2.9355147    
   2.9337978    
   2.9320841    
   2.9303730    
   2.9286647    
   2.9269593    
   2.9252565    
   2.9235566    
   2.9218593    
   2.9201648    
   2.9184732    
   2.9167843    
   2.9150980    
   2.9134145    
   2.9117339    
   2.9100559    
   2.9083805    
   2.9067080    
   2.9050381    
   2.9033709    
   2.9017065    
   2.9000447    
   2.8983855    
   2.8967292    
   2.8950753    
   2.8934243    
   2.8917758    
   2.8901300    
   2.8884869    
