   2.7599211    
   2.6127357    
   2.5060647    
   2.4206645    
   2.3488972    
   2.2867742    
   2.2318964    
   2.1826875    
   2.1380482    
   2.0971766    
   2.0594680    
   2.0244541    
   1.9917645    
   1.9611002    
   1.9322168    
   1.9049114    
   1.8790144    
   1.8543814    
   1.8308898    
   1.8084333    
   1.7869202    
   1.7662702    
   1.7464126    
   1.7272856    
   1.7088337    
   1.6910079    
   1.6737640    
   1.6570624    
   1.6408677    
   1.6251475    
   1.6098723    
   1.5950158    
   1.5805534    
   1.5664630    
   1.5527240    
   1.5393176    
   1.5262266    
   1.5134350    
   1.5009279    
   1.4886917    
   1.4767134    
   1.4649813    
   1.4534843    
   1.4422120    
   1.4311548    
   1.4203037    
   1.4096502    
   1.3991864    
   1.3889046    
   1.3787979    
   1.3688596    
   1.3590837    
   1.3494638    
   1.3399947    
   1.3306710    
   1.3214877    
   1.3124399    
   1.3035232    
   1.2947334    
   1.2860663    
   1.2775180    
   1.2690849    
   1.2607635    
   1.2525504    
   1.2444423    
   1.2364362    
   1.2285293    
   1.2207186    
   1.2130016    
   1.2053757    
   1.1978383    
   1.1903871    
   1.1830200    
   1.1757346    
   1.1685290    
   1.1614012    
   1.1543491    
   1.1473709    
   1.1404649    
   1.1336293    
   1.1268625    
   1.1201630    
   1.1135290    
   1.1069592    
   1.1004522    
   1.0940064    
   1.0876207    
   1.0812938    
   1.0750242    
   1.0688111    
   1.0626529    
   1.0565487    
   1.0504974    
   1.0444980    
   1.0385493    
   1.0326504    
   1.0268003    
   1.0209981    
   1.0152429    
   1.0095339    
   1.0038700    
  0.99825054    
  0.99267471    
  0.98714167    
  0.98165071    
  0.97620106    
  0.97079206    
  0.96542293    
  0.96009296    
  0.95480162    
  0.94954813    
  0.94433194    
  0.93915242    
  0.93400902    
  0.92890102    
  0.92382795    
  0.91878927    
  0.91378444    
  0.90881288    
  0.90387416    
  0.89896768    
  0.89409298    
  0.88924962    
  0.88443714    
  0.87965506    
  0.87490296    
  0.87018037    
  0.86548692    
  0.86082208    
  0.85618562    
  0.85157698    
  0.84699589    
  0.84244186    
  0.83791465    
  0.83341378    
  0.82893896    
  0.82448989    
  0.82006609    
  0.81566733    
  0.81129330    
  0.80694366    
  0.80261803    
  0.79831618    
  0.79403776    
  0.78978252    
  0.78555018    
  0.78134042    
  0.77715296    
  0.77298754    
  0.76884395    
  0.76472187    
  0.76062101    
  0.75654119    
  0.75248218    
  0.74844360    
  0.74442536    
  0.74042720    
  0.73644882    
  0.73249012    
  0.72855073    
  0.72463053    
  0.72072929    
  0.71684676    
  0.71298283    
  0.70913720    
  0.70530975    
  0.70150024    
  0.69770843    
  0.69393420    
  0.69017738    
  0.68643779    
  0.68271518    
  0.67900944    
  0.67532039    
  0.67164785    
  0.66799158    
  0.66435152    
  0.66072750    
  0.65711933    
  0.65352684    
  0.64994991    
  0.64638835    
  0.64284205    
  0.63931084    
  0.63579458    
  0.63229316    
  0.62880641    
  0.62533414    
  0.62187630    
  0.61843270    
  0.61500329    
  0.61158782    
  0.60818624    
  0.60479838    
  0.60142416    
  0.59806347    
  0.59471613    
  0.59138203    
  0.58806109    
  0.58475322    
  0.58145821    
  0.57817602    
  0.57490647    
  0.57164955    
  0.56840515    
  0.56517303    
  0.56195325    
  0.55874556    
  0.55554998    
  0.55236632    
  0.54919451    
  0.54603451    
  0.54288614    
  0.53974932    
  0.53662401    
  0.53351009    
  0.53040743    
  0.52731597    
  0.52423567    
  0.52116632    
  0.51810795    
  0.51506042    
  0.51202369    
  0.50899762    
  0.50598210    
  0.50297719    
  0.49998266    
  0.49699849    
  0.49402460    
  0.49106091    
  0.48810735    
  0.48516387    
  0.48223034    
  0.47930670    
  0.47639289    
  0.47348887    
  0.47059450    
  0.46770975    
  0.46483454    
  0.46196884    
  0.45911252    
  0.45626554    
  0.45342785    
  0.45059937    
  0.44778001    
  0.44496977    
  0.44216850    
  0.43937624    
  0.43659285    
  0.43381828    
  0.43105248    
  0.42829540    
  0.42554697    
  0.42280713    
  0.42007580    
  0.41735300    
  0.41463858    
  0.41193256    
  0.40923482    
  0.40654534    
  0.40386409    
  0.40119097    
  0.39852592    
  0.39586893    
  0.39321992    
  0.39057887    
  0.38794568    
  0.38532037    
  0.38270280    
  0.38009298    
  0.37749085    
  0.37489638    
  0.37230948    
  0.36973014    
  0.36715829    
  0.36459389    
  0.36203688    
  0.35948727    
  0.35694495    
  0.35440990    
  0.35188207    
  0.34936145    
  0.34684795    
  0.34434155    
  0.34184220    
  0.33934990    
  0.33686453    
  0.33438608    
  0.33191454    
  0.32944986    
  0.32699198    
  0.32454085    
  0.32209647    
  0.31965879    
  0.31722772    
  0.31480330    
  0.31238544    
  0.30997413    
  0.30756932    
  0.30517098    
