  0.35670361    
  0.46756011    
  0.53550309    
  0.58218229    
  0.61612970    
  0.64167202    
  0.66131163    
  0.67662185    
  0.68865180    
  0.69813251    
  0.70559126    
  0.71141917    
  0.71591294    
  0.71930230    
  0.72176784    
  0.72345394    
  0.72447705    
  0.72493255    
  0.72489899    
  0.72444189    
  0.72361624    
  0.72246855    
  0.72103828    
  0.71935940    
  0.71746099    
  0.71536833    
  0.71310335    
  0.71068513    
  0.70813048    
  0.70545417    
  0.70266920    
  0.69978714    
  0.69681817    
  0.69377154    
  0.69065529    
  0.68747681    
  0.68424255    
  0.68095845    
  0.67762977    
  0.67426139    
  0.67085761    
  0.66742229    
  0.66395903    
  0.66047108    
  0.65696138    
  0.65343267    
  0.64988726    
  0.64632750    
  0.64275539    
  0.63917279    
  0.63558143    
  0.63198286    
  0.62837857    
  0.62476987    
  0.62115794    
  0.61754394    
  0.61392885    
  0.61031365    
  0.60669923    
  0.60308641    
  0.59947586    
  0.59586829    
  0.59226429    
  0.58866453    
  0.58506948    
  0.58147967    
  0.57789552    
  0.57431746    
  0.57074589    
  0.56718117    
  0.56362355    
  0.56007344    
  0.55653107    
  0.55299664    
  0.54947048    
  0.54595274    
  0.54244363    
  0.53894335    
  0.53545201    
  0.53196979    
  0.52849686    
  0.52503330    
  0.52157927    
  0.51813477    
  0.51470000    
  0.51127499    
  0.50785977    
  0.50445449    
  0.50105917    
  0.49767387    
  0.49429858    
  0.49093339    
  0.48757830    
  0.48423338    
  0.48089859    
  0.47757396    
  0.47425953    
  0.47095528    
  0.46766123    
  0.46437737    
  0.46110368    
  0.45784017    
  0.45458683    
  0.45134366    
  0.44811061    
  0.44488767    
  0.44167483    
  0.43847206    
  0.43527934    
  0.43209663    
  0.42892393    
  0.42576116    
  0.42260838    
  0.41946545    
  0.41633239    
  0.41320920    
  0.41009578    
  0.40699211    
  0.40389815    
  0.40081391    
  0.39773929    
  0.39467427    
  0.39161879    
  0.38857287    
  0.38553640    
  0.38250938    
  0.37949175    
  0.37648344    
  0.37348446    
  0.37049475    
  0.36751425    
  0.36454290    
  0.36158070    
  0.35862759    
  0.35568351    
  0.35274842    
  0.34982228    
  0.34690502    
  0.34399664    
  0.34109709    
  0.33820629    
  0.33532420    
  0.33245081    
  0.32958603    
  0.32672986    
  0.32388222    
  0.32104307    
  0.31821236    
  0.31539008    
  0.31257614    
  0.30977055    
  0.30697322    
  0.30418411    
  0.30140319    
  0.29863042    
  0.29586574    
  0.29310912    
  0.29036051    
  0.28761986    
  0.28488716    
  0.28216231    
  0.27944532    
  0.27673614    
  0.27403468    
  0.27134097    
  0.26865491    
  0.26597649    
  0.26330566    
  0.26064238    
  0.25798663    
  0.25533831    
  0.25269744    
  0.25006396    
  0.24743783    
  0.24481902    
  0.24220747    
  0.23960315    
  0.23700602    
  0.23441605    
  0.23183320    
  0.22925743    
  0.22668871    
  0.22412698    
  0.22157222    
  0.21902439    
  0.21648346    
  0.21394938    
  0.21142213    
  0.20890167    
  0.20638795    
  0.20388095    
  0.20138063    
  0.19888695    
  0.19639988    
  0.19391939    
  0.19144544    
  0.18897799    
  0.18651703    
  0.18406250    
  0.18161438    
  0.17917264    
  0.17673723    
  0.17430814    
  0.17188533    
  0.16946875    
  0.16705839    
  0.16465421    
  0.16225620    
  0.15986429    
  0.15747847    
  0.15509871    
  0.15272498    
  0.15035725    
  0.14799549    
  0.14563966    
  0.14328974    
  0.14094570    
  0.13860750    
  0.13627514    
  0.13394856    
  0.13162775    
  0.12931266    
  0.12700330    
  0.12469961    
  0.12240157    
  0.12010915    
  0.11782233    
  0.11554108    
  0.11326537    
  0.11099518    
  0.10873048    
  0.10647125    
  0.10421745    
  0.10196906    
  9.97260585E-02
  9.74884108E-02
  9.52561051E-02
  9.30291042E-02
  9.08073932E-02
  8.85909349E-02
  8.63797218E-02
  8.41737092E-02
  8.19728822E-02
  7.97772259E-02
  7.75867030E-02
  7.54012913E-02
  7.32209757E-02
  7.10457265E-02
  6.88755140E-02
  6.67103231E-02
  6.45501390E-02
  6.23949207E-02
  6.02446608E-02
  5.80993257E-02
  5.59588894E-02
  5.38233556E-02
  5.16926795E-02
  4.95668389E-02
  4.74458188E-02
  4.53296006E-02
  4.32181507E-02
  4.11114655E-02
  3.90095115E-02
  3.69122624E-02
  3.48197147E-02
  3.27318385E-02
  3.06486096E-02
  2.85700019E-02
  2.64960136E-02
  2.44266205E-02
  2.23617796E-02
  2.03015041E-02
  1.82457455E-02
  1.61945187E-02
  1.41477669E-02
  1.21055078E-02
  1.00676641E-02
  8.03430844E-03
  6.00526296E-03
  3.98070412E-03
  1.96045125E-03
   3.1415384    
   3.1395257    
   3.1375186    
   3.1355157    
   3.1335173    
   3.1315229    
   3.1295328    
   3.1275470    
   3.1255653    
   3.1235878    
   3.1216147    
   3.1196456    
   3.1176805    
   3.1157198    
   3.1137631    
   3.1118104    
   3.1098619    
   3.1079173    
   3.1059768    
