  0.26731589    
  0.35811025    
  0.41726789    
  0.46003082    
  0.49254820    
  0.51803607    
  0.53841519    
  0.55493098    
  0.56843841    
  0.57954931    
  0.58871597    
  0.59628159    
  0.60251206    
  0.60761720    
  0.61176497    
  0.61509186    
  0.61770976    
  0.61971146    
  0.62117481    
  0.62216520    
  0.62273842    
  0.62294215    
  0.62281734    
  0.62239951    
  0.62171954    
  0.62080437    
  0.61967766    
  0.61836034    
  0.61687082    
  0.61522549    
  0.61343884    
  0.61152405    
  0.60949266    
  0.60735518    
  0.60512102    
  0.60279876    
  0.60039598    
  0.59791976    
  0.59537637    
  0.59277153    
  0.59011060    
  0.58739835    
  0.58463913    
  0.58183694    
  0.57899553    
  0.57611823    
  0.57320815    
  0.57026821    
  0.56730098    
  0.56430894    
  0.56129438    
  0.55825925    
  0.55520564    
  0.55213523    
  0.54904974    
  0.54595071    
  0.54283947    
  0.53971744    
  0.53658587    
  0.53344584    
  0.53029847    
  0.52714473    
  0.52398556    
  0.52082187    
  0.51765442    
  0.51448399    
  0.51131123    
  0.50813693    
  0.50496155    
  0.50178581    
  0.49861014    
  0.49543512    
  0.49226120    
  0.48908883    
  0.48591840    
  0.48275033    
  0.47958496    
  0.47642267    
  0.47326371    
  0.47010845    
  0.46695712    
  0.46381003    
  0.46066740    
  0.45752946    
  0.45439640    
  0.45126846    
  0.44814581    
  0.44502863    
  0.44191709    
  0.43881136    
  0.43571153    
  0.43261778    
  0.42953023    
  0.42644900    
  0.42337418    
  0.42030585    
  0.41724417    
  0.41418916    
  0.41114095    
  0.40809956    
  0.40506512    
  0.40203765    
  0.39901724    
  0.39600393    
  0.39299774    
  0.38999876    
  0.38700700    
  0.38402253    
  0.38104534    
  0.37807548    
  0.37511298    
  0.37215784    
  0.36921012    
  0.36626983    
  0.36333695    
  0.36041152    
  0.35749355    
  0.35458305    
  0.35168001    
  0.34878445    
  0.34589633    
  0.34301573    
  0.34014258    
  0.33727691    
  0.33441871    
  0.33156794    
  0.32872465    
  0.32588881    
  0.32306039    
  0.32023939    
  0.31742582    
  0.31461963    
  0.31182083    
  0.30902940    
  0.30624530    
  0.30346859    
  0.30069914    
  0.29793704    
  0.29518220    
  0.29243463    
  0.28969428    
  0.28696120    
  0.28423530    
  0.28151655    
  0.27880502    
  0.27610058    
  0.27340326    
  0.27071303    
  0.26802990    
  0.26535377    
  0.26268467    
  0.26002258    
  0.25736746    
  0.25471929    
  0.25207803    
  0.24944365    
  0.24681616    
  0.24419549    
  0.24158166    
  0.23897462    
  0.23637433    
  0.23378079    
  0.23119396    
  0.22861381    
  0.22604032    
  0.22347347    
  0.22091322    
  0.21835956    
  0.21581244    
  0.21327184    
  0.21073775    
  0.20821014    
  0.20568897    
  0.20317420    
  0.20066585    
  0.19816384    
  0.19566818    
  0.19317883    
  0.19069576    
  0.18821895    
  0.18574837    
  0.18328400    
  0.18082580    
  0.17837375    
  0.17592783    
  0.17348801    
  0.17105426    
  0.16862655    
  0.16620487    
  0.16378917    
  0.16137944    
  0.15897566    
  0.15657780    
  0.15418582    
  0.15179971    
  0.14941943    
  0.14704497    
  0.14467630    
  0.14231339    
  0.13995622    
  0.13760476    
  0.13525899    
  0.13291888    
  0.13058442    
  0.12825556    
  0.12593229    
  0.12361459    
  0.12130243    
  0.11899579    
  0.11669464    
  0.11439895    
  0.11210871    
  0.10982389    
  0.10754447    
  0.10527042    
  0.10300173    
  0.10073836    
  9.84802991E-02
  9.62275118E-02
  9.39799920E-02
  9.17377025E-02
  8.95006210E-02
  8.72687399E-02
  8.50420222E-02
  8.28204453E-02
  8.06040019E-02
  7.83926547E-02
  7.61863887E-02
  7.39851743E-02
  7.17890114E-02
  6.95978478E-02
  6.74116910E-02
  6.52304962E-02
  6.30542561E-02
  6.08829483E-02
  5.87165467E-02
  5.65550327E-02
  5.43983839E-02
  5.22465892E-02
  5.00996150E-02
  4.79574464E-02
  4.58200648E-02
  4.36874442E-02
  4.15595695E-02
  3.94364297E-02
  3.73179875E-02
  3.52042392E-02
  3.30951437E-02
  3.09907030E-02
  2.88909059E-02
  2.67956983E-02
  2.47050878E-02
  2.26190332E-02
  2.05375496E-02
  1.84605885E-02
  1.63881369E-02
  1.43201714E-02
  1.22567145E-02
  1.01977056E-02
  8.14312603E-03
  6.09300053E-03
  4.04724525E-03
  2.00587930E-03
   3.1415606    
   3.1395290    
   3.1375005    
   3.1354766    
   3.1334569    
   3.1314414    
   3.1294303    
   3.1274233    
   3.1254208    
   3.1234221    
   3.1214280    
   3.1194379    
   3.1174519    
   3.1154702    
   3.1134925    
   3.1115189    
   3.1095495    
   3.1075842    
   3.1056228    
   3.1036656    
   3.1017125    
   3.0997632    
   3.0978179    
   3.0958767    
   3.0939395    
   3.0920062    
   3.0900769    
   3.0881515    
   3.0862300    
   3.0843124    
   3.0823987    
   3.0804887    
   3.0785828    
   3.0766804    
   3.0747821    
   3.0728874    
   3.0709968    
