   3.0861466    
   3.0630968    
   3.0453539    
   3.0303493    
   3.0170894    
   3.0050657    
   2.9939759    
   2.9836235    
   2.9738722    
   2.9646230    
   2.9558012    
   2.9473488    
   2.9392197    
   2.9313767    
   2.9237890    
   2.9164312    
   2.9092815    
   2.9023216    
   2.8955355    
   2.8889093    
   2.8824310    
   2.8760900    
   2.8698769    
   2.8637829    
   2.8578010    
   2.8519242    
   2.8461463    
   2.8404617    
   2.8348658    
   2.8293533    
   2.8239205    
   2.8185635    
   2.8132784    
   2.8080621    
   2.8029115    
   2.7978239    
   2.7927964    
   2.7878268    
   2.7829125    
   2.7780519    
   2.7732425    
   2.7684824    
   2.7637703    
   2.7591040    
   2.7544825    
   2.7499037    
   2.7453666    
   2.7408698    
   2.7364120    
   2.7319920    
   2.7276089    
   2.7232614    
   2.7189484    
   2.7146690    
   2.7104225    
   2.7062080    
   2.7020242    
   2.6978710    
   2.6937470    
   2.6896517    
   2.6855845    
   2.6815448    
   2.6775315    
   2.6735446    
   2.6695831    
   2.6656463    
   2.6617341    
   2.6578457    
   2.6539807    
   2.6501386    
   2.6463187    
   2.6425209    
   2.6387444    
   2.6349890    
   2.6312544    
   2.6275401    
   2.6238456    
   2.6201706    
   2.6165147    
   2.6128778    
   2.6092591    
   2.6056590    
   2.6020763    
   2.5985115    
   2.5949638    
   2.5914330    
   2.5879190    
   2.5844214    
   2.5809398    
   2.5774744    
   2.5740244    
   2.5705900    
   2.5671706    
   2.5637665    
   2.5603769    
   2.5570018    
   2.5536411    
   2.5502944    
   2.5469618    
   2.5436428    
   2.5403376    
   2.5370455    
   2.5337665    
   2.5305007    
   2.5272477    
   2.5240073    
   2.5207794    
   2.5175638    
   2.5143604    
   2.5111692    
   2.5079899    
   2.5048223    
   2.5016661    
   2.4985216    
   2.4953883    
   2.4922664    
   2.4891553    
   2.4860554    
   2.4829662    
   2.4798877    
   2.4768200    
   2.4737625    
   2.4707155    
   2.4676788    
   2.4646521    
   2.4616354    
   2.4586287    
   2.4556317    
   2.4526446    
   2.4496672    
   2.4466991    
   2.4437406    
   2.4407914    
   2.4378514    
   2.4349205    
   2.4319990    
   2.4290862    
   2.4261823    
   2.4232874    
   2.4204011    
   2.4175234    
   2.4146543    
   2.4117937    
   2.4089417    
   2.4060979    
   2.4032624    
   2.4004350    
   2.3976159    
   2.3948047    
   2.3920016    
   2.3892064    
   2.3864191    
   2.3836396    
   2.3808677    
   2.3781035    
   2.3753469    
   2.3725979    
   2.3698564    
   2.3671222    
   2.3643954    
   2.3616760    
   2.3589637    
   2.3562586    
   2.3535607    
   2.3508699    
   2.3481863    
   2.3455093    
   2.3428395    
   2.3401763    
   2.3375201    
   2.3348706    
   2.3322279    
   2.3295918    
   2.3269625    
   2.3243396    
   2.3217232    
   2.3191133    
   2.3165100    
   2.3139129    
   2.3113222    
   2.3087378    
   2.3061597    
   2.3035877    
   2.3010221    
   2.2984624    
   2.2959089    
   2.2933614    
   2.2908201    
   2.2882845    
   2.2857552    
   2.2832315    
   2.2807138    
   2.2782018    
   2.2756956    
   2.2731953    
   2.2707007    
   2.2682116    
   2.2657282    
   2.2632506    
   2.2607782    
   2.2583117    
   2.2558506    
   2.2533948    
   2.2509446    
   2.2484999    
   2.2460604    
   2.2436264    
   2.2411976    
   2.2387741    
   2.2363558    
   2.2339427    
   2.2315350    
   2.2291324    
   2.2267349    
   2.2243423    
   2.2219551    
   2.2195728    
   2.2171953    
   2.2148230    
   2.2124557    
   2.2100933    
   2.2077358    
   2.2053833    
   2.2030356    
   2.2006927    
   2.1983545    
   2.1960211    
   2.1936924    
   2.1913686    
   2.1890495    
   2.1867349    
   2.1844251    
   2.1821201    
   2.1798193    
   2.1775234    
   2.1752319    
   2.1729450    
   2.1706626    
   2.1683848    
   2.1661115    
   2.1638424    
   2.1615779    
   2.1593177    
   2.1570618    
   2.1548104    
   2.1525633    
   2.1503205    
   2.1480823    
   2.1458480    
   2.1436181    
   2.1413925    
   2.1391709    
   2.1369536    
   2.1347404    
   2.1325314    
   2.1303267    
   2.1281259    
   2.1259294    
   2.1237369    
   2.1215484    
   2.1193640    
   2.1171834    
   2.1150072    
   2.1128347    
   2.1106663    
   2.1085017    
   2.1063411    
   2.1041846    
   2.1020317    
   2.0998828    
   2.0977380    
   2.0955968    
   2.0934594    
   2.0913260    
   2.0891962    
   2.0870702    
   2.0849481    
   2.0828297    
   2.0807149    
   2.0786040    
   2.0764966    
   2.0743930    
   2.0722933    
   2.0701969    
   2.0681043    
   2.0660152    
   2.0639298    
   2.0618482    
   2.0597699    
   2.0576952    
   2.0556240    
   2.0535564    
   2.0514925    
   2.0494318    
   2.0473747    
   2.0453212    
   2.0432711    
   2.0412245    
   2.0391812    
   2.0371413    
