  0.23365341    
  0.31534296    
  0.36971787    
  0.40975642    
  0.44070986    
  0.46534449    
  0.48532751    
  0.50175101    
  0.51537192    
  0.52673763    
  0.53625637    
  0.54424083    
  0.55093533    
  0.55653423    
  0.56119424    
  0.56504369    
  0.56818843    
  0.57071698    
  0.57270384    
  0.57421213    
  0.57529587    
  0.57600147    
  0.57636917    
  0.57643384    
  0.57622594    
  0.57577240    
  0.57509673    
  0.57421982    
  0.57316023    
  0.57193452    
  0.57055748    
  0.56904227    
  0.56740081    
  0.56564385    
  0.56378108    
  0.56182128    
  0.55977243    
  0.55764169    
  0.55543572    
  0.55316049    
  0.55082148    
  0.54842389    
  0.54597217    
  0.54347062    
  0.54092312    
  0.53833336    
  0.53570461    
  0.53303987    
  0.53034210    
  0.52761382    
  0.52485752    
  0.52207541    
  0.51926959    
  0.51644206    
  0.51359463    
  0.51072890    
  0.50784647    
  0.50494891    
  0.50203747    
  0.49911344    
  0.49617806    
  0.49323240    
  0.49027756    
  0.48731446    
  0.48434404    
  0.48136714    
  0.47838461    
  0.47539717    
  0.47240552    
  0.46941033    
  0.46641225    
  0.46341184    
  0.46040967    
  0.45740625    
  0.45440206    
  0.45139757    
  0.44839320    
  0.44538939    
  0.44238648    
  0.43938482    
  0.43638483    
  0.43338674    
  0.43039089    
  0.42739755    
  0.42440701    
  0.42141950    
  0.41843528    
  0.41545454    
  0.41247752    
  0.40950441    
  0.40653536    
  0.40357059    
  0.40061027    
  0.39765453    
  0.39470351    
  0.39175737    
  0.38881624    
  0.38588020    
  0.38294941    
  0.38002396    
  0.37710392    
  0.37418947    
  0.37128061    
  0.36837745    
  0.36548007    
  0.36258855    
  0.35970294    
  0.35682335    
  0.35394976    
  0.35108230    
  0.34822094    
  0.34536579    
  0.34251690    
  0.33967426    
  0.33683792    
  0.33400795    
  0.33118433    
  0.32836714    
  0.32555634    
  0.32275203    
  0.31995416    
  0.31716278    
  0.31437793    
  0.31159958    
  0.30882776    
  0.30606246    
  0.30330375    
  0.30055156    
  0.29780596    
  0.29506689    
  0.29233444    
  0.28960851    
  0.28688917    
  0.28417638    
  0.28147018    
  0.27877054    
  0.27607742    
  0.27339089    
  0.27071089    
  0.26803741    
  0.26537046    
  0.26271003    
  0.26005614    
  0.25740871    
  0.25476778    
  0.25213334    
  0.24950533    
  0.24688378    
  0.24426867    
  0.24165997    
  0.23905768    
  0.23646177    
  0.23387225    
  0.23128907    
  0.22871225    
  0.22614174    
  0.22357753    
  0.22101963    
  0.21846798    
  0.21592258    
  0.21338342    
  0.21085049    
  0.20832373    
  0.20580316    
  0.20328875    
  0.20078047    
  0.19827831    
  0.19578224    
  0.19329225    
  0.19080831    
  0.18833041    
  0.18585853    
  0.18339264    
  0.18093273    
  0.17847876    
  0.17603073    
  0.17358860    
  0.17115235    
  0.16872199    
  0.16629747    
  0.16387875    
  0.16146585    
  0.15905873    
  0.15665738    
  0.15426175    
  0.15187185    
  0.14948763    
  0.14710909    
  0.14473620    
  0.14236894    
  0.14000730    
  0.13765123    
  0.13530073    
  0.13295577    
  0.13061634    
  0.12828240    
  0.12595394    
  0.12363096    
  0.12131339    
  0.11900124    
  0.11669448    
  0.11439310    
  0.11209706    
  0.10980637    
  0.10752097    
  0.10524086    
  0.10296602    
  0.10069642    
  9.84320492E-02
  9.61728767E-02
  9.39188972E-02
  9.16700736E-02
  8.94263908E-02
  8.71878341E-02
  8.49543735E-02
  8.27259943E-02
  8.05026740E-02
  7.82843903E-02
  7.60711357E-02
  7.38628730E-02
  7.16595873E-02
  6.94612712E-02
  6.72678798E-02
  6.50794208E-02
  6.28958568E-02
  6.07171766E-02
  5.85433505E-02
  5.63743785E-02
  5.42102158E-02
  5.20508662E-02
  4.98962924E-02
  4.77464870E-02
  4.56014276E-02
  4.34610918E-02
  4.13254648E-02
  3.91945280E-02
  3.70682552E-02
  3.49466465E-02
  3.28296609E-02
  3.07172947E-02
  2.86095198E-02
  2.65063439E-02
  2.44076960E-02
  2.23136246E-02
  2.02240534E-02
  1.81389954E-02
  1.60584077E-02
  1.39823165E-02
  1.19106770E-02
  9.84344631E-03
  7.78065296E-03
  5.72225405E-03
  3.66822490E-03
  1.61864923E-03
   3.1411660    
   3.1391251    
   3.1370885    
   3.1350560    
   3.1330280    
   3.1310041    
   3.1289847    
   3.1269693    
   3.1249583    
   3.1229513    
   3.1209486    
   3.1189501    
   3.1169558    
   3.1149654    
   3.1129792    
   3.1109972    
   3.1090193    
   3.1070454    
   3.1050756    
   3.1031098    
   3.1011479    
   3.0991902    
   3.0972364    
   3.0952866    
   3.0933409    
   3.0913990    
   3.0894611    
   3.0875270    
   3.0855970    
   3.0836709    
   3.0817485    
   3.0798299    
   3.0779154    
   3.0760045    
   3.0740976    
   3.0721943    
   3.0702951    
   3.0683994    
   3.0665076    
   3.0646195    
   3.0627351    
   3.0608544    
   3.0589776    
   3.0571043    
   3.0552349    
   3.0533688    
