  0.27352813    
  0.36591247    
  0.42586219    
  0.46904778    
  0.50178564    
  0.52737385    
  0.54777843    
  0.56427169    
  0.57772517    
  0.58876163    
  0.59784055    
  0.60530990    
  0.61143899    
  0.61643994    
  0.62048244    
  0.62370396    
  0.62621737    
  0.62811601    
  0.62947804    
  0.63036925    
  0.63084549    
  0.63095450    
  0.63073742    
  0.63022971    
  0.62946224    
  0.62846196    
  0.62725246    
  0.62585461    
  0.62428677    
  0.62256521    
  0.62070453    
  0.61871761    
  0.61661601    
  0.61441028    
  0.61210960    
  0.60972255    
  0.60725677    
  0.60471904    
  0.60211575    
  0.59945256    
  0.59673464    
  0.59396678    
  0.59115332    
  0.58829820    
  0.58540511    
  0.58247733    
  0.57951790    
  0.57652974    
  0.57351542    
  0.57047731    
  0.56741762    
  0.56433845    
  0.56124163    
  0.55812895    
  0.55500209    
  0.55186248    
  0.54871160    
  0.54555064    
  0.54238093    
  0.53920346    
  0.53601944    
  0.53282976    
  0.52963531    
  0.52643692    
  0.52323550    
  0.52003169    
  0.51682621    
  0.51361966    
  0.51041275    
  0.50720590    
  0.50399977    
  0.50079471    
  0.49759132    
  0.49438995    
  0.49119103    
  0.48799491    
  0.48480195    
  0.48161250    
  0.47842684    
  0.47524530    
  0.47206810    
  0.46889552    
  0.46572781    
  0.46256515    
  0.45940775    
  0.45625585    
  0.45310959    
  0.44996914    
  0.44683468    
  0.44370630    
  0.44058421    
  0.43746850    
  0.43435928    
  0.43125668    
  0.42816079    
  0.42507169    
  0.42198950    
  0.41891426    
  0.41584608    
  0.41278502    
  0.40973115    
  0.40668449    
  0.40364513    
  0.40061313    
  0.39758849    
  0.39457127    
  0.39156151    
  0.38855925    
  0.38556448    
  0.38257727    
  0.37959763    
  0.37662560    
  0.37366113    
  0.37070429    
  0.36775509    
  0.36481348    
  0.36187956    
  0.35895327    
  0.35603461    
  0.35312361    
  0.35022026    
  0.34732458    
  0.34443650    
  0.34155607    
  0.33868328    
  0.33581808    
  0.33296052    
  0.33011052    
  0.32726812    
  0.32443330    
  0.32160604    
  0.31878629    
  0.31597409    
  0.31316939    
  0.31037217    
  0.30758244    
  0.30480015    
  0.30202529    
  0.29925784    
  0.29649779    
  0.29374510    
  0.29099974    
  0.28826171    
  0.28553098    
  0.28280753    
  0.28009132    
  0.27738234    
  0.27468055    
  0.27198595    
  0.26929849    
  0.26661816    
  0.26394492    
  0.26127878    
  0.25861967    
  0.25596756    
  0.25332245    
  0.25068432    
  0.24805310    
  0.24542882    
  0.24281140    
  0.24020085    
  0.23759712    
  0.23500019    
  0.23241004    
  0.22982663    
  0.22724994    
  0.22467993    
  0.22211659    
  0.21955989    
  0.21700978    
  0.21446626    
  0.21192928    
  0.20939882    
  0.20687486    
  0.20435737    
  0.20184632    
  0.19934167    
  0.19684342    
  0.19435151    
  0.19186592    
  0.18938664    
  0.18691364    
  0.18444687    
  0.18198633    
  0.17953198    
  0.17708378    
  0.17464173    
  0.17220578    
  0.16977592    
  0.16735211    
  0.16493432    
  0.16252254    
  0.16011675    
  0.15771689    
  0.15532295    
  0.15293492    
  0.15055275    
  0.14817643    
  0.14580593    
  0.14344122    
  0.14108227    
  0.13872908    
  0.13638158    
  0.13403979    
  0.13170366    
  0.12937318    
  0.12704830    
  0.12472901    
  0.12241529    
  0.12010711    
  0.11780445    
  0.11550728    
  0.11321559    
  0.11092933    
  0.10864849    
  0.10637305    
  0.10410298    
  0.10183827    
  9.95788723E-02
  9.73247811E-02
  9.50759724E-02
  9.28324163E-02
  9.05940905E-02
  8.83609802E-02
  8.61330554E-02
  8.39102939E-02
  8.16926733E-02
  7.94801787E-02
  7.72727728E-02
  7.50704482E-02
  7.28731751E-02
  7.06809387E-02
  6.84937090E-02
  6.63114637E-02
  6.41341954E-02
  6.19618669E-02
  5.97944707E-02
  5.76319732E-02
  5.54743521E-02
  5.33216000E-02
  5.11736944E-02
  4.90305945E-02
  4.68923040E-02
  4.47587892E-02
  4.26300354E-02
  4.05060239E-02
  3.83867286E-02
  3.62721346E-02
  3.41622233E-02
  3.20569612E-02
  2.99563482E-02
  2.78603658E-02
  2.57689599E-02
  2.36821473E-02
  2.15999056E-02
  1.95222218E-02
  1.74490400E-02
  1.53803658E-02
  1.33162001E-02
  1.12564871E-02
  9.20121931E-03
  7.15036364E-03
  5.10400673E-03
  3.06193694E-03
  1.02409057E-03
   3.1405838    
   3.1385548    
   3.1365302    
   3.1345098    
   3.1324937    
   3.1304822    
   3.1284747    
   3.1264713    
   3.1244724    
   3.1224775    
   3.1204870    
   3.1185005    
   3.1165183    
   3.1145401    
   3.1125660    
   3.1105959    
   3.1086302    
   3.1066685    
   3.1047106    
   3.1027570    
   3.1008074    
   3.0988617    
   3.0969200    
   3.0949824    
   3.0930486    
   3.0911188    
   3.0891931    
   3.0872712    
   3.0853531    
   3.0834389    
   3.0815287    
   3.0796223    
   3.0777197    
   3.0758209    
   3.0739260    
