  0.47954053    
  0.60781550    
  0.67964309    
  0.72561115    
  0.75704575    
  0.77936804    
  0.79556024    
  0.80741811    
  0.81609517    
  0.82236946    
  0.82678640    
  0.82974017    
  0.83152312    
  0.83235687    
  0.83241242    
  0.83182383    
  0.83069777    
  0.82911998    
  0.82716036    
  0.82487619    
  0.82231492    
  0.81951630    
  0.81651354    
  0.81333488    
  0.81000429    
  0.80654234    
  0.80296665    
  0.79929245    
  0.79553294    
  0.79169965    
  0.78780252    
  0.78385043    
  0.77985108    
  0.77581125    
  0.77173698    
  0.76763356    
  0.76350570    
  0.75935763    
  0.75519311    
  0.75101542    
  0.74682754    
  0.74263209    
  0.73843157    
  0.73422801    
  0.73002338    
  0.72581935    
  0.72161758    
  0.71741933    
  0.71322590    
  0.70903844    
  0.70485795    
  0.70068532    
  0.69652134    
  0.69236684    
  0.68822247    
  0.68408871    
  0.67996615    
  0.67585534    
  0.67175663    
  0.66767043    
  0.66359705    
  0.65953684    
  0.65549004    
  0.65145689    
  0.64743757    
  0.64343226    
  0.63944119    
  0.63546437    
  0.63150203    
  0.62755424    
  0.62362105    
  0.61970258    
  0.61579877    
  0.61190975    
  0.60803556    
  0.60417616    
  0.60033154    
  0.59650177    
  0.59268683    
  0.58888662    
  0.58510119    
  0.58133048    
  0.57757443    
  0.57383311    
  0.57010633    
  0.56639409    
  0.56269634    
  0.55901301    
  0.55534410    
  0.55168945    
  0.54804909    
  0.54442286    
  0.54081070    
  0.53721261    
  0.53362840    
  0.53005815    
  0.52650160    
  0.52295882    
  0.51942962    
  0.51591396    
  0.51241177    
  0.50892299    
  0.50544745    
  0.50198519    
  0.49853599    
  0.49509987    
  0.49167669    
  0.48826638    
  0.48486885    
  0.48148403    
  0.47811180    
  0.47475213    
  0.47140488    
  0.46807000    
  0.46474740    
  0.46143696    
  0.45813864    
  0.45485237    
  0.45157802    
  0.44831553    
  0.44506481    
  0.44182578    
  0.43859836    
  0.43538249    
  0.43217805    
  0.42898500    
  0.42580324    
  0.42263266    
  0.41947326    
  0.41632488    
  0.41318753    
  0.41006103    
  0.40694541    
  0.40384051    
  0.40074629    
  0.39766270    
  0.39458963    
  0.39152700    
  0.38847479    
  0.38543287    
  0.38240120    
  0.37937972    
  0.37636834    
  0.37336701    
  0.37037563    
  0.36739415    
  0.36442250    
  0.36146063    
  0.35850847    
  0.35556591    
  0.35263294    
  0.34970948    
  0.34679547    
  0.34389085    
  0.34099552    
  0.33810946    
  0.33523262    
  0.33236489    
  0.32950622    
  0.32665658    
  0.32381591    
  0.32098413    
  0.31816116    
  0.31534702    
  0.31254157    
  0.30974481    
  0.30695665    
  0.30417708    
  0.30140597    
  0.29864332    
  0.29588908    
  0.29314318    
  0.29040560    
  0.28767622    
  0.28495505    
  0.28224200    
  0.27953705    
  0.27684012    
  0.27415118    
  0.27147016    
  0.26879707    
  0.26613179    
  0.26347429    
  0.26082456    
  0.25818253    
  0.25554812    
  0.25292134    
  0.25030211    
  0.24769038    
  0.24508613    
  0.24248929    
  0.23989986    
  0.23731774    
  0.23474292    
  0.23217535    
  0.22961499    
  0.22706179    
  0.22451572    
  0.22197673    
  0.21944478    
  0.21691984    
  0.21440184    
  0.21189077    
  0.20938659    
  0.20688924    
  0.20439871    
  0.20191492    
  0.19943787    
  0.19696751    
  0.19450380    
  0.19204670    
  0.18959618    
  0.18715221    
  0.18471473    
  0.18228373    
  0.17985915    
  0.17744097    
  0.17502916    
  0.17262368    
  0.17022449    
  0.16783156    
  0.16544487    
  0.16306435    
  0.16068999    
  0.15832178    
  0.15595965    
  0.15360358    
  0.15125354    
  0.14890951    
  0.14657143    
  0.14423929    
  0.14191306    
  0.13959269    
  0.13727818    
  0.13496947    
  0.13266656    
  0.13036938    
  0.12807794    
  0.12579219    
  0.12351210    
  0.12123765    
  0.11896881    
  0.11670554    
  0.11444784    
  0.11219565    
  0.10994896    
  0.10770773    
  0.10547195    
  0.10324159    
  0.10101660    
  9.87969860E-02
  9.65826958E-02
  9.43737179E-02
  9.21700224E-02
  8.99715871E-02
  8.77783820E-02
  8.55903849E-02
  8.34075585E-02
  8.12298954E-02
  7.90573582E-02
  7.68899322E-02
  7.47275874E-02
  7.25703016E-02
  7.04180449E-02
  6.82708025E-02
  6.61285445E-02
  6.39912561E-02
  6.18588924E-02
  5.97314537E-02
  5.76089136E-02
  5.54912388E-02
  5.33784069E-02
  5.12704104E-02
  4.91672158E-02
  4.70687971E-02
  4.49751355E-02
  4.28862199E-02
  4.08020206E-02
  3.87225114E-02
  3.66476662E-02
  3.45774926E-02
  3.25119309E-02
  3.04509941E-02
  2.83946395E-02
  2.63428502E-02
  2.42956150E-02
  2.22529117E-02
  2.02147327E-02
  1.81809980E-02
  1.61517709E-02
  1.41269630E-02
  1.21066188E-02
  1.00906622E-02
  8.07910878E-03
  6.07188931E-03
  4.06901166E-03
  2.07045255E-03
  7.85595403E-05
   3.1396792    
   3.1376936    
