   1.5066508    
   1.4603442    
   1.4274920    
   1.4007133    
   1.3775687    
   1.3569061    
   1.3380753    
   1.3206677    
   1.3044074    
   1.2890970    
   1.2745901    
   1.2607746    
   1.2475623    
   1.2348821    
   1.2226762    
   1.2108964    
   1.1995021    
   1.1884590    
   1.1777377    
   1.1673123    
   1.1571606    
   1.1472628    
   1.1376017    
   1.1281617    
   1.1189288    
   1.1098907    
   1.1010362    
   1.0923550    
   1.0838377    
   1.0754762    
   1.0672623    
   1.0591892    
   1.0512501    
   1.0434391    
   1.0357505    
   1.0281792    
   1.0207201    
   1.0133688    
   1.0061212    
  0.99897319    
  0.99192113    
  0.98496151    
  0.97809112    
  0.97130680    
  0.96460569    
  0.95798504    
  0.95144224    
  0.94497490    
  0.93858057    
  0.93225718    
  0.92600256    
  0.91981471    
  0.91369176    
  0.90763187    
  0.90163338    
  0.89569455    
  0.88981384    
  0.88398975    
  0.87822086    
  0.87250578    
  0.86684316    
  0.86123180    
  0.85567039    
  0.85015780    
  0.84469295    
  0.83927470    
  0.83390206    
  0.82857400    
  0.82328957    
  0.81804782    
  0.81284785    
  0.80768883    
  0.80256987    
  0.79749024    
  0.79244912    
  0.78744572    
  0.78247941    
  0.77754939    
  0.77265501    
  0.76779556    
  0.76297051    
  0.75817919    
  0.75342095    
  0.74869525    
  0.74400151    
  0.73933917    
  0.73470771    
  0.73010665    
  0.72553539    
  0.72099352    
  0.71648055    
  0.71199596    
  0.70753938    
  0.70311034    
  0.69870836    
  0.69433314    
  0.68998414    
  0.68566102    
  0.68136340    
  0.67709094    
  0.67284322    
  0.66861987    
  0.66442060    
  0.66024506    
  0.65609282    
  0.65196371    
  0.64785731    
  0.64377332    
  0.63971144    
  0.63567144    
  0.63165295    
  0.62765568    
  0.62367946    
  0.61972386    
  0.61578876    
  0.61187387    
  0.60797882    
  0.60410351    
  0.60024768    
  0.59641099    
  0.59259325    
  0.58879429    
  0.58501387    
  0.58125174    
  0.57750767    
  0.57378143    
  0.57007295    
  0.56638187    
  0.56270808    
  0.55905133    
  0.55541152    
  0.55178833    
  0.54818171    
  0.54459137    
  0.54101717    
  0.53745902    
  0.53391665    
  0.53038990    
  0.52687860    
  0.52338266    
  0.51990181    
  0.51643604    
  0.51298505    
  0.50954878    
  0.50612706    
  0.50271970    
  0.49932662    
  0.49594766    
  0.49258268    
  0.48923153    
  0.48589405    
  0.48257020    
  0.47925976    
  0.47596264    
  0.47267872    
  0.46940786    
  0.46614996    
  0.46290487    
  0.45967248    
  0.45645270    
  0.45324540    
  0.45005044    
  0.44686776    
  0.44369721    
  0.44053870    
  0.43739212    
  0.43425736    
  0.43113434    
  0.42802292    
  0.42492303    
  0.42183459    
  0.41875744    
  0.41569155    
  0.41263679    
  0.40959305    
  0.40656030    
  0.40353838    
  0.40052724    
  0.39752680    
  0.39453694    
  0.39155760    
  0.38858870    
  0.38563013    
  0.38268185    
  0.37974373    
  0.37681571    
  0.37389773    
  0.37098968    
  0.36809149    
  0.36520311    
  0.36232445    
  0.35945541    
  0.35659596    
  0.35374603    
  0.35090548    
  0.34807432    
  0.34525245    
  0.34243977    
  0.33963627    
  0.33684185    
  0.33405647    
  0.33127999    
  0.32851246    
  0.32575372    
  0.32300374    
  0.32026249    
  0.31752986    
  0.31480581    
  0.31209028    
  0.30938318    
  0.30668452    
  0.30399421    
  0.30131215    
  0.29863834    
  0.29597270    
  0.29331520    
  0.29066575    
  0.28802431    
  0.28539079    
  0.28276521    
  0.28014749    
  0.27753755    
  0.27493536    
  0.27234086    
  0.26975402    
  0.26717478    
  0.26460311    
  0.26203892    
  0.25948218    
  0.25693282    
  0.25439087    
  0.25185621    
  0.24932881    
  0.24680863    
  0.24429563    
  0.24178976    
  0.23929098    
  0.23679926    
  0.23431452    
  0.23183675    
  0.22936589    
  0.22690190    
  0.22444476    
  0.22199440    
  0.21955079    
  0.21711390    
  0.21468368    
  0.21226008    
  0.20984308    
  0.20743264    
  0.20502873    
  0.20263128    
  0.20024027    
  0.19785567    
  0.19547744    
  0.19310553    
  0.19073993    
  0.18838057    
  0.18602745    
  0.18368050    
  0.18133973    
  0.17900507    
  0.17667648    
  0.17435396    
  0.17203745    
  0.16972692    
  0.16742235    
  0.16512372    
  0.16283095    
  0.16054404    
  0.15826295    
  0.15598767    
  0.15371813    
  0.15145433    
  0.14919624    
  0.14694381    
  0.14469701    
  0.14245583    
  0.14022022    
  0.13799019    
  0.13576566    
  0.13354662    
  0.13133305    
  0.12912492    
  0.12692221    
  0.12472486    
  0.12253287    
  0.12034621    
  0.11816484    
  0.11598875    
  0.11381791    
  0.11165228    
  0.10949185    
  0.10733659    
  0.10518646    
  0.10304146    
  0.10090154    
  9.87666845E-02
  9.66368765E-02
  9.45120752E-02
