  0.49354115    
  0.62305576    
  0.69481629    
  0.74037135    
  0.77130306    
  0.79311669    
  0.80882359    
  0.82022887    
  0.82848769    
  0.83437663    
  0.83843833    
  0.84106416    
  0.84254378    
  0.84309614    
  0.84289002    
  0.84205741    
  0.84070325    
  0.83891171    
  0.83675122    
  0.83427793    
  0.83153826    
  0.82857090    
  0.82540840    
  0.82207817    
  0.81860352    
  0.81500441    
  0.81129795    
  0.80749893    
  0.80362010    
  0.79967254    
  0.79566598    
  0.79160887    
  0.78750867    
  0.78337187    
  0.77920431    
  0.77501100    
  0.77079654    
  0.76656485    
  0.76231956    
  0.75806379    
  0.75380045    
  0.74953204    
  0.74526072    
  0.74098867    
  0.73671752    
  0.73244905    
  0.72818464    
  0.72392553    
  0.71967304    
  0.71542805    
  0.71119159    
  0.70696455    
  0.70274758    
  0.69854140    
  0.69434667    
  0.69016385    
  0.68599343    
  0.68183583    
  0.67769152    
  0.67356074    
  0.66944385    
  0.66534108    
  0.66125268    
  0.65717882    
  0.65311974    
  0.64907551    
  0.64504629    
  0.64103216    
  0.63703328    
  0.63304967    
  0.62908143    
  0.62512851    
  0.62119097    
  0.61726892    
  0.61336225    
  0.60947102    
  0.60559517    
  0.60173470    
  0.59788966    
  0.59405988    
  0.59024537    
  0.58644617    
  0.58266211    
  0.57889313    
  0.57513928    
  0.57140040    
  0.56767648    
  0.56396741    
  0.56027311    
  0.55659354    
  0.55292857    
  0.54927820    
  0.54564226    
  0.54202074    
  0.53841352    
  0.53482050    
  0.53124160    
  0.52767676    
  0.52412587    
  0.52058882    
  0.51706558    
  0.51355600    
  0.51006001    
  0.50657749    
  0.50310838    
  0.49965259    
  0.49621004    
  0.49278063    
  0.48936424    
  0.48596081    
  0.48257023    
  0.47919241    
  0.47582728    
  0.47247475    
  0.46913472    
  0.46580708    
  0.46249178    
  0.45918870    
  0.45589778    
  0.45261890    
  0.44935203    
  0.44609702    
  0.44285384    
  0.43962234    
  0.43640250    
  0.43319422    
  0.42999738    
  0.42681196    
  0.42363784    
  0.42047492    
  0.41732317    
  0.41418248    
  0.41105276    
  0.40793398    
  0.40482602    
  0.40172881    
  0.39864230    
  0.39556637    
  0.39250097    
  0.38944605    
  0.38640150    
  0.38336724    
  0.38034326    
  0.37732941    
  0.37432566    
  0.37133196    
  0.36834821    
  0.36537433    
  0.36241031    
  0.35945600    
  0.35651141    
  0.35357642    
  0.35065100    
  0.34773505    
  0.34482855    
  0.34193140    
  0.33904356    
  0.33616498    
  0.33329555    
  0.33043525    
  0.32758397    
  0.32474172    
  0.32190841    
  0.31908396    
  0.31626832    
  0.31346148    
  0.31066331    
  0.30787382    
  0.30509287    
  0.30232051    
  0.29955661    
  0.29680115    
  0.29405403    
  0.29131526    
  0.28858477    
  0.28586248    
  0.28314835    
  0.28044233    
  0.27774438    
  0.27505445    
  0.27237245    
  0.26969841    
  0.26703221    
  0.26437381    
  0.26172319    
  0.25908029    
  0.25644505    
  0.25381747    
  0.25119746    
  0.24858496    
  0.24597996    
  0.24338241    
  0.24079224    
  0.23820946    
  0.23563397    
  0.23306575    
  0.23050475    
  0.22795095    
  0.22540428    
  0.22286470    
  0.22033219    
  0.21780670    
  0.21528818    
  0.21277660    
  0.21027192    
  0.20777409    
  0.20528309    
  0.20279886    
  0.20032136    
  0.19785058    
  0.19538645    
  0.19292897    
  0.19047806    
  0.18803371    
  0.18559588    
  0.18316454    
  0.18073963    
  0.17832114    
  0.17590901    
  0.17350323    
  0.17110376    
  0.16871056    
  0.16632359    
  0.16394283    
  0.16156824    
  0.15919979    
  0.15683743    
  0.15448116    
  0.15213092    
  0.14978670    
  0.14744844    
  0.14511614    
  0.14278974    
  0.14046922    
  0.13815455    
  0.13584572    
  0.13354267    
  0.13124539    
  0.12895383    
  0.12666798    
  0.12438779    
  0.12211326    
  0.11984433    
  0.11758099    
  0.11532322    
  0.11307098    
  0.11082423    
  0.10858297    
  0.10634715    
  0.10411675    
  0.10189175    
  9.96721163E-02
  9.74578187E-02
  9.52488407E-02
  9.30451453E-02
  9.08467248E-02
  8.86535272E-02
  8.64655450E-02
  8.42827559E-02
  8.21051225E-02
  7.99326301E-02
  7.77652487E-02
  7.56029412E-02
  7.34457150E-02
  7.12935179E-02
  6.91463351E-02
  6.70041516E-02
  6.48669302E-02
  6.27346560E-02
  6.06073029E-02
  5.84848411E-02
  5.63672595E-02
  5.42545356E-02
  5.21466322E-02
  5.00435457E-02
  4.79452386E-02
  4.58516926E-02
  4.37628999E-02
  4.16788124E-02
  3.95994410E-02
  3.75247262E-02
  3.54546830E-02
  3.33892666E-02
  3.13284695E-02
  2.92722713E-02
  2.72206366E-02
  2.51735561E-02
  2.31310073E-02
  2.10929774E-02
  1.90594178E-02
  1.70303360E-02
  1.50057320E-02
  1.29855219E-02
  1.09697757E-02
  8.95838905E-03
  6.95140148E-03
  4.94869379E-03
  2.95045087E-03
  9.56182485E-04
   3.1405594    
