  0.57295185    
  0.70670593    
  0.77646875    
  0.81875992    
  0.84630913    
  0.86493510    
  0.87772536    
  0.88648617    
  0.89235038    
  0.89606667    
  0.89815062    
  0.89896917    
  0.89879078    
  0.89781618    
  0.89619857    
  0.89405680    
  0.89148438    
  0.88855577    
  0.88533098    
  0.88185889    
  0.87817967    
  0.87432641    
  0.87032682    
  0.86620408    
  0.86197782    
  0.85766453    
  0.85327846    
  0.84883165    
  0.84433448    
  0.83979595    
  0.83522373    
  0.83062470    
  0.82600456    
  0.82136846    
  0.81672090    
  0.81206572    
  0.80740631    
  0.80274576    
  0.79808664    
  0.79343128    
  0.78878170    
  0.78413975    
  0.77950698    
  0.77488476    
  0.77027440    
  0.76567686    
  0.76109320    
  0.75652421    
  0.75197059    
  0.74743301    
  0.74291199    
  0.73840803    
  0.73392159    
  0.72945297    
  0.72500247    
  0.72057039    
  0.71615696    
  0.71176231    
  0.70738661    
  0.70302993    
  0.69869244    
  0.69437414    
  0.69007510    
  0.68579531    
  0.68153483    
  0.67729354    
  0.67307150    
  0.66886866    
  0.66468501    
  0.66052037    
  0.65637475    
  0.65224808    
  0.64814019    
  0.64405107    
  0.63998061    
  0.63592869    
  0.63189518    
  0.62788004    
  0.62388301    
  0.61990410    
  0.61594319    
  0.61200005    
  0.60807461    
  0.60416681    
  0.60027641    
  0.59640330    
  0.59254742    
  0.58870852    
  0.58488661    
  0.58108145    
  0.57729298    
  0.57352096    
  0.56976539    
  0.56602603    
  0.56230283    
  0.55859560    
  0.55490416    
  0.55122852    
  0.54756844    
  0.54392385    
  0.54029459    
  0.53668052    
  0.53308153    
  0.52949750    
  0.52592832    
  0.52237386    
  0.51883394    
  0.51530850    
  0.51179737    
  0.50830054    
  0.50481772    
  0.50134897    
  0.49789402    
  0.49445286    
  0.49102533    
  0.48761135    
  0.48421076    
  0.48082349    
  0.47744942    
  0.47408843    
  0.47074041    
  0.46740529    
  0.46408293    
  0.46077323    
  0.45747608    
  0.45419142    
  0.45091912    
  0.44765911    
  0.44441122    
  0.44117543    
  0.43795159    
  0.43473965    
  0.43153951    
  0.42835104    
  0.42517418    
  0.42200884    
  0.41885492    
  0.41571233    
  0.41258097    
  0.40946078    
  0.40635169    
  0.40325356    
  0.40016636    
  0.39708996    
  0.39402431    
  0.39096934    
  0.38792494    
  0.38489106    
  0.38186759    
  0.37885445    
  0.37585160    
  0.37285897    
  0.36987641    
  0.36690396    
  0.36394143    
  0.36098883    
  0.35804605    
  0.35511306    
  0.35218975    
  0.34927604    
  0.34637192    
  0.34347725    
  0.34059203    
  0.33771616    
  0.33484957    
  0.33199221    
  0.32914400    
  0.32630491    
  0.32347485    
  0.32065377    
  0.31784156    
  0.31503823    
  0.31224370    
  0.30945790    
  0.30668077    
  0.30391228    
  0.30115232    
  0.29840088    
  0.29565787    
  0.29292324    
  0.29019699    
  0.28747898    
  0.28476921    
  0.28206763    
  0.27937415    
  0.27668875    
  0.27401137    
  0.27134195    
  0.26868045    
  0.26602682    
  0.26338100    
  0.26074293    
  0.25811261    
  0.25548995    
  0.25287491    
  0.25026745    
  0.24766751    
  0.24507505    
  0.24249004    
  0.23991241    
  0.23734213    
  0.23477915    
  0.23222344    
  0.22967494    
  0.22713360    
  0.22459941    
  0.22207229    
  0.21955222    
  0.21703914    
  0.21453303    
  0.21203385    
  0.20954154    
  0.20705608    
  0.20457742    
  0.20210551    
  0.19964033    
  0.19718184    
  0.19472998    
  0.19228473    
  0.18984607    
  0.18741393    
  0.18498829    
  0.18256912    
  0.18015635    
  0.17774999    
  0.17534998    
  0.17295627    
  0.17056887    
  0.16818769    
  0.16581275    
  0.16344398    
  0.16108136    
  0.15872484    
  0.15637441    
  0.15403004    
  0.15169166    
  0.14935929    
  0.14703286    
  0.14471234    
  0.14239770    
  0.14008895    
  0.13778600    
  0.13548885    
  0.13319747    
  0.13091183    
  0.12863189    
  0.12635763    
  0.12408901    
  0.12182601    
  0.11956859    
  0.11731675    
  0.11507042    
  0.11282961    
  0.11059427    
  0.10836439    
  0.10613991    
  0.10392084    
  0.10170713    
  9.94987637E-02
  9.72957164E-02
  9.50979441E-02
  9.29054394E-02
  9.07181725E-02
  8.85361061E-02
  8.63592327E-02
  8.41875151E-02
  8.20209309E-02
  7.98594579E-02
  7.77030736E-02
  7.55517408E-02
  7.34054521E-02
  7.12641627E-02
  6.91278651E-02
  6.69965371E-02
  6.48701489E-02
  6.27486780E-02
  6.06320873E-02
  5.85203841E-02
  5.64135201E-02
  5.43114841E-02
  5.22142462E-02
  5.01217991E-02
  4.80341054E-02
  4.59511392E-02
  4.38729003E-02
  4.17993478E-02
  3.97304669E-02
  3.76662351E-02
  3.56066301E-02
  3.35516334E-02
  3.15012336E-02
  2.94554010E-02
  2.74140965E-02
  2.53773257E-02
  2.33450625E-02
  2.13172939E-02
  1.92939658E-02
  1.72751062E-02
  1.52606526E-02
  1.32506099E-02
