   3.0432327    
   3.0025382    
   2.9713445    
   2.9450738    
   2.9219527    
   2.9010706    
   2.8818872    
   2.8640499    
   2.8473136    
   2.8314998    
   2.8164742    
   2.8021319    
   2.7883892    
   2.7751791    
   2.7624459    
   2.7501426    
   2.7382300    
   2.7266743    
   2.7154467    
   2.7045217    
   2.6938770    
   2.6834931    
   2.6733530    
   2.6634405    
   2.6537418    
   2.6442447    
   2.6349378    
   2.6258104    
   2.6168535    
   2.6080580    
   2.5994165    
   2.5909216    
   2.5825665    
   2.5743449    
   2.5662513    
   2.5582800    
   2.5504262    
   2.5426855    
   2.5350533    
   2.5275252    
   2.5200980    
   2.5127678    
   2.5055311    
   2.4983850    
   2.4913261    
   2.4843521    
   2.4774599    
   2.4706469    
   2.4639111    
   2.4572496    
   2.4506609    
   2.4441423    
   2.4376924    
   2.4313090    
   2.4249902    
   2.4187343    
   2.4125400    
   2.4064052    
   2.4003289    
   2.3943093    
   2.3883452    
   2.3824351    
   2.3765781    
   2.3707726    
   2.3650174    
   2.3593116    
   2.3536541    
   2.3480437    
   2.3424795    
   2.3369606    
   2.3314857    
   2.3260543    
   2.3206651    
   2.3153179    
   2.3100111    
   2.3047445    
   2.2995172    
   2.2943280    
   2.2891769    
   2.2840626    
   2.2789850    
   2.2739429    
   2.2689359    
   2.2639635    
   2.2590249    
   2.2541196    
   2.2492468    
   2.2444065    
   2.2395978    
   2.2348201    
   2.2300732    
   2.2253561    
   2.2206690    
   2.2160108    
   2.2113817    
   2.2067807    
   2.2022073    
   2.1976616    
   2.1931429    
   2.1886508    
   2.1841850    
   2.1797452    
   2.1753306    
   2.1709414    
   2.1665769    
   2.1622367    
   2.1579206    
   2.1536283    
   2.1493597    
   2.1451139    
   2.1408911    
   2.1366909    
   2.1325128    
   2.1283565    
   2.1242220    
   2.1201091    
   2.1160171    
   2.1119459    
   2.1078954    
   2.1038651    
   2.0998552    
   2.0958648    
   2.0918941    
   2.0879428    
   2.0840108    
   2.0800977    
   2.0762031    
   2.0723271    
   2.0684695    
   2.0646298    
   2.0608082    
   2.0570040    
   2.0532174    
   2.0494480    
   2.0456958    
   2.0419605    
   2.0382416    
   2.0345397    
   2.0308540    
   2.0271842    
   2.0235310    
   2.0198932    
   2.0162711    
   2.0126648    
   2.0090737    
   2.0054979    
   2.0019372    
   1.9983913    
   1.9948602    
   1.9913436    
   1.9878416    
   1.9843540    
   1.9808805    
   1.9774212    
   1.9739757    
   1.9705440    
   1.9671259    
   1.9637214    
   1.9603304    
   1.9569526    
   1.9535879    
   1.9502363    
   1.9468976    
   1.9435718    
   1.9402586    
   1.9369581    
   1.9336699    
   1.9303942    
   1.9271307    
   1.9238793    
   1.9206400    
   1.9174125    
   1.9141970    
   1.9109931    
   1.9078009    
   1.9046202    
   1.9014510    
   1.8982930    
   1.8951464    
   1.8920108    
   1.8888863    
   1.8857728    
   1.8826703    
   1.8795785    
   1.8764974    
   1.8734268    
   1.8703668    
   1.8673173    
   1.8642782    
   1.8612493    
   1.8582307    
   1.8552222    
   1.8522238    
   1.8492352    
   1.8462566    
   1.8432878    
   1.8403288    
   1.8373795    
   1.8344396    
   1.8315095    
   1.8285887    
   1.8256773    
   1.8227752    
   1.8198824    
   1.8169987    
   1.8141242    
   1.8112588    
   1.8084023    
   1.8055547    
   1.8027160    
   1.7998861    
   1.7970650    
   1.7942525    
   1.7914486    
   1.7886533    
   1.7858664    
   1.7830880    
   1.7803179    
   1.7775562    
   1.7748027    
   1.7720574    
   1.7693204    
   1.7665913    
   1.7638704    
   1.7611573    
   1.7584523    
   1.7557551    
   1.7530657    
   1.7503841    
   1.7477103    
   1.7450441    
   1.7423855    
   1.7397346    
   1.7370912    
   1.7344552    
   1.7318267    
   1.7292055    
   1.7265917    
   1.7239852    
   1.7213860    
   1.7187939    
   1.7162089    
   1.7136312    
   1.7110604    
   1.7084967    
   1.7059399    
   1.7033901    
   1.7008473    
   1.6983112    
   1.6957819    
   1.6932595    
   1.6907438    
   1.6882347    
   1.6857324    
   1.6832366    
   1.6807474    
   1.6782647    
   1.6757885    
   1.6733189    
   1.6708555    
   1.6683986    
   1.6659480    
   1.6635038    
   1.6610658    
   1.6586341    
   1.6562085    
   1.6537890    
   1.6513759    
   1.6489687    
   1.6465676    
   1.6441725    
   1.6417835    
   1.6394004    
   1.6370232    
   1.6346519    
   1.6322864    
   1.6299268    
   1.6275730    
   1.6252251    
   1.6228827    
   1.6205461    
   1.6182152    
   1.6158899    
   1.6135703    
   1.6112562    
   1.6089476    
   1.6066447    
   1.6043472    
   1.6020552    
   1.5997685    
   1.5974873    
   1.5952115    
   1.5929410    
   1.5906760    
   1.5884161    
   1.5861615    
   1.5839121    
   1.5816680    
   1.5794291    
   1.5771954    
