   2.8477426    
   2.7299252    
   2.6419613    
   2.5696959    
   2.5075736    
   2.4527102    
   2.4033732    
   2.3584230    
   2.3170605    
   2.2786996    
   2.2428949    
   2.2092984    
   2.1776319    
   2.1476691    
   2.1192229    
   2.0921366    
   2.0662773    
   2.0415311    
   2.0178006    
   1.9949998    
   1.9730542    
   1.9518979    
   1.9314725    
   1.9117260    
   1.8926117    
   1.8740880    
   1.8561170    
   1.8386644    
   1.8216991    
   1.8051931    
   1.7891200    
   1.7734565    
   1.7581804    
   1.7432717    
   1.7287121    
   1.7144841    
   1.7005719    
   1.6869606    
   1.6736366    
   1.6605868    
   1.6477995    
   1.6352633    
   1.6229678    
   1.6109031    
   1.5990599    
   1.5874295    
   1.5760038    
   1.5647750    
   1.5537359    
   1.5428793    
   1.5321991    
   1.5216889    
   1.5113430    
   1.5011556    
   1.4911216    
   1.4812360    
   1.4714940    
   1.4618911    
   1.4524229    
   1.4430852    
   1.4338744    
   1.4247864    
   1.4158179    
   1.4069653    
   1.3982252    
   1.3895947    
   1.3810707    
   1.3726504    
   1.3643308    
   1.3561095    
   1.3479837    
   1.3399513    
   1.3320096    
   1.3241564    
   1.3163897    
   1.3087072    
   1.3011069    
   1.2935871    
   1.2861457    
   1.2787808    
   1.2714909    
   1.2642741    
   1.2571290    
   1.2500536    
   1.2430470    
   1.2361072    
   1.2292330    
   1.2224230    
   1.2156758    
   1.2089902    
   1.2023649    
   1.1957988    
   1.1892905    
   1.1828390    
   1.1764433    
   1.1701021    
   1.1638145    
   1.1575795    
   1.1513962    
   1.1452633    
   1.1391802    
   1.1331459    
   1.1271596    
   1.1212202    
   1.1153272    
   1.1094797    
   1.1036767    
   1.0979177    
   1.0922018    
   1.0865284    
   1.0808967    
   1.0753061    
   1.0697559    
   1.0642453    
   1.0587739    
   1.0533409    
   1.0479457    
   1.0425880    
   1.0372669    
   1.0319818    
   1.0267324    
   1.0215180    
   1.0163382    
   1.0111924    
   1.0060802    
   1.0010009    
  0.99595416    
  0.99093956    
  0.98595655    
  0.98100471    
  0.97608370    
  0.97119296    
  0.96633214    
  0.96150082    
  0.95669860    
  0.95192504    
  0.94717985    
  0.94246262    
  0.93777293    
  0.93311054    
  0.92847496    
  0.92386585    
  0.91928303    
  0.91472602    
  0.91019452    
  0.90568823    
  0.90120685    
  0.89675009    
  0.89231759    
  0.88790911    
  0.88352430    
  0.87916297    
  0.87482476    
  0.87050939    
  0.86621666    
  0.86194628    
  0.85769796    
  0.85347146    
  0.84926653    
  0.84508300    
  0.84092051    
  0.83677888    
  0.83265793    
  0.82855731    
  0.82447696    
  0.82041651    
  0.81637579    
  0.81235462    
  0.80835277    
  0.80436999    
  0.80040616    
  0.79646105    
  0.79253447    
  0.78862619    
  0.78473604    
  0.78086388    
  0.77700949    
  0.77317262    
  0.76935321    
  0.76555109    
  0.76176596    
  0.75799775    
  0.75424629    
  0.75051141    
  0.74679291    
  0.74309063    
  0.73940450    
  0.73573428    
  0.73207986    
  0.72844112    
  0.72481781    
  0.72120988    
  0.71761715    
  0.71403950    
  0.71047676    
  0.70692879    
  0.70339549    
  0.69987673    
  0.69637239    
  0.69288224    
  0.68940628    
  0.68594432    
  0.68249625    
  0.67906195    
  0.67564130    
  0.67223418    
  0.66884053    
  0.66546011    
  0.66209286    
  0.65873873    
  0.65539753    
  0.65206921    
  0.64875364    
  0.64545071    
  0.64216030    
  0.63888234    
  0.63561672    
  0.63236326    
  0.62912202    
  0.62589276    
  0.62267548    
  0.61947000    
  0.61627632    
  0.61309421    
  0.60992372    
  0.60676473    
  0.60361707    
  0.60048074    
  0.59735560    
  0.59424156    
  0.59113860    
  0.58804655    
  0.58496541    
  0.58189499    
  0.57883537    
  0.57578629    
  0.57274783    
  0.56971979    
  0.56670213    
  0.56369478    
  0.56069767    
  0.55771077    
  0.55473393    
  0.55176711    
  0.54881024    
  0.54586321    
  0.54292601    
  0.53999853    
  0.53708076    
  0.53417253    
  0.53127384    
  0.52838463    
  0.52550483    
  0.52263433    
  0.51977313    
  0.51692110    
  0.51407826    
  0.51124448    
  0.50841969    
  0.50560385    
  0.50279695    
  0.49999884    
  0.49720955    
  0.49442896    
  0.49165702    
  0.48889372    
  0.48613894    
  0.48339266    
  0.48065481    
  0.47792536    
  0.47520423    
  0.47249135    
  0.46978673    
  0.46709025    
  0.46440190    
  0.46172163    
  0.45904934    
  0.45638505    
  0.45372868    
  0.45108014    
  0.44843945    
  0.44580650    
  0.44318128    
  0.44056374    
  0.43795380    
  0.43535146    
  0.43275666    
  0.43016934    
  0.42758948    
  0.42501700    
  0.42245185    
  0.41989404    
  0.41734350    
  0.41480017    
  0.41226402    
  0.40973502    
  0.40721309    
  0.40469825    
  0.40219039    
  0.39968953    
