   1.4191719    
   1.3984406    
   1.3769246    
   1.3569037    
   1.3383702    
   1.3211106    
   1.3049240    
   1.2896475    
   1.2751516    
   1.2613336    
   1.2481103    
   1.2354141    
   1.2231890    
   1.2113880    
   1.1999716    
   1.1889058    
   1.1781615    
   1.1677132    
   1.1575388    
   1.1476188    
   1.1379356    
   1.1284741    
   1.1192203    
   1.1101615    
   1.1012869    
   1.0925862    
   1.0840498    
   1.0756695    
   1.0674374    
   1.0593464    
   1.0513901    
   1.0435621    
   1.0358570    
   1.0282693    
   1.0207944    
   1.0134276    
   1.0061648    
  0.99900198    
  0.99193537    
  0.98496151    
  0.97807717    
  0.97127914    
  0.96456462    
  0.95793086    
  0.95137519    
  0.94489515    
  0.93848842    
  0.93215281    
  0.92588615    
  0.91968650    
  0.91355193    
  0.90748066    
  0.90147090    
  0.89552104    
  0.88962948    
  0.88379472    
  0.87801528    
  0.87228984    
  0.86661702    
  0.86099553    
  0.85542423    
  0.84990185    
  0.84442735    
  0.83899963    
  0.83361757    
  0.82828027    
  0.82298666    
  0.81773591    
  0.81252706    
  0.80735928    
  0.80223167    
  0.79714346    
  0.79209387    
  0.78708214    
  0.78210753    
  0.77716935    
  0.77226686    
  0.76739949    
  0.76256657    
  0.75776744    
  0.75300145    
  0.74826813    
  0.74356687    
  0.73889709    
  0.73425823    
  0.72964984    
  0.72507137    
  0.72052234    
  0.71600229    
  0.71151072    
  0.70704716    
  0.70261121    
  0.69820243    
  0.69382042    
  0.68946475    
  0.68513507    
  0.68083090    
  0.67655194    
  0.67229778    
  0.66806805    
  0.66386247    
  0.65968060    
  0.65552223    
  0.65138692    
  0.64727443    
  0.64318436    
  0.63911653    
  0.63507056    
  0.63104618    
  0.62704307    
  0.62306100    
  0.61909974    
  0.61515892    
  0.61123830    
  0.60733771    
  0.60345680    
  0.59959537    
  0.59575325    
  0.59193009    
  0.58812571    
  0.58433992    
  0.58057243    
  0.57682312    
  0.57309163    
  0.56937790    
  0.56568170    
  0.56200278    
  0.55834097    
  0.55469602    
  0.55106789    
  0.54745620    
  0.54386097    
  0.54028189    
  0.53671879    
  0.53317159    
  0.52964002    
  0.52612394    
  0.52262324    
  0.51913768    
  0.51566720    
  0.51221156    
  0.50877064    
  0.50534433    
  0.50193244    
  0.49853483    
  0.49515134    
  0.49178186    
  0.48842627    
  0.48508438    
  0.48175612    
  0.47844133    
  0.47513986    
  0.47185162    
  0.46857646    
  0.46531430    
  0.46206495    
  0.45882836    
  0.45560437    
  0.45239291    
  0.44919384    
  0.44600701    
  0.44283238    
  0.43966979    
  0.43651918    
  0.43338040    
  0.43025336    
  0.42713797    
  0.42403412    
  0.42094174    
  0.41786069    
  0.41479090    
  0.41173226    
  0.40868467    
  0.40564808    
  0.40262237    
  0.39960745    
  0.39660323    
  0.39360964    
  0.39062658    
  0.38765395    
  0.38469169    
  0.38173974    
  0.37879795    
  0.37586632    
  0.37294471    
  0.37003306    
  0.36713132    
  0.36423936    
  0.36135715    
  0.35848463    
  0.35562167    
  0.35276821    
  0.34992421    
  0.34708959    
  0.34426427    
  0.34144819    
  0.33864129    
  0.33584347    
  0.33305469    
  0.33027491    
  0.32750401    
  0.32474196    
  0.32198867    
  0.31924412    
  0.31650820    
  0.31378090    
  0.31106213    
  0.30835181    
  0.30564994    
  0.30295640    
  0.30027115    
  0.29759419    
  0.29492539    
  0.29226473    
  0.28961214    
  0.28696758    
  0.28433099    
  0.28170231    
  0.27908149    
  0.27646849    
  0.27386326    
  0.27126575    
  0.26867586    
  0.26609361    
  0.26351893    
  0.26095176    
  0.25839204    
  0.25583977    
  0.25329483    
  0.25075725    
  0.24822693    
  0.24570383    
  0.24318795    
  0.24067919    
  0.23817754    
  0.23568295    
  0.23319536    
  0.23071475    
  0.22824107    
  0.22577427    
  0.22331432    
  0.22086117    
  0.21841478    
  0.21597512    
  0.21354213    
  0.21111581    
  0.20869607    
  0.20628290    
  0.20387626    
  0.20147611    
  0.19908240    
  0.19669512    
  0.19431421    
  0.19193965    
  0.18957138    
  0.18720940    
  0.18485363    
  0.18250407    
  0.18016069    
  0.17782341    
  0.17549224    
  0.17316714    
  0.17084806    
  0.16853496    
  0.16622785    
  0.16392665    
  0.16163135    
  0.15934192    
  0.15705831    
  0.15478052    
  0.15250848    
  0.15024219    
  0.14798161    
  0.14572671    
  0.14347745    
  0.14123383    
  0.13899578    
  0.13676330    
  0.13453634    
  0.13231489    
  0.13009891    
  0.12788838    
  0.12568326    
  0.12348354    
  0.12128917    
  0.11910015    
  0.11691642    
  0.11473797    
  0.11256479    
  0.11039682    
  0.10823406    
  0.10607648    
  0.10392404    
  0.10177673    
  9.96345133E-02
  9.74973738E-02
  9.53652784E-02
  9.32382122E-02
  9.11161453E-02
  8.89990479E-02
