   1.2894553    
   1.3059126    
   1.3011382    
   1.2911570    
   1.2794962    
   1.2673191    
   1.2550871    
   1.2430007    
   1.2311487    
   1.2195680    
   1.2082700    
   1.1972532    
   1.1865100    
   1.1760291    
   1.1657983    
   1.1558052    
   1.1460373    
   1.1364830    
   1.1271307    
   1.1179702    
   1.1089916    
   1.1001860    
   1.0915445    
   1.0830595    
   1.0747236    
   1.0665301    
   1.0584724    
   1.0505449    
   1.0427418    
   1.0350581    
   1.0274889    
   1.0200299    
   1.0126766    
   1.0054252    
  0.99827194    
  0.99121320    
  0.98424578    
  0.97736645    
  0.97057235    
  0.96386069    
  0.95722872    
  0.95067406    
  0.94419426    
  0.93778706    
  0.93145031    
  0.92518193    
  0.91898006    
  0.91284281    
  0.90676838    
  0.90075511    
  0.89480138    
  0.88890558    
  0.88306630    
  0.87728208    
  0.87155163    
  0.86587358    
  0.86024666    
  0.85466969    
  0.84914160    
  0.84366113    
  0.83822727    
  0.83283907    
  0.82749546    
  0.82219541    
  0.81693816    
  0.81172270    
  0.80654824    
  0.80141389    
  0.79631895    
  0.79126251    
  0.78624386    
  0.78126234    
  0.77631718    
  0.77140778    
  0.76653337    
  0.76169342    
  0.75688720    
  0.75211418    
  0.74737382    
  0.74266541    
  0.73798853    
  0.73334265    
  0.72872716    
  0.72414160    
  0.71958548    
  0.71505833    
  0.71055973    
  0.70608914    
  0.70164615    
  0.69723034    
  0.69284129    
  0.68847865    
  0.68414193    
  0.67983079    
  0.67554486    
  0.67128378    
  0.66704720    
  0.66283470    
  0.65864599    
  0.65448076    
  0.65033865    
  0.64621931    
  0.64212251    
  0.63804793    
  0.63399523    
  0.62996411    
  0.62595439    
  0.62196565    
  0.61799771    
  0.61405033    
  0.61012316    
  0.60621601    
  0.60232860    
  0.59846067    
  0.59461206    
  0.59078246    
  0.58697170    
  0.58317953    
  0.57940567    
  0.57565004    
  0.57191229    
  0.56819230    
  0.56448978    
  0.56080467    
  0.55713665    
  0.55348557    
  0.54985124    
  0.54623353    
  0.54263216    
  0.53904700    
  0.53547794    
  0.53192466    
  0.52838713    
  0.52486515    
  0.52135849    
  0.51786709    
  0.51439071    
  0.51092923    
  0.50748253    
  0.50405037    
  0.50063270    
  0.49722934    
  0.49384016    
  0.49046499    
  0.48710373    
  0.48375621    
  0.48042232    
  0.47710195    
  0.47379491    
  0.47050112    
  0.46722049    
  0.46395281    
  0.46069801    
  0.45745596    
  0.45422658    
  0.45100969    
  0.44780526    
  0.44461310    
  0.44143313    
  0.43826523    
  0.43510935    
  0.43196529    
  0.42883304    
  0.42571244    
  0.42260343    
  0.41950586    
  0.41641968    
  0.41334477    
  0.41028103    
  0.40722838    
  0.40418673    
  0.40115598    
  0.39813605    
  0.39512685    
  0.39212829    
  0.38914028    
  0.38616273    
  0.38319555    
  0.38023871    
  0.37729207    
  0.37435558    
  0.37142915    
  0.36851272    
  0.36560616    
  0.36270946    
  0.35982251    
  0.35694525    
  0.35407758    
  0.35121945    
  0.34837079    
  0.34553149    
  0.34270155    
  0.33988085    
  0.33706936    
  0.33426699    
  0.33147365    
  0.32868931    
  0.32591391    
  0.32314733    
  0.32038957    
  0.31764054    
  0.31490019    
  0.31216845    
  0.30944526    
  0.30673057    
  0.30402431    
  0.30132639    
  0.29863682    
  0.29595551    
  0.29328242    
  0.29061747    
  0.28796059    
  0.28531176    
  0.28267092    
  0.28003803    
  0.27741301    
  0.27479580    
  0.27218640    
  0.26958469    
  0.26699069    
  0.26440430    
  0.26182550    
  0.25925422    
  0.25669041    
  0.25413406    
  0.25158507    
  0.24904343    
  0.24650909    
  0.24398199    
  0.24146210    
  0.23894937    
  0.23644374    
  0.23394519    
  0.23145367    
  0.22896914    
  0.22649154    
  0.22402084    
  0.22155701    
  0.21909998    
  0.21664974    
  0.21420623    
  0.21176943    
  0.20933928    
  0.20691574    
  0.20449878    
  0.20208837    
  0.19968446    
  0.19728701    
  0.19489598    
  0.19251135    
  0.19013308    
  0.18776111    
  0.18539545    
  0.18303601    
  0.18068279    
  0.17833576    
  0.17599486    
  0.17366005    
  0.17133135    
  0.16900866    
  0.16669199    
  0.16438130    
  0.16207653    
  0.15977769    
  0.15748473    
  0.15519759    
  0.15291628    
  0.15064074    
  0.14837097    
  0.14610691    
  0.14384854    
  0.14159583    
  0.13934875    
  0.13710727    
  0.13487136    
  0.13264100    
  0.13041614    
  0.12819678    
  0.12598287    
  0.12377439    
  0.12157129    
  0.11937359    
  0.11718122    
  0.11499418    
  0.11281241    
  0.11063592    
  0.10846467    
  0.10629863    
  0.10413776    
  0.10198207    
  9.98315066E-02
  9.76860523E-02
  9.55456793E-02
  9.34103653E-02
  9.12800878E-02
  8.91548097E-02
  8.70345235E-02
  8.49191993E-02
  8.28088075E-02
  8.07033256E-02
