  0.32291290    
  0.42690569    
  0.49217403    
  0.53789425    
  0.57171088    
  0.59755242    
  0.61772108    
  0.63368177    
  0.64642239    
  0.65663797    
  0.66483456    
  0.67139047    
  0.67659509    
  0.68067378    
  0.68380499    
  0.68613213    
  0.68777156    
  0.68881899    
  0.68935376    
  0.68944228    
  0.68914044    
  0.68849581    
  0.68754900    
  0.68633485    
  0.68488342    
  0.68322104    
  0.68137038    
  0.67935157    
  0.67718208    
  0.67487741    
  0.67245138    
  0.66991615    
  0.66728252    
  0.66456032    
  0.66175818    
  0.65888393    
  0.65594459    
  0.65294647    
  0.64989531    
  0.64679629    
  0.64365417    
  0.64047313    
  0.63725716    
  0.63400972    
  0.63073409    
  0.62743318    
  0.62410980    
  0.62076628    
  0.61740506    
  0.61402810    
  0.61063743    
  0.60723466    
  0.60382158    
  0.60039961    
  0.59697014    
  0.59353441    
  0.59009367    
  0.58664900    
  0.58320141    
  0.57975173    
  0.57630098    
  0.57284981    
  0.56939912    
  0.56594944    
  0.56250149    
  0.55905586    
  0.55561310    
  0.55217367    
  0.54873812    
  0.54530680    
  0.54188019    
  0.53845859    
  0.53504241    
  0.53163195    
  0.52822751    
  0.52482933    
  0.52143770    
  0.51805294    
  0.51467514    
  0.51130456    
  0.50794137    
  0.50458574    
  0.50123787    
  0.49789789    
  0.49456593    
  0.49124211    
  0.48792651    
  0.48461932    
  0.48132053    
  0.47803032    
  0.47474870    
  0.47147578    
  0.46821159    
  0.46495625    
  0.46170974    
  0.45847213    
  0.45524350    
  0.45202380    
  0.44881314    
  0.44561151    
  0.44241893    
  0.43923545    
  0.43606102    
  0.43289569    
  0.42973948    
  0.42659238    
  0.42345437    
  0.42032549    
  0.41720569    
  0.41409498    
  0.41099337    
  0.40790084    
  0.40481734    
  0.40174291    
  0.39867750    
  0.39562112    
  0.39257371    
  0.38953528    
  0.38650578    
  0.38348523    
  0.38047355    
  0.37747076    
  0.37447682    
  0.37149170    
  0.36851534    
  0.36554775    
  0.36258888    
  0.35963875    
  0.35669723    
  0.35376438    
  0.35084012    
  0.34792441    
  0.34501725    
  0.34211856    
  0.33922836    
  0.33634660    
  0.33347321    
  0.33060816    
  0.32775146    
  0.32490301    
  0.32206285    
  0.31923088    
  0.31640708    
  0.31359142    
  0.31078386    
  0.30798435    
  0.30519289    
  0.30240941    
  0.29963389    
  0.29686627    
  0.29410651    
  0.29135463    
  0.28861052    
  0.28587419    
  0.28314555    
  0.28042462    
  0.27771136    
  0.27500570    
  0.27230763    
  0.26961708    
  0.26693404    
  0.26425847    
  0.26159033    
  0.25892958    
  0.25627619    
  0.25363010    
  0.25099131    
  0.24835978    
  0.24573545    
  0.24311830    
  0.24050829    
  0.23790538    
  0.23530954    
  0.23272073    
  0.23013893    
  0.22756408    
  0.22499616    
  0.22243515    
  0.21988098    
  0.21733366    
  0.21479312    
  0.21225932    
  0.20973226    
  0.20721190    
  0.20469819    
  0.20219111    
  0.19969063    
  0.19719668    
  0.19470927    
  0.19222836    
  0.18975392    
  0.18728590    
  0.18482427    
  0.18236902    
  0.17992009    
  0.17747748    
  0.17504114    
  0.17261104    
  0.17018715    
  0.16776945    
  0.16535789    
  0.16295245    
  0.16055311    
  0.15815984    
  0.15577258    
  0.15339133    
  0.15101607    
  0.14864674    
  0.14628333    
  0.14392580    
  0.14157413    
  0.13922830    
  0.13688827    
  0.13455401    
  0.13222550    
  0.12990272    
  0.12758562    
  0.12527420    
  0.12296841    
  0.12066822    
  0.11837363    
  0.11608461    
  0.11380111    
  0.11152311    
  0.10925060    
  0.10698354    
  0.10472192    
  0.10246570    
  0.10021485    
  9.79693681E-02
  9.57292095E-02
  9.34943631E-02
  9.12647918E-02
  8.90404806E-02
  8.68213922E-02
  8.46075267E-02
  8.23988318E-02
  8.01953077E-02
  7.79969171E-02
  7.58036375E-02
  7.36154467E-02
  7.14323297E-02
  6.92542568E-02
  6.70811981E-02
  6.49131536E-02
  6.27500713E-02
  6.05919473E-02
  5.84387630E-02
  5.62904812E-02
  5.41470908E-02
  5.20085692E-02
  4.98748906E-02
  4.77460288E-02
  4.56219763E-02
  4.35026996E-02
  4.13881913E-02
  3.92784178E-02
  3.71733718E-02
  3.50730158E-02
  3.29773389E-02
  3.08863111E-02
  2.87999231E-02
  2.67181657E-02
  2.46410053E-02
  2.25684103E-02
  2.05003805E-02
  1.84368845E-02
  1.63778961E-02
  1.43234329E-02
  1.22734373E-02
  1.02278870E-02
  8.18678550E-03
  6.15011994E-03
  4.11782274E-03
  2.08997983E-03
  6.77060088E-05
   3.1396399    
   3.1376252    
   3.1356146    
   3.1336083    
   3.1316063    
   3.1296086    
   3.1276152    
   3.1256261    
   3.1236410    
   3.1216602    
   3.1196837    
   3.1177111    
   3.1157427    
   3.1137786    
   3.1118183    
   3.1098623    
   3.1079104    
   3.1059625    
   3.1040187    
   3.1020787    
   3.1001430    
   3.0982111    
   3.0962832    
   3.0943592    
