   3.0129163    
   2.9597185    
   2.9189672    
   2.8846700    
   2.8545036    
   2.8272765    
   2.8022799    
   2.7790523    
   2.7572720    
   2.7367055    
   2.7171762    
   2.6985464    
   2.6807072    
   2.6635699    
   2.6470611    
   2.6311197    
   2.6156940    
   2.6007400    
   2.5862191    
   2.5720980    
   2.5583479    
   2.5449426    
   2.5318596    
   2.5190783    
   2.5065804    
   2.4943492    
   2.4823699    
   2.4706290    
   2.4591138    
   2.4478130    
   2.4367166    
   2.4258146    
   2.4150982    
   2.4045594    
   2.3941903    
   2.3839841    
   2.3739340    
   2.3640342    
   2.3542783    
   2.3446617    
   2.3351789    
   2.3258252    
   2.3165963    
   2.3074877    
   2.2984955    
   2.2896161    
   2.2808459    
   2.2721813    
   2.2636194    
   2.2551570    
   2.2467914    
   2.2385194    
   2.2303388    
   2.2222469    
   2.2142413    
   2.2063198    
   2.1984801    
   2.1907203    
   2.1830385    
   2.1754324    
   2.1679003    
   2.1604407    
   2.1530514    
   2.1457312    
   2.1384785    
   2.1312916    
   2.1241691    
   2.1171098    
   2.1101122    
   2.1031749    
   2.0962965    
   2.0894763    
   2.0827129    
   2.0760050    
   2.0693517    
   2.0627520    
   2.0562046    
   2.0497086    
   2.0432632    
   2.0368674    
   2.0305202    
   2.0242207    
   2.0179682    
   2.0117619    
   2.0056009    
   1.9994845    
   1.9934118    
   1.9873822    
   1.9813949    
   1.9754493    
   1.9695446    
   1.9636803    
   1.9578557    
   1.9520700    
   1.9463229    
   1.9406136    
   1.9349415    
   1.9293063    
   1.9237071    
   1.9181436    
   1.9126153    
   1.9071215    
   1.9016619    
   1.8962359    
   1.8908430    
   1.8854829    
   1.8801550    
   1.8748589    
   1.8695941    
   1.8643603    
   1.8591571    
   1.8539839    
   1.8488406    
   1.8437265    
   1.8386414    
   1.8335850    
   1.8285568    
   1.8235564    
   1.8185837    
   1.8136381    
   1.8087194    
   1.8038273    
   1.7989613    
   1.7941213    
   1.7893069    
   1.7845178    
   1.7797536    
   1.7750142    
   1.7702992    
   1.7656084    
   1.7609415    
   1.7562982    
   1.7516781    
   1.7470813    
   1.7425072    
   1.7379557    
   1.7334266    
   1.7289195    
   1.7244343    
   1.7199707    
   1.7155285    
   1.7111075    
   1.7067075    
   1.7023282    
   1.6979694    
   1.6936309    
   1.6893126    
   1.6850141    
   1.6807353    
   1.6764761    
   1.6722362    
   1.6680155    
   1.6638136    
   1.6596305    
   1.6554660    
   1.6513199    
   1.6471919    
   1.6430820    
   1.6389900    
   1.6349158    
   1.6308591    
   1.6268197    
   1.6227976    
   1.6187927    
   1.6148045    
   1.6108332    
   1.6068784    
   1.6029401    
   1.5990181    
   1.5951122    
   1.5912224    
   1.5873486    
   1.5834904    
   1.5796479    
   1.5758208    
   1.5720091    
   1.5682125    
   1.5644312    
   1.5606647    
   1.5569130    
   1.5531762    
   1.5494539    
   1.5457460    
   1.5420525    
   1.5383732    
   1.5347080    
   1.5310569    
   1.5274197    
   1.5237962    
   1.5201863    
   1.5165901    
   1.5130073    
   1.5094378    
   1.5058817    
   1.5023385    
   1.4988085    
   1.4952915    
   1.4917872    
   1.4882957    
   1.4848169    
   1.4813505    
   1.4778967    
   1.4744552    
   1.4710259    
   1.4676089    
   1.4642040    
   1.4608110    
   1.4574300    
   1.4540608    
   1.4507034    
   1.4473575    
   1.4440233    
   1.4407005    
   1.4373891    
   1.4340892    
   1.4308003    
   1.4275228    
   1.4242562    
   1.4210007    
   1.4177561    
   1.4145224    
   1.4112995    
   1.4080873    
   1.4048856    
   1.4016945    
   1.3985140    
   1.3953439    
   1.3921841    
   1.3890347    
   1.3858954    
   1.3827662    
   1.3796473    
   1.3765382    
   1.3734391    
   1.3703499    
   1.3672705    
   1.3642008    
   1.3611410    
   1.3580906    
   1.3550498    
   1.3520186    
   1.3489968    
   1.3459843    
   1.3429812    
   1.3399874    
   1.3370028    
   1.3340273    
   1.3310609    
   1.3281035    
   1.3251553    
   1.3222158    
   1.3192852    
   1.3163635    
   1.3134505    
   1.3105462    
   1.3076506    
   1.3047636    
   1.3018850    
   1.2990150    
   1.2961535    
   1.2933004    
   1.2904557    
   1.2876192    
   1.2847910    
   1.2819710    
   1.2791592    
   1.2763554    
   1.2735597    
   1.2707721    
   1.2679924    
   1.2652205    
   1.2624567    
   1.2597007    
   1.2569523    
   1.2542118    
   1.2514789    
   1.2487538    
   1.2460362    
   1.2433262    
   1.2406237    
   1.2379287    
   1.2352413    
   1.2325611    
   1.2298883    
   1.2272229    
   1.2245648    
   1.2219138    
   1.2192701    
   1.2166336    
   1.2140042    
   1.2113818    
   1.2087665    
   1.2061582    
   1.2035569    
   1.2009625    
   1.1983751    
   1.1957945    
   1.1932207    
   1.1906537    
   1.1880934    
