   1.7992032    
   1.6711930    
   1.6008161    
   1.5513538    
   1.5126140    
   1.4803867    
   1.4525405    
   1.4278504    
   1.4055482    
   1.3851207    
   1.3662076    
   1.3485464    
   1.3319391    
   1.3162335    
   1.3013092    
   1.2870694    
   1.2734352    
   1.2603415    
   1.2477334    
   1.2355646    
   1.2237955    
   1.2123921    
   1.2013247    
   1.1905673    
   1.1800971    
   1.1698940    
   1.1599398    
   1.1502185    
   1.1407157    
   1.1314185    
   1.1223147    
   1.1133939    
   1.1046461    
   1.0960625    
   1.0876348    
   1.0793555    
   1.0712175    
   1.0632145    
   1.0553405    
   1.0475899    
   1.0399575    
   1.0324386    
   1.0250287    
   1.0177234    
   1.0105190    
   1.0034118    
  0.99639803    
  0.98947459    
  0.98263842    
  0.97588658    
  0.96921629    
  0.96262491    
  0.95611000    
  0.94966918    
  0.94330031    
  0.93700117    
  0.93076980    
  0.92460424    
  0.91850269    
  0.91246337    
  0.90648460    
  0.90056485    
  0.89470255    
  0.88889623    
  0.88314450    
  0.87744600    
  0.87179947    
  0.86620373    
  0.86065745    
  0.85515958    
  0.84970903    
  0.84430468    
  0.83894557    
  0.83363074    
  0.82835919    
  0.82313001    
  0.81794232    
  0.81279534    
  0.80768812    
  0.80261999    
  0.79759014    
  0.79259783    
  0.78764230    
  0.78272289    
  0.77783895    
  0.77298981    
  0.76817483    
  0.76339340    
  0.75864488    
  0.75392878    
  0.74924451    
  0.74459147    
  0.73996919    
  0.73537719    
  0.73081487    
  0.72628182    
  0.72177750    
  0.71730155    
  0.71285343    
  0.70843273    
  0.70403904    
  0.69967198    
  0.69533110    
  0.69101602    
  0.68672633    
  0.68246168    
  0.67822170    
  0.67400610    
  0.66981441    
  0.66564643    
  0.66150171    
  0.65737998    
  0.65328091    
  0.64920425    
  0.64514959    
  0.64111674    
  0.63710535    
  0.63311517    
  0.62914592    
  0.62519729    
  0.62126911    
  0.61736101    
  0.61347282    
  0.60960430    
  0.60575515    
  0.60192513    
  0.59811407    
  0.59432167    
  0.59054774    
  0.58679211    
  0.58305454    
  0.57933474    
  0.57563263    
  0.57194793    
  0.56828040    
  0.56462997    
  0.56099635    
  0.55737942    
  0.55377895    
  0.55019480    
  0.54662675    
  0.54307467    
  0.53953832    
  0.53601760    
  0.53251231    
  0.52902234    
  0.52554750    
  0.52208757    
  0.51864249    
  0.51521206    
  0.51179618    
  0.50839466    
  0.50500739    
  0.50163418    
  0.49827489    
  0.49492946    
  0.49159771    
  0.48827949    
  0.48497471    
  0.48168319    
  0.47840488    
  0.47513959    
  0.47188723    
  0.46864769    
  0.46542081    
  0.46220651    
  0.45900467    
  0.45581517    
  0.45263791    
  0.44947276    
  0.44631964    
  0.44317842    
  0.44004902    
  0.43693131    
  0.43382522    
  0.43073064    
  0.42764744    
  0.42457557    
  0.42151490    
  0.41846535    
  0.41542685    
  0.41239926    
  0.40938252    
  0.40637654    
  0.40338123    
  0.40039650    
  0.39742225    
  0.39445844    
  0.39150494    
  0.38856170    
  0.38562861    
  0.38270563    
  0.37979263    
  0.37688959    
  0.37399638    
  0.37111294    
  0.36823922    
  0.36537513    
  0.36252061    
  0.35967553    
  0.35683990    
  0.35401359    
  0.35119659    
  0.34838876    
  0.34559008    
  0.34280047    
  0.34001988    
  0.33724821    
  0.33448544    
  0.33173147    
  0.32898623    
  0.32624969    
  0.32352179    
  0.32080245    
  0.31809160    
  0.31538922    
  0.31269521    
  0.31000954    
  0.30733213    
  0.30466294    
  0.30200192    
  0.29934901    
  0.29670414    
  0.29406729    
  0.29143837    
  0.28881735    
  0.28620413    
  0.28359875    
  0.28100106    
  0.27841109    
  0.27582875    
  0.27325398    
  0.27068675    
  0.26812702    
  0.26557472    
  0.26302984    
  0.26049230    
  0.25796205    
  0.25543904    
  0.25292325    
  0.25041464    
  0.24791314    
  0.24541873    
  0.24293134    
  0.24045093    
  0.23797749    
  0.23551095    
  0.23305127    
  0.23059841    
  0.22815233    
  0.22571300    
  0.22328037    
  0.22085440    
  0.21843505    
  0.21602228    
  0.21361606    
  0.21121635    
  0.20882308    
  0.20643628    
  0.20405585    
  0.20168178    
  0.19931404    
  0.19695258    
  0.19459738    
  0.19224837    
  0.18990555    
  0.18756889    
  0.18523832    
  0.18291384    
  0.18059538    
  0.17828295    
  0.17597649    
  0.17367597    
  0.17138137    
  0.16909264    
  0.16680975    
  0.16453268    
  0.16226140    
  0.15999587    
  0.15773605    
  0.15548193    
  0.15323347    
  0.15099064    
  0.14875340    
  0.14652175    
  0.14429563    
  0.14207503    
  0.13985991    
  0.13765025    
  0.13544603    
  0.13324718    
  0.13105372    
  0.12886561    
  0.12668280    
  0.12450530    
  0.12233306    
  0.12016605    
  0.11800425    
  0.11584764    
  0.11369618    
