   3.0610223    
   3.0277400    
   3.0022635    
   2.9808376    
   2.9620061    
   2.9450219    
   2.9294403    
   2.9149721    
   2.9014153    
   2.8886235    
   2.8764858    
   2.8649156    
   2.8538446    
   2.8432171    
   2.8329868    
   2.8231156    
   2.8135707    
   2.8043246    
   2.7953527    
   2.7866347    
   2.7781518    
   2.7698879    
   2.7618287    
   2.7539611    
   2.7462735    
   2.7387559    
   2.7313986    
   2.7241931    
   2.7171314    
   2.7102063    
   2.7034116    
   2.6967409    
   2.6901886    
   2.6837499    
   2.6774197    
   2.6711934    
   2.6650672    
   2.6590369    
   2.6530991    
   2.6472502    
   2.6414869    
   2.6358066    
   2.6302061    
   2.6246829    
   2.6192343    
   2.6138582    
   2.6085522    
   2.6033142    
   2.5981419    
   2.5930338    
   2.5879877    
   2.5830021    
   2.5780749    
   2.5732052    
   2.5683908    
   2.5636308    
   2.5589235    
   2.5542676    
   2.5496619    
   2.5451052    
   2.5405960    
   2.5361338    
   2.5317168    
   2.5273447    
   2.5230157    
   2.5187297    
   2.5144849    
   2.5102811    
   2.5061171    
   2.5019920    
   2.4979053    
   2.4938562    
   2.4898436    
   2.4858670    
   2.4819257    
   2.4780190    
   2.4741461    
   2.4703069    
   2.4665000    
   2.4627254    
   2.4589822    
   2.4552701    
   2.4515884    
   2.4479363    
   2.4443138    
   2.4407201    
   2.4371550    
   2.4336176    
   2.4301076    
   2.4266245    
   2.4231682    
   2.4197381    
   2.4163334    
   2.4129543    
   2.4096000    
   2.4062703    
   2.4029646    
   2.3996830    
   2.3964245    
   2.3931894    
   2.3899770    
   2.3867869    
   2.3836193    
   2.3804731    
   2.3773487    
   2.3742452    
   2.3711629    
   2.3681011    
   2.3650596    
   2.3620381    
   2.3590364    
   2.3560543    
   2.3530917    
   2.3501477    
   2.3472228    
   2.3443162    
   2.3414283    
   2.3385582    
   2.3357058    
   2.3328712    
   2.3300540    
   2.3272541    
   2.3244710    
   2.3217046    
   2.3189549    
   2.3162217    
   2.3135045    
   2.3108034    
   2.3081181    
   2.3054483    
   2.3027940    
   2.3001552    
   2.2975311    
   2.2949221    
   2.2923279    
   2.2897484    
   2.2871833    
   2.2846322    
   2.2820954    
   2.2795727    
   2.2770636    
   2.2745683    
   2.2720864    
   2.2696180    
   2.2671628    
   2.2647207    
   2.2622914    
   2.2598753    
   2.2574716    
   2.2550805    
   2.2527020    
   2.2503357    
   2.2479815    
   2.2456393    
   2.2433093    
   2.2409911    
   2.2386844    
   2.2363896    
   2.2341061    
   2.2318339    
   2.2295732    
   2.2273235    
   2.2250850    
   2.2228572    
   2.2206404    
   2.2184343    
   2.2162390    
   2.2140541    
   2.2118797    
   2.2097156    
   2.2075617    
   2.2054181    
   2.2032845    
   2.2011609    
   2.1990471    
   2.1969433    
   2.1948490    
   2.1927645    
   2.1906896    
   2.1886239    
   2.1865678    
   2.1845207    
   2.1824832    
   2.1804545    
   2.1784351    
   2.1764245    
   2.1744230    
   2.1724303    
   2.1704462    
   2.1684709    
   2.1665041    
   2.1645458    
   2.1625962    
   2.1606548    
   2.1587219    
   2.1567972    
   2.1548805    
   2.1529720    
   2.1510718    
   2.1491792    
   2.1472948    
   2.1454182    
   2.1435494    
   2.1416883    
   2.1398351    
   2.1379893    
   2.1361511    
   2.1343205    
   2.1324971    
   2.1306813    
   2.1288729    
   2.1270716    
   2.1252775    
   2.1234906    
   2.1217108    
   2.1199381    
   2.1181724    
   2.1164136    
   2.1146617    
   2.1129165    
   2.1111782    
   2.1094468    
   2.1077218    
   2.1060038    
   2.1042919    
   2.1025870    
   2.1008883    
   2.0991962    
   2.0975106    
   2.0958312    
   2.0941579    
   2.0924911    
   2.0908306    
   2.0891762    
   2.0875280    
   2.0858858    
   2.0842495    
   2.0826194    
   2.0809951    
   2.0793767    
   2.0777643    
   2.0761578    
   2.0745571    
   2.0729618    
   2.0713725    
   2.0697889    
   2.0682108    
   2.0666385    
   2.0650716    
   2.0635102    
   2.0619543    
   2.0604038    
   2.0588589    
   2.0573192    
   2.0557847    
   2.0542557    
   2.0527320    
   2.0512135    
   2.0497000    
   2.0481918    
   2.0466888    
   2.0451908    
   2.0436978    
   2.0422101    
   2.0407271    
   2.0392492    
   2.0377762    
   2.0363081    
   2.0348446    
   2.0333862    
   2.0319326    
   2.0304837    
   2.0290396    
   2.0276003    
   2.0261655    
   2.0247355    
   2.0233099    
   2.0218892    
   2.0204728    
   2.0190611    
   2.0176537    
   2.0162508    
   2.0148525    
   2.0134587    
   2.0120690    
   2.0106840    
   2.0093031    
   2.0079265    
   2.0065544    
   2.0051863    
   2.0038226    
   2.0024631    
   2.0011077    
   1.9997566    
   1.9984095    
   1.9970665    
   1.9957277    
   1.9943928    
   1.9930620    
   1.9917352    
