   3.0370672    
   2.9938281    
   2.9606881    
   2.9327819    
   2.9082246    
   2.8860483    
   2.8656785    
   2.8467402    
   2.8289735    
   2.8121884    
   2.7962415    
   2.7810218    
   2.7664406    
   2.7524259    
   2.7389188    
   2.7258697    
   2.7132363    
   2.7009833    
   2.6890793    
   2.6774979    
   2.6662149    
   2.6552098    
   2.6444640    
   2.6339610    
   2.6236861    
   2.6136258    
   2.6037681    
   2.5941019    
   2.5846171    
   2.5753050    
   2.5661566    
   2.5571647    
   2.5483217    
   2.5396211    
   2.5310571    
   2.5226235    
   2.5143154    
   2.5061276    
   2.4980557    
   2.4900951    
   2.4822419    
   2.4744921    
   2.4668424    
   2.4592891    
   2.4518292    
   2.4444597    
   2.4371774    
   2.4299800    
   2.4228647    
   2.4158289    
   2.4088707    
   2.4019876    
   2.3951776    
   2.3884385    
   2.3817687    
   2.3751662    
   2.3686290    
   2.3621557    
   2.3557448    
   2.3493946    
   2.3431036    
   2.3368704    
   2.3306937    
   2.3245721    
   2.3185046    
   2.3124895    
   2.3065262    
   2.3006132    
   2.2947495    
   2.2889342    
   2.2831662    
   2.2774444    
   2.2717679    
   2.2661362    
   2.2605479    
   2.2550023    
   2.2494986    
   2.2440362    
   2.2386141    
   2.2332315    
   2.2278879    
   2.2225826    
   2.2173147    
   2.2120838    
   2.2068892    
   2.2017300    
   2.1966059    
   2.1915162    
   2.1864603    
   2.1814377    
   2.1764481    
   2.1714904    
   2.1665647    
   2.1616700    
   2.1568062    
   2.1519725    
   2.1471689    
   2.1423945    
   2.1376491    
   2.1329319    
   2.1282430    
   2.1235819    
   2.1189480    
   2.1143410    
   2.1097605    
   2.1052060    
   2.1006775    
   2.0961745    
   2.0916963    
   2.0872431    
   2.0828142    
   2.0784094    
   2.0740287    
   2.0696712    
   2.0653369    
   2.0610256    
   2.0567369    
   2.0524704    
   2.0482261    
   2.0440035    
   2.0398026    
   2.0356226    
   2.0314639    
   2.0273259    
   2.0232081    
   2.0191109    
   2.0150337    
   2.0109761    
   2.0069382    
   2.0029197    
   1.9989202    
   1.9949397    
   1.9909779    
   1.9870347    
   1.9831096    
   1.9792027    
   1.9753138    
   1.9714425    
   1.9675888    
   1.9637523    
   1.9599330    
   1.9561309    
   1.9523454    
   1.9485766    
   1.9448242    
   1.9410881    
   1.9373682    
   1.9336642    
   1.9299761    
   1.9263036    
   1.9226466    
   1.9190049    
   1.9153786    
   1.9117671    
   1.9081707    
   1.9045891    
   1.9010220    
   1.8974694    
   1.8939313    
   1.8904073    
   1.8868974    
   1.8834015    
   1.8799195    
   1.8764511    
   1.8729964    
   1.8695551    
   1.8661273    
   1.8627126    
   1.8593110    
   1.8559225    
   1.8525468    
   1.8491839    
   1.8458337    
   1.8424960    
   1.8391708    
   1.8358580    
   1.8325573    
   1.8292688    
   1.8259925    
   1.8227279    
   1.8194753    
   1.8162344    
   1.8130051    
   1.8097875    
   1.8065813    
   1.8033863    
   1.8002028    
   1.7970304    
   1.7938691    
   1.7907189    
   1.7875795    
   1.7844511    
   1.7813333    
   1.7782264    
   1.7751299    
   1.7720439    
   1.7689685    
   1.7659034    
   1.7628485    
   1.7598038    
   1.7567693    
   1.7537448    
   1.7507303    
   1.7477257    
   1.7447309    
   1.7417459    
   1.7387706    
   1.7358049    
   1.7328488    
   1.7299021    
   1.7269648    
   1.7240371    
   1.7211183    
   1.7182090    
   1.7153088    
   1.7124176    
   1.7095355    
   1.7066623    
   1.7037981    
   1.7009426    
   1.6980960    
   1.6952580    
   1.6924288    
   1.6896082    
   1.6867961    
   1.6839925    
   1.6811973    
   1.6784105    
   1.6756320    
   1.6728618    
   1.6700999    
   1.6673460    
   1.6646003    
   1.6618626    
   1.6591330    
   1.6564113    
   1.6536975    
   1.6509914    
   1.6482934    
   1.6456029    
   1.6429203    
   1.6402452    
   1.6375778    
   1.6349179    
   1.6322656    
   1.6296207    
   1.6269832    
   1.6243531    
   1.6217303    
   1.6191149    
   1.6165067    
   1.6139057    
   1.6113118    
   1.6087250    
   1.6061453    
   1.6035726    
   1.6010070    
   1.5984483    
   1.5958965    
   1.5933515    
   1.5908134    
   1.5882820    
   1.5857574    
   1.5832396    
   1.5807283    
   1.5782237    
   1.5757258    
   1.5732343    
   1.5707494    
   1.5682709    
   1.5657990    
   1.5633334    
   1.5608741    
   1.5584213    
   1.5559747    
   1.5535344    
   1.5511003    
   1.5486724    
   1.5462507    
   1.5438352    
   1.5414256    
   1.5390222    
   1.5366248    
   1.5342335    
   1.5318480    
   1.5294685    
   1.5270948    
   1.5247272    
   1.5223653    
   1.5200092    
   1.5176589    
   1.5153143    
   1.5129756    
   1.5106424    
   1.5083148    
   1.5059930    
   1.5036768    
   1.5013661    
   1.4990610    
   1.4967613    
