  0.60974699    
  0.74390882    
  0.81193137    
  0.85228139    
  0.87803596    
  0.89506835    
  0.90645456    
  0.91397572    
  0.91873932    
  0.92147231    
  0.92267221    
  0.92269111    
  0.92178524    
  0.92014563    
  0.91791713    
  0.91521180    
  0.91211742    
  0.90870374    
  0.90502661    
  0.90113157    
  0.89705557    
  0.89282936    
  0.88847822    
  0.88402349    
  0.87948292    
  0.87487167    
  0.87020254    
  0.86548638    
  0.86073250    
  0.85594898    
  0.85114270    
  0.84631962    
  0.84148479    
  0.83664280    
  0.83179748    
  0.82695222    
  0.82210988    
  0.81727314    
  0.81244421    
  0.80762494    
  0.80281717    
  0.79802227    
  0.79324162    
  0.78847629    
  0.78372723    
  0.77899539    
  0.77428144    
  0.76958603    
  0.76490968    
  0.76025283    
  0.75561595    
  0.75099933    
  0.74640322    
  0.74182791    
  0.73727345    
  0.73274016    
  0.72822797    
  0.72373712    
  0.71926749    
  0.71481919    
  0.71039224    
  0.70598656    
  0.70160216    
  0.69723898    
  0.69289690    
  0.68857586    
  0.68427581    
  0.67999661    
  0.67573816    
  0.67150038    
  0.66728306    
  0.66308612    
  0.65890944    
  0.65475285    
  0.65061623    
  0.64649940    
  0.64240229    
  0.63832462    
  0.63426638    
  0.63022727    
  0.62620723    
  0.62220609    
  0.61822367    
  0.61425984    
  0.61031443    
  0.60638726    
  0.60247821    
  0.59858710    
  0.59471375    
  0.59085798    
  0.58701974    
  0.58319885    
  0.57939506    
  0.57560831    
  0.57183838    
  0.56808519    
  0.56434858    
  0.56062835    
  0.55692434    
  0.55323654    
  0.54956466    
  0.54590857    
  0.54226822    
  0.53864336    
  0.53503400    
  0.53143984    
  0.52786082    
  0.52429682    
  0.52074766    
  0.51721328    
  0.51369345    
  0.51018816    
  0.50669718    
  0.50322044    
  0.49975780    
  0.49630916    
  0.49287435    
  0.48945329    
  0.48604584    
  0.48265192    
  0.47927135    
  0.47590408    
  0.47254997    
  0.46920893    
  0.46588081    
  0.46256551    
  0.45926297    
  0.45597303    
  0.45269558    
  0.44943058    
  0.44617787    
  0.44293737    
  0.43970898    
  0.43649262    
  0.43328816    
  0.43009549    
  0.42691457    
  0.42374527    
  0.42058751    
  0.41744119    
  0.41430625    
  0.41118255    
  0.40807003    
  0.40496859    
  0.40187818    
  0.39879864    
  0.39572999    
  0.39267206    
  0.38962480    
  0.38658813    
  0.38356197    
  0.38054624    
  0.37754086    
  0.37454575    
  0.37156084    
  0.36858606    
  0.36562130    
  0.36266655    
  0.35972166    
  0.35678661    
  0.35386133    
  0.35094574    
  0.34803975    
  0.34514329    
  0.34225634    
  0.33937877    
  0.33651057    
  0.33365163    
  0.33080193    
  0.32796136    
  0.32512987    
  0.32230741    
  0.31949392    
  0.31668931    
  0.31389356    
  0.31110659    
  0.30832833    
  0.30555871    
  0.30279770    
  0.30004525    
  0.29730126    
  0.29456571    
  0.29183856    
  0.28911969    
  0.28640911    
  0.28370672    
  0.28101251    
  0.27832636    
  0.27564830    
  0.27297825    
  0.27031612    
  0.26766190    
  0.26501551    
  0.26237693    
  0.25974607    
  0.25712296    
  0.25450745    
  0.25189957    
  0.24929926    
  0.24670644    
  0.24412107    
  0.24154314    
  0.23897257    
  0.23640934    
  0.23385337    
  0.23130465    
  0.22876312    
  0.22622874    
  0.22370148    
  0.22118127    
  0.21866809    
  0.21616189    
  0.21366262    
  0.21117027    
  0.20868477    
  0.20620608    
  0.20373419    
  0.20126903    
  0.19881058    
  0.19635879    
  0.19391361    
  0.19147503    
  0.18904300    
  0.18661748    
  0.18419844    
  0.18178584    
  0.17937963    
  0.17697980    
  0.17458630    
  0.17219910    
  0.16981816    
  0.16744344    
  0.16507493    
  0.16271256    
  0.16035633    
  0.15800619    
  0.15566210    
  0.15332405    
  0.15099199    
  0.14866589    
  0.14634572    
  0.14403147    
  0.14172305    
  0.13942049    
  0.13712373    
  0.13483275    
  0.13254753    
  0.13026801    
  0.12799416    
  0.12572598    
  0.12346343    
  0.12120648    
  0.11895510    
  0.11670925    
  0.11446892    
  0.11223407    
  0.11000469    
  0.10778072    
  0.10556216    
  0.10334897    
  0.10114114    
  9.89386216E-02
  9.67414007E-02
  9.45494473E-02
  9.23627317E-02
  9.01812389E-02
  8.80049318E-02
  8.58337954E-02
  8.36677998E-02
  8.15069228E-02
  7.93511271E-02
  7.72003978E-02
  7.50547200E-02
  7.29140565E-02
  7.07783774E-02
  6.86476752E-02
  6.65219128E-02
  6.44010752E-02
  6.22851364E-02
  6.01740777E-02
  5.80678731E-02
  5.59664965E-02
  5.38699217E-02
  5.17781377E-02
  4.96911108E-02
  4.76088338E-02
  4.55312729E-02
  4.34584096E-02
  4.13902178E-02
  3.93266790E-02
  3.72677818E-02
  3.52134816E-02
  3.31637859E-02
  3.11186500E-02
  2.90780682E-02
  2.70420294E-02
  2.50104908E-02
  2.29834300E-02
  2.09608395E-02
  1.89426970E-02
