  0.67128289    
  0.80404645    
  0.86821347    
  0.90487516    
  0.92742389    
  0.94170791    
  0.95072782    
  0.95619380    
  0.95915544    
  0.96029419    
  0.96007186    
  0.95881259    
  0.95675039    
  0.95405841    
  0.95086712    
  0.94727671    
  0.94336516    
  0.93919396    
  0.93481231    
  0.93025970    
  0.92556828    
  0.92076445    
  0.91586983    
  0.91090250    
  0.90587753    
  0.90080744    
  0.89570296    
  0.89057302    
  0.88542527    
  0.88026619    
  0.87510121    
  0.86993521    
  0.86477208    
  0.85961539    
  0.85446805    
  0.84933263    
  0.84421134    
  0.83910602    
  0.83401829    
  0.82894951    
  0.82390088    
  0.81887329    
  0.81386775    
  0.80888486    
  0.80392522    
  0.79898930    
  0.79407758    
  0.78919029    
  0.78432775    
  0.77949011    
  0.77467757    
  0.76989013    
  0.76512790    
  0.76039094    
  0.75567913    
  0.75099248    
  0.74633098    
  0.74169445    
  0.73708278    
  0.73249590    
  0.72793370    
  0.72339594    
  0.71888250    
  0.71439326    
  0.70992798    
  0.70548648    
  0.70106858    
  0.69667405    
  0.69230276    
  0.68795449    
  0.68362898    
  0.67932606    
  0.67504549    
  0.67078716    
  0.66655076    
  0.66233611    
  0.65814298    
  0.65397120    
  0.64982051    
  0.64569074    
  0.64158165    
  0.63749313    
  0.63342482    
  0.62937665    
  0.62534833    
  0.62133974    
  0.61735058    
  0.61338073    
  0.60943002    
  0.60549819    
  0.60158503    
  0.59769046    
  0.59381419    
  0.58995610    
  0.58611596    
  0.58229363    
  0.57848889    
  0.57470161    
  0.57093161    
  0.56717873    
  0.56344277    
  0.55972356    
  0.55602098    
  0.55233479    
  0.54866493    
  0.54501116    
  0.54137337    
  0.53775138    
  0.53414506    
  0.53055429    
  0.52697885    
  0.52341866    
  0.51987350    
  0.51634336    
  0.51282793    
  0.50932723    
  0.50584102    
  0.50236923    
  0.49891165    
  0.49546823    
  0.49203885    
  0.48862329    
  0.48522151    
  0.48183337    
  0.47845870    
  0.47509745    
  0.47174948    
  0.46841463    
  0.46509284    
  0.46178398    
  0.45848793    
  0.45520458    
  0.45193383    
  0.44867554    
  0.44542965    
  0.44219604    
  0.43897462    
  0.43576527    
  0.43256786    
  0.42938235    
  0.42620859    
  0.42304653    
  0.41989604    
  0.41675705    
  0.41362944    
  0.41051316    
  0.40740806    
  0.40431410    
  0.40123117    
  0.39815921    
  0.39509809    
  0.39204776    
  0.38900810    
  0.38597909    
  0.38296059    
  0.37995252    
  0.37695482    
  0.37396744    
  0.37099025    
  0.36802319    
  0.36506620    
  0.36211917    
  0.35918209    
  0.35625482    
  0.35333729    
  0.35042948    
  0.34753129    
  0.34464264    
  0.34176350    
  0.33889374    
  0.33603334    
  0.33318222    
  0.33034030    
  0.32750753    
  0.32468387    
  0.32186919    
  0.31906351    
  0.31626669    
  0.31347871    
  0.31069952    
  0.30792904    
  0.30516720    
  0.30241394    
  0.29966924    
  0.29693300    
  0.29420519    
  0.29148576    
  0.28877461    
  0.28607172    
  0.28337705    
  0.28069049    
  0.27801204    
  0.27534163    
  0.27267921    
  0.27002475    
  0.26737812    
  0.26473936    
  0.26210839    
  0.25948513    
  0.25686955    
  0.25426161    
  0.25166127    
  0.24906848    
  0.24648318    
  0.24390531    
  0.24133486    
  0.23877175    
  0.23621595    
  0.23366742    
  0.23112611    
  0.22859199    
  0.22606499    
  0.22354509    
  0.22103223    
  0.21852638    
  0.21602750    
  0.21353555    
  0.21105047    
  0.20857222    
  0.20610079    
  0.20363612    
  0.20117818    
  0.19872691    
  0.19628230    
  0.19384427    
  0.19141284    
  0.18898793    
  0.18656951    
  0.18415755    
  0.18175201    
  0.17935286    
  0.17696007    
  0.17457357    
  0.17219336    
  0.16981940    
  0.16745164    
  0.16509005    
  0.16273461    
  0.16038528    
  0.15804203    
  0.15570480    
  0.15337360    
  0.15104836    
  0.14872907    
  0.14641570    
  0.14410819    
  0.14180654    
  0.13951072    
  0.13722067    
  0.13493639    
  0.13265783    
  0.13038497    
  0.12811777    
  0.12585622    
  0.12360027    
  0.12134989    
  0.11910508    
  0.11686578    
  0.11463198    
  0.11240364    
  0.11018074    
  0.10796326    
  0.10575115    
  0.10354441    
  0.10134298    
  9.91468728E-02
  9.69560295E-02
  9.47704464E-02
  9.25900787E-02
  9.04149190E-02
  8.82449150E-02
  8.60800743E-02
  8.39203522E-02
  8.17657262E-02
  7.96161741E-02
  7.74716735E-02
  7.53321871E-02
  7.31977075E-02
  7.10682049E-02
  6.89436495E-02
  6.68240264E-02
  6.47092983E-02
  6.25994653E-02
  6.04944825E-02
  5.83943352E-02
  5.62990010E-02
  5.42084575E-02
  5.21226935E-02
  5.00416569E-02
  4.79653552E-02
  4.58937474E-02
  4.38268296E-02
  4.17645648E-02
  3.97069380E-02
  3.76539305E-02
  3.56055163E-02
  3.35616730E-02
  3.15223783E-02
  2.94876359E-02
  2.74573807E-02
