   3.0746717    
   3.0469224    
   3.0256093    
   3.0076249    
   2.9917657    
   2.9774151    
   2.9642062    
   2.9519012    
   2.9403338    
   2.9293838    
   2.9189601    
   2.9089918    
   2.8994231    
   2.8902082    
   2.8813100    
   2.8726966    
   2.8643420    
   2.8562231    
   2.8483210    
   2.8406181    
   2.8331001    
   2.8257535    
   2.8185666    
   2.8115294    
   2.8046322    
   2.7978668    
   2.7912259    
   2.7847021    
   2.7782896    
   2.7719824    
   2.7657754    
   2.7596636    
   2.7536426    
   2.7477086    
   2.7418573    
   2.7360854    
   2.7303896    
   2.7247667    
   2.7192142    
   2.7137289    
   2.7083087    
   2.7029510    
   2.6976538    
   2.6924148    
   2.6872320    
   2.6821036    
   2.6770282    
   2.6720035    
   2.6670282    
   2.6621008    
   2.6572201    
   2.6523843    
   2.6475925    
   2.6428432    
   2.6381354    
   2.6334679    
   2.6288397    
   2.6242497    
   2.6196969    
   2.6151805    
   2.6106994    
   2.6062531    
   2.6018405    
   2.5974607    
   2.5931132    
   2.5887971    
   2.5845118    
   2.5802565    
   2.5760307    
   2.5718336    
   2.5676649    
   2.5635235    
   2.5594094    
   2.5553217    
   2.5512600    
   2.5472238    
   2.5432127    
   2.5392261    
   2.5352633    
   2.5313241    
   2.5274084    
   2.5235152    
   2.5196443    
   2.5157955    
   2.5119681    
   2.5081620    
   2.5043769    
   2.5006120    
   2.4968674    
   2.4931428    
   2.4894376    
   2.4857514    
   2.4820843    
   2.4784358    
   2.4748056    
   2.4711933    
   2.4675989    
   2.4640219    
   2.4604623    
   2.4569194    
   2.4533935    
   2.4498842    
   2.4463909    
   2.4429138    
   2.4394524    
   2.4360068    
   2.4325764    
   2.4291613    
   2.4257612    
   2.4223759    
   2.4190054    
   2.4156489    
   2.4123070    
   2.4089789    
   2.4056647    
   2.4023643    
   2.3990774    
   2.3958039    
   2.3925436    
   2.3892963    
   2.3860619    
   2.3828402    
   2.3796313    
   2.3764346    
   2.3732502    
   2.3700783    
   2.3669181    
   2.3637700    
   2.3606336    
   2.3575089    
   2.3543956    
   2.3512938    
   2.3482032    
   2.3451238    
   2.3420553    
   2.3389978    
   2.3359511    
   2.3329151    
   2.3298898    
   2.3268747    
   2.3238702    
   2.3208759    
   2.3178918    
   2.3149178    
   2.3119535    
   2.3089995    
   2.3060551    
   2.3031204    
   2.3001952    
   2.2972796    
   2.2943733    
   2.2914765    
   2.2885888    
   2.2857103    
   2.2828410    
   2.2799807    
   2.2771292    
   2.2742865    
   2.2714527    
   2.2686276    
   2.2658110    
   2.2630031    
   2.2602034    
   2.2574122    
   2.2546294    
   2.2518549    
   2.2490885    
   2.2463303    
   2.2435801    
   2.2408378    
   2.2381034    
   2.2353771    
   2.2326584    
   2.2299473    
   2.2272441    
   2.2245486    
   2.2218604    
   2.2191799    
   2.2165067    
   2.2138410    
   2.2111824    
   2.2085311    
   2.2058873    
   2.2032504    
   2.2006207    
   2.1979980    
   2.1953824    
   2.1927736    
   2.1901720    
   2.1875770    
   2.1849887    
   2.1824074    
   2.1798327    
   2.1772647    
   2.1747031    
   2.1721485    
   2.1696000    
   2.1670582    
   2.1645226    
   2.1619937    
   2.1594710    
   2.1569545    
   2.1544445    
   2.1519406    
   2.1494429    
   2.1469512    
   2.1444657    
   2.1419861    
   2.1395128    
   2.1370454    
   2.1345837    
   2.1321282    
   2.1296785    
   2.1272345    
   2.1247964    
   2.1223640    
   2.1199372    
   2.1175163    
   2.1151009    
   2.1126912    
   2.1102870    
   2.1078885    
   2.1054952    
   2.1031077    
   2.1007254    
   2.0983489    
   2.0959773    
   2.0936112    
   2.0912507    
   2.0888951    
   2.0865450    
   2.0842001    
   2.0818603    
   2.0795257    
   2.0771961    
   2.0748718    
   2.0725527    
   2.0702384    
   2.0679290    
   2.0656250    
   2.0633256    
   2.0610313    
   2.0587418    
   2.0564573    
   2.0541778    
   2.0519028    
   2.0496328    
   2.0473676    
   2.0451071    
   2.0428512    
   2.0406001    
   2.0383537    
   2.0361121    
   2.0338748    
   2.0316422    
   2.0294144    
   2.0271909    
   2.0249722    
   2.0227578    
   2.0205479    
   2.0183425    
   2.0161414    
   2.0139449    
   2.0117528    
   2.0095649    
   2.0073814    
   2.0052023    
   2.0030277    
   2.0008571    
   1.9986908    
   1.9965287    
   1.9943709    
   1.9922174    
   1.9900680    
   1.9879228    
   1.9857817    
   1.9836447    
   1.9815118    
   1.9793830    
   1.9772583    
   1.9751376    
   1.9730209    
   1.9709083    
   1.9687996    
   1.9666948    
   1.9645941    
   1.9624974    
   1.9604044    
   1.9583154    
   1.9562303    
   1.9541490    
   1.9520715    
   1.9499980    
   1.9479282    
   1.9458622    
   1.9438000    
   1.9417415    
   1.9396868    
   1.9376358    
   1.9355885    
