  0.39561334    
  0.51326752    
  0.58338171    
  0.63048273    
  0.66407722    
  0.68890375    
  0.70766026    
  0.72201931    
  0.73308235    
  0.74160862    
  0.74814016    
  0.75307566    
  0.75671512    
  0.75928915    
  0.76097792    
  0.76192427    
  0.76224315    
  0.76202786    
  0.76135516    
  0.76028860    
  0.75888127    
  0.75717783    
  0.75521624    
  0.75302881    
  0.75064325    
  0.74808341    
  0.74536997    
  0.74252099    
  0.73955214    
  0.73647720    
  0.73330826    
  0.73005611    
  0.72673011    
  0.72333872    
  0.71988946    
  0.71638888    
  0.71284312    
  0.70925736    
  0.70563650    
  0.70198488    
  0.69830638    
  0.69460446    
  0.69088233    
  0.68714285    
  0.68338865    
  0.67962217    
  0.67584544    
  0.67206043    
  0.66826904    
  0.66447276    
  0.66067314    
  0.65687150    
  0.65306908    
  0.64926702    
  0.64546633    
  0.64166802    
  0.63787282    
  0.63408166    
  0.63029516    
  0.62651408    
  0.62273890    
  0.61897027    
  0.61520869    
  0.61145455    
  0.60770833    
  0.60397041    
  0.60024112    
  0.59652084    
  0.59280980    
  0.58910829    
  0.58541656    
  0.58173478    
  0.57806319    
  0.57440203    
  0.57075137    
  0.56711137    
  0.56348217    
  0.55986392    
  0.55625671    
  0.55266058    
  0.54907566    
  0.54550201    
  0.54193968    
  0.53838873    
  0.53484917    
  0.53132111    
  0.52780449    
  0.52429938    
  0.52080584    
  0.51732379    
  0.51385325    
  0.51039428    
  0.50694680    
  0.50351083    
  0.50008637    
  0.49667341    
  0.49327189    
  0.48988181    
  0.48650312    
  0.48313585    
  0.47977990    
  0.47643527    
  0.47310191    
  0.46977982    
  0.46646890    
  0.46316916    
  0.45988050    
  0.45660293    
  0.45333636    
  0.45008078    
  0.44683614    
  0.44360235    
  0.44037941    
  0.43716726    
  0.43396580    
  0.43077502    
  0.42759487    
  0.42442527    
  0.42126620    
  0.41811758    
  0.41497937    
  0.41185153    
  0.40873393    
  0.40562660    
  0.40252945    
  0.39944243    
  0.39636546    
  0.39329854    
  0.39024156    
  0.38719448    
  0.38415727    
  0.38112983    
  0.37811214    
  0.37510413    
  0.37210575    
  0.36911693    
  0.36613762    
  0.36316779    
  0.36020735    
  0.35725626    
  0.35431448    
  0.35138193    
  0.34845859    
  0.34554437    
  0.34263924    
  0.33974314    
  0.33685601    
  0.33397779    
  0.33110845    
  0.32824793    
  0.32539618    
  0.32255316    
  0.31971881    
  0.31689304    
  0.31407586    
  0.31126720    
  0.30846700    
  0.30567521    
  0.30289176    
  0.30011666    
  0.29734984    
  0.29459122    
  0.29184076    
  0.28909844    
  0.28636420    
  0.28363800    
  0.28091979    
  0.27820951    
  0.27550709    
  0.27281258    
  0.27012584    
  0.26744685    
  0.26477557    
  0.26211199    
  0.25945601    
  0.25680763    
  0.25416678    
  0.25153342    
  0.24890752    
  0.24628904    
  0.24367793    
  0.24107414    
  0.23847765    
  0.23588839    
  0.23330635    
  0.23073147    
  0.22816372    
  0.22560306    
  0.22304945    
  0.22050284    
  0.21796320    
  0.21543051    
  0.21290469    
  0.21038575    
  0.20787361    
  0.20536827    
  0.20286965    
  0.20037776    
  0.19789253    
  0.19541395    
  0.19294196    
  0.19047654    
  0.18801765    
  0.18556525    
  0.18311931    
  0.18067980    
  0.17824669    
  0.17581992    
  0.17339949    
  0.17098536    
  0.16857746    
  0.16617581    
  0.16378035    
  0.16139105    
  0.15900788    
  0.15663080    
  0.15425980    
  0.15189482    
  0.14953585    
  0.14718287    
  0.14483581    
  0.14249468    
  0.14015941    
  0.13783002    
  0.13550644    
  0.13318865    
  0.13087663    
  0.12857035    
  0.12626977    
  0.12397488    
  0.12168564    
  0.11940201    
  0.11712398    
  0.11485153    
  0.11258461    
  0.11032320    
  0.10806728    
  0.10581682    
  0.10357179    
  0.10133217    
  9.90979224E-02
  9.68690366E-02
  9.46454778E-02
  9.24272239E-02
  9.02142450E-02
  8.80065188E-02
  8.58040154E-02
  8.36067200E-02
  8.14146027E-02
  7.92276338E-02
  7.70457983E-02
  7.48690739E-02
  7.26974159E-02
  7.05308244E-02
  6.83692694E-02
  6.62127212E-02
  6.40611574E-02
  6.19145557E-02
  5.97729050E-02
  5.76361641E-02
  5.55043258E-02
  5.33773527E-02
  5.12552373E-02
  4.91379462E-02
  4.70254682E-02
  4.49177697E-02
  4.28148359E-02
  4.07166481E-02
  3.86231802E-02
  3.65344137E-02
  3.44503298E-02
  3.23708877E-02
  3.02960910E-02
  2.82259211E-02
  2.61603314E-02
  2.40993369E-02
  2.20428836E-02
  1.99909639E-02
  1.79435592E-02
  1.59006696E-02
  1.38622420E-02
  1.18282661E-02
  9.79875866E-03
  7.77360843E-03
  5.75296115E-03
  3.73657304E-03
  1.72472175E-03
   3.1413100    
   3.1393063    
   3.1373074    
   3.1353126    
   3.1333222    
   3.1313360    
   3.1293540    
   3.1273763    
   3.1254029    
   3.1234334    
   3.1214683    
   3.1195073    
   3.1175504    
