   1.4629209    
   1.4294097    
   1.4022254    
   1.3788245    
   1.3579845    
   1.3390224    
   1.3215129    
   1.3051703    
   1.2897916    
   1.2752268    
   1.2613612    
   1.2481050    
   1.2353859    
   1.2231450    
   1.2113335    
   1.1999104    
   1.1888409    
   1.1780950    
   1.1676469    
   1.1574739    
   1.1475563    
   1.1378765    
   1.1284188    
   1.1191694    
   1.1101154    
   1.1012459    
   1.0925503    
   1.0840193    
   1.0756446    
   1.0674182    
   1.0593330    
   1.0513823    
   1.0435601    
   1.0358607    
   1.0282788    
   1.0208097    
   1.0134487    
   1.0061915    
  0.99903435    
  0.99197334    
  0.98500502    
  0.97812617    
  0.97133362    
  0.96462446    
  0.95799601    
  0.95144564    
  0.94497079    
  0.93856925    
  0.93223876    
  0.92597717    
  0.91978252    
  0.91365290    
  0.90758651    
  0.90158159    
  0.89563644    
  0.88974965    
  0.88391954    
  0.87814468    
  0.87242377    
  0.86675549    
  0.86113846    
  0.85557157    
  0.85005355    
  0.84458339    
  0.83915985    
  0.83378208    
  0.82844889    
  0.82315946    
  0.81791276    
  0.81270796    
  0.80754411    
  0.80242050    
  0.79733616    
  0.79229045    
  0.78728259    
  0.78231174    
  0.77737731    
  0.77247858    
  0.76761490    
  0.76278561    
  0.75799006    
  0.75322771    
  0.74849790    
  0.74380016    
  0.73913383    
  0.73449844    
  0.72989345    
  0.72531837    
  0.72077268    
  0.71625596    
  0.71176767    
  0.70730740    
  0.70287472    
  0.69846916    
  0.69409031    
  0.68973780    
  0.68541116    
  0.68111014    
  0.67683423    
  0.67258310    
  0.66835642    
  0.66415381    
  0.65997499    
  0.65581954    
  0.65168715    
  0.64757752    
  0.64349037    
  0.63942540    
  0.63538224    
  0.63136065    
  0.62736040    
  0.62338108    
  0.61942255    
  0.61548442    
  0.61156654    
  0.60766864    
  0.60379040    
  0.59993166    
  0.59609216    
  0.59227163    
  0.58846980    
  0.58468658    
  0.58092171    
  0.57717484    
  0.57344598    
  0.56973475    
  0.56604099    
  0.56236452    
  0.55870515    
  0.55506271    
  0.55143696    
  0.54782772    
  0.54423481    
  0.54065812    
  0.53709739    
  0.53355253    
  0.53002328    
  0.52650952    
  0.52301115    
  0.51952785    
  0.51605964    
  0.51260626    
  0.50916761    
  0.50574350    
  0.50233382    
  0.49893841    
  0.49555710    
  0.49218982    
  0.48883638    
  0.48549664    
  0.48217052    
  0.47885785    
  0.47555849    
  0.47227234    
  0.46899927    
  0.46573919    
  0.46249190    
  0.45925736    
  0.45603544    
  0.45282599    
  0.44962892    
  0.44644409    
  0.44327146    
  0.44011086    
  0.43696222    
  0.43382540    
  0.43070030    
  0.42758685    
  0.42448494    
  0.42139447    
  0.41831535    
  0.41524744    
  0.41219071    
  0.40914500    
  0.40611029    
  0.40308642    
  0.40007335    
  0.39707097    
  0.39407921    
  0.39109796    
  0.38812718    
  0.38516673    
  0.38221654    
  0.37927657    
  0.37634668    
  0.37342685    
  0.37051699    
  0.36761698    
  0.36472678    
  0.36184630    
  0.35897547    
  0.35611424    
  0.35326248    
  0.35042021    
  0.34758729    
  0.34476364    
  0.34194922    
  0.33914399    
  0.33634785    
  0.33356073    
  0.33078256    
  0.32801330    
  0.32525289    
  0.32250124    
  0.31975830    
  0.31702399    
  0.31429827    
  0.31158110    
  0.30887237    
  0.30617207    
  0.30348012    
  0.30079645    
  0.29812104    
  0.29545379    
  0.29279467    
  0.29014361    
  0.28750059    
  0.28486553    
  0.28223836    
  0.27961907    
  0.27700758    
  0.27440384    
  0.27180779    
  0.26921943    
  0.26663864    
  0.26406544    
  0.26149973    
  0.25894147    
  0.25639063    
  0.25384715    
  0.25131100    
  0.24878214    
  0.24626048    
  0.24374601    
  0.24123868    
  0.23873845    
  0.23624526    
  0.23375909    
  0.23127986    
  0.22880758    
  0.22634217    
  0.22388360    
  0.22143182    
  0.21898681    
  0.21654850    
  0.21411689    
  0.21169190    
  0.20927352    
  0.20686169    
  0.20445639    
  0.20205757    
  0.19966520    
  0.19727923    
  0.19489965    
  0.19252639    
  0.19015944    
  0.18779875    
  0.18544430    
  0.18309602    
  0.18075392    
  0.17841794    
  0.17608804    
  0.17376421    
  0.17144640    
  0.16913457    
  0.16682871    
  0.16452877    
  0.16223472    
  0.15994653    
  0.15766418    
  0.15538761    
  0.15311682    
  0.15085176    
  0.14859240    
  0.14633872    
  0.14409068    
  0.14184827    
  0.13961142    
  0.13738014    
  0.13515438    
  0.13293412    
  0.13071935    
  0.12851000    
  0.12630606    
  0.12410751    
  0.12191432    
  0.11972646    
  0.11754390    
  0.11536662    
  0.11319459    
  0.11102778    
  0.10886617    
  0.10670973    
  0.10455844    
  0.10241226    
  0.10027119    
  9.81351808E-02
  9.60042104E-02
  9.38782692E-02
  9.17573199E-02
