   1.3755704    
   1.3674957    
   1.3516217    
   1.3349715    
   1.3187407    
   1.3031819    
   1.2883174    
   1.2741067    
   1.2604938    
   1.2474226    
   1.2348418    
   1.2227058    
   1.2109751    
   1.1996143    
   1.1885931    
   1.1778851    
   1.1674662    
   1.1573159    
   1.1474154    
   1.1377485    
   1.1283002    
   1.1190572    
   1.1100073    
   1.1011398    
   1.0924447    
   1.0839127    
   1.0755359    
   1.0673064    
   1.0592172    
   1.0512619    
   1.0434345    
   1.0357294    
   1.0281414    
   1.0206658    
   1.0132979    
   1.0060338    
  0.99886930    
  0.99180084    
  0.98482496    
  0.97793841    
  0.97113812    
  0.96442109    
  0.95778471    
  0.95122635    
  0.94474357    
  0.93833405    
  0.93199551    
  0.92572594    
  0.91952330    
  0.91338569    
  0.90731132    
  0.90129846    
  0.89534545    
  0.88945073    
  0.88361281    
  0.87783015    
  0.87210155    
  0.86642551    
  0.86080080    
  0.85522628    
  0.84970075    
  0.84422302    
  0.83879209    
  0.83340687    
  0.82806635    
  0.82276958    
  0.81751567    
  0.81230366    
  0.80713272    
  0.80200195    
  0.79691064    
  0.79185796    
  0.78684312    
  0.78186542    
  0.77692413    
  0.77201867    
  0.76714826    
  0.76231229    
  0.75751013    
  0.75274122    
  0.74800491    
  0.74330062    
  0.73862791    
  0.73398614    
  0.72937489    
  0.72479349    
  0.72024161    
  0.71571869    
  0.71122426    
  0.70675790    
  0.70231915    
  0.69790763    
  0.69352281    
  0.68916440    
  0.68483192    
  0.68052506    
  0.67624336    
  0.67198652    
  0.66775411    
  0.66354591    
  0.65936142    
  0.65520036    
  0.65106249    
  0.64694738    
  0.64285475    
  0.63878435    
  0.63473582    
  0.63070893    
  0.62670332    
  0.62271875    
  0.61875492    
  0.61481166    
  0.61088860    
  0.60698557    
  0.60310227    
  0.59923846    
  0.59539390    
  0.59156835    
  0.58776158    
  0.58397341    
  0.58020359    
  0.57645196    
  0.57271820    
  0.56900215    
  0.56530362    
  0.56162244    
  0.55795836    
  0.55431122    
  0.55068076    
  0.54706693    
  0.54346943    
  0.53988814    
  0.53632289    
  0.53277349    
  0.52923977    
  0.52572155    
  0.52221870    
  0.51873106    
  0.51525843    
  0.51180071    
  0.50835770    
  0.50492924    
  0.50151527    
  0.49811560    
  0.49473009    
  0.49135858    
  0.48800096    
  0.48465705    
  0.48132679    
  0.47800997    
  0.47470653    
  0.47141632    
  0.46813920    
  0.46487507    
  0.46162379    
  0.45838526    
  0.45515937    
  0.45194599    
  0.44874498    
  0.44555628    
  0.44237974    
  0.43921530    
  0.43606278    
  0.43292215    
  0.42979327    
  0.42667606    
  0.42357036    
  0.42047617    
  0.41739330    
  0.41432169    
  0.41126126    
  0.40821192    
  0.40517354    
  0.40214604    
  0.39912936    
  0.39612341    
  0.39312807    
  0.39014325    
  0.38716891    
  0.38420492    
  0.38125125    
  0.37830779    
  0.37537444    
  0.37245113    
  0.36953780    
  0.36663440    
  0.36374077    
  0.36085692    
  0.35798272    
  0.35511810    
  0.35226303    
  0.34941742    
  0.34658116    
  0.34375423    
  0.34093654    
  0.33812803    
  0.33532864    
  0.33253828    
  0.32975689    
  0.32698441    
  0.32422078    
  0.32146594    
  0.31871983    
  0.31598237    
  0.31325352    
  0.31053323    
  0.30782139    
  0.30511799    
  0.30242294    
  0.29973620    
  0.29705772    
  0.29438743    
  0.29172528    
  0.28907120    
  0.28642517    
  0.28378710    
  0.28115696    
  0.27853471    
  0.27592024    
  0.27331355    
  0.27071461    
  0.26812330    
  0.26553962    
  0.26296350    
  0.26039490    
  0.25783378    
  0.25528008    
  0.25273377    
  0.25019479    
  0.24766307    
  0.24513860    
  0.24262132    
  0.24011120    
  0.23760818    
  0.23511222    
  0.23262328    
  0.23014131    
  0.22766629    
  0.22519813    
  0.22273685    
  0.22028236    
  0.21783465    
  0.21539366    
  0.21295936    
  0.21053171    
  0.20811068    
  0.20569620    
  0.20328826    
  0.20088682    
  0.19849183    
  0.19610326    
  0.19372107    
  0.19134523    
  0.18897569    
  0.18661244    
  0.18425542    
  0.18190460    
  0.17955995    
  0.17722145    
  0.17488903    
  0.17256267    
  0.17024237    
  0.16792804    
  0.16561969    
  0.16331728    
  0.16102076    
  0.15873012    
  0.15644531    
  0.15416630    
  0.15189306    
  0.14962558    
  0.14736381    
  0.14510772    
  0.14285728    
  0.14061247    
  0.13837326    
  0.13613959    
  0.13391148    
  0.13168886    
  0.12947172    
  0.12726003    
  0.12505375    
  0.12285288    
  0.12065737    
  0.11846720    
  0.11628234    
  0.11410277    
  0.11192844    
  0.10975935    
  0.10759547    
  0.10543677    
  0.10328322    
  0.10113479    
  9.89914760E-02
  9.68532264E-02
  9.47200283E-02
  9.25918669E-02
  9.04687047E-02
  8.83505195E-02
  8.62372816E-02
