  0.28653792    
  0.38215917    
  0.44367748    
  0.48767060    
  0.52080572    
  0.54655135    
  0.56696618    
  0.58337700    
  0.59668893    
  0.60754615    
  0.61642212    
  0.62367433    
  0.62957847    
  0.63435107    
  0.63816476    
  0.64115924    
  0.64344877    
  0.64512759    
  0.64627457    
  0.64695585    
  0.64722759    
  0.64713764    
  0.64672709    
  0.64603138    
  0.64508128    
  0.64390367    
  0.64252198    
  0.64095694    
  0.63922668    
  0.63734740    
  0.63533348    
  0.63319761    
  0.63095134    
  0.62860483    
  0.62616730    
  0.62364709    
  0.62105161    
  0.61838770    
  0.61566150    
  0.61287856    
  0.61004400    
  0.60716236    
  0.60423797    
  0.60127461    
  0.59827584    
  0.59524494    
  0.59218484    
  0.58909827    
  0.58598781    
  0.58285576    
  0.57970423    
  0.57653522    
  0.57335055    
  0.57015187    
  0.56694078    
  0.56371880    
  0.56048715    
  0.55724716    
  0.55399990    
  0.55074656    
  0.54748809    
  0.54422539    
  0.54095930    
  0.53769076    
  0.53442037    
  0.53114891    
  0.52787703    
  0.52460533    
  0.52133435    
  0.51806462    
  0.51479667    
  0.51153094    
  0.50826782    
  0.50500780    
  0.50175118    
  0.49849835    
  0.49524960    
  0.49200529    
  0.48876563    
  0.48553094    
  0.48230147    
  0.47907740    
  0.47585902    
  0.47264645    
  0.46943992    
  0.46623963    
  0.46304569    
  0.45985827    
  0.45667750    
  0.45350352    
  0.45033649    
  0.44717646    
  0.44402352    
  0.44087785    
  0.43773946    
  0.43460846    
  0.43148494    
  0.42836896    
  0.42526054    
  0.42215979    
  0.41906673    
  0.41598144    
  0.41290390    
  0.40983424    
  0.40677240    
  0.40371847    
  0.40067247    
  0.39763439    
  0.39460427    
  0.39158213    
  0.38856798    
  0.38556185    
  0.38256371    
  0.37957361    
  0.37659150    
  0.37361741    
  0.37065136    
  0.36769331    
  0.36474326    
  0.36180124    
  0.35886720    
  0.35594118    
  0.35302311    
  0.35011300    
  0.34721085    
  0.34431663    
  0.34143037    
  0.33855197    
  0.33568147    
  0.33281887    
  0.32996407    
  0.32711712    
  0.32427797    
  0.32144663    
  0.31862304    
  0.31580716    
  0.31299904    
  0.31019858    
  0.30740580    
  0.30462065    
  0.30184314    
  0.29907319    
  0.29631081    
  0.29355595    
  0.29080862    
  0.28806874    
  0.28533635    
  0.28261134    
  0.27989376    
  0.27718353    
  0.27448064    
  0.27178505    
  0.26909673    
  0.26641566    
  0.26374182    
  0.26107517    
  0.25841567    
  0.25576329    
  0.25311801    
  0.25047982    
  0.24784864    
  0.24522449    
  0.24260731    
  0.23999707    
  0.23739377    
  0.23479733    
  0.23220776    
  0.22962502    
  0.22704907    
  0.22447988    
  0.22191744    
  0.21936171    
  0.21681264    
  0.21427022    
  0.21173443    
  0.20920521    
  0.20668256    
  0.20416643    
  0.20165680    
  0.19915363    
  0.19665691    
  0.19416660    
  0.19168267    
  0.18920508    
  0.18673383    
  0.18426886    
  0.18181017    
  0.17935769    
  0.17691144    
  0.17447136    
  0.17203744    
  0.16960964    
  0.16718793    
  0.16477229    
  0.16236269    
  0.15995911    
  0.15756150    
  0.15516986    
  0.15278414    
  0.15040432    
  0.14803037    
  0.14566229    
  0.14330001    
  0.14094354    
  0.13859284    
  0.13624789    
  0.13390863    
  0.13157509    
  0.12924720    
  0.12692495    
  0.12460831    
  0.12229726    
  0.11999178    
  0.11769184    
  0.11539740    
  0.11310846    
  0.11082497    
  0.10854694    
  0.10627431    
  0.10400707    
  0.10174520    
  9.94886607E-02
  9.72374529E-02
  9.49915349E-02
  9.27508846E-02
  9.05154869E-02
  8.82853121E-02
  8.60603377E-02
  8.38405415E-02
  8.16259012E-02
  7.94163868E-02
  7.72119835E-02
  7.50126690E-02
  7.28184283E-02
  7.06292167E-02
  6.84450343E-02
  6.62658438E-02
  6.40916303E-02
  6.19223751E-02
  5.97580560E-02
  5.75986430E-02
  5.54441288E-02
  5.32944761E-02
  5.11496700E-02
  4.90096994E-02
  4.68745343E-02
  4.47441451E-02
  4.26185355E-02
  4.04976569E-02
  3.83815169E-02
  3.62700745E-02
  3.41633111E-02
  3.20612267E-02
  2.99637839E-02
  2.78709531E-02
  2.57827435E-02
  2.36991215E-02
  2.16200389E-02
  1.95455458E-02
  1.74755640E-02
  1.54100684E-02
  1.33490814E-02
  1.12925880E-02
  9.24054533E-03
  7.19291670E-03
  5.14967786E-03
  3.11086630E-03
  1.07622135E-03
   3.1406388    
   3.1386132    
   3.1365919    
   3.1345749    
   3.1325622    
   3.1305535    
   3.1285493    
   3.1265492    
   3.1245534    
   3.1225619    
   3.1205745    
   3.1185911    
   3.1166122    
   3.1146371    
   3.1126664    
   3.1106997    
   3.1087370    
   3.1067784    
   3.1048238    
   3.1028733    
   3.1009269    
   3.0989845    
   3.0970461    
   3.0951116    
   3.0931811    
   3.0912545    
   3.0893319    
   3.0874131    
   3.0854983    
   3.0835874    
   3.0816803    
   3.0797770    
