   3.0713222    
   3.0421977    
   3.0198379    
   3.0009778    
   2.9843533    
   2.9693162    
   2.9554811    
   2.9425974    
   2.9304912    
   2.9190352    
   2.9081340    
   2.8977129    
   2.8877134    
   2.8780873    
   2.8687952    
   2.8598039    
   2.8510859    
   2.8426170    
   2.8343768    
   2.8263474    
   2.8185132    
   2.8108602    
   2.8033762    
   2.7960505    
   2.7888730    
   2.7818351    
   2.7749286    
   2.7681463    
   2.7614815    
   2.7549286    
   2.7484815    
   2.7421355    
   2.7358856    
   2.7297277    
   2.7236578    
   2.7176719    
   2.7117665    
   2.7059388    
   2.7001853    
   2.6945033    
   2.6888902    
   2.6833434    
   2.6778607    
   2.6724398    
   2.6670787    
   2.6617751    
   2.6565278    
   2.6513340    
   2.6461930    
   2.6411028    
   2.6360619    
   2.6310689    
   2.6261225    
   2.6212213    
   2.6163640    
   2.6115496    
   2.6067767    
   2.6020446    
   2.5973520    
   2.5926979    
   2.5880814    
   2.5835013    
   2.5789573    
   2.5744483    
   2.5699735    
   2.5655320    
   2.5611231    
   2.5567462    
   2.5524006    
   2.5480855    
   2.5438001    
   2.5395443    
   2.5353172    
   2.5311179    
   2.5269465    
   2.5228021    
   2.5186839    
   2.5145919    
   2.5105255    
   2.5064840    
   2.5024672    
   2.4984744    
   2.4945054    
   2.4905596    
   2.4866366    
   2.4827363    
   2.4788580    
   2.4750013    
   2.4711661    
   2.4673519    
   2.4635584    
   2.4597852    
   2.4560320    
   2.4522986    
   2.4485846    
   2.4448895    
   2.4412136    
   2.4375560    
   2.4339166    
   2.4302952    
   2.4266918    
   2.4231055    
   2.4195366    
   2.4159846    
   2.4124496    
   2.4089310    
   2.4054286    
   2.4019423    
   2.3984718    
   2.3950171    
   2.3915777    
   2.3881538    
   2.3847446    
   2.3813505    
   2.3779709    
   2.3746059    
   2.3712552    
   2.3679185    
   2.3645959    
   2.3612871    
   2.3579919    
   2.3547101    
   2.3514416    
   2.3481863    
   2.3449440    
   2.3417144    
   2.3384976    
   2.3352933    
   2.3321016    
   2.3289220    
   2.3257546    
   2.3225992    
   2.3194559    
   2.3163240    
   2.3132041    
   2.3100953    
   2.3069983    
   2.3039122    
   2.3008375    
   2.2977736    
   2.2947209    
   2.2916789    
   2.2886474    
   2.2856269    
   2.2826166    
   2.2796168    
   2.2766273    
   2.2736480    
   2.2706788    
   2.2677195    
   2.2647703    
   2.2618308    
   2.2589009    
   2.2559807    
   2.2530701    
   2.2501690    
   2.2472773    
   2.2443948    
   2.2415216    
   2.2386575    
   2.2358024    
   2.2329562    
   2.2301190    
   2.2272904    
   2.2244709    
   2.2216597    
   2.2188573    
   2.2160633    
   2.2132778    
   2.2105007    
   2.2077320    
   2.2049713    
   2.2022190    
   2.1994746    
   2.1967385    
   2.1940100    
   2.1912897    
   2.1885772    
   2.1858726    
   2.1831753    
   2.1804860    
   2.1778042    
   2.1751301    
   2.1724634    
   2.1698041    
   2.1671524    
   2.1645076    
   2.1618705    
   2.1592402    
   2.1566174    
   2.1540017    
   2.1513929    
   2.1487911    
   2.1461964    
   2.1436086    
   2.1410275    
   2.1384532    
   2.1358857    
   2.1333251    
   2.1307709    
   2.1282237    
   2.1256826    
   2.1231484    
   2.1206205    
   2.1180992    
   2.1155841    
   2.1130755    
   2.1105731    
   2.1080770    
   2.1055872    
   2.1031036    
   2.1006260    
   2.0981545    
   2.0956893    
   2.0932300    
   2.0907767    
   2.0883293    
   2.0858879    
   2.0834522    
   2.0810225    
   2.0785987    
   2.0761805    
   2.0737681    
   2.0713613    
   2.0689604    
   2.0665650    
   2.0641751    
   2.0617907    
   2.0594120    
   2.0570388    
   2.0546710    
   2.0523086    
   2.0499516    
   2.0476000    
   2.0452538    
   2.0429127    
   2.0405772    
   2.0382466    
   2.0359213    
   2.0336013    
   2.0312862    
   2.0289764    
   2.0266719    
   2.0243721    
   2.0220776    
   2.0197880    
   2.0175033    
   2.0152237    
   2.0129490    
   2.0106790    
   2.0084140    
   2.0061538    
   2.0038986    
   2.0016479    
   1.9994023    
   1.9971613    
   1.9949249    
   1.9926933    
   1.9904664    
   1.9882441    
   1.9860264    
   1.9838133    
   1.9816047    
   1.9794008    
   1.9772012    
   1.9750063    
   1.9728158    
   1.9706298    
   1.9684482    
   1.9662709    
   1.9640981    
   1.9619297    
   1.9597656    
   1.9576057    
   1.9554503    
   1.9532990    
   1.9511521    
   1.9490093    
   1.9468708    
   1.9447365    
   1.9426063    
   1.9404804    
   1.9383585    
   1.9362408    
   1.9341271    
   1.9320176    
   1.9299120    
   1.9278105    
   1.9257131    
   1.9236195    
   1.9215300    
   1.9194446    
   1.9173629    
   1.9152852    
   1.9132115    
   1.9111416    
   1.9090756    
   1.9070135    
   1.9049551    
   1.9029007    
