   3.0681632    
   3.0377405    
   3.0143919    
   2.9947040    
   2.9773555    
   2.9616680    
   2.9472394    
   2.9338071    
   2.9211891    
   2.9092526    
   2.8978975    
   2.8870461    
   2.8766363    
   2.8666184    
   2.8569508    
   2.8475988    
   2.8385336    
   2.8297300    
   2.8211665    
   2.8128245    
   2.8046875    
   2.7967410    
   2.7889721    
   2.7813692    
   2.7739224    
   2.7666223    
   2.7594604    
   2.7524292    
   2.7455218    
   2.7387316    
   2.7320530    
   2.7254808    
   2.7190096    
   2.7126355    
   2.7063537    
   2.7001605    
   2.6940522    
   2.6880255    
   2.6820769    
   2.6762040    
   2.6704032    
   2.6646726    
   2.6590095    
   2.6534114    
   2.6478763    
   2.6424019    
   2.6369865    
   2.6316280    
   2.6263249    
   2.6210754    
   2.6158779    
   2.6107306    
   2.6056328    
   2.6005824    
   2.5955784    
   2.5906196    
   2.5857046    
   2.5808325    
   2.5760019    
   2.5712121    
   2.5664620    
   2.5617507    
   2.5570769    
   2.5524402    
   2.5478392    
   2.5432737    
   2.5387425    
   2.5342450    
   2.5297806    
   2.5253482    
   2.5209475    
   2.5165775    
   2.5122380    
   2.5079281    
   2.5036471    
   2.4993947    
   2.4951704    
   2.4909732    
   2.4868031    
   2.4826593    
   2.4785416    
   2.4744492    
   2.4703817    
   2.4663389    
   2.4623201    
   2.4583251    
   2.4543533    
   2.4504044    
   2.4464781    
   2.4425738    
   2.4386914    
   2.4348304    
   2.4309905    
   2.4271715    
   2.4233727    
   2.4195943    
   2.4158356    
   2.4120963    
   2.4083765    
   2.4046755    
   2.4009931    
   2.3973291    
   2.3936834    
   2.3900554    
   2.3864453    
   2.3828523    
   2.3792765    
   2.3757179    
   2.3721757    
   2.3686500    
   2.3651407    
   2.3616474    
   2.3581698    
   2.3547080    
   2.3512614    
   2.3478303    
   2.3444140    
   2.3410127    
   2.3376260    
   2.3342538    
   2.3308961    
   2.3275523    
   2.3242228    
   2.3209069    
   2.3176045    
   2.3143158    
   2.3110406    
   2.3077784    
   2.3045292    
   2.3012929    
   2.2980695    
   2.2948587    
   2.2916603    
   2.2884743    
   2.2853005    
   2.2821388    
   2.2789888    
   2.2758510    
   2.2727246    
   2.2696102    
   2.2665069    
   2.2634151    
   2.2603345    
   2.2572649    
   2.2542064    
   2.2511587    
   2.2481220    
   2.2450960    
   2.2420805    
   2.2390754    
   2.2360806    
   2.2330964    
   2.2301223    
   2.2271581    
   2.2242041    
   2.2212598    
   2.2183256    
   2.2154009    
   2.2124860    
   2.2095804    
   2.2066846    
   2.2037981    
   2.2009206    
   2.1980526    
   2.1951938    
   2.1923440    
   2.1895030    
   2.1866710    
   2.1838479    
   2.1810336    
   2.1782279    
   2.1754308    
   2.1726422    
   2.1698623    
   2.1670907    
   2.1643271    
   2.1615722    
   2.1588254    
   2.1560867    
   2.1533561    
   2.1506333    
   2.1479187    
   2.1452117    
   2.1425128    
   2.1398215    
   2.1371381    
   2.1344621    
   2.1317940    
   2.1291332    
   2.1264799    
   2.1238339    
   2.1211953    
   2.1185641    
   2.1159403    
   2.1133235    
   2.1107140    
   2.1081114    
   2.1055160    
   2.1029274    
   2.1003461    
   2.0977714    
   2.0952036    
   2.0926425    
   2.0900884    
   2.0875409    
   2.0850000    
   2.0824659    
   2.0799382    
   2.0774171    
   2.0749025    
   2.0723944    
   2.0698924    
   2.0673971    
   2.0649080    
   2.0624251    
   2.0599484    
   2.0574780    
   2.0550137    
   2.0525556    
   2.0501034    
   2.0476575    
   2.0452173    
   2.0427833    
   2.0403550    
   2.0379326    
   2.0355163    
   2.0331056    
   2.0307007    
   2.0283015    
   2.0259080    
   2.0235202    
   2.0211382    
   2.0187616    
   2.0163906    
   2.0140252    
   2.0116653    
   2.0093107    
   2.0069618    
   2.0046182    
   2.0022798    
   1.9999468    
   1.9976193    
   1.9952970    
   1.9929799    
   1.9906679    
   1.9883612    
   1.9860598    
   1.9837633    
   1.9814720    
   1.9791858    
   1.9769046    
   1.9746286    
   1.9723574    
   1.9700911    
   1.9678298    
   1.9655734    
   1.9633220    
   1.9610753    
   1.9588336    
   1.9565965    
   1.9543643    
   1.9521369    
   1.9499141    
   1.9476961    
   1.9454826    
   1.9432739    
   1.9410698    
   1.9388703    
   1.9366754    
   1.9344851    
   1.9322993    
   1.9301178    
   1.9279411    
   1.9257686    
   1.9236007    
   1.9214373    
   1.9192781    
   1.9171233    
   1.9149729    
   1.9128269    
   1.9106851    
   1.9085476    
   1.9064144    
   1.9042854    
   1.9021606    
   1.9000401    
   1.8979238    
   1.8958116    
   1.8937036    
   1.8915997    
   1.8894998    
   1.8874041    
   1.8853124    
   1.8832247    
   1.8811412    
   1.8790616    
   1.8769859    
   1.8749143    
   1.8728466    
   1.8707829    
