   3.0877409    
   3.0654747    
   3.0484166    
   3.0340583    
   3.0214283    
   3.0100274    
   2.9995596    
   2.9898312    
   2.9807079    
   2.9720922    
   2.9639096    
   2.9561031    
   2.9486268    
   2.9414434    
   2.9345229    
   2.9278390    
   2.9213703    
   2.9150984    
   2.9090075    
   2.9030831    
   2.8973136    
   2.8916876    
   2.8861959    
   2.8808300    
   2.8755822    
   2.8704453    
   2.8654134    
   2.8604805    
   2.8556416    
   2.8508921    
   2.8462272    
   2.8416433    
   2.8371363    
   2.8327031    
   2.8283405    
   2.8240454    
   2.8198152    
   2.8156471    
   2.8115387    
   2.8074882    
   2.8034928    
   2.7995510    
   2.7956610    
   2.7918205    
   2.7880285    
   2.7842827    
   2.7805822    
   2.7769253    
   2.7733109    
   2.7697375    
   2.7662039    
   2.7627089    
   2.7592516    
   2.7558308    
   2.7524457    
   2.7490950    
   2.7457781    
   2.7424941    
   2.7392418    
   2.7360208    
   2.7328303    
   2.7296693    
   2.7265375    
   2.7234337    
   2.7203577    
   2.7173085    
   2.7142856    
   2.7112887    
   2.7083170    
   2.7053699    
   2.7024469    
   2.6995478    
   2.6966717    
   2.6938181    
   2.6909869    
   2.6881776    
   2.6853895    
   2.6826224    
   2.6798756    
   2.6771493    
   2.6744425    
   2.6717553    
   2.6690869    
   2.6664374    
   2.6638062    
   2.6611931    
   2.6585977    
   2.6560197    
   2.6534588    
   2.6509149    
   2.6483874    
   2.6458762    
   2.6433809    
   2.6409016    
   2.6384375    
   2.6359890    
   2.6335552    
   2.6311362    
   2.6287317    
   2.6263418    
   2.6239657    
   2.6216037    
   2.6192553    
   2.6169202    
   2.6145988    
   2.6122901    
   2.6099944    
   2.6077116    
   2.6054411    
   2.6031830    
   2.6009374    
   2.5987034    
   2.5964816    
   2.5942712    
   2.5920725    
   2.5898852    
   2.5877090    
   2.5855441    
   2.5833900    
   2.5812466    
   2.5791140    
   2.5769920    
   2.5748801    
   2.5727787    
   2.5706875    
   2.5686061    
   2.5665348    
   2.5644732    
   2.5624211    
   2.5603788    
   2.5583456    
   2.5563219    
   2.5543075    
   2.5523019    
   2.5503054    
   2.5483179    
   2.5463390    
   2.5443690    
   2.5424075    
   2.5404544    
   2.5385096    
   2.5365734    
   2.5346451    
   2.5327251    
   2.5308132    
   2.5289090    
   2.5270128    
   2.5251243    
   2.5232437    
   2.5213706    
   2.5195050    
   2.5176468    
   2.5157959    
   2.5139525    
   2.5121162    
   2.5102873    
   2.5084651    
   2.5066502    
   2.5048420    
   2.5030408    
   2.5012465    
   2.4994588    
   2.4976778    
   2.4959035    
   2.4941356    
   2.4923742    
   2.4906192    
   2.4888706    
   2.4871283    
   2.4853923    
   2.4836624    
   2.4819386    
   2.4802210    
   2.4785092    
   2.4768035    
   2.4751036    
   2.4734097    
   2.4717214    
   2.4700391    
   2.4683623    
   2.4666913    
   2.4650257    
   2.4633658    
   2.4617112    
   2.4600623    
   2.4584186    
   2.4567802    
   2.4551473    
   2.4535196    
   2.4518971    
   2.4502797    
   2.4486675    
   2.4470606    
   2.4454584    
   2.4438615    
   2.4422693    
   2.4406822    
   2.4390998    
   2.4375224    
   2.4359498    
   2.4343820    
   2.4328189    
   2.4312603    
   2.4297066    
   2.4281573    
   2.4266129    
   2.4250727    
   2.4235373    
   2.4220061    
   2.4204795    
   2.4189572    
   2.4174395    
   2.4159260    
   2.4144168    
   2.4129119    
   2.4114110    
   2.4099145    
   2.4084222    
   2.4069343    
   2.4054501    
   2.4039702    
   2.4024942    
   2.4010224    
   2.3995545    
   2.3980906    
   2.3966308    
   2.3951747    
   2.3937225    
   2.3922744    
   2.3908298    
   2.3893893    
   2.3879523    
   2.3865192    
   2.3850899    
   2.3836641    
   2.3822420    
   2.3808236    
   2.3794091    
   2.3779979    
   2.3765903    
   2.3751862    
   2.3737857    
   2.3723888    
   2.3709953    
   2.3696051    
   2.3682187    
   2.3668354    
   2.3654556    
   2.3640790    
   2.3627059    
   2.3613362    
   2.3599699    
   2.3586066    
   2.3572466    
   2.3558900    
   2.3545365    
   2.3531861    
   2.3518391    
   2.3504951    
   2.3491545    
   2.3478167    
   2.3464820    
   2.3451507    
   2.3438222    
   2.3424969    
   2.3411746    
   2.3398552    
   2.3385389    
   2.3372254    
   2.3359149    
   2.3346074    
   2.3333030    
   2.3320012    
   2.3307023    
   2.3294065    
   2.3281133    
   2.3268232    
   2.3255358    
   2.3242512    
   2.3229692    
   2.3216901    
   2.3204138    
   2.3191402    
   2.3178694    
   2.3166013    
   2.3153358    
   2.3140728    
   2.3128128    
   2.3115551    
   2.3103004    
   2.3090482    
   2.3077984    
   2.3065515    
   2.3053069    
   2.3040650    
   2.3028257    
   2.3015888    
   2.3003545    
   2.2991226    
   2.2978933    
