  0.31515673    
  0.41744924    
  0.48199522    
  0.52741021    
  0.56113154    
  0.58699197    
  0.60724396    
  0.62332499    
  0.63620651    
  0.64657390    
  0.65492707    
  0.66164064    
  0.66700149    
  0.67123348    
  0.67451423    
  0.67698652    
  0.67876649    
  0.67994976    
  0.68061560    
  0.68083060    
  0.68065065    
  0.68012357    
  0.67929000    
  0.67818505    
  0.67683905    
  0.67527837    
  0.67352593    
  0.67160189    
  0.66952401    
  0.66730797    
  0.66496766    
  0.66251534    
  0.65996212    
  0.65731770    
  0.65459102    
  0.65178996    
  0.64892161    
  0.64599240    
  0.64300823    
  0.63997430    
  0.63689548    
  0.63377601    
  0.63061988    
  0.62743080    
  0.62421197    
  0.62096643    
  0.61769700    
  0.61440611    
  0.61109620    
  0.60776931    
  0.60442752    
  0.60107255    
  0.59770608    
  0.59432971    
  0.59094477    
  0.58755267    
  0.58415455    
  0.58075160    
  0.57734478    
  0.57393515    
  0.57052350    
  0.56711072    
  0.56369752    
  0.56028467    
  0.55687284    
  0.55346262    
  0.55005455    
  0.54664922    
  0.54324704    
  0.53984851    
  0.53645408    
  0.53306413    
  0.52967894    
  0.52629900    
  0.52292454    
  0.51955581    
  0.51619315    
  0.51283681    
  0.50948697    
  0.50614393    
  0.50280780    
  0.49947882    
  0.49615714    
  0.49284294    
  0.48953635    
  0.48623750    
  0.48294652    
  0.47966352    
  0.47638860    
  0.47312185    
  0.46986338    
  0.46661326    
  0.46337157    
  0.46013835    
  0.45691368    
  0.45369762    
  0.45049018    
  0.44729143    
  0.44410139    
  0.44092011    
  0.43774763    
  0.43458393    
  0.43142906    
  0.42828304    
  0.42514583    
  0.42201751    
  0.41889808    
  0.41578749    
  0.41268575    
  0.40959290    
  0.40650892    
  0.40343377    
  0.40036750    
  0.39731005    
  0.39426142    
  0.39122158    
  0.38819057    
  0.38516831    
  0.38215482    
  0.37915006    
  0.37615404    
  0.37316668    
  0.37018800    
  0.36721799    
  0.36425656    
  0.36130375    
  0.35835949    
  0.35542375    
  0.35249653    
  0.34957781    
  0.34666750    
  0.34376565    
  0.34087214    
  0.33798701    
  0.33511019    
  0.33224165    
  0.32938138    
  0.32652935    
  0.32368547    
  0.32084978    
  0.31802216    
  0.31520268    
  0.31239122    
  0.30958778    
  0.30679232    
  0.30400479    
  0.30122519    
  0.29845345    
  0.29568955    
  0.29293346    
  0.29018512    
  0.28744453    
  0.28471163    
  0.28198639    
  0.27926877    
  0.27655876    
  0.27385628    
  0.27116132    
  0.26847383    
  0.26579380    
  0.26312116    
  0.26045591    
  0.25779799    
  0.25514740    
  0.25250405    
  0.24986793    
  0.24723901    
  0.24461727    
  0.24200264    
  0.23939511    
  0.23679464    
  0.23420118    
  0.23161472    
  0.22903523    
  0.22646265    
  0.22389695    
  0.22133811    
  0.21878609    
  0.21624087    
  0.21370238    
  0.21117063    
  0.20864557    
  0.20612715    
  0.20361535    
  0.20111015    
  0.19861151    
  0.19611940    
  0.19363378    
  0.19115461    
  0.18868190    
  0.18621556    
  0.18375561    
  0.18130198    
  0.17885466    
  0.17641363    
  0.17397882    
  0.17155024    
  0.16912785    
  0.16671161    
  0.16430150    
  0.16189748    
  0.15949953    
  0.15710761    
  0.15472169    
  0.15234177    
  0.14996779    
  0.14759973    
  0.14523757    
  0.14288127    
  0.14053081    
  0.13818616    
  0.13584730    
  0.13351418    
  0.13118680    
  0.12886511    
  0.12654909    
  0.12423874    
  0.12193399    
  0.11963484    
  0.11734125    
  0.11505321    
  0.11277069    
  0.11049365    
  0.10822208    
  0.10595594    
  0.10369523    
  0.10143990    
  9.91899297E-02
  9.69453007E-02
  9.47059914E-02
  9.24719647E-02
  9.02432129E-02
  8.80196914E-02
  8.58014002E-02
  8.35882947E-02
  8.13803673E-02
  7.91775733E-02
  7.69799128E-02
  7.47873485E-02
  7.25998655E-02
  7.04174340E-02
  6.82400391E-02
  6.60676509E-02
  6.39002472E-02
  6.17378131E-02
  5.95803224E-02
  5.74277490E-02
  5.52800708E-02
  5.31372800E-02
  5.09993322E-02
  4.88662347E-02
  4.67379354E-02
  4.46144342E-02
  4.24957052E-02
  4.03817147E-02
  3.82724740E-02
  3.61679234E-02
  3.40680741E-02
  3.19728851E-02
  2.98823379E-02
  2.77964268E-02
  2.57151276E-02
  2.36384161E-02
  2.15662587E-02
  1.94986537E-02
  1.74355861E-02
  1.53770307E-02
  1.33229718E-02
  1.12733720E-02
  9.22820065E-03
  7.18751596E-03
  5.15124993E-03
  3.11927428E-03
  1.09176862E-03
   3.1406612    
   3.1386425    
   3.1366279    
   3.1346178    
   3.1326120    
   3.1306102    
   3.1286130    
   3.1266198    
   3.1246309    
   3.1226461    
   3.1206656    
   3.1186893    
   3.1167169    
   3.1147490    
   3.1127849    
   3.1108251    
   3.1088693    
   3.1069176    
   3.1049697    
   3.1030262    
   3.1010866    
   3.0991509    
   3.0972192    
   3.0952916    
   3.0933678    
   3.0914481    
