  0.97813785    
   1.0713876    
   1.1052563    
   1.1195085    
   1.1248472    
   1.1254376    
   1.1232471    
   1.1193250    
   1.1142799    
   1.1084870    
   1.1021887    
   1.0955474    
   1.0886750    
   1.0816505    
   1.0745304    
   1.0673562    
   1.0601583    
   1.0529594    
   1.0457766    
   1.0386226    
   1.0315069    
   1.0244367    
   1.0174173    
   1.0104527    
   1.0035459    
  0.99669850    
  0.98991209    
  0.98318738    
  0.97652465    
  0.96992415    
  0.96338546    
  0.95690840    
  0.95049220    
  0.94413638    
  0.93784004    
  0.93160242    
  0.92542255    
  0.91929960    
  0.91323256    
  0.90722048    
  0.90126240    
  0.89535737    
  0.88950431    
  0.88370240    
  0.87795061    
  0.87224799    
  0.86659372    
  0.86098671    
  0.85542625    
  0.84991133    
  0.84444118    
  0.83901489    
  0.83363175    
  0.82829088    
  0.82299149    
  0.81773287    
  0.81251431    
  0.80733502    
  0.80219430    
  0.79709148    
  0.79202592    
  0.78699696    
  0.78200394    
  0.77704620    
  0.77212328    
  0.76723444    
  0.76237917    
  0.75755697    
  0.75276721    
  0.74800938    
  0.74328297    
  0.73858750    
  0.73392248    
  0.72928739    
  0.72468174    
  0.72010517    
  0.71555722    
  0.71103734    
  0.70654523    
  0.70208049    
  0.69764256    
  0.69323123    
  0.68884599    
  0.68448651    
  0.68015248    
  0.67584342    
  0.67155904    
  0.66729903    
  0.66306299    
  0.65885067    
  0.65466172    
  0.65049577    
  0.64635259    
  0.64223182    
  0.63813317    
  0.63405645    
  0.63000125    
  0.62596738    
  0.62195450    
  0.61796242    
  0.61399084    
  0.61003953    
  0.60610825    
  0.60219669    
  0.59830469    
  0.59443194    
  0.59057832    
  0.58674347    
  0.58292729    
  0.57912952    
  0.57534987    
  0.57158828    
  0.56784445    
  0.56411821    
  0.56040931    
  0.55671763    
  0.55304301    
  0.54938513    
  0.54574388    
  0.54211915    
  0.53851068    
  0.53491825    
  0.53134185    
  0.52778119    
  0.52423608    
  0.52070647    
  0.51719213    
  0.51369292    
  0.51020873    
  0.50673932    
  0.50328463    
  0.49984443    
  0.49641863    
  0.49300709    
  0.48960966    
  0.48622623    
  0.48285660    
  0.47950071    
  0.47615838    
  0.47282952    
  0.46951398    
  0.46621165    
  0.46292236    
  0.45964608    
  0.45638263    
  0.45313188    
  0.44989377    
  0.44666815    
  0.44345492    
  0.44025394    
  0.43706515    
  0.43388844    
  0.43072367    
  0.42757076    
  0.42442960    
  0.42130008    
  0.41818213    
  0.41507563    
  0.41198048    
  0.40889660    
  0.40582392    
  0.40276226    
  0.39971164    
  0.39667189    
  0.39364296    
  0.39062473    
  0.38761717    
  0.38462013    
  0.38163358    
  0.37865740    
  0.37569153    
  0.37273589    
  0.36979038    
  0.36685494    
  0.36392948    
  0.36101392    
  0.35810822    
  0.35521227    
  0.35232601    
  0.34944934    
  0.34658223    
  0.34372458    
  0.34087634    
  0.33803743    
  0.33520779    
  0.33238733    
  0.32957599    
  0.32677373    
  0.32398048    
  0.32119614    
  0.31842068    
  0.31565404    
  0.31289610    
  0.31014690    
  0.30740628    
  0.30467424    
  0.30195072    
  0.29923561    
  0.29652894    
  0.29383054    
  0.29114047    
  0.28845859    
  0.28578487    
  0.28311926    
  0.28046170    
  0.27781215    
  0.27517053    
  0.27253681    
  0.26991096    
  0.26729289    
  0.26468253    
  0.26207989    
  0.25948489    
  0.25689751    
  0.25431764    
  0.25174528    
  0.24918036    
  0.24662285    
  0.24407269    
  0.24152984    
  0.23899426    
  0.23646590    
  0.23394471    
  0.23143065    
  0.22892368    
  0.22642376    
  0.22393084    
  0.22144488    
  0.21896583    
  0.21649365    
  0.21402831    
  0.21156977    
  0.20911799    
  0.20667291    
  0.20423451    
  0.20180275    
  0.19937758    
  0.19695896    
  0.19454686    
  0.19214126    
  0.18974210    
  0.18734935    
  0.18496296    
  0.18258291    
  0.18020916    
  0.17784168    
  0.17548043    
  0.17312536    
  0.17077646    
  0.16843368    
  0.16609700    
  0.16376637    
  0.16144177    
  0.15912317    
  0.15681051    
  0.15450379    
  0.15220295    
  0.14990799    
  0.14761885    
  0.14533551    
  0.14305794    
  0.14078611    
  0.13851999    
  0.13625956    
  0.13400476    
  0.13175558    
  0.12951198    
  0.12727395    
  0.12504146    
  0.12281445    
  0.12059294    
  0.11837685    
  0.11616620    
  0.11396092    
  0.11176102    
  0.10956644    
  0.10737718    
  0.10519320    
  0.10301448    
  0.10084097    
  9.86726731E-02
  9.65095535E-02
  9.43515897E-02
  9.21987444E-02
  9.00510103E-02
  8.79083425E-02
  8.57707262E-02
  8.36381391E-02
  8.15105513E-02
  7.93879330E-02
  7.72702843E-02
  7.51575530E-02
  7.30497390E-02
  7.09467977E-02
  6.88487142E-02
  6.67554662E-02
  6.46670312E-02
  6.25833943E-02
  6.05045184E-02
  5.84303886E-02
