  0.26128784    
  0.35051212    
  0.40887436    
  0.45120376    
  0.48348761    
  0.50886184    
  0.52920282    
  0.54572952    
  0.55928016    
  0.57045579    
  0.57970148    
  0.58735543    
  0.59368014    
  0.59888291    
  0.60313016    
  0.60655701    
  0.60927445    
  0.61137480    
  0.61293530    
  0.61402118    
  0.61468798    
  0.61498314    
  0.61494768    
  0.61461699    
  0.61402196    
  0.61318958    
  0.61214346    
  0.61090463    
  0.60949153    
  0.60792059    
  0.60620642    
  0.60436213    
  0.60239947    
  0.60032886    
  0.59815991    
  0.59590113    
  0.59356028    
  0.59114438    
  0.58865988    
  0.58611250    
  0.58350760    
  0.58085001    
  0.57814419    
  0.57539415    
  0.57260364    
  0.56977612    
  0.56691468    
  0.56402224    
  0.56110156    
  0.55815500    
  0.55518490    
  0.55219340    
  0.54918242    
  0.54615378    
  0.54310918    
  0.54005021    
  0.53697824    
  0.53389472    
  0.53080088    
  0.52769786    
  0.52458680    
  0.52146870    
  0.51834446    
  0.51521504    
  0.51208127    
  0.50894386    
  0.50580359    
  0.50266117    
  0.49951714    
  0.49637216    
  0.49322680    
  0.49008152    
  0.48693684    
  0.48379323    
  0.48065108    
  0.47751084    
  0.47437286    
  0.47123748    
  0.46810505    
  0.46497589    
  0.46185026    
  0.45872846    
  0.45561075    
  0.45249733    
  0.44938844    
  0.44628432    
  0.44318515    
  0.44009110    
  0.43700236    
  0.43391907    
  0.43084142    
  0.42776951    
  0.42470348    
  0.42164347    
  0.41858959    
  0.41554195    
  0.41250065    
  0.40946576    
  0.40643740    
  0.40341562    
  0.40040052    
  0.39739212    
  0.39439055    
  0.39139584    
  0.38840804    
  0.38542721    
  0.38245335    
  0.37948656    
  0.37652686    
  0.37357429    
  0.37062883    
  0.36769059    
  0.36475950    
  0.36183569    
  0.35891908    
  0.35600975    
  0.35310766    
  0.35021287    
  0.34732538    
  0.34444517    
  0.34157228    
  0.33870670    
  0.33584842    
  0.33299744    
  0.33015376    
  0.32731742    
  0.32448834    
  0.32166657    
  0.31885207    
  0.31604487    
  0.31324494    
  0.31045225    
  0.30766681    
  0.30488861    
  0.30211762    
  0.29935381    
  0.29659721    
  0.29384780    
  0.29110554    
  0.28837043    
  0.28564242    
  0.28292152    
  0.28020772    
  0.27750099    
  0.27480128    
  0.27210858    
  0.26942292    
  0.26674423    
  0.26407251    
  0.26140770    
  0.25874981    
  0.25609884    
  0.25345472    
  0.25081745    
  0.24818699    
  0.24556333    
  0.24294645    
  0.24033631    
  0.23773292    
  0.23513620    
  0.23254617    
  0.22996278    
  0.22738603    
  0.22481588    
  0.22225229    
  0.21969526    
  0.21714474    
  0.21460073    
  0.21206318    
  0.20953208    
  0.20700741    
  0.20448913    
  0.20197722    
  0.19947165    
  0.19697240    
  0.19447944    
  0.19199273    
  0.18951228    
  0.18703803    
  0.18456998    
  0.18210809    
  0.17965233    
  0.17720269    
  0.17475912    
  0.17232162    
  0.16989015    
  0.16746470    
  0.16504522    
  0.16263171    
  0.16022411    
  0.15782243    
  0.15542664    
  0.15303670    
  0.15065259    
  0.14827427    
  0.14590175    
  0.14353499    
  0.14117396    
  0.13881864    
  0.13646899    
  0.13412501    
  0.13178666    
  0.12945393    
  0.12712678    
  0.12480519    
  0.12248914    
  0.12017860    
  0.11787356    
  0.11557398    
  0.11327984    
  0.11099113    
  0.10870782    
  0.10642987    
  0.10415728    
  0.10189002    
  9.96280536E-02
  9.73713845E-02
  9.51199681E-02
  9.28737819E-02
  9.06328186E-02
  8.83970484E-02
  8.61664489E-02
  8.39409977E-02
  8.17206651E-02
  7.95054436E-02
  7.72953033E-02
  7.50902295E-02
  7.28901923E-02
  7.06951693E-02
  6.85051456E-02
  6.63200989E-02
  6.41400069E-02
  6.19648434E-02
  5.97946011E-02
  5.76292500E-02
  5.54687716E-02
  5.33131436E-02
  5.11623472E-02
  4.90163602E-02
  4.68751602E-02
  4.47387360E-02
  4.26070616E-02
  4.04801257E-02
  3.83578837E-02
  3.62403505E-02
  3.41274850E-02
  3.20192650E-02
  2.99156774E-02
  2.78167110E-02
  2.57223397E-02
  2.36325525E-02
  2.15473212E-02
  1.94666050E-02
  1.73904486E-02
  1.53187569E-02
  1.32515486E-02
  1.11888479E-02
  9.13058221E-03
  7.07671465E-03
  5.02722804E-03
  2.98218476E-03
  9.41536855E-04
   3.1404979    
   3.1384659    
   3.1364384    
   3.1344149    
   3.1323957    
   3.1303811    
   3.1283705    
   3.1263642    
   3.1243622    
   3.1223643    
   3.1203706    
   3.1183810    
   3.1163957    
   3.1144145    
   3.1124372    
   3.1104643    
   3.1084955    
   3.1065307    
   3.1045699    
   3.1026130    
   3.1006603    
   3.0987117    
   3.0967669    
   3.0948262    
   3.0928893    
   3.0909564    
   3.0890276    
   3.0871027    
   3.0851815    
   3.0832644    
   3.0813510    
   3.0794415    
   3.0775359    
   3.0756340    
   3.0737362    
   3.0718420    
   3.0699515    
   3.0680649    
