   3.0330915    
   2.9882116    
   2.9538167    
   2.9248559    
   2.8993723    
   2.8763616    
   2.8552265    
   2.8355784    
   2.8171470    
   2.7997353    
   2.7831943    
   2.7674086    
   2.7522864    
   2.7377529    
   2.7237465    
   2.7102160    
   2.6971178    
   2.6844146    
   2.6720743    
   2.6600690    
   2.6483743    
   2.6369681    
   2.6258318    
   2.6149478    
   2.6043007    
   2.5938768    
   2.5836635    
   2.5736494    
   2.5638242    
   2.5541780    
   2.5447025    
   2.5353894    
   2.5262315    
   2.5172217    
   2.5083535    
   2.4996214    
   2.4910197    
   2.4825432    
   2.4741871    
   2.4659469    
   2.4578185    
   2.4497976    
   2.4418809    
   2.4340644    
   2.4263451    
   2.4187200    
   2.4111855    
   2.4037395    
   2.3963788    
   2.3891010    
   2.3819039    
   2.3747847    
   2.3677418    
   2.3607728    
   2.3538756    
   2.3470488    
   2.3402898    
   2.3335974    
   2.3269699    
   2.3204057    
   2.3139029    
   2.3074605    
   2.3010769    
   2.2947507    
   2.2884805    
   2.2822652    
   2.2761037    
   2.2699945    
   2.2639368    
   2.2579293    
   2.2519712    
   2.2460613    
   2.2401986    
   2.2343822    
   2.2286112    
   2.2228847    
   2.2172019    
   2.2115619    
   2.2059641    
   2.2004075    
   2.1948915    
   2.1894150    
   2.1839778    
   2.1785791    
   2.1732180    
   2.1678941    
   2.1626065    
   2.1573548    
   2.1521385    
   2.1469569    
   2.1418092    
   2.1366954    
   2.1316144    
   2.1265659    
   2.1215496    
   2.1165648    
   2.1116109    
   2.1066878    
   2.1017947    
   2.0969312    
   2.0920973    
   2.0872920    
   2.0825152    
   2.0777664    
   2.0730453    
   2.0683513    
   2.0636842    
   2.0590436    
   2.0544293    
   2.0498407    
   2.0452776    
   2.0407395    
   2.0362263    
   2.0317376    
   2.0272732    
   2.0228324    
   2.0184152    
   2.0140214    
   2.0096505    
   2.0053022    
   2.0009763    
   1.9966727    
   1.9923910    
   1.9881309    
   1.9838921    
   1.9796745    
   1.9754777    
   1.9713014    
   1.9671457    
   1.9630102    
   1.9588945    
   1.9547986    
   1.9507221    
   1.9466649    
   1.9426268    
   1.9386076    
   1.9346070    
   1.9306250    
   1.9266611    
   1.9227153    
   1.9187875    
   1.9148773    
   1.9109846    
   1.9071093    
   1.9032512    
   1.8994099    
   1.8955855    
   1.8917779    
   1.8879865    
   1.8842117    
   1.8804529    
   1.8767102    
   1.8729832    
   1.8692720    
   1.8655763    
   1.8618960    
   1.8582309    
   1.8545810    
   1.8509461    
   1.8473259    
   1.8437206    
   1.8401296    
   1.8365532    
   1.8329910    
   1.8294430    
   1.8259091    
   1.8223890    
   1.8188828    
   1.8153902    
   1.8119112    
   1.8084456    
   1.8049934    
   1.8015543    
   1.7981282    
   1.7947153    
   1.7913152    
   1.7879279    
   1.7845531    
   1.7811910    
   1.7778412    
   1.7745038    
   1.7711787    
   1.7678658    
   1.7645648    
   1.7612758    
   1.7579986    
   1.7547332    
   1.7514795    
   1.7482374    
   1.7450067    
   1.7417874    
   1.7385794    
   1.7353827    
   1.7321969    
   1.7290224    
   1.7258587    
   1.7227060    
   1.7195640    
   1.7164327    
   1.7133121    
   1.7102020    
   1.7071024    
   1.7040132    
   1.7009343    
   1.6978657    
   1.6948072    
   1.6917589    
   1.6887205    
   1.6856921    
   1.6826736    
   1.6796649    
   1.6766659    
   1.6736766    
   1.6706969    
   1.6677268    
   1.6647661    
   1.6618148    
   1.6588728    
   1.6559402    
   1.6530167    
   1.6501024    
   1.6471971    
   1.6443009    
   1.6414137    
   1.6385354    
   1.6356659    
   1.6328052    
   1.6299533    
   1.6271100    
   1.6242753    
   1.6214492    
   1.6186316    
   1.6158224    
   1.6130216    
   1.6102291    
   1.6074450    
   1.6046691    
   1.6019013    
   1.5991417    
   1.5963901    
   1.5936466    
   1.5909111    
   1.5881835    
   1.5854638    
   1.5827519    
   1.5800477    
   1.5773513    
   1.5746626    
   1.5719814    
   1.5693079    
   1.5666420    
   1.5639836    
   1.5613326    
   1.5586890    
   1.5560527    
   1.5534239    
   1.5508022    
   1.5481879    
   1.5455806    
   1.5429806    
   1.5403876    
   1.5378017    
   1.5352229    
   1.5326509    
   1.5300860    
   1.5275280    
   1.5249768    
   1.5224326    
   1.5198951    
   1.5173643    
   1.5148401    
   1.5123228    
   1.5098120    
   1.5073078    
   1.5048102    
   1.5023191    
   1.4998344    
   1.4973563    
   1.4948846    
   1.4924192    
   1.4899602    
   1.4875076    
   1.4850612    
   1.4826210    
   1.4801871    
   1.4777592    
   1.4753376    
   1.4729221    
   1.4705126    
   1.4681093    
   1.4657118    
   1.4633204    
   1.4609350    
   1.4585555    
   1.4561818    
   1.4538140    
   1.4514520    
   1.4490960    
   1.4467455    
   1.4444009    
