   2.9736743    
   2.9044249    
   2.8514926    
   2.8070383    
   2.7680204    
   2.7328768    
   2.7006783    
   2.6708183    
   2.6428750    
   2.6165407    
   2.5915828    
   2.5678203    
   2.5451090    
   2.5233319    
   2.5023923    
   2.4822094    
   2.4627144    
   2.4438491    
   2.4255624    
   2.4078104    
   2.3905540    
   2.3737593    
   2.3573954    
   2.3414354    
   2.3258548    
   2.3106315    
   2.2957454    
   2.2811785    
   2.2669144    
   2.2529373    
   2.2392337    
   2.2257907    
   2.2125962    
   2.1996393    
   2.1869102    
   2.1743987    
   2.1620963    
   2.1499946    
   2.1380861    
   2.1263633    
   2.1148195    
   2.1034484    
   2.0922437    
   2.0811999    
   2.0703115    
   2.0595734    
   2.0489810    
   2.0385294    
   2.0282145    
   2.0180321    
   2.0079782    
   1.9980494    
   1.9882418    
   1.9785521    
   1.9689770    
   1.9595135    
   1.9501586    
   1.9409095    
   1.9317635    
   1.9227179    
   1.9137703    
   1.9049182    
   1.8961594    
   1.8874916    
   1.8789127    
   1.8704207    
   1.8620135    
   1.8536893    
   1.8454463    
   1.8372827    
   1.8291967    
   1.8211868    
   1.8132513    
   1.8053887    
   1.7975975    
   1.7898762    
   1.7822236    
   1.7746382    
   1.7671187    
   1.7596638    
   1.7522724    
   1.7449431    
   1.7376751    
   1.7304670    
   1.7233176    
   1.7162262    
   1.7091916    
   1.7022127    
   1.6952887    
   1.6884185    
   1.6816014    
   1.6748363    
   1.6681224    
   1.6614588    
   1.6548449    
   1.6482797    
   1.6417624    
   1.6352924    
   1.6288687    
   1.6224909    
   1.6161580    
   1.6098696    
   1.6036247    
   1.5974230    
   1.5912634    
   1.5851458    
   1.5790693    
   1.5730332    
   1.5670372    
   1.5610806    
   1.5551627    
   1.5492831    
   1.5434414    
   1.5376369    
   1.5318691    
   1.5261375    
   1.5204417    
   1.5147811    
   1.5091554    
   1.5035640    
   1.4980065    
   1.4924824    
   1.4869914    
   1.4815331    
   1.4761068    
   1.4707123    
   1.4653493    
   1.4600173    
   1.4547158    
   1.4494448    
   1.4442035    
   1.4389917    
   1.4338092    
   1.4286554    
   1.4235301    
   1.4184331    
   1.4133638    
   1.4083220    
   1.4033074    
   1.3983197    
   1.3933586    
   1.3884238    
   1.3835149    
   1.3786317    
   1.3737741    
   1.3689414    
   1.3641337    
   1.3593506    
   1.3545917    
   1.3498570    
   1.3451461    
   1.3404586    
   1.3357946    
   1.3311535    
   1.3265355    
   1.3219398    
   1.3173666    
   1.3128155    
   1.3082864    
   1.3037790    
   1.2992930    
   1.2948283    
   1.2903847    
   1.2859619    
   1.2815597    
   1.2771780    
   1.2728165    
   1.2684751    
   1.2641535    
   1.2598516    
   1.2555692    
   1.2513061    
   1.2470621    
   1.2428371    
   1.2386308    
   1.2344431    
   1.2302737    
   1.2261227    
   1.2219899    
   1.2178748    
   1.2137775    
   1.2096980    
   1.2056358    
   1.2015909    
   1.1975632    
   1.1935524    
   1.1895585    
   1.1855813    
   1.1816206    
   1.1776764    
   1.1737485    
   1.1698366    
   1.1659408    
   1.1620609    
   1.1581966    
   1.1543480    
   1.1505148    
   1.1466970    
   1.1428944    
   1.1391069    
   1.1353344    
   1.1315767    
   1.1278337    
   1.1241055    
   1.1203916    
   1.1166921    
   1.1130069    
   1.1093359    
   1.1056789    
   1.1020358    
   1.0984066    
   1.0947911    
   1.0911890    
   1.0876007    
   1.0840256    
   1.0804639    
   1.0769154    
   1.0733800    
   1.0698576    
   1.0663481    
   1.0628514    
   1.0593674    
   1.0558960    
   1.0524372    
   1.0489908    
   1.0455568    
   1.0421350    
   1.0387254    
   1.0353278    
   1.0319422    
   1.0285685    
   1.0252067    
   1.0218565    
   1.0185181    
   1.0151912    
   1.0118759    
   1.0085719    
   1.0052793    
   1.0019978    
  0.99872762    
  0.99546850    
  0.99222040    
  0.98898327    
  0.98575699    
  0.98254150    
  0.97933680    
  0.97614270    
  0.97295916    
  0.96978617    
  0.96662360    
  0.96347141    
  0.96032953    
  0.95719790    
  0.95407647    
  0.95096511    
  0.94786376    
  0.94477242    
  0.94169098    
  0.93861938    
  0.93555754    
  0.93250549    
  0.92946303    
  0.92643023    
  0.92340690    
  0.92039311    
  0.91738868    
  0.91439366    
  0.91140789    
  0.90843141    
  0.90546405    
  0.90250587    
  0.89955676    
  0.89661670    
  0.89368558    
  0.89076334    
  0.88784993    
  0.88494539    
  0.88204956    
  0.87916243    
  0.87628394    
  0.87341404    
  0.87055272    
  0.86769986    
  0.86485547    
  0.86201942    
  0.85919172    
  0.85637236    
  0.85356122    
  0.85075825    
  0.84796345    
  0.84517676    
  0.84239811    
  0.83962750    
  0.83686483    
  0.83411008    
  0.83136320    
  0.82862419    
  0.82589293    
  0.82316941    
  0.82045358    
