   1.5631982    
   1.5004107    
   1.4602352    
   1.4290868    
   1.4029592    
   1.3800943    
   1.3595519    
   1.3407649    
   1.3233620    
   1.3070853    
   1.2917472    
   1.2772069    
   1.2633553    
   1.2501056    
   1.2373884    
   1.2251461    
   1.2133309    
   1.2019026    
   1.1908269    
   1.1800742    
   1.1696188    
   1.1594386    
   1.1495136    
   1.1398265    
   1.1303616    
   1.1211051    
   1.1120443    
   1.1031682    
   1.0944663    
   1.0859293    
   1.0775487    
   1.0693167    
   1.0612262    
   1.0532705    
   1.0454435    
   1.0377395    
   1.0301533    
   1.0226800    
   1.0153151    
   1.0080543    
   1.0008936    
  0.99382925    
  0.98685783    
  0.97997600    
  0.97318065    
  0.96646893    
  0.95983797    
  0.95328528    
  0.94680828    
  0.94040471    
  0.93407232    
  0.92780894    
  0.92161268    
  0.91548151    
  0.90941370    
  0.90340745    
  0.89746112    
  0.89157319    
  0.88574201    
  0.87996626    
  0.87424451    
  0.86857545    
  0.86295778    
  0.85739022    
  0.85187173    
  0.84640110    
  0.84097719    
  0.83559906    
  0.83026564    
  0.82497597    
  0.81972915    
  0.81452423    
  0.80936038    
  0.80423677    
  0.79915255    
  0.79410690    
  0.78909922    
  0.78412861    
  0.77919441    
  0.77429599    
  0.76943260    
  0.76460367    
  0.75980854    
  0.75504661    
  0.75031734    
  0.74562007    
  0.74095428    
  0.73631948    
  0.73171508    
  0.72714067    
  0.72259563    
  0.71807957    
  0.71359199    
  0.70913243    
  0.70470053    
  0.70029575    
  0.69591773    
  0.69156599    
  0.68724024    
  0.68294007    
  0.67866504    
  0.67441487    
  0.67018908    
  0.66598743    
  0.66180956    
  0.65765506    
  0.65352368    
  0.64941508    
  0.64532900    
  0.64126503    
  0.63722295    
  0.63320243    
  0.62920320    
  0.62522501    
  0.62126750    
  0.61733055    
  0.61341381    
  0.60951698    
  0.60563993    
  0.60178232    
  0.59794396    
  0.59412462    
  0.59032398    
  0.58654195    
  0.58277822    
  0.57903266    
  0.57530493    
  0.57159495    
  0.56790245    
  0.56422722    
  0.56056905    
  0.55692786    
  0.55330336    
  0.54969537    
  0.54610378    
  0.54252833    
  0.53896892    
  0.53542531    
  0.53189731    
  0.52838486    
  0.52488774    
  0.52140582    
  0.51793891    
  0.51448679    
  0.51104945    
  0.50762665    
  0.50421828    
  0.50082421    
  0.49744424    
  0.49407828    
  0.49072617    
  0.48738778    
  0.48406297    
  0.48075163    
  0.47745362    
  0.47416881    
  0.47089711    
  0.46763834    
  0.46439242    
  0.46115923    
  0.45793864    
  0.45473054    
  0.45153484    
  0.44835138    
  0.44518009    
  0.44202083    
  0.43887356    
  0.43573809    
  0.43261436    
  0.42950228    
  0.42640173    
  0.42331260    
  0.42023483    
  0.41716832    
  0.41411293    
  0.41106859    
  0.40803525    
  0.40501276    
  0.40200105    
  0.39900002    
  0.39600962    
  0.39302975    
  0.39006031    
  0.38710123    
  0.38415241    
  0.38121378    
  0.37828529    
  0.37536681    
  0.37245828    
  0.36955965    
  0.36667082    
  0.36379167    
  0.36092222    
  0.35806236    
  0.35521197    
  0.35237104    
  0.34953946    
  0.34671718    
  0.34390414    
  0.34110025    
  0.33830544    
  0.33551967    
  0.33274287    
  0.32997498    
  0.32721588    
  0.32446557    
  0.32172400    
  0.31899104    
  0.31626666    
  0.31355083    
  0.31084344    
  0.30814448    
  0.30545387    
  0.30277154    
  0.30009747    
  0.29743156    
  0.29477376    
  0.29212403    
  0.28948236    
  0.28684860    
  0.28422278    
  0.28160480    
  0.27899465    
  0.27639222    
  0.27379751    
  0.27121046    
  0.26863101    
  0.26605910    
  0.26349473    
  0.26093778    
  0.25838825    
  0.25584611    
  0.25331125    
  0.25078368    
  0.24826334    
  0.24575017    
  0.24324414    
  0.24074522    
  0.23825333    
  0.23576844    
  0.23329052    
  0.23081952    
  0.22835541    
  0.22589813    
  0.22344764    
  0.22100390    
  0.21856689    
  0.21613656    
  0.21371286    
  0.21129575    
  0.20888521    
  0.20648117    
  0.20408364    
  0.20169254    
  0.19930784    
  0.19692951    
  0.19455753    
  0.19219184    
  0.18983242    
  0.18747921    
  0.18513221    
  0.18279137    
  0.18045664    
  0.17812799    
  0.17580542    
  0.17348886    
  0.17117828    
  0.16887365    
  0.16657495    
  0.16428216    
  0.16199520    
  0.15971409    
  0.15743877    
  0.15516920    
  0.15290537    
  0.15064725    
  0.14839479    
  0.14614798    
  0.14390679    
  0.14167117    
  0.13944110    
  0.13721657    
  0.13499753    
  0.13278396    
  0.13057582    
  0.12837310    
  0.12617576    
  0.12398378    
  0.12179712    
  0.11961577    
  0.11743969    
  0.11526886    
  0.11310324    
  0.11094283    
  0.10878759    
  0.10663749    
  0.10449250    
  0.10235261    
  0.10021778    
  9.80880037E-02
