  0.69365036    
  0.82528949    
  0.88780117    
  0.92301321    
  0.94435179    
  0.95762289    
  0.96578479    
  0.97051418    
  0.97283578    
  0.97341222    
  0.97269106    
  0.97098565    
  0.96852142    
  0.96546477    
  0.96194082    
  0.95804530    
  0.95385271    
  0.94942164    
  0.94479859    
  0.94002110    
  0.93511945    
  0.93011856    
  0.92503875    
  0.91989702    
  0.91470730    
  0.90948141    
  0.90422916    
  0.89895892    
  0.89367765    
  0.88839138    
  0.88310504    
  0.87782305    
  0.87254894    
  0.86728597    
  0.86203665    
  0.85680330    
  0.85158789    
  0.84639198    
  0.84121704    
  0.83606416    
  0.83093441    
  0.82582849    
  0.82074726    
  0.81569111    
  0.81066060    
  0.80565614    
  0.80067790    
  0.79572612    
  0.79080105    
  0.78590268    
  0.78103107    
  0.77618635    
  0.77136832    
  0.76657706    
  0.76181251    
  0.75707442    
  0.75236279    
  0.74767739    
  0.74301815    
  0.73838484    
  0.73377723    
  0.72919524    
  0.72463858    
  0.72010708    
  0.71560049    
  0.71111864    
  0.70666128    
  0.70222819    
  0.69781911    
  0.69343382    
  0.68907207    
  0.68473369    
  0.68041843    
  0.67612600    
  0.67185622    
  0.66760880    
  0.66338360    
  0.65918034    
  0.65499878    
  0.65083867    
  0.64669985    
  0.64258206    
  0.63848507    
  0.63440865    
  0.63035268    
  0.62631685    
  0.62230092    
  0.61830479    
  0.61432821    
  0.61037093    
  0.60643280    
  0.60251355    
  0.59861308    
  0.59473115    
  0.59086758    
  0.58702213    
  0.58319467    
  0.57938504    
  0.57559299    
  0.57181835    
  0.56806099    
  0.56432074    
  0.56059736    
  0.55689073    
  0.55320066    
  0.54952699    
  0.54586959    
  0.54222828    
  0.53860289    
  0.53499329    
  0.53139925    
  0.52782077    
  0.52425754    
  0.52070951    
  0.51717657    
  0.51365846    
  0.51015508    
  0.50666636    
  0.50319213    
  0.49973220    
  0.49628648    
  0.49285486    
  0.48943716    
  0.48603332    
  0.48264316    
  0.47926658    
  0.47590345    
  0.47255364    
  0.46921706    
  0.46589357    
  0.46258307    
  0.45928544    
  0.45600054    
  0.45272830    
  0.44946861    
  0.44622135    
  0.44298643    
  0.43976370    
  0.43655309    
  0.43335453    
  0.43016785    
  0.42699298    
  0.42382985    
  0.42067835    
  0.41753837    
  0.41440982    
  0.41129258    
  0.40818661    
  0.40509182    
  0.40200809    
  0.39893532    
  0.39587346    
  0.39282238    
  0.38978207    
  0.38675237    
  0.38373324    
  0.38072458    
  0.37772632    
  0.37473837    
  0.37176064    
  0.36879307    
  0.36583561    
  0.36288813    
  0.35995060    
  0.35702294    
  0.35410503    
  0.35119686    
  0.34829831    
  0.34540936    
  0.34252989    
  0.33965987    
  0.33679920    
  0.33394781    
  0.33110568    
  0.32827270    
  0.32544884    
  0.32263398    
  0.31982812    
  0.31703117    
  0.31424308    
  0.31146377    
  0.30869317    
  0.30593124    
  0.30317792    
  0.30043316    
  0.29769689    
  0.29496905    
  0.29224959    
  0.28953844    
  0.28683555    
  0.28414088    
  0.28145438    
  0.27877599    
  0.27610561    
  0.27344325    
  0.27078885    
  0.26814234    
  0.26550367    
  0.26287279    
  0.26024964    
  0.25763419    
  0.25502640    
  0.25242621    
  0.24983355    
  0.24724841    
  0.24467072    
  0.24210043    
  0.23953751    
  0.23698191    
  0.23443358    
  0.23189248    
  0.22935857    
  0.22683179    
  0.22431213    
  0.22179951    
  0.21929389    
  0.21679527    
  0.21430357    
  0.21181875    
  0.20934078    
  0.20686962    
  0.20440523    
  0.20194757    
  0.19949660    
  0.19705227    
  0.19461457    
  0.19218343    
  0.18975884    
  0.18734074    
  0.18492910    
  0.18252389    
  0.18012507    
  0.17773262    
  0.17534646    
  0.17296660    
  0.17059298    
  0.16822559    
  0.16586435    
  0.16350928    
  0.16116031    
  0.15881743    
  0.15648058    
  0.15414974    
  0.15182489    
  0.14950599    
  0.14719300    
  0.14488590    
  0.14258464    
  0.14028920    
  0.13799956    
  0.13571569    
  0.13343753    
  0.13116509    
  0.12889829    
  0.12663716    
  0.12438162    
  0.12213168    
  0.11988728    
  0.11764842    
  0.11541504    
  0.11318713    
  0.11096467    
  0.10874762    
  0.10653596    
  0.10432965    
  0.10212867    
  9.99329984E-02
  9.77426097E-02
  9.55574661E-02
  9.33775529E-02
  9.12028402E-02
  8.90332982E-02
  8.68689045E-02
  8.47096443E-02
  8.25554729E-02
  8.04063827E-02
  7.82623440E-02
  7.61233270E-02
  7.39893094E-02
  7.18602687E-02
  6.97361901E-02
  6.76170290E-02
  6.55027851E-02
  6.33934140E-02
  6.12889044E-02
  5.91892377E-02
  5.70943840E-02
  5.50043173E-02
  5.29190190E-02
  5.08384742E-02
  4.87626530E-02
  4.66915295E-02
  4.46250886E-02
  4.25633080E-02
  4.05061692E-02
  3.84536460E-02
  3.64057124E-02
  3.43623571E-02
  3.23235542E-02
  3.02893016E-02
