   3.0171709    
   2.9657249    
   2.9263113    
   2.8931355    
   2.8639526    
   2.8376100    
   2.8134227    
   2.7909443    
   2.7698646    
   2.7499573    
   2.7310519    
   2.7130153    
   2.6957421    
   2.6791468    
   2.6631584    
   2.6477180    
   2.6327755    
   2.6182880    
   2.6042190    
   2.5905359    
   2.5772109    
   2.5642188    
   2.5515375    
   2.5391476    
   2.5270309    
   2.5151718    
   2.5035558    
   2.4921699    
   2.4810016    
   2.4700403    
   2.4592762    
   2.4486995    
   2.4383020    
   2.4280758    
   2.4180133    
   2.4081080    
   2.3983533    
   2.3887436    
   2.3792729    
   2.3699362    
   2.3607287    
   2.3516457    
   2.3426831    
   2.3338366    
   2.3251023    
   2.3164768    
   2.3079567    
   2.2995384    
   2.2912192    
   2.2829959    
   2.2748656    
   2.2668262    
   2.2588747    
   2.2510087    
   2.2432261    
   2.2355244    
   2.2279019    
   2.2203562    
   2.2128856    
   2.2054882    
   2.1981623    
   2.1909060    
   2.1837180    
   2.1765964    
   2.1695397    
   2.1625466    
   2.1556158    
   2.1487458    
   2.1419351    
   2.1351829    
   2.1284876    
   2.1218481    
   2.1152635    
   2.1087327    
   2.1022542    
   2.0958273    
   2.0894513    
   2.0831246    
   2.0768468    
   2.0706170    
   2.0644338    
   2.0582969    
   2.0522053    
   2.0461583    
   2.0401549    
   2.0341945    
   2.0282762    
   2.0223997    
   2.0165639    
   2.0107684    
   2.0050123    
   1.9992951    
   1.9936163    
   1.9879751    
   1.9823711    
   1.9768037    
   1.9712721    
   1.9657761    
   1.9603149    
   1.9548882    
   1.9494953    
   1.9441359    
   1.9388094    
   1.9335153    
   1.9282533    
   1.9230229    
   1.9178234    
   1.9126549    
   1.9075165    
   1.9024080    
   1.8973291    
   1.8922791    
   1.8872581    
   1.8822652    
   1.8773004    
   1.8723632    
   1.8674532    
   1.8625703    
   1.8577139    
   1.8528838    
   1.8480796    
   1.8433011    
   1.8385479    
   1.8338197    
   1.8291163    
   1.8244374    
   1.8197825    
   1.8151516    
   1.8105443    
   1.8059602    
   1.8013992    
   1.7968612    
   1.7923456    
   1.7878523    
   1.7833811    
   1.7789319    
   1.7745041    
   1.7700976    
   1.7657124    
   1.7613480    
   1.7570043    
   1.7526810    
   1.7483780    
   1.7440951    
   1.7398320    
   1.7355887    
   1.7313646    
   1.7271599    
   1.7229742    
   1.7188073    
   1.7146592    
   1.7105296    
   1.7064182    
   1.7023250    
   1.6982497    
   1.6941923    
   1.6901525    
   1.6861300    
   1.6821251    
   1.6781371    
   1.6741661    
   1.6702120    
   1.6662745    
   1.6623535    
   1.6584489    
   1.6545606    
   1.6506882    
   1.6468319    
   1.6429912    
   1.6391662    
   1.6353568    
   1.6315627    
   1.6277839    
   1.6240202    
   1.6202714    
   1.6165376    
   1.6128184    
   1.6091138    
   1.6054238    
   1.6017481    
   1.5980866    
   1.5944393    
   1.5908059    
   1.5871865    
   1.5835807    
   1.5799888    
   1.5764104    
   1.5728453    
   1.5692937    
   1.5657554    
   1.5622301    
   1.5587178    
   1.5552185    
   1.5517321    
   1.5482583    
   1.5447972    
   1.5413486    
   1.5379124    
   1.5344886    
   1.5310770    
   1.5276777    
   1.5242903    
   1.5209149    
   1.5175515    
   1.5141999    
   1.5108598    
   1.5075315    
   1.5042148    
   1.5009094    
   1.4976156    
   1.4943329    
   1.4910614    
   1.4878012    
   1.4845519    
   1.4813137    
   1.4780864    
   1.4748697    
   1.4716640    
   1.4684689    
   1.4652843    
   1.4621104    
   1.4589468    
   1.4557937    
   1.4526509    
   1.4495183    
   1.4463959    
   1.4432836    
   1.4401814    
   1.4370890    
   1.4340066    
   1.4309341    
   1.4278713    
   1.4248183    
   1.4217749    
   1.4187410    
   1.4157166    
   1.4127018    
   1.4096963    
   1.4067003    
   1.4037133    
   1.4007357    
   1.3977673    
   1.3948079    
   1.3918576    
   1.3889164    
   1.3859839    
   1.3830605    
   1.3801458    
   1.3772399    
   1.3743427    
   1.3714542    
   1.3685743    
   1.3657030    
   1.3628401    
   1.3599857    
   1.3571397    
   1.3543020    
   1.3514727    
   1.3486516    
   1.3458387    
   1.3430340    
   1.3402374    
   1.3374488    
   1.3346683    
   1.3318956    
   1.3291310    
   1.3263742    
   1.3236252    
   1.3208840    
   1.3181505    
   1.3154248    
   1.3127067    
   1.3099962    
   1.3072933    
   1.3045979    
   1.3019099    
   1.2992294    
   1.2965564    
   1.2938906    
   1.2912321    
   1.2885810    
   1.2859371    
   1.2833003    
   1.2806708    
   1.2780483    
   1.2754328    
   1.2728245    
   1.2702231    
   1.2676288    
   1.2650412    
   1.2624607    
   1.2598870    
   1.2573200    
   1.2547599    
   1.2522064    
   1.2496598    
   1.2471197    
   1.2445863    
   1.2420595    
   1.2395393    
