   2.8118870    
   2.6815314    
   2.5852733    
   2.5069668    
   2.4402423    
   2.3817818    
   2.3295884    
   2.2823467    
   2.2391346    
   2.1992767    
   2.1622603    
   2.1276858    
   2.0952349    
   2.0646489    
   2.0357149    
   2.0082550    
   1.9821193    
   1.9571799    
   1.9333266    
   1.9104639    
   1.8885088    
   1.8673880    
   1.8470371    
   1.8273987    
   1.8084216    
   1.7900602    
   1.7722732    
   1.7550236    
   1.7382776    
   1.7220045    
   1.7061768    
   1.6907687    
   1.6757571    
   1.6611203    
   1.6468387    
   1.6328940    
   1.6192695    
   1.6059495    
   1.5929195    
   1.5801660    
   1.5676764    
   1.5554392    
   1.5434433    
   1.5316784    
   1.5201350    
   1.5088041    
   1.4976772    
   1.4867462    
   1.4760038    
   1.4654428    
   1.4550565    
   1.4448388    
   1.4347833    
   1.4248848    
   1.4151376    
   1.4055368    
   1.3960774    
   1.3867550    
   1.3775650    
   1.3685035    
   1.3595662    
   1.3507496    
   1.3420500    
   1.3334639    
   1.3249881    
   1.3166194    
   1.3083547    
   1.3001913    
   1.2921263    
   1.2841570    
   1.2762810    
   1.2684957    
   1.2607989    
   1.2531883    
   1.2456617    
   1.2382170    
   1.2308524    
   1.2235656    
   1.2163551    
   1.2092189    
   1.2021552    
   1.1951625    
   1.1882392    
   1.1813837    
   1.1745945    
   1.1678702    
   1.1612093    
   1.1546105    
   1.1480725    
   1.1415939    
   1.1351738    
   1.1288106    
   1.1225035    
   1.1162511    
   1.1100526    
   1.1039068    
   1.0978125    
   1.0917691    
   1.0857754    
   1.0798305    
   1.0739335    
   1.0680835    
   1.0622798    
   1.0565214    
   1.0508076    
   1.0451375    
   1.0395105    
   1.0339257    
   1.0283824    
   1.0228800    
   1.0174178    
   1.0119950    
   1.0066111    
   1.0012654    
  0.99595726    
  0.99068618    
  0.98545146    
  0.98025262    
  0.97508901    
  0.96996021    
  0.96486557    
  0.95980459    
  0.95477688    
  0.94978178    
  0.94481891    
  0.93988776    
  0.93498790    
  0.93011886    
  0.92528021    
  0.92047149    
  0.91569233    
  0.91094232    
  0.90622097    
  0.90152800    
  0.89686292    
  0.89222544    
  0.88761508    
  0.88303167    
  0.87847465    
  0.87394381    
  0.86943877    
  0.86495918    
  0.86050469    
  0.85607505    
  0.85166991    
  0.84728897    
  0.84293193    
  0.83859855    
  0.83428842    
  0.83000135    
  0.82573700    
  0.82149518    
  0.81727552    
  0.81307787    
  0.80890191    
  0.80474734    
  0.80061400    
  0.79650164    
  0.79240996    
  0.78833878    
  0.78428787    
  0.78025693    
  0.77624583    
  0.77225429    
  0.76828212    
  0.76432908    
  0.76039505    
  0.75647974    
  0.75258297    
  0.74870455    
  0.74484426    
  0.74100196    
  0.73717749    
  0.73337054    
  0.72958106    
  0.72580880    
  0.72205359    
  0.71831524    
  0.71459365    
  0.71088862    
  0.70719993    
  0.70352751    
  0.69987118    
  0.69623071    
  0.69260603    
  0.68899691    
  0.68540329    
  0.68182498    
  0.67826182    
  0.67471373    
  0.67118049    
  0.66766196    
  0.66415811    
  0.66066867    
  0.65719360    
  0.65373272    
  0.65028596    
  0.64685309    
  0.64343411    
  0.64002883    
  0.63663715    
  0.63325888    
  0.62989402    
  0.62654233    
  0.62320381    
  0.61987829    
  0.61656564    
  0.61326581    
  0.60997868    
  0.60670406    
  0.60344189    
  0.60019213    
  0.59695458    
  0.59372926    
  0.59051591    
  0.58731461    
  0.58412510    
  0.58094734    
  0.57778132    
  0.57462680    
  0.57148379    
  0.56835222    
  0.56523186    
  0.56212276    
  0.55902481    
  0.55593789    
  0.55286193    
  0.54979676    
  0.54674244    
  0.54369885    
  0.54066581    
  0.53764337    
  0.53463137    
  0.53162974    
  0.52863842    
  0.52565736    
  0.52268642    
  0.51972556    
  0.51677471    
  0.51383376    
  0.51090270    
  0.50798148    
  0.50506991    
  0.50216800    
  0.49927565    
  0.49639285    
  0.49351946    
  0.49065545    
  0.48780078    
  0.48495534    
  0.48211908    
  0.47929192    
  0.47647384    
  0.47366476    
  0.47086459    
  0.46807328    
  0.46529081    
  0.46251708    
  0.45975205    
  0.45699564    
  0.45424780    
  0.45150849    
  0.44877768    
  0.44605523    
  0.44334114    
  0.44063535    
  0.43793783    
  0.43524846    
  0.43256724    
  0.42989412    
  0.42722902    
  0.42457190    
  0.42192271    
  0.41928142    
  0.41664797    
  0.41402227    
  0.41140431    
  0.40879405    
  0.40619144    
  0.40359640    
  0.40100890    
  0.39842892    
  0.39585635    
  0.39329123    
  0.39073345    
  0.38818300    
  0.38563982    
  0.38310385    
  0.38057509    
  0.37805346    
  0.37553895    
  0.37303147    
  0.37053102    
  0.36803755    
  0.36555102    
  0.36307138    
  0.36059859    
  0.35813263    
  0.35567343    
  0.35322100    
