   3.0192308    
   2.9686339    
   2.9298685    
   2.8972368    
   2.8685310    
   2.8426178    
   2.8188238    
   2.7967095    
   2.7759705    
   2.7563839    
   2.7377820    
   2.7200344    
   2.7030370    
   2.6867056    
   2.6709712    
   2.6557751    
   2.6410682    
   2.6268089    
   2.6129606    
   2.5994916    
   2.5863743    
   2.5735843    
   2.5610998    
   2.5489016    
   2.5369718    
   2.5252950    
   2.5138571    
   2.5026453    
   2.4916475    
   2.4808528    
   2.4702518    
   2.4598353    
   2.4495945    
   2.4395220    
   2.4296105    
   2.4198534    
   2.4102442    
   2.4007773    
   2.3914471    
   2.3822484    
   2.3731768    
   2.3642275    
   2.3553963    
   2.3466792    
   2.3380725    
   2.3295724    
   2.3211761    
   2.3128796    
   2.3046803    
   2.2965755    
   2.2885623    
   2.2806377    
   2.2727997    
   2.2650459    
   2.2573738    
   2.2497814    
   2.2422667    
   2.2348273    
   2.2274618    
   2.2201681    
   2.2129447    
   2.2057898    
   2.1987016    
   2.1916790    
   2.1847200    
   2.1778235    
   2.1709881    
   2.1642125    
   2.1574953    
   2.1508350    
   2.1442311    
   2.1376820    
   2.1311867    
   2.1247442    
   2.1183531    
   2.1120129    
   2.1057224    
   2.0994806    
   2.0932868    
   2.0871398    
   2.0810390    
   2.0749834    
   2.0689723    
   2.0630050    
   2.0570807    
   2.0511985    
   2.0453579    
   2.0395582    
   2.0337985    
   2.0280783    
   2.0223968    
   2.0167537    
   2.0111482    
   2.0055797    
   2.0000477    
   1.9945515    
   1.9890908    
   1.9836649    
   1.9782732    
   1.9729153    
   1.9675907    
   1.9622990    
   1.9570396    
   1.9518121    
   1.9466162    
   1.9414511    
   1.9363167    
   1.9312124    
   1.9261379    
   1.9210929    
   1.9160767    
   1.9110891    
   1.9061297    
   1.9011983    
   1.8962942    
   1.8914174    
   1.8865674    
   1.8817438    
   1.8769463    
   1.8721747    
   1.8674287    
   1.8627077    
   1.8580117    
   1.8533403    
   1.8486931    
   1.8440701    
   1.8394707    
   1.8348948    
   1.8303422    
   1.8258123    
   1.8213053    
   1.8168206    
   1.8123581    
   1.8079177    
   1.8034987    
   1.7991014    
   1.7947252    
   1.7903700    
   1.7860357    
   1.7817217    
   1.7774282    
   1.7731547    
   1.7689012    
   1.7646675    
   1.7604532    
   1.7562581    
   1.7520823    
   1.7479254    
   1.7437872    
   1.7396674    
   1.7355661    
   1.7314830    
   1.7274179    
   1.7233707    
   1.7193410    
   1.7153288    
   1.7113341    
   1.7073565    
   1.7033958    
   1.6994520    
   1.6955249    
   1.6916144    
   1.6877202    
   1.6838423    
   1.6799804    
   1.6761345    
   1.6723044    
   1.6684899    
   1.6646911    
   1.6609075    
   1.6571393    
   1.6533861    
   1.6496480    
   1.6459247    
   1.6422161    
   1.6385221    
   1.6348426    
   1.6311775    
   1.6275268    
   1.6238899    
   1.6202673    
   1.6166584    
   1.6130633    
   1.6094819    
   1.6059141    
   1.6023597    
   1.5988187    
   1.5952908    
   1.5917761    
   1.5882745    
   1.5847857    
   1.5813098    
   1.5778465    
   1.5743959    
   1.5709579    
   1.5675322    
   1.5641189    
   1.5607178    
   1.5573288    
   1.5539520    
   1.5505871    
   1.5472339    
   1.5438927    
   1.5405631    
   1.5372452    
   1.5339388    
   1.5306438    
   1.5273601    
   1.5240878    
   1.5208266    
   1.5175766    
   1.5143375    
   1.5111095    
   1.5078924    
   1.5046860    
   1.5014904    
   1.4983053    
   1.4951309    
   1.4919671    
   1.4888135    
   1.4856704    
   1.4825376    
   1.4794151    
   1.4763025    
   1.4732002    
   1.4701078    
   1.4670254    
   1.4639529    
   1.4608902    
   1.4578372    
   1.4547939    
   1.4517603    
   1.4487362    
   1.4457215    
   1.4427164    
   1.4397205    
   1.4367341    
   1.4337568    
   1.4307888    
   1.4278299    
   1.4248800    
   1.4219393    
   1.4190074    
   1.4160844    
   1.4131703    
   1.4102651    
   1.4073685    
   1.4044807    
   1.4016014    
   1.3987308    
   1.3958687    
   1.3930150    
   1.3901697    
   1.3873329    
   1.3845044    
   1.3816842    
   1.3788722    
   1.3760682    
   1.3732725    
   1.3704849    
   1.3677053    
   1.3649336    
   1.3621700    
   1.3594141    
   1.3566662    
   1.3539261    
   1.3511937    
   1.3484689    
   1.3457519    
   1.3430425    
   1.3403406    
   1.3376462    
   1.3349595    
   1.3322802    
   1.3296082    
   1.3269435    
   1.3242863    
   1.3216363    
   1.3189936    
   1.3163580    
   1.3137296    
   1.3111084    
   1.3084942    
   1.3058871    
   1.3032869    
   1.3006938    
   1.2981076    
   1.2955283    
   1.2929558    
   1.2903901    
   1.2878313    
   1.2852792    
   1.2827338    
   1.2801950    
   1.2776630    
   1.2751374    
   1.2726185    
   1.2701062    
   1.2676003    
   1.2651008    
