   1.5501953    
   1.4911852    
   1.4526926    
   1.4225494    
   1.3971083    
   1.3747504    
   1.3546021    
   1.3361328    
   1.3189931    
   1.3029389    
   1.2877923    
   1.2734190    
   1.2597147    
   1.2465963    
   1.2339969    
   1.2218611    
   1.2101430    
   1.1988034    
   1.1878093    
   1.1771321    
   1.1667469    
   1.1566316    
   1.1467675    
   1.1371373    
   1.1277258    
   1.1185197    
   1.1095065    
   1.1006752    
   1.0920159    
   1.0835193    
   1.0751772    
   1.0669819    
   1.0589262    
   1.0510039    
   1.0432087    
   1.0355353    
   1.0279784    
   1.0205333    
   1.0131954    
   1.0059606    
  0.99882489    
  0.99178469    
  0.98483658    
  0.97797722    
  0.97120363    
  0.96451288    
  0.95790231    
  0.95136923    
  0.94491130    
  0.93852621    
  0.93221176    
  0.92596579    
  0.91978639    
  0.91367167    
  0.90761983    
  0.90162915    
  0.89569795    
  0.88982469    
  0.88400793    
  0.87824613    
  0.87253803    
  0.86688226    
  0.86127752    
  0.85572267    
  0.85021651    
  0.84475797    
  0.83934587    
  0.83397931    
  0.82865715    
  0.82337856    
  0.81814253    
  0.81294823    
  0.80779469    
  0.80268121    
  0.79760695    
  0.79257107    
  0.78757286    
  0.78261161    
  0.77768660    
  0.77279717    
  0.76794261    
  0.76312238    
  0.75833571    
  0.75358218    
  0.74886107    
  0.74417186    
  0.73951399    
  0.73488694    
  0.73029023    
  0.72572327    
  0.72118562    
  0.71667683    
  0.71219641    
  0.70774388    
  0.70331883    
  0.69892091    
  0.69454956    
  0.69020444    
  0.68588519    
  0.68159139    
  0.67732269    
  0.67307866    
  0.66885900    
  0.66466337    
  0.66049141    
  0.65634274    
  0.65221715    
  0.64811420    
  0.64403367    
  0.63997525    
  0.63593858    
  0.63192344    
  0.62792951    
  0.62395650    
  0.62000424    
  0.61607236    
  0.61216056    
  0.60826874    
  0.60439658    
  0.60054380    
  0.59671021    
  0.59289551    
  0.58909959    
  0.58532208    
  0.58156294    
  0.57782179    
  0.57409853    
  0.57039285    
  0.56670469    
  0.56303370    
  0.55937982    
  0.55574274    
  0.55212235    
  0.54851848    
  0.54493088    
  0.54135942    
  0.53780389    
  0.53426421    
  0.53074008    
  0.52723140    
  0.52373809    
  0.52025986    
  0.51679659    
  0.51334816    
  0.50991440    
  0.50649518    
  0.50309032    
  0.49969971    
  0.49632320    
  0.49296066    
  0.48961192    
  0.48627687    
  0.48295540    
  0.47964734    
  0.47635257    
  0.47307098    
  0.46980244    
  0.46654683    
  0.46330404    
  0.46007395    
  0.45685640    
  0.45365134    
  0.45045862    
  0.44727814    
  0.44410980    
  0.44095349    
  0.43780908    
  0.43467650    
  0.43155560    
  0.42844632    
  0.42534858    
  0.42226222    
  0.41918719    
  0.41612336    
  0.41307065    
  0.41002899    
  0.40699828    
  0.40397841    
  0.40096930    
  0.39797086    
  0.39498299    
  0.39200565    
  0.38903871    
  0.38608211    
  0.38313577    
  0.38019961    
  0.37727350    
  0.37435743    
  0.37145132    
  0.36855504    
  0.36566854    
  0.36279175    
  0.35992458    
  0.35706699    
  0.35421890    
  0.35138020    
  0.34855086    
  0.34573081    
  0.34291998    
  0.34011826    
  0.33732563    
  0.33454201    
  0.33176732    
  0.32900155    
  0.32624456    
  0.32349634    
  0.32075679    
  0.31802592    
  0.31530356    
  0.31258976    
  0.30988440    
  0.30718741    
  0.30449876    
  0.30181840    
  0.29914626    
  0.29648229    
  0.29382643    
  0.29117861    
  0.28853881    
  0.28590694    
  0.28328300    
  0.28066686    
  0.27805856    
  0.27545795    
  0.27286506    
  0.27027979    
  0.26770213    
  0.26513201    
  0.26256940    
  0.26001421    
  0.25746644    
  0.25492600    
  0.25239286    
  0.24986701    
  0.24734835    
  0.24483687    
  0.24233252    
  0.23983523    
  0.23734500    
  0.23486176    
  0.23238547    
  0.22991608    
  0.22745357    
  0.22499789    
  0.22254899    
  0.22010683    
  0.21767138    
  0.21524259    
  0.21282044    
  0.21040487    
  0.20799585    
  0.20559335    
  0.20319730    
  0.20080771    
  0.19842450    
  0.19604766    
  0.19367714    
  0.19131291    
  0.18895493    
  0.18660319    
  0.18425761    
  0.18191819    
  0.17958488    
  0.17725764    
  0.17493646    
  0.17262129    
  0.17031211    
  0.16800886    
  0.16571154    
  0.16342008    
  0.16113450    
  0.15885471    
  0.15658073    
  0.15431249    
  0.15204999    
  0.14979318    
  0.14754203    
  0.14529651    
  0.14305660    
  0.14082228    
  0.13859348    
  0.13637021    
  0.13415244    
  0.13194011    
  0.12973323    
  0.12753175    
  0.12533565    
  0.12314489    
  0.12095945    
  0.11877931    
  0.11660443    
  0.11443480    
  0.11227039    
  0.11011116    
  0.10795709    
  0.10580817    
  0.10366435    
  0.10152562    
  9.93919522E-02
  9.72633138E-02
