  0.22858156    
  0.30882916    
  0.36241105    
  0.40197361    
  0.43263450    
  0.45709193    
  0.47697410    
  0.49334881    
  0.50695747    
  0.51833665    
  0.52788746    
  0.53591728    
  0.54266673    
  0.54832733    
  0.55305386    
  0.55697310    
  0.56018972    
  0.56279147    
  0.56485200    
  0.56643409    
  0.56759137    
  0.56836987    
  0.56880969    
  0.56894547    
  0.56880766    
  0.56842291    
  0.56781489    
  0.56700432    
  0.56600982    
  0.56484783    
  0.56353313    
  0.56207901    
  0.56049740    
  0.55879903    
  0.55699354    
  0.55508977    
  0.55309576    
  0.55101866    
  0.54886520    
  0.54664141    
  0.54435277    
  0.54200441    
  0.53960091    
  0.53714657    
  0.53464538    
  0.53210092    
  0.52951652    
  0.52689528    
  0.52424014    
  0.52155364    
  0.51883829    
  0.51609635    
  0.51332992    
  0.51054108    
  0.50773150    
  0.50490302    
  0.50205714    
  0.49919537    
  0.49631912    
  0.49342966    
  0.49052823    
  0.48761594    
  0.48469386    
  0.48176295    
  0.47882417    
  0.47587842    
  0.47292647    
  0.46996909    
  0.46700704    
  0.46404096    
  0.46107152    
  0.45809928    
  0.45512483    
  0.45214871    
  0.44917139    
  0.44619334    
  0.44321501    
  0.44023684    
  0.43725920    
  0.43428245    
  0.43130696    
  0.42833304    
  0.42536104    
  0.42239118    
  0.41942376    
  0.41645908    
  0.41349733    
  0.41053879    
  0.40758365    
  0.40463209    
  0.40168437    
  0.39874059    
  0.39580098    
  0.39286569    
  0.38993484    
  0.38700864    
  0.38408715    
  0.38117051    
  0.37825888    
  0.37535235    
  0.37245104    
  0.36955503    
  0.36666438    
  0.36377925    
  0.36089966    
  0.35802570    
  0.35515746    
  0.35229501    
  0.34943840    
  0.34658766    
  0.34374291    
  0.34090412    
  0.33807141    
  0.33524477    
  0.33242428    
  0.32960993    
  0.32680181    
  0.32399988    
  0.32120425    
  0.31841490    
  0.31563184    
  0.31285509    
  0.31008473    
  0.30732071    
  0.30456308    
  0.30181184    
  0.29906702    
  0.29632860    
  0.29359660    
  0.29087102    
  0.28815186    
  0.28543916    
  0.28273287    
  0.28003305    
  0.27733964    
  0.27465266    
  0.27197215    
  0.26929805    
  0.26663035    
  0.26396909    
  0.26131421    
  0.25866577    
  0.25602373    
  0.25338805    
  0.25075877    
  0.24813583    
  0.24551927    
  0.24290904    
  0.24030514    
  0.23770757    
  0.23511629    
  0.23253131    
  0.22995260    
  0.22738016    
  0.22481395    
  0.22225399    
  0.21970023    
  0.21715268    
  0.21461131    
  0.21207610    
  0.20954703    
  0.20702410    
  0.20450728    
  0.20199655    
  0.19949189    
  0.19699329    
  0.19450073    
  0.19201417    
  0.18953364    
  0.18705906    
  0.18459046    
  0.18212779    
  0.17967103    
  0.17722020    
  0.17477523    
  0.17233612    
  0.16990285    
  0.16747539    
  0.16505374    
  0.16263786    
  0.16022775    
  0.15782337    
  0.15542470    
  0.15303174    
  0.15064444    
  0.14826280    
  0.14588678    
  0.14351639    
  0.14115158    
  0.13879235    
  0.13643865    
  0.13409050    
  0.13174784    
  0.12941068    
  0.12707898    
  0.12475272    
  0.12243189    
  0.12011646    
  0.11780641    
  0.11550173    
  0.11320239    
  0.11090836    
  0.10861964    
  0.10633619    
  0.10405800    
  0.10178505    
  9.95173231E-02
  9.72547904E-02
  9.49974284E-02
  9.27452222E-02
  9.04981568E-02
  8.82562026E-02
  8.60193521E-02
  8.37875679E-02
  8.15608427E-02
  7.93391541E-02
  7.71224797E-02
  7.49108121E-02
  7.27041066E-02
  7.05023631E-02
  6.83055595E-02
  6.61136732E-02
  6.39266819E-02
  6.17445745E-02
  5.95673211E-02
  5.73949069E-02
  5.52273244E-02
  5.30645363E-02
  5.09065278E-02
  4.87532914E-02
  4.66048047E-02
  4.44610380E-02
  4.23219763E-02
  4.01876047E-02
  3.80579121E-02
  3.59328724E-02
  3.38124521E-02
  3.16966586E-02
  2.95854788E-02
  2.74788551E-02
  2.53768060E-02
  2.32793074E-02
  2.11863257E-02
  1.90978292E-02
  1.70138590E-02
  1.49343666E-02
  1.28593016E-02
  1.07886642E-02
  8.72249715E-03
  6.66072918E-03
  4.60335612E-03
  2.55032070E-03
  5.01401024E-04
   3.1400499    
   3.1380100    
   3.1359742    
   3.1339428    
   3.1319156    
   3.1298926    
   3.1278739    
   3.1258595    
   3.1238492    
   3.1218431    
   3.1198413    
   3.1178436    
   3.1158500    
   3.1138606    
   3.1118751    
   3.1098938    
   3.1079166    
   3.1059434    
   3.1039743    
   3.1020093    
   3.1000483    
   3.0980914    
   3.0961382    
   3.0941892    
   3.0922439    
   3.0903029    
   3.0883656    
   3.0864322    
   3.0845027    
   3.0825772    
   3.0806556    
   3.0787375    
   3.0768235    
   3.0749135    
   3.0730071    
   3.0711045    
   3.0692055    
   3.0673106    
   3.0654192    
   3.0635316    
   3.0616479    
   3.0597677    
   3.0578914    
   3.0560186    
   3.0541496    
   3.0522842    
   3.0504224    
