  0.19254933    
  0.26204395    
  0.30944383    
  0.34510875    
  0.37322798    
  0.39601895    
  0.41482887    
  0.43054861    
  0.44380239    
  0.45504633    
  0.46462458    
  0.47280338    
  0.47979301    
  0.48576239    
  0.49084923    
  0.49516705    
  0.49881059    
  0.50185961    
  0.50438172    
  0.50643486    
  0.50806880    
  0.50932670    
  0.51024622    
  0.51086015    
  0.51119751    
  0.51128376    
  0.51114166    
  0.51079124    
  0.51025057    
  0.50953579    
  0.50866133    
  0.50764030    
  0.50648439    
  0.50520438    
  0.50380993    
  0.50230974    
  0.50071198    
  0.49902394    
  0.49725229    
  0.49540323    
  0.49348235    
  0.49149492    
  0.48944566    
  0.48733899    
  0.48517901    
  0.48296943    
  0.48071381    
  0.47841534    
  0.47607705    
  0.47370172    
  0.47129190    
  0.46885008    
  0.46637845    
  0.46387914    
  0.46135411    
  0.45880517    
  0.45623404    
  0.45364237    
  0.45103160    
  0.44840318    
  0.44575840    
  0.44309852    
  0.44042471    
  0.43773806    
  0.43503958    
  0.43233025    
  0.42961100    
  0.42688268    
  0.42414609    
  0.42140198    
  0.41865110    
  0.41589412    
  0.41313168    
  0.41036436    
  0.40759277    
  0.40481743    
  0.40203887    
  0.39925754    
  0.39647394    
  0.39368847    
  0.39090154    
  0.38811356    
  0.38532490    
  0.38253585    
  0.37974679    
  0.37695804    
  0.37416989    
  0.37138259    
  0.36859643    
  0.36581168    
  0.36302853    
  0.36024722    
  0.35746801    
  0.35469106    
  0.35191658    
  0.34914473    
  0.34637570    
  0.34360969    
  0.34084678    
  0.33808720    
  0.33533102    
  0.33257839    
  0.32982948    
  0.32708436    
  0.32434317    
  0.32160601    
  0.31887296    
  0.31614414    
  0.31341964    
  0.31069955    
  0.30798393    
  0.30527288    
  0.30256644    
  0.29986471    
  0.29716775    
  0.29447562    
  0.29178834    
  0.28910601    
  0.28642869    
  0.28375638    
  0.28108913    
  0.27842703    
  0.27577007    
  0.27311832    
  0.27047178    
  0.26783052    
  0.26519454    
  0.26256388    
  0.25993857    
  0.25731862    
  0.25470406    
  0.25209489    
  0.24949116    
  0.24689287    
  0.24430005    
  0.24171269    
  0.23913082    
  0.23655444    
  0.23398356    
  0.23141821    
  0.22885837    
  0.22630404    
  0.22375526    
  0.22121200    
  0.21867429    
  0.21614210    
  0.21361546    
  0.21109436    
  0.20857880    
  0.20606878    
  0.20356429    
  0.20106533    
  0.19857189    
  0.19608399    
  0.19360161    
  0.19112472    
  0.18865336    
  0.18618749    
  0.18372712    
  0.18127222    
  0.17882282    
  0.17637888    
  0.17394039    
  0.17150736    
  0.16907977    
  0.16665760    
  0.16424085    
  0.16182952    
  0.15942357    
  0.15702301    
  0.15462783    
  0.15223800    
  0.14985353    
  0.14747439    
  0.14510056    
  0.14273205    
  0.14036885    
  0.13801092    
  0.13565825    
  0.13331084    
  0.13096868    
  0.12863174    
  0.12630001    
  0.12397347    
  0.12165211    
  0.11933593    
  0.11702489    
  0.11471899    
  0.11241821    
  0.11012254    
  0.10783195    
  0.10554644    
  0.10326599    
  0.10099059    
  9.87202078E-02
  9.64548439E-02
  9.41944718E-02
  9.19390842E-02
  8.96886587E-02
  8.74431804E-02
  8.52026269E-02
  8.29669982E-02
  8.07362571E-02
  7.85104111E-02
  7.62894228E-02
  7.40732923E-02
  7.18619972E-02
  6.96555078E-02
  6.74538314E-02
  6.52569383E-02
  6.30648211E-02
  6.08774461E-02
  5.86948097E-02
  5.65169007E-02
  5.43436892E-02
  5.21751717E-02
  5.00113182E-02
  4.78521213E-02
  4.56975773E-02
  4.35476415E-02
  4.14023139E-02
  3.92615832E-02
  3.71254236E-02
  3.49938236E-02
  3.28667648E-02
  3.07442397E-02
  2.86262147E-02
  2.65127011E-02
  2.44036522E-02
  2.22990662E-02
  2.01989356E-02
  1.81032196E-02
  1.60119478E-02
  1.39250439E-02
  1.18425516E-02
  9.76443384E-03
  7.69067043E-03
  5.62119484E-03
  3.55604361E-03
  1.49539404E-03
   3.1410315    
   3.1389792    
   3.1369312    
   3.1348875    
   3.1328480    
   3.1308126    
   3.1287816    
   3.1267545    
   3.1247318    
   3.1227133    
   3.1206989    
   3.1186886    
   3.1166823    
   3.1146803    
   3.1126821    
   3.1106882    
   3.1086984    
   3.1067123    
   3.1047306    
   3.1027527    
   3.1007788    
   3.0988090    
   3.0968430    
   3.0948811    
   3.0929232    
   3.0909691    
   3.0890188    
   3.0870726    
   3.0851302    
   3.0831916    
   3.0812571    
   3.0793262    
   3.0773993    
   3.0754759    
   3.0735567    
   3.0716410    
   3.0697291    
   3.0678210    
   3.0659168    
   3.0640161    
   3.0621192    
   3.0602262    
   3.0583367    
   3.0564508    
   3.0545688    
   3.0526903    
   3.0508156    
   3.0489442    
   3.0470767    
   3.0452127    
   3.0433524    
   3.0414956    
   3.0396423    
   3.0377927    
   3.0359466    
   3.0341041    
   3.0322649    
   3.0304294    
   3.0285974    
   3.0267687    
