   3.0935342    
   3.0736499    
   3.0584071    
   3.0455692    
   3.0342698    
   3.0240638    
   3.0146873    
   3.0059681    
   2.9977863    
   2.9900551    
   2.9827082    
   2.9756947    
   2.9689739    
   2.9625125    
   2.9562838    
   2.9502647    
   2.9444358    
   2.9387810    
   2.9332860    
   2.9279380    
   2.9227269    
   2.9176424    
   2.9126763    
   2.9078212    
   2.9030700    
   2.8984165    
   2.8938556    
   2.8893816    
   2.8849905    
   2.8806779    
   2.8764398    
   2.8722727    
   2.8681734    
   2.8641386    
   2.8601658    
   2.8562524    
   2.8523955    
   2.8485935    
   2.8448439    
   2.8411446    
   2.8374939    
   2.8338900    
   2.8303311    
   2.8268161    
   2.8233430    
   2.8199108    
   2.8165178    
   2.8131630    
   2.8098452    
   2.8065634    
   2.8033164    
   2.8001029    
   2.7969224    
   2.7937739    
   2.7906561    
   2.7875688    
   2.7845106    
   2.7814810    
   2.7784796    
   2.7755051    
   2.7725570    
   2.7696347    
   2.7667377    
   2.7638652    
   2.7610168    
   2.7581921    
   2.7553899    
   2.7526104    
   2.7498529    
   2.7471166    
   2.7444015    
   2.7417068    
   2.7390323    
   2.7363775    
   2.7337420    
   2.7311256    
   2.7285275    
   2.7259476    
   2.7233856    
   2.7208412    
   2.7183137    
   2.7158031    
   2.7133090    
   2.7108314    
   2.7083695    
   2.7059233    
   2.7034924    
   2.7010767    
   2.6986759    
   2.6962895    
   2.6939178    
   2.6915598    
   2.6892159    
   2.6868858    
   2.6845689    
   2.6822653    
   2.6799746    
   2.6776969    
   2.6754317    
   2.6731789    
   2.6709383    
   2.6687098    
   2.6664932    
   2.6642883    
   2.6620946    
   2.6599126    
   2.6577415    
   2.6555817    
   2.6534326    
   2.6512945    
   2.6491666    
   2.6470492    
   2.6449423    
   2.6428454    
   2.6407585    
   2.6386814    
   2.6366141    
   2.6345563    
   2.6325083    
   2.6304693    
   2.6284399    
   2.6264193    
   2.6244080    
   2.6224053    
   2.6204116    
   2.6184266    
   2.6164501    
   2.6144822    
   2.6125226    
   2.6105711    
   2.6086280    
   2.6066928    
   2.6047657    
   2.6028466    
   2.6009352    
   2.5990314    
   2.5971353    
   2.5952468    
   2.5933657    
   2.5914922    
   2.5896256    
   2.5877664    
   2.5859144    
   2.5840695    
   2.5822313    
   2.5804002    
   2.5785761    
   2.5767586    
   2.5749476    
   2.5731435    
   2.5713458    
   2.5695548    
   2.5677700    
   2.5659916    
   2.5642197    
   2.5624537    
   2.5606942    
   2.5589406    
   2.5571930    
   2.5554516    
   2.5537159    
   2.5519862    
   2.5502625    
   2.5485442    
   2.5468318    
   2.5451252    
   2.5434239    
   2.5417285    
   2.5400383    
   2.5383537    
   2.5366745    
   2.5350006    
   2.5333321    
   2.5316687    
   2.5300107    
   2.5283577    
   2.5267098    
   2.5250671    
   2.5234294    
   2.5217967    
   2.5201690    
   2.5185461    
   2.5169280    
   2.5153148    
   2.5137064    
   2.5121028    
   2.5105038    
   2.5089095    
   2.5073197    
   2.5057347    
   2.5041542    
   2.5025780    
   2.5010066    
   2.4994395    
   2.4978766    
   2.4963183    
   2.4947643    
   2.4932146    
   2.4916692    
   2.4901278    
   2.4885910    
   2.4870579    
   2.4855294    
   2.4840047    
   2.4824841    
   2.4809678    
   2.4794552    
   2.4779468    
   2.4764423    
   2.4749417    
   2.4734449    
   2.4719522    
   2.4704630    
   2.4689779    
   2.4674966    
   2.4660189    
   2.4645450    
   2.4630747    
   2.4616082    
   2.4601455    
   2.4586861    
   2.4572306    
   2.4557786    
   2.4543300    
   2.4528849    
   2.4514434    
   2.4500055    
   2.4485710    
   2.4471400    
   2.4457123    
   2.4442880    
   2.4428670    
   2.4414494    
   2.4400351    
   2.4386241    
   2.4372165    
   2.4358120    
   2.4344108    
   2.4330130    
   2.4316182    
   2.4302266    
   2.4288380    
   2.4274528    
   2.4260707    
   2.4246914    
   2.4233155    
   2.4219425    
   2.4205725    
   2.4192057    
   2.4178417    
   2.4164808    
   2.4151227    
   2.4137678    
   2.4124157    
   2.4110665    
   2.4097204    
   2.4083769    
   2.4070363    
   2.4056988    
   2.4043639    
   2.4030318    
   2.4017026    
   2.4003761    
   2.3990524    
   2.3977313    
   2.3964131    
   2.3950977    
   2.3937848    
   2.3924747    
   2.3911672    
   2.3898625    
   2.3885603    
   2.3872607    
   2.3859639    
   2.3846695    
   2.3833778    
   2.3820887    
   2.3808019    
   2.3795178    
   2.3782363    
   2.3769572    
   2.3756807    
   2.3744066    
   2.3731351    
   2.3718660    
   2.3705993    
   2.3693352    
   2.3680732    
   2.3668139    
   2.3655570    
   2.3643022    
   2.3630500    
   2.3618002    
   2.3605525    
   2.3593073    
   2.3580644    
   2.3568239    
   2.3555858    
   2.3543499    
   2.3531160    
