   3.1197453    
   3.1103220    
   3.1028419    
   3.0963309    
   3.0904181    
   3.0849161    
   3.0797157    
   3.0747466    
   3.0699611    
   3.0653248    
   3.0608125    
   3.0564048    
   3.0520868    
   3.0478461    
   3.0436735    
   3.0395608    
   3.0355015    
   3.0314898    
   3.0275216    
   3.0235927    
   3.0196996    
   3.0158393    
   3.0120096    
   3.0082078    
   3.0044324    
   3.0006814    
   2.9969532    
   2.9932468    
   2.9895608    
   2.9858940    
   2.9822457    
   2.9786148    
   2.9750004    
   2.9714022    
   2.9678192    
   2.9642508    
   2.9606967    
   2.9571564    
   2.9536293    
   2.9501150    
   2.9466131    
   2.9431233    
   2.9396455    
   2.9361789    
   2.9327238    
   2.9292793    
   2.9258459    
   2.9224226    
   2.9190099    
   2.9156070    
   2.9122143    
   2.9088311    
   2.9054577    
   2.9020936    
   2.8987389    
   2.8953931    
   2.8920565    
   2.8887289    
   2.8854098    
   2.8820996    
   2.8787982    
   2.8755050    
   2.8722203    
   2.8689439    
   2.8656757    
   2.8624158    
   2.8591638    
   2.8559198    
   2.8526840    
   2.8494558    
   2.8462355    
   2.8430231    
   2.8398180    
   2.8366208    
   2.8334312    
   2.8302491    
   2.8270743    
   2.8239069    
   2.8207471    
   2.8175945    
   2.8144491    
   2.8113110    
   2.8081801    
   2.8050561    
   2.8019395    
   2.7988298    
   2.7957270    
   2.7926314    
   2.7895427    
   2.7864609    
   2.7833858    
   2.7803175    
   2.7772563    
   2.7742016    
   2.7711537    
   2.7681124    
   2.7650778    
   2.7620499    
   2.7590284    
   2.7560136    
   2.7530053    
   2.7500036    
   2.7470083    
   2.7440193    
   2.7410369    
   2.7380607    
   2.7350910    
   2.7321274    
   2.7291703    
   2.7262194    
   2.7232747    
   2.7203362    
   2.7174039    
   2.7144778    
   2.7115579    
   2.7086439    
   2.7057362    
   2.7028344    
   2.6999385    
   2.6970489    
   2.6941652    
   2.6912873    
   2.6884155    
   2.6855495    
   2.6826892    
   2.6798351    
   2.6769867    
   2.6741440    
   2.6713071    
   2.6684761    
   2.6656506    
   2.6628311    
   2.6600170    
   2.6572087    
   2.6544061    
   2.6516092    
   2.6488178    
   2.6460319    
   2.6432517    
   2.6404769    
   2.6377077    
   2.6349440    
   2.6321857    
   2.6294327    
   2.6266854    
   2.6239433    
   2.6212068    
   2.6184754    
   2.6157496    
   2.6130290    
   2.6103139    
   2.6076038    
   2.6048992    
   2.6021996    
   2.5995054    
   2.5968163    
   2.5941324    
   2.5914538    
   2.5887802    
   2.5861118    
   2.5834484    
   2.5807903    
   2.5781372    
   2.5754890    
   2.5728459    
   2.5702078    
   2.5675747    
   2.5649467    
   2.5623236    
   2.5597053    
   2.5570920    
   2.5544837    
   2.5518801    
   2.5492816    
   2.5466878    
   2.5440989    
   2.5415146    
   2.5389354    
   2.5363607    
   2.5337911    
   2.5312259    
   2.5286658    
   2.5261102    
   2.5235591    
   2.5210128    
   2.5184712    
   2.5159345    
   2.5134020    
   2.5108743    
   2.5083513    
   2.5058327    
   2.5033188    
   2.5008094    
   2.4983044    
   2.4958041    
   2.4933081    
   2.4908168    
   2.4883299    
   2.4858472    
   2.4833691    
   2.4808955    
   2.4784262    
   2.4759614    
   2.4735010    
   2.4710448    
   2.4685931    
   2.4661455    
   2.4637024    
   2.4612637    
   2.4588289    
   2.4563987    
   2.4539726    
   2.4515507    
   2.4491332    
   2.4467199    
   2.4443107    
   2.4419057    
   2.4395049    
   2.4371080    
   2.4347155    
   2.4323270    
   2.4299428    
   2.4275625    
   2.4251864    
   2.4228141    
   2.4204462    
   2.4180822    
   2.4157221    
   2.4133663    
   2.4110143    
   2.4086664    
   2.4063222    
   2.4039822    
   2.4016461    
   2.3993139    
   2.3969858    
   2.3946614    
   2.3923409    
   2.3900244    
   2.3877118    
   2.3854029    
   2.3830979    
   2.3807967    
   2.3784993    
   2.3762057    
   2.3739159    
   2.3716300    
   2.3693478    
   2.3670692    
   2.3647945    
   2.3625236    
   2.3602564    
   2.3579926    
   2.3557329    
   2.3534768    
   2.3512242    
   2.3489754    
   2.3467302    
   2.3444886    
   2.3422506    
   2.3400164    
   2.3377855    
   2.3355584    
   2.3333349    
   2.3311148    
   2.3288984    
   2.3266854    
   2.3244760    
   2.3222702    
   2.3200679    
   2.3178689    
   2.3156736    
   2.3134818    
   2.3112934    
   2.3091085    
   2.3069270    
   2.3047488    
   2.3025742    
   2.3004029    
   2.2982352    
   2.2960708    
   2.2939095    
   2.2917519    
   2.2895975    
   2.2874467    
   2.2852991    
   2.2831547    
   2.2810137    
   2.2788761    
   2.2767415    
   2.2746105    
   2.2724826    
   2.2703581    
   2.2682369    
   2.2661188    
   2.2640040    
   2.2618923    
   2.2597840    
   2.2576787    
   2.2555768    
