   1.6233416    
   1.5432383    
   1.4952937    
   1.4594923    
   1.4301817    
   1.4049641    
   1.3825916    
   1.3623286    
   1.3437028    
   1.3263913    
   1.3101629    
   1.2948461    
   1.2803092    
   1.2664493    
   1.2531838    
   1.2404457    
   1.2281791    
   1.2163377    
   1.2048820    
   1.1937783    
   1.1829973    
   1.1725140    
   1.1623060    
   1.1523536    
   1.1426399    
   1.1331489    
   1.1238670    
   1.1147817    
   1.1058816    
   1.0971564    
   1.0885969    
   1.0801945    
   1.0719414    
   1.0638303    
   1.0558547    
   1.0480084    
   1.0402858    
   1.0326815    
   1.0251907    
   1.0178088    
   1.0105314    
   1.0033547    
  0.99627489    
  0.98928839    
  0.98239195    
  0.97558242    
  0.96885687    
  0.96221256    
  0.95564681    
  0.94915712    
  0.94274122    
  0.93639678    
  0.93012178    
  0.92391413    
  0.91777188    
  0.91169327    
  0.90567654    
  0.89971995    
  0.89382201    
  0.88798118    
  0.88219589    
  0.87646490    
  0.87078679    
  0.86516029    
  0.85958415    
  0.85405719    
  0.84857833    
  0.84314644    
  0.83776045    
  0.83241934    
  0.82712221    
  0.82186800    
  0.81665593    
  0.81148511    
  0.80635458    
  0.80126363    
  0.79621148    
  0.79119730    
  0.78622037    
  0.78128004    
  0.77637553    
  0.77150625    
  0.76667154    
  0.76187074    
  0.75710320    
  0.75236845    
  0.74766582    
  0.74299479    
  0.73835486    
  0.73374540    
  0.72916597    
  0.72461611    
  0.72009528    
  0.71560299    
  0.71113890    
  0.70670241    
  0.70229322    
  0.69791085    
  0.69355488    
  0.68922496    
  0.68492061    
  0.68064153    
  0.67638737    
  0.67215770    
  0.66795218    
  0.66377050    
  0.65961236    
  0.65547729    
  0.65136510    
  0.64727545    
  0.64320803    
  0.63916254    
  0.63513869    
  0.63113612    
  0.62715471    
  0.62319404    
  0.61925393    
  0.61533409    
  0.61143422    
  0.60755420    
  0.60369360    
  0.59985238    
  0.59603012    
  0.59222674    
  0.58844191    
  0.58467549    
  0.58092719    
  0.57719684    
  0.57348424    
  0.56978917    
  0.56611139    
  0.56245083    
  0.55880713    
  0.55518019    
  0.55156988    
  0.54797590    
  0.54439819    
  0.54083645    
  0.53729057    
  0.53376043    
  0.53024578    
  0.52674651    
  0.52326244    
  0.51979345    
  0.51633930    
  0.51289994    
  0.50947517    
  0.50606483    
  0.50266880    
  0.49928689    
  0.49591902    
  0.49256507    
  0.48922482    
  0.48589820    
  0.48258507    
  0.47928530    
  0.47599876    
  0.47272533    
  0.46946487    
  0.46621728    
  0.46298245    
  0.45976022    
  0.45655054    
  0.45335323    
  0.45016822    
  0.44699538    
  0.44383460    
  0.44068581    
  0.43754888    
  0.43442369    
  0.43131015    
  0.42820817    
  0.42511767    
  0.42203850    
  0.41897058    
  0.41591385    
  0.41286817    
  0.40983349    
  0.40680972    
  0.40379670    
  0.40079445    
  0.39780277    
  0.39482164    
  0.39185101    
  0.38889071    
  0.38594070    
  0.38300091    
  0.38007122    
  0.37715161    
  0.37424195    
  0.37134218    
  0.36845225    
  0.36557204    
  0.36270148    
  0.35984054    
  0.35698912    
  0.35414714    
  0.35131454    
  0.34849125    
  0.34567720    
  0.34287232    
  0.34007654    
  0.33728981    
  0.33451203    
  0.33174318    
  0.32898316    
  0.32623193    
  0.32348943    
  0.32075557    
  0.31803033    
  0.31531361    
  0.31260535    
  0.30990553    
  0.30721408    
  0.30453092    
  0.30185598    
  0.29918927    
  0.29653066    
  0.29388016    
  0.29123768    
  0.28860316    
  0.28597656    
  0.28335783    
  0.28074691    
  0.27814373    
  0.27554831    
  0.27296051    
  0.27038035    
  0.26780772    
  0.26524264    
  0.26268500    
  0.26013479    
  0.25759196    
  0.25505644    
  0.25252822    
  0.25000721    
  0.24749340    
  0.24498674    
  0.24248718    
  0.23999466    
  0.23750916    
  0.23503064    
  0.23255903    
  0.23009431    
  0.22763644    
  0.22518538    
  0.22274107    
  0.22030349    
  0.21787259    
  0.21544833    
  0.21303067    
  0.21061958    
  0.20821501    
  0.20581694    
  0.20342532    
  0.20104010    
  0.19866128    
  0.19628878    
  0.19392259    
  0.19156267    
  0.18920898    
  0.18686150    
  0.18452017    
  0.18218496    
  0.17985585    
  0.17753282    
  0.17521580    
  0.17290477    
  0.17059971    
  0.16830057    
  0.16600733    
  0.16371995    
  0.16143841    
  0.15916266    
  0.15689269    
  0.15462844    
  0.15236992    
  0.15011705    
  0.14786986    
  0.14562826    
  0.14339226    
  0.14116181    
  0.13893689    
  0.13671748    
  0.13450354    
  0.13229504    
  0.13009195    
  0.12789427    
  0.12570192    
  0.12351492    
  0.12133322    
  0.11915680    
  0.11698563    
  0.11481969    
  0.11265895    
  0.11050338    
  0.10835296    
  0.10620765    
  0.10406745    
  0.10193232    
