   1.6019770    
   1.5279901    
   1.4828022    
   1.4486544    
   1.4204762    
   1.3960960    
   1.3743751    
   1.3546380    
   1.3364478    
   1.3195050    
   1.3035939    
   1.2885538    
   1.2742612    
   1.2606189    
   1.2475488    
   1.2349874    
   1.2228818    
   1.2111877    
   1.1998675    
   1.1888889    
   1.1782241    
   1.1678488    
   1.1577418    
   1.1478840    
   1.1382591    
   1.1288517    
   1.1196487    
   1.1106379    
   1.1018085    
   1.0931505    
   1.0846548    
   1.0763131    
   1.0681181    
   1.0600624    
   1.0521398    
   1.0443443    
   1.0366703    
   1.0291127    
   1.0216668    
   1.0143281    
   1.0070924    
  0.99995571    
  0.99291456    
  0.98596543    
  0.97910506    
  0.97233039    
  0.96563864    
  0.95902699    
  0.95249289    
  0.94603395    
  0.93964779    
  0.93333232    
  0.92708540    
  0.92090499    
  0.91478932    
  0.90873653    
  0.90274489    
  0.89681280    
  0.89093870    
  0.88512111    
  0.87935847    
  0.87364960    
  0.86799300    
  0.86238754    
  0.85683197    
  0.85132509    
  0.84586585    
  0.84045315    
  0.83508587    
  0.82976317    
  0.82448393    
  0.81924736    
  0.81405246    
  0.80889845    
  0.80378449    
  0.79870969    
  0.79367340    
  0.78867477    
  0.78371310    
  0.77878773    
  0.77389789    
  0.76904303    
  0.76422238    
  0.75943547    
  0.75468159    
  0.74996018    
  0.74527073    
  0.74061263    
  0.73598534    
  0.73138839    
  0.72682124    
  0.72228342    
  0.71777445    
  0.71329391    
  0.70884126    
  0.70441610    
  0.70001799    
  0.69564658    
  0.69130141    
  0.68698204    
  0.68268818    
  0.67841941    
  0.67417538    
  0.66995573    
  0.66576004    
  0.66158807    
  0.65743947    
  0.65331388    
  0.64921099    
  0.64513052    
  0.64107209    
  0.63703549    
  0.63302046    
  0.62902659    
  0.62505370    
  0.62110150    
  0.61716974    
  0.61325806    
  0.60936636    
  0.60549432    
  0.60164171    
  0.59780824    
  0.59399372    
  0.59019792    
  0.58642066    
  0.58266163    
  0.57892072    
  0.57519764    
  0.57149220    
  0.56780422    
  0.56413347    
  0.56047976    
  0.55684292    
  0.55322278    
  0.54961908    
  0.54603177    
  0.54246056    
  0.53890526    
  0.53536582    
  0.53184199    
  0.52833360    
  0.52484047    
  0.52136254    
  0.51789957    
  0.51445144    
  0.51101798    
  0.50759906    
  0.50419450    
  0.50080419    
  0.49742800    
  0.49406573    
  0.49071732    
  0.48738259    
  0.48406142    
  0.48075369    
  0.47745928    
  0.47417802    
  0.47090980    
  0.46765456    
  0.46441209    
  0.46118233    
  0.45796517    
  0.45476046    
  0.45156810    
  0.44838798    
  0.44521999    
  0.44206402    
  0.43891999    
  0.43578777    
  0.43266726    
  0.42955834    
  0.42646095    
  0.42337498    
  0.42030033    
  0.41723689    
  0.41418457    
  0.41114330    
  0.40811297    
  0.40509349    
  0.40208477    
  0.39908674    
  0.39609927    
  0.39312232    
  0.39015579    
  0.38719958    
  0.38425365    
  0.38131788    
  0.37839222    
  0.37547654    
  0.37257081    
  0.36967495    
  0.36678886    
  0.36391249    
  0.36104575    
  0.35818857    
  0.35534090    
  0.35250261    
  0.34967372    
  0.34685406    
  0.34404364    
  0.34124237    
  0.33845016    
  0.33566695    
  0.33289272    
  0.33012736    
  0.32737079    
  0.32462302    
  0.32188392    
  0.31915343    
  0.31643155    
  0.31371817    
  0.31101322    
  0.30831668    
  0.30562848    
  0.30294856    
  0.30027685    
  0.29761332    
  0.29495788    
  0.29231054    
  0.28967115    
  0.28703973    
  0.28441623    
  0.28180054    
  0.27919266    
  0.27659252    
  0.27400005    
  0.27141523    
  0.26883802    
  0.26626834    
  0.26370618    
  0.26115143    
  0.25860408    
  0.25606412    
  0.25353143    
  0.25100601    
  0.24848780    
  0.24597676    
  0.24347286    
  0.24097604    
  0.23848625    
  0.23600344    
  0.23352760    
  0.23105867    
  0.22859661    
  0.22614138    
  0.22369292    
  0.22125122    
  0.21881622    
  0.21638788    
  0.21396618    
  0.21155107    
  0.20914249    
  0.20674044    
  0.20434485    
  0.20195569    
  0.19957294    
  0.19719656    
  0.19482648    
  0.19246271    
  0.19010518    
  0.18775389    
  0.18540876    
  0.18306978    
  0.18073693    
  0.17841014    
  0.17608942    
  0.17377470    
  0.17146596    
  0.16916317    
  0.16686629    
  0.16457529    
  0.16229014    
  0.16001081    
  0.15773728    
  0.15546949    
  0.15320744    
  0.15095107    
  0.14870037    
  0.14645532    
  0.14421585    
  0.14198197    
  0.13975364    
  0.13753082    
  0.13531348    
  0.13310161    
  0.13089518    
  0.12869415    
  0.12649849    
  0.12430817    
  0.12212319    
  0.11994349    
  0.11776906    
  0.11559988    
  0.11343591    
  0.11127713    
  0.10912351    
  0.10697503    
  0.10483165    
  0.10269337    
  0.10056015    
