  0.74141788    
  0.86961645    
  0.92820805    
  0.96017450    
  0.97887641    
  0.98997682    
  0.99632037    
  0.99950147    
   1.0004859    
  0.99989319    
  0.99813914    
  0.99551278    
  0.99222094    
  0.98841536    
  0.98420954    
  0.97968996    
  0.97492331    
  0.96996188    
  0.96484697    
  0.95961171    
  0.95428270    
  0.94888157    
  0.94342589    
  0.93793029    
  0.93240672    
  0.92686516    
  0.92131382    
  0.91575968    
  0.91020852    
  0.90466511    
  0.89913356    
  0.89361733    
  0.88811922    
  0.88264161    
  0.87718660    
  0.87175578    
  0.86635059    
  0.86097223    
  0.85562152    
  0.85029924    
  0.84500611    
  0.83974254    
  0.83450890    
  0.82930541    
  0.82413238    
  0.81898987    
  0.81387788    
  0.80879647    
  0.80374557    
  0.79872513    
  0.79373497    
  0.78877497    
  0.78384495    
  0.77894467    
  0.77407402    
  0.76923263    
  0.76442039    
  0.75963694    
  0.75488204    
  0.75015545    
  0.74545687    
  0.74078608    
  0.73614264    
  0.73152643    
  0.72693700    
  0.72237420    
  0.71783769    
  0.71332711    
  0.70884228    
  0.70438278    
  0.69994849    
  0.69553894    
  0.69115400    
  0.68679333    
  0.68245661    
  0.67814362    
  0.67385405    
  0.66958767    
  0.66534418    
  0.66112334    
  0.65692484    
  0.65274847    
  0.64859396    
  0.64446110    
  0.64034963    
  0.63625926    
  0.63218975    
  0.62814093    
  0.62411255    
  0.62010431    
  0.61611611    
  0.61214763    
  0.60819864    
  0.60426897    
  0.60035843    
  0.59646678    
  0.59259385    
  0.58873940    
  0.58490318    
  0.58108509    
  0.57728487    
  0.57350242    
  0.56973749    
  0.56598985    
  0.56225938    
  0.55854595    
  0.55484927    
  0.55116922    
  0.54750568    
  0.54385841    
  0.54022729    
  0.53661209    
  0.53301275    
  0.52942908    
  0.52586091    
  0.52230805    
  0.51877040    
  0.51524782    
  0.51174009    
  0.50824720    
  0.50476891    
  0.50130504    
  0.49785557    
  0.49442032    
  0.49099913    
  0.48759189    
  0.48419848    
  0.48081875    
  0.47745258    
  0.47409984    
  0.47076046    
  0.46743426    
  0.46412113    
  0.46082097    
  0.45753369    
  0.45425913    
  0.45099720    
  0.44774777    
  0.44451079    
  0.44128606    
  0.43807358    
  0.43487313    
  0.43168473    
  0.42850819    
  0.42534345    
  0.42219040    
  0.41904894    
  0.41591895    
  0.41280040    
  0.40969315    
  0.40659711    
  0.40351221    
  0.40043834    
  0.39737543    
  0.39432338    
  0.39128208    
  0.38825148    
  0.38523149    
  0.38222206    
  0.37922302    
  0.37623438    
  0.37325600    
  0.37028784    
  0.36732978    
  0.36438179    
  0.36144376    
  0.35851562    
  0.35559732    
  0.35268876    
  0.34978989    
  0.34690061    
  0.34402087    
  0.34115061    
  0.33828974    
  0.33543819    
  0.33259591    
  0.32976282    
  0.32693887    
  0.32412398    
  0.32131809    
  0.31852114    
  0.31573308    
  0.31295380    
  0.31018329    
  0.30742148    
  0.30466831    
  0.30192369    
  0.29918760    
  0.29645994    
  0.29374072    
  0.29102981    
  0.28832722    
  0.28563282    
  0.28294662    
  0.28026855    
  0.27759853    
  0.27493656    
  0.27228251    
  0.26963639    
  0.26699814    
  0.26436770    
  0.26174501    
  0.25913003    
  0.25652272    
  0.25392303    
  0.25133088    
  0.24874628    
  0.24616913    
  0.24359940    
  0.24103706    
  0.23848204    
  0.23593432    
  0.23339382    
  0.23086053    
  0.22833440    
  0.22581537    
  0.22330341    
  0.22079848    
  0.21830054    
  0.21580952    
  0.21332541    
  0.21084815    
  0.20837772    
  0.20591407    
  0.20345715    
  0.20100692    
  0.19856337    
  0.19612643    
  0.19369607    
  0.19127226    
  0.18885496    
  0.18644413    
  0.18403974    
  0.18164174    
  0.17925011    
  0.17686479    
  0.17448577    
  0.17211300    
  0.16974646    
  0.16738610    
  0.16503188    
  0.16268378    
  0.16034178    
  0.15800583    
  0.15567589    
  0.15335195    
  0.15103394    
  0.14872186    
  0.14641568    
  0.14411534    
  0.14182083    
  0.13953213    
  0.13724919    
  0.13497198    
  0.13270047    
  0.13043463    
  0.12817445    
  0.12591988    
  0.12367090    
  0.12142746    
  0.11918957    
  0.11695717    
  0.11473024    
  0.11250876    
  0.11029270    
  0.10808201    
  0.10587670    
  0.10367672    
  0.10148205    
  9.92926583E-02
  9.71085206E-02
  9.49296206E-02
  9.27559137E-02
  9.05873924E-02
  8.84240195E-02
  8.62657651E-02
  8.41126218E-02
  8.19645524E-02
  7.98215345E-02
  7.76835531E-02
  7.55505636E-02
  7.34225586E-02
  7.12995082E-02
  6.91813901E-02
  6.70681745E-02
  6.49598464E-02
  6.28563911E-02
  6.07577637E-02
  5.86639494E-02
  5.65749295E-02
  5.44906892E-02
  5.24111912E-02
  5.03364131E-02
  4.82663512E-02
  4.62009683E-02
  4.41402458E-02
  4.20841575E-02
  4.00326923E-02
  3.79858166E-02
  3.59435305E-02
