   1.6947508    
   1.5945852    
   1.5374650    
   1.4961272    
   1.4630146    
   1.4349794    
   1.4104116    
   1.3883759    
   1.3682797    
   1.3497232    
   1.3324230    
   1.3161707    
   1.3008083    
   1.2862127    
   1.2722863    
   1.2589500    
   1.2461389    
   1.2337990    
   1.2218846    
   1.2103572    
   1.1991831    
   1.1883339    
   1.1777841    
   1.1675117    
   1.1574972    
   1.1477231    
   1.1381739    
   1.1288359    
   1.1196963    
   1.1107438    
   1.1019681    
   1.0933597    
   1.0849100    
   1.0766113    
   1.0684561    
   1.0604378    
   1.0525502    
   1.0447876    
   1.0371445    
   1.0296162    
   1.0221980    
   1.0148854    
   1.0076745    
   1.0005615    
  0.99354273    
  0.98661494    
  0.97977501    
  0.97301990    
  0.96634680    
  0.95975304    
  0.95323616    
  0.94679374    
  0.94042349    
  0.93412328    
  0.92789114    
  0.92172498    
  0.91562301    
  0.90958351    
  0.90360481    
  0.89768517    
  0.89182311    
  0.88601720    
  0.88026601    
  0.87456810    
  0.86892229    
  0.86332732    
  0.85778189    
  0.85228497    
  0.84683537    
  0.84143209    
  0.83607405    
  0.83076030    
  0.82548994    
  0.82026190    
  0.81507546    
  0.80992967    
  0.80482376    
  0.79975682    
  0.79472828    
  0.78973722    
  0.78478301    
  0.77986491    
  0.77498221    
  0.77013439    
  0.76532066    
  0.76054054    
  0.75579333    
  0.75107849    
  0.74639547    
  0.74174374    
  0.73712271    
  0.73253191    
  0.72797084    
  0.72343898    
  0.71893591    
  0.71446115    
  0.71001422    
  0.70559472    
  0.70120221    
  0.69683623    
  0.69249648    
  0.68818247    
  0.68389392    
  0.67963034    
  0.67539150    
  0.67117691    
  0.66698629    
  0.66281927    
  0.65867555    
  0.65455484    
  0.65045673    
  0.64638102    
  0.64232731    
  0.63829535    
  0.63428485    
  0.63029557    
  0.62632722    
  0.62237948    
  0.61845207    
  0.61454481    
  0.61065745    
  0.60678971    
  0.60294127    
  0.59911203    
  0.59530169    
  0.59151006    
  0.58773685    
  0.58398193    
  0.58024502    
  0.57652587    
  0.57282442    
  0.56914032    
  0.56547344    
  0.56182361    
  0.55819064    
  0.55457425    
  0.55097437    
  0.54739076    
  0.54382324    
  0.54027164    
  0.53673583    
  0.53321558    
  0.52971083    
  0.52622128    
  0.52274686    
  0.51928741    
  0.51584274    
  0.51241279    
  0.50899726    
  0.50559616    
  0.50220925    
  0.49883640    
  0.49547750    
  0.49213240    
  0.48880097    
  0.48548308    
  0.48217860    
  0.47888741    
  0.47560939    
  0.47234437    
  0.46909228    
  0.46585298    
  0.46262637    
  0.45941231    
  0.45621070    
  0.45302141    
  0.44984436    
  0.44667941    
  0.44352648    
  0.44038543    
  0.43725622    
  0.43413866    
  0.43103272    
  0.42793828    
  0.42485523    
  0.42178348    
  0.41872293    
  0.41567349    
  0.41263506    
  0.40960759    
  0.40659094    
  0.40358502    
  0.40058976    
  0.39760509    
  0.39463091    
  0.39166713    
  0.38871369    
  0.38577047    
  0.38283741    
  0.37991443    
  0.37700146    
  0.37409839    
  0.37120518    
  0.36832175    
  0.36544803    
  0.36258391    
  0.35972932    
  0.35688424    
  0.35404855    
  0.35122219    
  0.34840512    
  0.34559724    
  0.34279850    
  0.34000880    
  0.33722812    
  0.33445638    
  0.33169350    
  0.32893944    
  0.32619411    
  0.32345745    
  0.32072943    
  0.31800997    
  0.31529900    
  0.31259647    
  0.30990234    
  0.30721653    
  0.30453897    
  0.30186963    
  0.29920846    
  0.29655540    
  0.29391035    
  0.29127333    
  0.28864422    
  0.28602302    
  0.28340963    
  0.28080404    
  0.27820617    
  0.27561599    
  0.27303344    
  0.27045849    
  0.26789105    
  0.26533112    
  0.26277861    
  0.26023349    
  0.25769570    
  0.25516522    
  0.25264201    
  0.25012597    
  0.24761713    
  0.24511537    
  0.24262071    
  0.24013306    
  0.23765242    
  0.23517871    
  0.23271191    
  0.23025195    
  0.22779883    
  0.22535248    
  0.22291288    
  0.22047997    
  0.21805371    
  0.21563408    
  0.21322101    
  0.21081451    
  0.20841449    
  0.20602095    
  0.20363383    
  0.20125312    
  0.19887874    
  0.19651069    
  0.19414891    
  0.19179340    
  0.18944408    
  0.18710095    
  0.18476395    
  0.18243305    
  0.18010825    
  0.17778946    
  0.17547670    
  0.17316991    
  0.17086905    
  0.16857411    
  0.16628504    
  0.16400181    
  0.16172439    
  0.15945275    
  0.15718687    
  0.15492670    
  0.15267223    
  0.15042341    
  0.14818022    
  0.14594263    
  0.14371061    
  0.14148413    
  0.13926315    
  0.13704768    
  0.13483764    
  0.13263303    
  0.13043383    
  0.12823999    
  0.12605149    
  0.12386831    
  0.12169042    
  0.11951780    
  0.11735040    
  0.11518821    
  0.11303121    
  0.11087937    
  0.10873266    
  0.10659105    
