   1.5804794    
   1.5126874    
   1.4702770    
   1.4377923    
   1.4107515    
   1.3872119    
   1.3661450    
   1.3469352    
   1.3291819    
   1.3126088    
   1.2970158    
   1.2822531    
   1.2682053    
   1.2547810    
   1.2419069    
   1.2295226    
   1.2175782    
   1.2060317    
   1.1948471    
   1.1839939    
   1.1734456    
   1.1631786    
   1.1531725    
   1.1434095    
   1.1338735    
   1.1245497    
   1.1154258    
   1.1064898    
   1.0977311    
   1.0891403    
   1.0807086    
   1.0724279    
   1.0642908    
   1.0562906    
   1.0484211    
   1.0406764    
   1.0330511    
   1.0255404    
   1.0181395    
   1.0108440    
   1.0036500    
  0.99655342    
  0.98955101    
  0.98263925    
  0.97581500    
  0.96907526    
  0.96241730    
  0.95583832    
  0.94933599    
  0.94290775    
  0.93655145    
  0.93026495    
  0.92404610    
  0.91789305    
  0.91180396    
  0.90577704    
  0.89981055    
  0.89390296    
  0.88805270    
  0.88225836    
  0.87651843    
  0.87083167    
  0.86519665    
  0.85961229    
  0.85407728    
  0.84859049    
  0.84315091    
  0.83775735    
  0.83240891    
  0.82710457    
  0.82184333    
  0.81662434    
  0.81144667    
  0.80630952    
  0.80121207    
  0.79615349    
  0.79113305    
  0.78614998    
  0.78120357    
  0.77629316    
  0.77141804    
  0.76657754    
  0.76177108    
  0.75699806    
  0.75225782    
  0.74754983    
  0.74287355    
  0.73822838    
  0.73361379    
  0.72902936    
  0.72447449    
  0.71994877    
  0.71545166    
  0.71098274    
  0.70654160    
  0.70212775    
  0.69774085    
  0.69338036    
  0.68904597    
  0.68473727    
  0.68045390    
  0.67619538    
  0.67196155    
  0.66775185    
  0.66356605    
  0.65940380    
  0.65526474    
  0.65114862    
  0.64705503    
  0.64298373    
  0.63893437    
  0.63490671    
  0.63090044    
  0.62691528    
  0.62295097    
  0.61900723    
  0.61508375    
  0.61118037    
  0.60729682    
  0.60343277    
  0.59958804    
  0.59576243    
  0.59195566    
  0.58816749    
  0.58439773    
  0.58064622    
  0.57691258    
  0.57319677    
  0.56949854    
  0.56581759    
  0.56215388    
  0.55850708    
  0.55487710    
  0.55126375    
  0.54766679    
  0.54408604    
  0.54052132    
  0.53697258    
  0.53343952    
  0.52992195    
  0.52641982    
  0.52293295    
  0.51946110    
  0.51600420    
  0.51256204    
  0.50913453    
  0.50572145    
  0.50232267    
  0.49893814    
  0.49556762    
  0.49221098    
  0.48886815    
  0.48553893    
  0.48222321    
  0.47892088    
  0.47563180    
  0.47235584    
  0.46909291    
  0.46584281    
  0.46260551    
  0.45938084    
  0.45616871    
  0.45296898    
  0.44978157    
  0.44660637    
  0.44344324    
  0.44029209    
  0.43715280    
  0.43402532    
  0.43090948    
  0.42780522    
  0.42471242    
  0.42163098    
  0.41856083    
  0.41550189    
  0.41245401    
  0.40941712    
  0.40639114    
  0.40337598    
  0.40037155    
  0.39737773    
  0.39439449    
  0.39142171    
  0.38845932    
  0.38550723    
  0.38256535    
  0.37963361    
  0.37671193    
  0.37380022    
  0.37089843    
  0.36800647    
  0.36512426    
  0.36225173    
  0.35938880    
  0.35653540    
  0.35369146    
  0.35085690    
  0.34803167    
  0.34521571    
  0.34240890    
  0.33961123    
  0.33682260    
  0.33404294    
  0.33127221    
  0.32851034    
  0.32575727    
  0.32301292    
  0.32027721    
  0.31755015    
  0.31483161    
  0.31212157    
  0.30941993    
  0.30672669    
  0.30404174    
  0.30136508    
  0.29869658    
  0.29603624    
  0.29338399    
  0.29073977    
  0.28810352    
  0.28547519    
  0.28285477    
  0.28024215    
  0.27763730    
  0.27504018    
  0.27245072    
  0.26986888    
  0.26729462    
  0.26472786    
  0.26216862    
  0.25961676    
  0.25707230    
  0.25453517    
  0.25200534    
  0.24948272    
  0.24696732    
  0.24445906    
  0.24195792    
  0.23946384    
  0.23697677    
  0.23449668    
  0.23202354    
  0.22955728    
  0.22709787    
  0.22464527    
  0.22219944    
  0.21976034    
  0.21732792    
  0.21490216    
  0.21248302    
  0.21007043    
  0.20766439    
  0.20526484    
  0.20287174    
  0.20048507    
  0.19810477    
  0.19573082    
  0.19336319    
  0.19100183    
  0.18864670    
  0.18629779    
  0.18395504    
  0.18161842    
  0.17928791    
  0.17696346    
  0.17464505    
  0.17233263    
  0.17002618    
  0.16772567    
  0.16543104    
  0.16314229    
  0.16085939    
  0.15858229    
  0.15631095    
  0.15404536    
  0.15178549    
  0.14953129    
  0.14728276    
  0.14503984    
  0.14280252    
  0.14057076    
  0.13834453    
  0.13612381    
  0.13390857    
  0.13169877    
  0.12949440    
  0.12729540    
  0.12510179    
  0.12291351    
  0.12073054    
  0.11855286    
  0.11638042    
  0.11421322    
  0.11205123    
  0.10989440    
  0.10774274    
  0.10559620    
  0.10345476    
  0.10131840    
  9.91870910E-02
