   2.9336376    
   2.8483427    
   2.7834518    
   2.7292011    
   2.6817944    
   2.6392782    
   2.6004875    
   2.5646601    
   2.5312653    
   2.4999149    
   2.4703150    
   2.4422359    
   2.4154954    
   2.3899443    
   2.3654597    
   2.3419380    
   2.3192923    
   2.2974472    
   2.2763376    
   2.2559073    
   2.2361062    
   2.2168901    
   2.1982200    
   2.1800609    
   2.1623812    
   2.1451523    
   2.1283488    
   2.1119468    
   2.0959251    
   2.0802641    
   2.0649455    
   2.0499527    
   2.0352707    
   2.0208848    
   2.0067821    
   1.9929501    
   1.9793774    
   1.9660535    
   1.9529682    
   1.9401121    
   1.9274765    
   1.9150531    
   1.9028341    
   1.8908120    
   1.8789800    
   1.8673317    
   1.8558606    
   1.8445610    
   1.8334272    
   1.8224540    
   1.8116363    
   1.8009694    
   1.7904487    
   1.7800697    
   1.7698284    
   1.7597209    
   1.7497432    
   1.7398920    
   1.7301636    
   1.7205546    
   1.7110621    
   1.7016828    
   1.6924140    
   1.6832527    
   1.6741964    
   1.6652422    
   1.6563878    
   1.6476309    
   1.6389689    
   1.6303999    
   1.6219217    
   1.6135319    
   1.6052288    
   1.5970104    
   1.5888748    
   1.5808203    
   1.5728451    
   1.5649475    
   1.5571259    
   1.5493788    
   1.5417044    
   1.5341015    
   1.5265685    
   1.5191042    
   1.5117072    
   1.5043759    
   1.4971095    
   1.4899065    
   1.4827658    
   1.4756862    
   1.4686666    
   1.4617058    
   1.4548028    
   1.4479567    
   1.4411663    
   1.4344307    
   1.4277490    
   1.4211204    
   1.4145436    
   1.4080181    
   1.4015429    
   1.3951170    
   1.3887399    
   1.3824108    
   1.3761286    
   1.3698928    
   1.3637027    
   1.3575574    
   1.3514563    
   1.3453988    
   1.3393841    
   1.3334116    
   1.3274806    
   1.3215907    
   1.3157409    
   1.3099312    
   1.3041604    
   1.2984283    
   1.2927343    
   1.2870777    
   1.2814581    
   1.2758751    
   1.2703279    
   1.2648163    
   1.2593397    
   1.2538975    
   1.2484894    
   1.2431148    
   1.2377734    
   1.2324648    
   1.2271883    
   1.2219439    
   1.2167307    
   1.2115487    
   1.2063972    
   1.2012761    
   1.1961849    
   1.1911231    
   1.1860905    
   1.1810867    
   1.1761113    
   1.1711640    
   1.1662445    
   1.1613524    
   1.1564875    
   1.1516492    
   1.1468375    
   1.1420519    
   1.1372921    
   1.1325580    
   1.1278491    
   1.1231651    
   1.1185060    
   1.1138711    
   1.1092604    
   1.1046736    
   1.1001105    
   1.0955707    
   1.0910541    
   1.0865602    
   1.0820891    
   1.0776402    
   1.0732135    
   1.0688087    
   1.0644256    
   1.0600638    
   1.0557234    
   1.0514040    
   1.0471053    
   1.0428272    
   1.0385695    
   1.0343319    
   1.0301143    
   1.0259166    
   1.0217383    
   1.0175794    
   1.0134397    
   1.0093191    
   1.0052172    
   1.0011339    
  0.99706912    
  0.99302262    
  0.98899424    
  0.98498374    
  0.98099107    
  0.97701597    
  0.97305834    
  0.96911794    
  0.96519470    
  0.96128845    
  0.95739895    
  0.95352614    
  0.94966978    
  0.94582987    
  0.94200611    
  0.93819845    
  0.93440670    
  0.93063074    
  0.92687041    
  0.92312562    
  0.91939622    
  0.91568208    
  0.91198301    
  0.90829897    
  0.90462977    
  0.90097529    
  0.89733547    
  0.89371008    
  0.89009911    
  0.88650239    
  0.88291979    
  0.87935120    
  0.87579650    
  0.87225562    
  0.86872840    
  0.86521477    
  0.86171460    
  0.85822773    
  0.85475415    
  0.85129374    
  0.84784633    
  0.84441185    
  0.84099025    
  0.83758134    
  0.83418506    
  0.83080131    
  0.82743007    
  0.82407111    
  0.82072443    
  0.81738991    
  0.81406748    
  0.81075698    
  0.80745840    
  0.80417162    
  0.80089658    
  0.79763317    
  0.79438126    
  0.79114085    
  0.78791177    
  0.78469402    
  0.78148746    
  0.77829200    
  0.77510762    
  0.77193421    
  0.76877171    
  0.76561999    
  0.76247907    
  0.75934875    
  0.75622904    
  0.75311983    
  0.75002110    
  0.74693274    
  0.74385464    
  0.74078679    
  0.73772913    
  0.73468149    
  0.73164392    
  0.72861630    
  0.72559857    
  0.72259063    
  0.71959251    
  0.71660399    
  0.71362519    
  0.71065587    
  0.70769608    
  0.70474577    
  0.70180476    
  0.69887310    
  0.69595075    
  0.69303751    
  0.69013345    
  0.68723845    
  0.68435246    
  0.68147546    
  0.67860734    
  0.67574811    
  0.67289764    
  0.67005587    
  0.66722286    
  0.66439843    
  0.66158259    
  0.65877527    
  0.65597641    
  0.65318602    
  0.65040398    
  0.64763021    
  0.64486474    
  0.64210749    
  0.63935840    
  0.63661742    
  0.63388449    
  0.63115960    
  0.62844270    
  0.62573373    
  0.62303263    
  0.62033933    
  0.61765385    
  0.61497611    
  0.61230606    
  0.60964364    
