   2.9924676    
   2.9308758    
   2.8837352    
   2.8440938    
   2.8092561    
   2.7778387    
   2.7490189    
   2.7222598    
   2.6971886    
   2.6735332    
   2.6510885    
   2.6296945    
   2.6092238    
   2.5895736    
   2.5706584    
   2.5524070    
   2.5347593    
   2.5176637    
   2.5010753    
   2.4849553    
   2.4692700    
   2.4539890    
   2.4390857    
   2.4245365    
   2.4103193    
   2.3964152    
   2.3828068    
   2.3694777    
   2.3564141    
   2.3436022    
   2.3310299    
   2.3186858    
   2.3065598    
   2.2946422    
   2.2829242    
   2.2713974    
   2.2600539    
   2.2488866    
   2.2378891    
   2.2270544    
   2.2163773    
   2.2058516    
   2.1954722    
   2.1852345    
   2.1751335    
   2.1651647    
   2.1553240    
   2.1456075    
   2.1360114    
   2.1265321    
   2.1171663    
   2.1079106    
   2.0987618    
   2.0897171    
   2.0807738    
   2.0719292    
   2.0631804    
   2.0545254    
   2.0459614    
   2.0374863    
   2.0290980    
   2.0207944    
   2.0125735    
   2.0044334    
   1.9963721    
   1.9883879    
   1.9804791    
   1.9726442    
   1.9648813    
   1.9571891    
   1.9495660    
   1.9420106    
   1.9345217    
   1.9270976    
   1.9197372    
   1.9124392    
   1.9052025    
   1.8980259    
   1.8909081    
   1.8838482    
   1.8768450    
   1.8698975    
   1.8630048    
   1.8561658    
   1.8493795    
   1.8426452    
   1.8359617    
   1.8293284    
   1.8227444    
   1.8162087    
   1.8097208    
   1.8032796    
   1.7968847    
   1.7905351    
   1.7842301    
   1.7779690    
   1.7717513    
   1.7655761    
   1.7594429    
   1.7533510    
   1.7472998    
   1.7412888    
   1.7353172    
   1.7293845    
   1.7234904    
   1.7176340    
   1.7118149    
   1.7060325    
   1.7002865    
   1.6945763    
   1.6889012    
   1.6832610    
   1.6776552    
   1.6720833    
   1.6665447    
   1.6610391    
   1.6555662    
   1.6501254    
   1.6447163    
   1.6393386    
   1.6339918    
   1.6286756    
   1.6233895    
   1.6181333    
   1.6129065    
   1.6077088    
   1.6025399    
   1.5973994    
   1.5922868    
   1.5872021    
   1.5821447    
   1.5771145    
   1.5721110    
   1.5671340    
   1.5621831    
   1.5572582    
   1.5523589    
   1.5474849    
   1.5426358    
   1.5378116    
   1.5330118    
   1.5282363    
   1.5234847    
   1.5187569    
   1.5140524    
   1.5093712    
   1.5047129    
   1.5000774    
   1.4954643    
   1.4908736    
   1.4863048    
   1.4817579    
   1.4772325    
   1.4727285    
   1.4682457    
   1.4637839    
   1.4593427    
   1.4549221    
   1.4505219    
   1.4461418    
   1.4417816    
   1.4374412    
   1.4331205    
   1.4288191    
   1.4245368    
   1.4202735    
   1.4160292    
   1.4118036    
   1.4075965    
   1.4034076    
   1.3992369    
   1.3950843    
   1.3909495    
   1.3868322    
   1.3827326    
   1.3786504    
   1.3745854    
   1.3705374    
   1.3665065    
   1.3624921    
   1.3584945    
   1.3545133    
   1.3505485    
   1.3465998    
   1.3426673    
   1.3387507    
   1.3348498    
   1.3309647    
   1.3270950    
   1.3232409    
   1.3194020    
   1.3155782    
   1.3117694    
   1.3079756    
   1.3041966    
   1.3004322    
   1.2966824    
   1.2929471    
   1.2892261    
   1.2855192    
   1.2818265    
   1.2781477    
   1.2744830    
   1.2708318    
   1.2671945    
   1.2635707    
   1.2599603    
   1.2563633    
   1.2527796    
   1.2492090    
   1.2456515    
   1.2421069    
   1.2385752    
   1.2350564    
   1.2315501    
   1.2280566    
   1.2245754    
   1.2211066    
   1.2176502    
   1.2142060    
   1.2107739    
   1.2073539    
   1.2039459    
   1.2005497    
   1.1971654    
   1.1937927    
   1.1904317    
   1.1870823    
   1.1837442    
   1.1804177    
   1.1771023    
   1.1737983    
   1.1705054    
   1.1672236    
   1.1639528    
   1.1606929    
   1.1574439    
   1.1542057    
   1.1509781    
   1.1477612    
   1.1445550    
   1.1413592    
   1.1381738    
   1.1349988    
   1.1318341    
   1.1286796    
   1.1255354    
   1.1224011    
   1.1192770    
   1.1161628    
   1.1130584    
   1.1099640    
   1.1068794    
   1.1038043    
   1.1007391    
   1.0976834    
   1.0946373    
   1.0916005    
   1.0885733    
   1.0855554    
   1.0825468    
   1.0795474    
   1.0765573    
   1.0735762    
   1.0706043    
   1.0676414    
   1.0646874    
   1.0617423    
   1.0588062    
   1.0558788    
   1.0529602    
   1.0500503    
   1.0471489    
   1.0442563    
   1.0413722    
   1.0384966    
   1.0356294    
   1.0327706    
   1.0299202    
   1.0270782    
   1.0242443    
   1.0214187    
   1.0186012    
   1.0157918    
   1.0129906    
   1.0101973    
   1.0074120    
   1.0046346    
   1.0018651    
  0.99910355    
  0.99634975    
  0.99360371    
  0.99086535    
  0.98813468    
  0.98541164    
  0.98269618    
  0.97998828    
  0.97728789    
  0.97459495    
  0.97190940    
