   3.0350702    
   2.9910069    
   2.9572365    
   2.9288006    
   2.9037778    
   2.8811824    
   2.8604283    
   2.8411336    
   2.8230329    
   2.8059328    
   2.7896874    
   2.7741835    
   2.7593305    
   2.7450552    
   2.7312973    
   2.7180061    
   2.7051394    
   2.6926601    
   2.6805370    
   2.6687424    
   2.6572526    
   2.6460459    
   2.6351039    
   2.6244094    
   2.6139476    
   2.6037047    
   2.5936682    
   2.5838273    
   2.5741715    
   2.5646915    
   2.5553787    
   2.5462253    
   2.5372241    
   2.5283682    
   2.5196514    
   2.5110679    
   2.5026121    
   2.4942794    
   2.4860644    
   2.4779634    
   2.4699719    
   2.4620860    
   2.4543021    
   2.4466166    
   2.4390264    
   2.4315283    
   2.4241195    
   2.4167969    
   2.4095583    
   2.4024010    
   2.3953228    
   2.3883212    
   2.3813939    
   2.3745394    
   2.3677554    
   2.3610399    
   2.3543916    
   2.3478081    
   2.3412883    
   2.3348305    
   2.3284333    
   2.3220949    
   2.3158143    
   2.3095899    
   2.3034203    
   2.2973049    
   2.2912419    
   2.2852304    
   2.2792692    
   2.2733572    
   2.2674937    
   2.2616773    
   2.2559073    
   2.2501826    
   2.2445025    
   2.2388661    
   2.2332726    
   2.2277210    
   2.2222104    
   2.2167406    
   2.2113104    
   2.2059190    
   2.2005661    
   2.1952507    
   2.1899726    
   2.1847305    
   2.1795244    
   2.1743534    
   2.1692169    
   2.1641145    
   2.1590455    
   2.1540091    
   2.1490054    
   2.1440337    
   2.1390932    
   2.1341836    
   2.1293044    
   2.1244552    
   2.1196356    
   2.1148453    
   2.1100833    
   2.1053498    
   2.1006441    
   2.0959659    
   2.0913148    
   2.0866902    
   2.0820920    
   2.0775199    
   2.0729735    
   2.0684524    
   2.0639560    
   2.0594842    
   2.0550370    
   2.0506136    
   2.0462139    
   2.0418377    
   2.0374844    
   2.0331540    
   2.0288460    
   2.0245605    
   2.0202968    
   2.0160549    
   2.0118341    
   2.0076349    
   2.0034564    
   1.9992987    
   1.9951614    
   1.9910444    
   1.9869473    
   1.9828700    
   1.9788122    
   1.9747738    
   1.9707544    
   1.9667540    
   1.9627721    
   1.9588089    
   1.9548639    
   1.9509370    
   1.9470280    
   1.9431367    
   1.9392629    
   1.9354064    
   1.9315672    
   1.9277450    
   1.9239395    
   1.9201506    
   1.9163784    
   1.9126223    
   1.9088824    
   1.9051585    
   1.9014505    
   1.8977581    
   1.8940812    
   1.8904197    
   1.8867735    
   1.8831424    
   1.8795261    
   1.8759247    
   1.8723381    
   1.8687658    
   1.8652080    
   1.8616645    
   1.8581351    
   1.8546197    
   1.8511182    
   1.8476304    
   1.8441563    
   1.8406957    
   1.8372484    
   1.8338145    
   1.8303938    
   1.8269861    
   1.8235914    
   1.8202094    
   1.8168402    
   1.8134835    
   1.8101394    
   1.8068076    
   1.8034883    
   1.8001810    
   1.7968860    
   1.7936028    
   1.7903316    
   1.7870722    
   1.7838244    
   1.7805883    
   1.7773638    
   1.7741506    
   1.7709488    
   1.7677583    
   1.7645788    
   1.7614105    
   1.7582531    
   1.7551067    
   1.7519711    
   1.7488462    
   1.7457321    
   1.7426283    
   1.7395352    
   1.7364525    
   1.7333801    
   1.7303181    
   1.7272661    
   1.7242243    
   1.7211925    
   1.7181708    
   1.7151588    
   1.7121567    
   1.7091644    
   1.7061818    
   1.7032087    
   1.7002451    
   1.6972911    
   1.6943465    
   1.6914114    
   1.6884854    
   1.6855686    
   1.6826611    
   1.6797625    
   1.6768730    
   1.6739925    
   1.6711209    
   1.6682581    
   1.6654042    
   1.6625589    
   1.6597223    
   1.6568943    
   1.6540749    
   1.6512641    
   1.6484616    
   1.6456674    
   1.6428818    
   1.6401043    
   1.6373351    
   1.6345739    
   1.6318209    
   1.6290761    
   1.6263392    
   1.6236103    
   1.6208893    
   1.6181762    
   1.6154709    
   1.6127734    
   1.6100836    
   1.6074014    
   1.6047269    
   1.6020600    
   1.5994005    
   1.5967486    
   1.5941042    
   1.5914670    
   1.5888373    
   1.5862149    
   1.5835997    
   1.5809917    
   1.5783910    
   1.5757973    
   1.5732107    
   1.5706313    
   1.5680587    
   1.5654932    
   1.5629346    
   1.5603830    
   1.5578381    
   1.5553000    
   1.5527687    
   1.5502442    
   1.5477263    
   1.5452151    
   1.5427105    
   1.5402125    
   1.5377210    
   1.5352360    
   1.5327575    
   1.5302855    
   1.5278198    
   1.5253605    
   1.5229075    
   1.5204608    
   1.5180204    
   1.5155861    
   1.5131582    
   1.5107363    
   1.5083206    
   1.5059109    
   1.5035073    
   1.5011097    
   1.4987181    
   1.4963325    
   1.4939529    
   1.4915791    
   1.4892111    
   1.4868490    
   1.4844927    
   1.4821422    
   1.4797975    
   1.4774584    
   1.4751250    
   1.4727973    
   1.4704752    
