   3.0648665    
   3.0331709    
   3.0089083    
   2.9885020    
   2.9705663    
   2.9543893    
   2.9395478    
   2.9257662    
   2.9128523    
   2.9006667    
   2.8891034    
   2.8780808    
   2.8675330    
   2.8574073    
   2.8476598    
   2.8382540    
   2.8291588    
   2.8203478    
   2.8117979    
   2.8034894    
   2.7954047    
   2.7875285    
   2.7798467    
   2.7723475    
   2.7650197    
   2.7578533    
   2.7508395    
   2.7439699    
   2.7372372    
   2.7306347    
   2.7241557    
   2.7177949    
   2.7115469    
   2.7054067    
   2.6993697    
   2.6934314    
   2.6875882    
   2.6818364    
   2.6761725    
   2.6705930    
   2.6650951    
   2.6596758    
   2.6543326    
   2.6490626    
   2.6438639    
   2.6387339    
   2.6336703    
   2.6286714    
   2.6237352    
   2.6188595    
   2.6140432    
   2.6092842    
   2.6045806    
   2.5999317    
   2.5953355    
   2.5907907    
   2.5862958    
   2.5818501    
   2.5774519    
   2.5731001    
   2.5687938    
   2.5645316    
   2.5603127    
   2.5561361    
   2.5520008    
   2.5479059    
   2.5438507    
   2.5398338    
   2.5358548    
   2.5319130    
   2.5280075    
   2.5241375    
   2.5203023    
   2.5165012    
   2.5127337    
   2.5089989    
   2.5052962    
   2.5016253    
   2.4979854    
   2.4943757    
   2.4907961    
   2.4872458    
   2.4837244    
   2.4802313    
   2.4767659    
   2.4733281    
   2.4699171    
   2.4665325    
   2.4631739    
   2.4598408    
   2.4565330    
   2.4532499    
   2.4499912    
   2.4467566    
   2.4435456    
   2.4403577    
   2.4371927    
   2.4340503    
   2.4309301    
   2.4278319    
   2.4247551    
   2.4216998    
   2.4186652    
   2.4156513    
   2.4126577    
   2.4096842    
   2.4067307    
   2.4037964    
   2.4008815    
   2.3979857    
   2.3951085    
   2.3922498    
   2.3894093    
   2.3865869    
   2.3837821    
   2.3809950    
   2.3782251    
   2.3754723    
   2.3727365    
   2.3700173    
   2.3673146    
   2.3646281    
   2.3619576    
   2.3593030    
   2.3566639    
   2.3540406    
   2.3514326    
   2.3488395    
   2.3462613    
   2.3436980    
   2.3411493    
   2.3386149    
   2.3360949    
   2.3335891    
   2.3310969    
   2.3286188    
   2.3261542    
   2.3237031    
   2.3212652    
   2.3188407    
   2.3164291    
   2.3140304    
   2.3116446    
   2.3092713    
   2.3069105    
   2.3045623    
   2.3022261    
   2.2999020    
   2.2975900    
   2.2952898    
   2.2930012    
   2.2907245    
   2.2884591    
   2.2862051    
   2.2839622    
   2.2817309    
   2.2795103    
   2.2773008    
   2.2751021    
   2.2729139    
   2.2707367    
   2.2685697    
   2.2664135    
   2.2642672    
   2.2621315    
   2.2600055    
   2.2578897    
   2.2557840    
   2.2536881    
   2.2516019    
   2.2495253    
   2.2474582    
   2.2454009    
   2.2433527    
   2.2413139    
   2.2392845    
   2.2372642    
   2.2352526    
   2.2332504    
   2.2312570    
   2.2292724    
   2.2272966    
   2.2253294    
   2.2233708    
   2.2214208    
   2.2194791    
   2.2175460    
   2.2156210    
   2.2137043    
   2.2117958    
   2.2098954    
   2.2080030    
   2.2061186    
   2.2042420    
   2.2023735    
   2.2005124    
   2.1986592    
   2.1968136    
   2.1949756    
   2.1931453    
   2.1913221    
   2.1895065    
   2.1876981    
   2.1858971    
   2.1841035    
   2.1823168    
   2.1805372    
   2.1787648    
   2.1769993    
   2.1752408    
   2.1734891    
   2.1717441    
   2.1700060    
   2.1682749    
   2.1665502    
   2.1648321    
   2.1631205    
   2.1614156    
   2.1597173    
   2.1580253    
   2.1563394    
   2.1546602    
   2.1529870    
   2.1513202    
   2.1496596    
   2.1480050    
   2.1463566    
   2.1447144    
   2.1430781    
   2.1414475    
   2.1398232    
   2.1382046    
   2.1365919    
   2.1349847    
   2.1333835    
   2.1317880    
   2.1301982    
   2.1286142    
   2.1270354    
   2.1254623    
   2.1238949    
   2.1223328    
   2.1207762    
   2.1192248    
   2.1176789    
   2.1161385    
   2.1146030    
   2.1130731    
   2.1115482    
   2.1100285    
   2.1085141    
   2.1070046    
   2.1055002    
   2.1040008    
   2.1025066    
   2.1010172    
   2.0995328    
   2.0980532    
   2.0965786    
   2.0951087    
   2.0936437    
   2.0921836    
   2.0907280    
   2.0892773    
   2.0878310    
   2.0863895    
   2.0849528    
   2.0835204    
   2.0820928    
   2.0806696    
   2.0792511    
   2.0778368    
   2.0764270    
   2.0750215    
   2.0736206    
   2.0722239    
   2.0708318    
   2.0694437    
   2.0680599    
   2.0666804    
   2.0653052    
   2.0639341    
   2.0625672    
   2.0612044    
   2.0598459    
   2.0584912    
   2.0571408    
   2.0557942    
   2.0544519    
   2.0531135    
   2.0517790    
   2.0504484    
   2.0491219    
   2.0477991    
   2.0464802    
   2.0451651    
   2.0438540    
   2.0425465    
   2.0412428    
   2.0399430    
