   3.0035958    
   2.9465656    
   2.9028931    
   2.8661487    
   2.8338404    
   2.8046889    
   2.7779343    
   2.7530804    
   2.7297826    
   2.7077897    
   2.6869123    
   2.6670024    
   2.6479430    
   2.6296389    
   2.6120112    
   2.5949945    
   2.5785332    
   2.5625792    
   2.5470920    
   2.5320356    
   2.5173783    
   2.5030930    
   2.4891548    
   2.4755416    
   2.4622340    
   2.4492137    
   2.4364653    
   2.4239733    
   2.4117250    
   2.3997083    
   2.3879113    
   2.3763242    
   2.3649373    
   2.3537416    
   2.3427293    
   2.3318925    
   2.3212242    
   2.3107178    
   2.3003671    
   2.2901664    
   2.2801099    
   2.2701926    
   2.2604101    
   2.2507572    
   2.2412302    
   2.2318246    
   2.2225368    
   2.2133632    
   2.2043002    
   2.1953444    
   2.1864929    
   2.1777427    
   2.1690907    
   2.1605346    
   2.1520717    
   2.1436994    
   2.1354156    
   2.1272175    
   2.1191034    
   2.1110713    
   2.1031191    
   2.0952446    
   2.0874465    
   2.0797224    
   2.0720713    
   2.0644910    
   2.0569801    
   2.0495374    
   2.0421610    
   2.0348499    
   2.0276022    
   2.0204172    
   2.0132933    
   2.0062292    
   1.9992239    
   1.9922762    
   1.9853851    
   1.9785492    
   1.9717679    
   1.9650400    
   1.9583644    
   1.9517401    
   1.9451666    
   1.9386426    
   1.9321674    
   1.9257402    
   1.9193602    
   1.9130263    
   1.9067380    
   1.9004947    
   1.8942953    
   1.8881394    
   1.8820261    
   1.8759547    
   1.8699248    
   1.8639355    
   1.8579863    
   1.8520765    
   1.8462057    
   1.8403732    
   1.8345784    
   1.8288208    
   1.8230999    
   1.8174150    
   1.8117658    
   1.8061517    
   1.8005723    
   1.7950269    
   1.7895153    
   1.7840369    
   1.7785912    
   1.7731779    
   1.7677965    
   1.7624465    
   1.7571278    
   1.7518396    
   1.7465818    
   1.7413539    
   1.7361555    
   1.7309864    
   1.7258459    
   1.7207340    
   1.7156502    
   1.7105941    
   1.7055655    
   1.7005639    
   1.6955892    
   1.6906409    
   1.6857189    
   1.6808227    
   1.6759521    
   1.6711067    
   1.6662863    
   1.6614907    
   1.6567194    
   1.6519724    
   1.6472492    
   1.6425498    
   1.6378736    
   1.6332207    
   1.6285906    
   1.6239831    
   1.6193981    
   1.6148353    
   1.6102943    
   1.6057751    
   1.6012774    
   1.5968009    
   1.5923456    
   1.5879110    
   1.5834972    
   1.5791037    
   1.5747305    
   1.5703772    
   1.5660439    
   1.5617301    
   1.5574359    
   1.5531609    
   1.5489049    
   1.5446680    
   1.5404496    
   1.5362499    
   1.5320685    
   1.5279053    
   1.5237602    
   1.5196329    
   1.5155234    
   1.5114315    
   1.5073568    
   1.5032995    
   1.4992591    
   1.4952358    
   1.4912292    
   1.4872392    
   1.4832659    
   1.4793087    
   1.4753678    
   1.4714431    
   1.4675341    
   1.4636410    
   1.4597635    
   1.4559016    
   1.4520551    
   1.4482238    
   1.4444078    
   1.4406067    
   1.4368205    
   1.4330491    
   1.4292924    
   1.4255502    
   1.4218224    
   1.4181089    
   1.4144096    
   1.4107244    
   1.4070532    
   1.4033958    
   1.3997521    
   1.3961222    
   1.3925058    
   1.3889028    
   1.3853130    
   1.3817366    
   1.3781732    
   1.3746229    
   1.3710856    
   1.3675611    
   1.3640493    
   1.3605502    
   1.3570637    
   1.3535894    
   1.3501277    
   1.3466783    
   1.3432410    
   1.3398157    
   1.3364025    
   1.3330013    
   1.3296119    
   1.3262342    
   1.3228682    
   1.3195138    
   1.3161709    
   1.3128395    
   1.3095194    
   1.3062105    
   1.3029130    
   1.2996265    
   1.2963510    
   1.2930864    
   1.2898328    
   1.2865900    
   1.2833580    
   1.2801366    
   1.2769258    
   1.2737255    
   1.2705357    
   1.2673563    
   1.2641872    
   1.2610283    
   1.2578797    
   1.2547412    
   1.2516127    
   1.2484943    
   1.2453856    
   1.2422869    
   1.2391981    
   1.2361189    
   1.2330494    
   1.2299895    
   1.2269392    
   1.2238984    
   1.2208670    
   1.2178451    
   1.2148323    
   1.2118289    
   1.2088346    
   1.2058495    
   1.2028736    
   1.1999066    
   1.1969486    
   1.1939995    
   1.1910594    
   1.1881280    
   1.1852055    
   1.1822915    
   1.1793863    
   1.1764897    
   1.1736016    
   1.1707220    
   1.1678510    
   1.1649883    
   1.1621339    
   1.1592879    
   1.1564502    
   1.1536206    
   1.1507993    
   1.1479861    
   1.1451808    
   1.1423837    
   1.1395946    
   1.1368133    
   1.1340400    
   1.1312745    
   1.1285168    
   1.1257669    
   1.1230247    
   1.1202902    
   1.1175632    
   1.1148440    
   1.1121322    
   1.1094279    
   1.1067312    
   1.1040418    
   1.1013598    
   1.0986853    
   1.0960180    
   1.0933578    
   1.0907050    
   1.0880594    
   1.0854208    
   1.0827895    
