   1.8747286    
   1.7281270    
   1.6483611    
   1.5930101    
   1.5501404    
   1.5148124    
   1.4845279    
   1.4578559    
   1.4339017    
   1.4120697    
   1.3919435    
   1.3732207    
   1.3556745    
   1.3391306    
   1.3234519    
   1.3085285    
   1.2942712    
   1.2806064    
   1.2674724    
   1.2548171    
   1.2425966    
   1.2307725    
   1.2193120    
   1.2081860    
   1.1973696    
   1.1868402    
   1.1765779    
   1.1665653    
   1.1567862    
   1.1472265    
   1.1378731    
   1.1287143    
   1.1197397    
   1.1109390    
   1.1023039    
   1.0938256    
   1.0854969    
   1.0773108    
   1.0692607    
   1.0613407    
   1.0535451    
   1.0458690    
   1.0383072    
   1.0308555    
   1.0235094    
   1.0162652    
   1.0091189    
   1.0020671    
  0.99510652    
  0.98823404    
  0.98144668    
  0.97474164    
  0.96811634    
  0.96156830    
  0.95509505    
  0.94869441    
  0.94236422    
  0.93610245    
  0.92990714    
  0.92377645    
  0.91770864    
  0.91170192    
  0.90575480    
  0.89986569    
  0.89403307    
  0.88825560    
  0.88253182    
  0.87686056    
  0.87124050    
  0.86567038    
  0.86014915    
  0.85467565    
  0.84924883    
  0.84386760    
  0.83853108    
  0.83323818    
  0.82798809    
  0.82277989    
  0.81761265    
  0.81248564    
  0.80739796    
  0.80234897    
  0.79733777    
  0.79236370    
  0.78742611    
  0.78252423    
  0.77765745    
  0.77282512    
  0.76802659    
  0.76326132    
  0.75852871    
  0.75382811    
  0.74915910    
  0.74452108    
  0.73991346    
  0.73533589    
  0.73078775    
  0.72626859    
  0.72177804    
  0.71731550    
  0.71288061    
  0.70847297    
  0.70409209    
  0.69973761    
  0.69540912    
  0.69110620    
  0.68682855    
  0.68257576    
  0.67834741    
  0.67414325    
  0.66996294    
  0.66580606    
  0.66167229    
  0.65756142    
  0.65347308    
  0.64940691    
  0.64536262    
  0.64134002    
  0.63733876    
  0.63335854    
  0.62939912    
  0.62546027    
  0.62154162    
  0.61764300    
  0.61376417    
  0.60990489    
  0.60606480    
  0.60224384    
  0.59844166    
  0.59465808    
  0.59089285    
  0.58714581    
  0.58341670    
  0.57970536    
  0.57601148    
  0.57233500    
  0.56867564    
  0.56503320    
  0.56140757    
  0.55779850    
  0.55420578    
  0.55062932    
  0.54706889    
  0.54352432    
  0.53999543    
  0.53648210    
  0.53298414    
  0.52950138    
  0.52603370    
  0.52258086    
  0.51914281    
  0.51571935    
  0.51231033    
  0.50891566    
  0.50553513    
  0.50216860    
  0.49881598    
  0.49547711    
  0.49215189    
  0.48884013    
  0.48554173    
  0.48225659    
  0.47898453    
  0.47572550    
  0.47247931    
  0.46924588    
  0.46602508    
  0.46281680    
  0.45962095    
  0.45643738    
  0.45326596    
  0.45010665    
  0.44695932    
  0.44382384    
  0.44070011    
  0.43758807    
  0.43448758    
  0.43139854    
  0.42832085    
  0.42525446    
  0.42219922    
  0.41915506    
  0.41612190    
  0.41309962    
  0.41008815    
  0.40708739    
  0.40409726    
  0.40111768    
  0.39814857    
  0.39518982    
  0.39224136    
  0.38930312    
  0.38637501    
  0.38345695    
  0.38054886    
  0.37765068    
  0.37476233    
  0.37188369    
  0.36901474    
  0.36615539    
  0.36330554    
  0.36046517    
  0.35763419    
  0.35481250    
  0.35200006    
  0.34919679    
  0.34640265    
  0.34361753    
  0.34084138    
  0.33807418    
  0.33531579    
  0.33256620    
  0.32982534    
  0.32709312    
  0.32436952    
  0.32165444    
  0.31894785    
  0.31624970    
  0.31355989    
  0.31087840    
  0.30820516    
  0.30554008    
  0.30288318    
  0.30023435    
  0.29759353    
  0.29496068    
  0.29233578    
  0.28971872    
  0.28710949    
  0.28450802    
  0.28191426    
  0.27932820    
  0.27674970    
  0.27417880    
  0.27161542    
  0.26905948    
  0.26651099    
  0.26396987    
  0.26143605    
  0.25890952    
  0.25639024    
  0.25387815    
  0.25137320    
  0.24887536    
  0.24638458    
  0.24390081    
  0.24142399    
  0.23895413    
  0.23649113    
  0.23403500    
  0.23158567    
  0.22914308    
  0.22670723    
  0.22427808    
  0.22185555    
  0.21943964    
  0.21703029    
  0.21462746    
  0.21223113    
  0.20984125    
  0.20745778    
  0.20508069    
  0.20270994    
  0.20034550    
  0.19798733    
  0.19563539    
  0.19328965    
  0.19095007    
  0.18861662    
  0.18628927    
  0.18396798    
  0.18165271    
  0.17934345    
  0.17704013    
  0.17474274    
  0.17245126    
  0.17016564    
  0.16788585    
  0.16561186    
  0.16334364    
  0.16108117    
  0.15882438    
  0.15657330    
  0.15432784    
  0.15208802    
  0.14985378    
  0.14762509    
  0.14540194    
  0.14318429    
  0.14097209    
  0.13876536    
  0.13656403    
  0.13436811    
  0.13217753    
  0.12999229    
  0.12781234    
  0.12563768    
  0.12346828    
  0.12130410    
  0.11914512    
