   3.0010254    
   2.9429400    
   2.8984642    
   2.8610480    
   2.8281524    
   2.7984746    
   2.7712390    
   2.7459412    
   2.7222297    
   2.6998487    
   2.6786046    
   2.6583474    
   2.6389573    
   2.6203372    
   2.6024070    
   2.5850999    
   2.5683591    
   2.5521362    
   2.5363889    
   2.5210812    
   2.5061810    
   2.4916599    
   2.4774928    
   2.4636574    
   2.4501336    
   2.4369032    
   2.4239500    
   2.4112587    
   2.3988156    
   2.3866088    
   2.3746266    
   2.3628583    
   2.3512943    
   2.3399255    
   2.3287437    
   2.3177409    
   2.3069103    
   2.2962446    
   2.2857380    
   2.2753842    
   2.2651777    
   2.2551134    
   2.2451861    
   2.2353916    
   2.2257254    
   2.2161829    
   2.2067609    
   2.1974549    
   2.1882622    
   2.1791787    
   2.1702018    
   2.1613281    
   2.1525548    
   2.1438789    
   2.1352985    
   2.1268103    
   2.1184123    
   2.1101019    
   2.1018775    
   2.0937362    
   2.0856764    
   2.0776963    
   2.0697937    
   2.0619669    
   2.0542142    
   2.0465341    
   2.0389247    
   2.0313847    
   2.0239124    
   2.0165064    
   2.0091655    
   2.0018883    
   1.9946735    
   1.9875197    
   1.9804258    
   1.9733907    
   1.9664131    
   1.9594921    
   1.9526265    
   1.9458153    
   1.9390576    
   1.9323523    
   1.9256985    
   1.9190954    
   1.9125419    
   1.9060373    
   1.8995807    
   1.8931714    
   1.8868085    
   1.8804913    
   1.8742189    
   1.8679907    
   1.8618062    
   1.8556643    
   1.8495646    
   1.8435062    
   1.8374888    
   1.8315116    
   1.8255739    
   1.8196753    
   1.8138152    
   1.8079929    
   1.8022079    
   1.7964598    
   1.7907480    
   1.7850718    
   1.7794310    
   1.7738249    
   1.7682531    
   1.7627152    
   1.7572106    
   1.7517390    
   1.7462999    
   1.7408928    
   1.7355174    
   1.7301731    
   1.7248598    
   1.7195770    
   1.7143241    
   1.7091010    
   1.7039071    
   1.6987423    
   1.6936060    
   1.6884980    
   1.6834180    
   1.6783655    
   1.6733403    
   1.6683420    
   1.6633704    
   1.6584251    
   1.6535057    
   1.6486121    
   1.6437440    
   1.6389010    
   1.6340828    
   1.6292892    
   1.6245199    
   1.6197747    
   1.6150533    
   1.6103554    
   1.6056807    
   1.6010292    
   1.5964004    
   1.5917941    
   1.5872102    
   1.5826483    
   1.5781082    
   1.5735898    
   1.5690929    
   1.5646170    
   1.5601623    
   1.5557282    
   1.5513147    
   1.5469216    
   1.5425487    
   1.5381956    
   1.5338625    
   1.5295488    
   1.5252545    
   1.5209795    
   1.5167235    
   1.5124863    
   1.5082678    
   1.5040678    
   1.4998862    
   1.4957227    
   1.4915770    
   1.4874494    
   1.4833393    
   1.4792469    
   1.4751717    
   1.4711137    
   1.4670727    
   1.4630487    
   1.4590415    
   1.4550507    
   1.4510765    
   1.4471186    
   1.4431769    
   1.4392512    
   1.4353414    
   1.4314474    
   1.4275689    
   1.4237061    
   1.4198586    
   1.4160262    
   1.4122092    
   1.4084070    
   1.4046197    
   1.4008472    
   1.3970894    
   1.3933460    
   1.3896171    
   1.3859024    
   1.3822019    
   1.3785155    
   1.3748430    
   1.3711843    
   1.3675395    
   1.3639083    
   1.3602905    
   1.3566862    
   1.3530953    
   1.3495175    
   1.3459529    
   1.3424013    
   1.3388625    
   1.3353367    
   1.3318235    
   1.3283230    
   1.3248351    
   1.3213595    
   1.3178964    
   1.3144455    
   1.3110068    
   1.3075802    
   1.3041656    
   1.3007629    
   1.2973721    
   1.2939930    
   1.2906256    
   1.2872698    
   1.2839255    
   1.2805926    
   1.2772710    
   1.2739608    
   1.2706617    
   1.2673738    
   1.2640969    
   1.2608309    
   1.2575758    
   1.2543316    
   1.2510980    
   1.2478752    
   1.2446630    
   1.2414613    
   1.2382700    
   1.2350892    
   1.2319187    
   1.2287583    
   1.2256082    
   1.2224684    
   1.2193384    
   1.2162185    
   1.2131085    
   1.2100084    
   1.2069181    
   1.2038375    
   1.2007666    
   1.1977053    
   1.1946536    
   1.1916114    
   1.1885786    
   1.1855551    
   1.1825410    
   1.1795362    
   1.1765406    
   1.1735541    
   1.1705767    
   1.1676084    
   1.1646490    
   1.1616986    
   1.1587571    
   1.1558243    
   1.1529003    
   1.1499851    
   1.1470785    
   1.1441805    
   1.1412911    
   1.1384103    
   1.1355379    
   1.1326739    
   1.1298182    
   1.1269709    
   1.1241318    
   1.1213011    
   1.1184783    
   1.1156638    
   1.1128573    
   1.1100589    
   1.1072685    
   1.1044860    
   1.1017114    
   1.0989447    
   1.0961858    
   1.0934346    
   1.0906912    
   1.0879555    
   1.0852273    
   1.0825068    
   1.0797938    
   1.0770884    
   1.0743904    
   1.0716999    
   1.0690167    
   1.0663409    
   1.0636724    
   1.0610112    
   1.0583572    
   1.0557104    
