   2.8739898    
   2.7657731    
   2.6844137    
   2.6171486    
   2.5589862    
   2.5073421    
   2.4606676    
   2.4179461    
   2.3784649    
   2.3417020    
   2.3072608    
   2.2748308    
   2.2441642    
   2.2150593    
   2.1873486    
   2.1608918    
   2.1355703    
   2.1112816    
   2.0879381    
   2.0654624    
   2.0437870    
   2.0228524    
   2.0026057    
   1.9829997    
   1.9639919    
   1.9455440    
   1.9276216    
   1.9101933    
   1.8932304    
   1.8767071    
   1.8605992    
   1.8448849    
   1.8295438    
   1.8145574    
   1.7999084    
   1.7855808    
   1.7715596    
   1.7578310    
   1.7443820    
   1.7312007    
   1.7182757    
   1.7055964    
   1.6931529    
   1.6809359    
   1.6689366    
   1.6571467    
   1.6455585    
   1.6341645    
   1.6229578    
   1.6119318    
   1.6010803    
   1.5903974    
   1.5798774    
   1.5695149    
   1.5593051    
   1.5492427    
   1.5393237    
   1.5295432    
   1.5198972    
   1.5103818    
   1.5009931    
   1.4917275    
   1.4825814    
   1.4735515    
   1.4646347    
   1.4558277    
   1.4471278    
   1.4385321    
   1.4300377    
   1.4216424    
   1.4133433    
   1.4051383    
   1.3970248    
   1.3890008    
   1.3810639    
   1.3732122    
   1.3654438    
   1.3577566    
   1.3501488    
   1.3426186    
   1.3351643    
   1.3277842    
   1.3204765    
   1.3132401    
   1.3060730    
   1.2989740    
   1.2919416    
   1.2849745    
   1.2780713    
   1.2712307    
   1.2644514    
   1.2577324    
   1.2510724    
   1.2444702    
   1.2379247    
   1.2314349    
   1.2249999    
   1.2186184    
   1.2122896    
   1.2060124    
   1.1997859    
   1.1936094    
   1.1874818    
   1.1814023    
   1.1753701    
   1.1693844    
   1.1634443    
   1.1575491    
   1.1516981    
   1.1458906    
   1.1401258    
   1.1344030    
   1.1287215    
   1.1230807    
   1.1174800    
   1.1119188    
   1.1063963    
   1.1009121    
   1.0954654    
   1.0900559    
   1.0846828    
   1.0793457    
   1.0740441    
   1.0687773    
   1.0635450    
   1.0583465    
   1.0531815    
   1.0480494    
   1.0429498    
   1.0378823    
   1.0328463    
   1.0278414    
   1.0228674    
   1.0179236    
   1.0130098    
   1.0081254    
   1.0032701    
  0.99844366    
  0.99364549    
  0.98887533    
  0.98413283    
  0.97941756    
  0.97472924    
  0.97006756    
  0.96543211    
  0.96082258    
  0.95623869    
  0.95168012    
  0.94714653    
  0.94263762    
  0.93815315    
  0.93369281    
  0.92925626    
  0.92484325    
  0.92045355    
  0.91608679    
  0.91174281    
  0.90742135    
  0.90312207    
  0.89884472    
  0.89458919    
  0.89035505    
  0.88614225    
  0.88195038    
  0.87777936    
  0.87362885    
  0.86949873    
  0.86538869    
  0.86129856    
  0.85722816    
  0.85317719    
  0.84914553    
  0.84513295    
  0.84113926    
  0.83716428    
  0.83320773    
  0.82926959    
  0.82534951    
  0.82144737    
  0.81756306    
  0.81369627    
  0.80984694    
  0.80601484    
  0.80219978    
  0.79840171    
  0.79462034    
  0.79085559    
  0.78710723    
  0.78337514    
  0.77965921    
  0.77595925    
  0.77227509    
  0.76860660    
  0.76495367    
  0.76131612    
  0.75769377    
  0.75408661    
  0.75049436    
  0.74691695    
  0.74335426    
  0.73980612    
  0.73627245    
  0.73275310    
  0.72924799    
  0.72575688    
  0.72227973    
  0.71881640    
  0.71536678    
  0.71193081    
  0.70850825    
  0.70509905    
  0.70170313    
  0.69832039    
  0.69495058    
  0.69159377    
  0.68824977    
  0.68491846    
  0.68159974    
  0.67829353    
  0.67499977    
  0.67171830    
  0.66844898    
  0.66519183    
  0.66194665    
  0.65871340    
  0.65549201    
  0.65228230    
  0.64908427    
  0.64589775    
  0.64272273    
  0.63955903    
  0.63640666    
  0.63326550    
  0.63013542    
  0.62701637    
  0.62390828    
  0.62081105    
  0.61772460    
  0.61464888    
  0.61158377    
  0.60852921    
  0.60548514    
  0.60245144    
  0.59942812    
  0.59641498    
  0.59341204    
  0.59041917    
  0.58743632    
  0.58446348    
  0.58150047    
  0.57854730    
  0.57560390    
  0.57267016    
  0.56974602    
  0.56683147    
  0.56392634    
  0.56103069    
  0.55814433    
  0.55526727    
  0.55239946    
  0.54954082    
  0.54669124    
  0.54385072    
  0.54101920    
  0.53819656    
  0.53538281    
  0.53257781    
  0.52978164    
  0.52699411    
  0.52421522    
  0.52144486    
  0.51868308    
  0.51592970    
  0.51318479    
  0.51044822    
  0.50771993    
  0.50499994    
  0.50228810    
  0.49958444    
  0.49688885    
  0.49420130    
  0.49152178    
  0.48885018    
  0.48618647    
  0.48353064    
  0.48088259    
  0.47824228    
  0.47560969    
  0.47298476    
  0.47036743    
  0.46775767    
  0.46515542    
  0.46256068    
  0.45997334    
  0.45739341    
  0.45482081    
  0.45225552    
  0.44969746    
  0.44714665    
  0.44460300    
