   3.1364062    
   3.1339879    
   3.1319516    
   3.1300857    
   3.1283133    
   3.1265965    
   3.1249139    
   3.1232533    
   3.1216059    
   3.1199665    
   3.1183307    
   3.1166961    
   3.1150606    
   3.1134226    
   3.1117811    
   3.1101356    
   3.1084852    
   3.1068299    
   3.1051691    
   3.1035028    
   3.1018307    
   3.1001532    
   3.0984700    
   3.0967810    
   3.0950868    
   3.0933871    
   3.0916822    
   3.0899720    
   3.0882571    
   3.0865371    
   3.0848124    
   3.0830832    
   3.0813496    
   3.0796120    
   3.0778701    
   3.0761244    
   3.0743749    
   3.0726218    
   3.0708654    
   3.0691056    
   3.0673428    
   3.0655768    
   3.0638080    
   3.0620365    
   3.0602627    
   3.0584862    
   3.0567074    
   3.0549266    
   3.0531435    
   3.0513587    
   3.0495720    
   3.0477836    
   3.0459936    
   3.0442021    
   3.0424094    
   3.0406153    
   3.0388200    
   3.0370238    
   3.0352266    
   3.0334284    
   3.0316293    
   3.0298297    
   3.0280294    
   3.0262287    
   3.0244274    
   3.0226259    
   3.0208240    
   3.0190217    
   3.0172195    
   3.0154171    
   3.0136149    
   3.0118124    
   3.0100102    
   3.0082083    
   3.0064065    
   3.0046051    
   3.0028038    
   3.0010033    
   2.9992030    
   2.9974031    
   2.9956040    
   2.9938056    
   2.9920077    
   2.9902105    
   2.9884140    
   2.9866185    
   2.9848239    
   2.9830301    
   2.9812372    
   2.9794452    
   2.9776542    
   2.9758644    
   2.9740756    
   2.9722879    
   2.9705014    
   2.9687161    
   2.9669321    
   2.9651492    
   2.9633677    
   2.9615874    
   2.9598086    
   2.9580309    
   2.9562550    
   2.9544802    
   2.9527068    
   2.9509351    
   2.9491649    
   2.9473960    
   2.9456289    
   2.9438632    
   2.9420991    
   2.9403367    
   2.9385757    
   2.9368167    
   2.9350593    
   2.9333034    
   2.9315493    
   2.9297969    
   2.9280462    
   2.9262974    
   2.9245503    
   2.9228048    
   2.9210615    
   2.9193196    
   2.9175799    
   2.9158418    
   2.9141057    
   2.9123714    
   2.9106390    
   2.9089086    
   2.9071798    
   2.9054532    
   2.9037285    
   2.9020057    
   2.9002848    
   2.8985660    
   2.8968492    
   2.8951342    
   2.8934212    
   2.8917103    
   2.8900013    
   2.8882945    
   2.8865895    
   2.8848865    
   2.8831859    
   2.8814869    
   2.8797903    
   2.8780956    
   2.8764029    
   2.8747125    
   2.8730240    
   2.8713374    
   2.8696532    
   2.8679709    
   2.8662908    
   2.8646128    
   2.8629367    
   2.8612630    
   2.8595912    
   2.8579216    
   2.8562543    
   2.8545890    
   2.8529255    
   2.8512645    
   2.8496056    
   2.8479488    
   2.8462939    
   2.8446414    
   2.8429911    
   2.8413427    
   2.8396966    
   2.8380527    
   2.8364108    
   2.8347712    
   2.8331337    
   2.8314981    
   2.8298650    
   2.8282340    
   2.8266051    
   2.8249784    
   2.8233538    
   2.8217313    
   2.8201110    
   2.8184929    
   2.8168769    
   2.8152630    
   2.8136513    
   2.8120420    
   2.8104346    
   2.8088293    
   2.8072264    
   2.8056254    
   2.8040268    
   2.8024304    
   2.8008358    
   2.7992437    
   2.7976537    
   2.7960658    
   2.7944798    
   2.7928963    
   2.7913148    
   2.7897356    
   2.7881584    
   2.7865834    
   2.7850106    
   2.7834399    
   2.7818713    
   2.7803047    
   2.7787404    
   2.7771783    
   2.7756183    
   2.7740605    
   2.7725046    
   2.7709510    
   2.7693994    
   2.7678502    
   2.7663028    
   2.7647576    
   2.7632148    
   2.7616739    
   2.7601352    
   2.7585983    
   2.7570639    
   2.7555315    
   2.7540011    
   2.7524729    
   2.7509468    
   2.7494228    
   2.7479007    
   2.7463810    
   2.7448633    
   2.7433476    
   2.7418339    
   2.7403226    
   2.7388132    
   2.7373059    
   2.7358005    
   2.7342973    
   2.7327962    
   2.7312973    
   2.7298002    
   2.7283053    
   2.7268126    
   2.7253218    
   2.7238331    
   2.7223463    
   2.7208617    
   2.7193789    
   2.7178984    
   2.7164199    
   2.7149434    
   2.7134690    
   2.7119966    
   2.7105262    
   2.7090578    
   2.7075913    
   2.7061269    
   2.7046647    
   2.7032044    
   2.7017460    
   2.7002897    
   2.6988354    
   2.6973832    
   2.6959326    
   2.6944845    
   2.6930380    
   2.6915936    
   2.6901512    
   2.6887109    
   2.6872723    
   2.6858358    
   2.6844013    
   2.6829689    
   2.6815383    
   2.6801095    
   2.6786830    
   2.6772583    
   2.6758354    
   2.6744146    
   2.6729956    
   2.6715786    
   2.6701636    
   2.6687505    
   2.6673393    
   2.6659300    
   2.6645226    
   2.6631174    
   2.6617138    
   2.6603122    
   2.6589124    
   2.6575148    
   2.6561189    
   2.6547248    
   2.6533327    
   2.6519425    
   2.6505542    
   2.6491675    
   2.6477830    
   2.6464002    
   2.6450195    
