  0.33922863    
  0.44664633    
  0.51330084    
  0.55955744    
  0.59349281    
  0.61923188    
  0.63917679    
  0.65484738    
  0.66726291    
  0.67713726    
  0.68498766    
  0.69119948    
  0.69606614    
  0.69981557    
  0.70262766    
  0.70464641    
  0.70598859    
  0.70674986    
  0.70700926    
  0.70683295    
  0.70627648    
  0.70538694    
  0.70420444    
  0.70276338    
  0.70109361    
  0.69922072    
  0.69716722    
  0.69495267    
  0.69259429    
  0.69010729    
  0.68750495    
  0.68479925    
  0.68200082    
  0.67911899    
  0.67616218    
  0.67313808    
  0.67005342    
  0.66691434    
  0.66372633    
  0.66049445    
  0.65722311    
  0.65391654    
  0.65057844    
  0.64721221    
  0.64382088    
  0.64040732    
  0.63697416    
  0.63352364    
  0.63005805    
  0.62657934    
  0.62308931    
  0.61958963    
  0.61608183    
  0.61256737    
  0.60904747    
  0.60552341    
  0.60199624    
  0.59846705    
  0.59493667    
  0.59140611    
  0.58787608    
  0.58434731    
  0.58082056    
  0.57729638    
  0.57377547    
  0.57025826    
  0.56674528    
  0.56323701    
  0.55973387    
  0.55623627    
  0.55274463    
  0.54925913    
  0.54578024    
  0.54230821    
  0.53884327    
  0.53538567    
  0.53193563    
  0.52849340    
  0.52505916    
  0.52163309    
  0.51821530    
  0.51480603    
  0.51140535    
  0.50801337    
  0.50463027    
  0.50125605    
  0.49789092    
  0.49453491    
  0.49118808    
  0.48785052    
  0.48452228    
  0.48120344    
  0.47789401    
  0.47459403    
  0.47130358    
  0.46802264    
  0.46475127    
  0.46148950    
  0.45823729    
  0.45499471    
  0.45176172    
  0.44853839    
  0.44532466    
  0.44212052    
  0.43892604    
  0.43574116    
  0.43256584    
  0.42940015    
  0.42624402    
  0.42309743    
  0.41996038    
  0.41683286    
  0.41371483    
  0.41060624    
  0.40750712    
  0.40441743    
  0.40133709    
  0.39826614    
  0.39520451    
  0.39215219    
  0.38910913    
  0.38607532    
  0.38305071    
  0.38003525    
  0.37702891    
  0.37403169    
  0.37104350    
  0.36806434    
  0.36509418    
  0.36213297    
  0.35918063    
  0.35623717    
  0.35330257    
  0.35037673    
  0.34745964    
  0.34455127    
  0.34165156    
  0.33876047    
  0.33587798    
  0.33300403    
  0.33013859    
  0.32728162    
  0.32443306    
  0.32159290    
  0.31876108    
  0.31593755    
  0.31312227    
  0.31031525    
  0.30751637    
  0.30472565    
  0.30194300    
  0.29916844    
  0.29640186    
  0.29364327    
  0.29089260    
  0.28814983    
  0.28541493    
  0.28268781    
  0.27996850    
  0.27725688    
  0.27455297    
  0.27185673    
  0.26916808    
  0.26648703    
  0.26381350    
  0.26114744    
  0.25848886    
  0.25583771    
  0.25319394    
  0.25055748    
  0.24792835    
  0.24530649    
  0.24269184    
  0.24008439    
  0.23748411    
  0.23489092    
  0.23230483    
  0.22972578    
  0.22715373    
  0.22458865    
  0.22203052    
  0.21947928    
  0.21693490    
  0.21439736    
  0.21186660    
  0.20934260    
  0.20682533    
  0.20431475    
  0.20181084    
  0.19931352    
  0.19682281    
  0.19433865    
  0.19186102    
  0.18938985    
  0.18692517    
  0.18446690    
  0.18201502    
  0.17956948    
  0.17713028    
  0.17469738    
  0.17227075    
  0.16985033    
  0.16743612    
  0.16502808    
  0.16262618    
  0.16023038    
  0.15784067    
  0.15545700    
  0.15307935    
  0.15070768    
  0.14834198    
  0.14598221    
  0.14362833    
  0.14128032    
  0.13893816    
  0.13660181    
  0.13427123    
  0.13194643    
  0.12962736    
  0.12731399    
  0.12500629    
  0.12270423    
  0.12040780    
  0.11811696    
  0.11583169    
  0.11355195    
  0.11127773    
  0.10900900    
  0.10674573    
  0.10448790    
  0.10223547    
  9.99884233E-02
  9.77467448E-02
  9.55103934E-02
  9.32793468E-02
  9.10535902E-02
  8.88330936E-02
  8.66178274E-02
  8.44077766E-02
  8.22029114E-02
  8.00032094E-02
  7.78086409E-02
  7.56191984E-02
  7.34348372E-02
  7.12555423E-02
  6.90813065E-02
  6.69120848E-02
  6.47478551E-02
  6.25886098E-02
  6.04343191E-02
  5.82849644E-02
  5.61405122E-02
  5.40009513E-02
  5.18662594E-02
  4.97364029E-02
  4.76113781E-02
  4.54911552E-02
  4.33757044E-02
  4.12650108E-02
  3.91590595E-02
  3.70578244E-02
  3.49612944E-02
  3.28694209E-02
  3.07822116E-02
  2.86996476E-02
  2.66216788E-02
  2.45483238E-02
  2.24795267E-02
  2.04152819E-02
  1.83556005E-02
  1.63003970E-02
  1.42497085E-02
  1.22034997E-02
  1.01617463E-02
  8.12444463E-03
  6.09156769E-03
  4.06299764E-03
  2.03882926E-03
  2.60857159E-05
   3.1395965    
   3.1375854    
   3.1355786    
   3.1335762    
   3.1315780    
   3.1295838    
   3.1275942    
   3.1256087    
   3.1236274    
   3.1216502    
   3.1196773    
   3.1177087    
   3.1157439    
   3.1137834    
   3.1118269    
   3.1098747    
   3.1079264    
   3.1059821    
   3.1040418    
   3.1021056    
   3.1001735    
