   1.1255457    
   1.1855261    
   1.2015314    
   1.2043016    
   1.2014788    
   1.1958889    
   1.1888101    
   1.1808971    
   1.1725142    
   1.1638762    
   1.1551154    
   1.1463153    
   1.1375306    
   1.1287965    
   1.1201363    
   1.1115651    
   1.1030927    
   1.0947248    
   1.0864646    
   1.0783136    
   1.0702718    
   1.0623386    
   1.0545121    
   1.0467908    
   1.0391724    
   1.0316546    
   1.0242349    
   1.0169107    
   1.0096796    
   1.0025390    
  0.99548644    
  0.98851955    
  0.98163587    
  0.97483313    
  0.96810913    
  0.96146160    
  0.95488858    
  0.94838798    
  0.94195783    
  0.93559635    
  0.92930168    
  0.92307210    
  0.91690588    
  0.91080153    
  0.90475744    
  0.89877206    
  0.89284408    
  0.88697201    
  0.88115460    
  0.87539053    
  0.86967856    
  0.86401749    
  0.85840625    
  0.85284364    
  0.84732866    
  0.84186023    
  0.83643740    
  0.83105916    
  0.82572466    
  0.82043290    
  0.81518304    
  0.80997431    
  0.80480582    
  0.79967684    
  0.79458660    
  0.78953427    
  0.78451926    
  0.77954078    
  0.77459824    
  0.76969093    
  0.76481825    
  0.75997961    
  0.75517434    
  0.75040185    
  0.74566168    
  0.74095321    
  0.73627597    
  0.73162931    
  0.72701287    
  0.72242612    
  0.71786857    
  0.71333975    
  0.70883918    
  0.70436651    
  0.69992119    
  0.69550294    
  0.69111121    
  0.68674570    
  0.68240601    
  0.67809176    
  0.67380255    
  0.66953808    
  0.66529793    
  0.66108179    
  0.65688938    
  0.65272021    
  0.64857417    
  0.64445078    
  0.64034981    
  0.63627100    
  0.63221395    
  0.62817848    
  0.62416422    
  0.62017095    
  0.61619842    
  0.61224633    
  0.60831445    
  0.60440254    
  0.60051030    
  0.59663749    
  0.59278393    
  0.58894938    
  0.58513361    
  0.58133632    
  0.57755744    
  0.57379663    
  0.57005376    
  0.56632853    
  0.56262088    
  0.55893046    
  0.55525720    
  0.55160081    
  0.54796124    
  0.54433811    
  0.54073143    
  0.53714091    
  0.53356647    
  0.53000784    
  0.52646488    
  0.52293748    
  0.51942539    
  0.51592851    
  0.51244670    
  0.50897980    
  0.50552762    
  0.50208998    
  0.49866685    
  0.49525803    
  0.49186334    
  0.48848271    
  0.48511595    
  0.48176298    
  0.47842360    
  0.47509772    
  0.47178522    
  0.46848595    
  0.46519980    
  0.46192667    
  0.45866638    
  0.45541888    
  0.45218402    
  0.44896168    
  0.44575176    
  0.44255415    
  0.43936875    
  0.43619543    
  0.43303409    
  0.42988461    
  0.42674693    
  0.42362094    
  0.42050648    
  0.41740352    
  0.41431195    
  0.41123167    
  0.40816253    
  0.40510455    
  0.40205753    
  0.39902145    
  0.39599615    
  0.39298165    
  0.38997775    
  0.38698444    
  0.38400158    
  0.38102916    
  0.37806702    
  0.37511513    
  0.37217337    
  0.36924168    
  0.36632001    
  0.36340827    
  0.36050633    
  0.35761419    
  0.35473174    
  0.35185888    
  0.34899560    
  0.34614179    
  0.34329736    
  0.34046230    
  0.33763650    
  0.33481988    
  0.33201241    
  0.32921401    
  0.32642460    
  0.32364413    
  0.32087252    
  0.31810972    
  0.31535569    
  0.31261033    
  0.30987361    
  0.30714542    
  0.30442578    
  0.30171454    
  0.29901171    
  0.29631722    
  0.29363099    
  0.29095298    
  0.28828314    
  0.28562137    
  0.28296769    
  0.28032202    
  0.27768427    
  0.27505443    
  0.27243242    
  0.26981819    
  0.26721171    
  0.26461291    
  0.26202178    
  0.25943822    
  0.25686219    
  0.25429368    
  0.25173259    
  0.24917892    
  0.24663259    
  0.24409357    
  0.24156182    
  0.23903728    
  0.23651990    
  0.23400965    
  0.23150650    
  0.22901037    
  0.22652125    
  0.22403908    
  0.22156383    
  0.21909544    
  0.21663389    
  0.21417911    
  0.21173109    
  0.20928979    
  0.20685515    
  0.20442714    
  0.20200571    
  0.19959085    
  0.19718249    
  0.19478062    
  0.19238520    
  0.18999615    
  0.18761349    
  0.18523715    
  0.18286711    
  0.18050332    
  0.17814577    
  0.17579439    
  0.17344917    
  0.17111008    
  0.16877706    
  0.16645010    
  0.16412915    
  0.16181420    
  0.15950520    
  0.15720211    
  0.15490492    
  0.15261358    
  0.15032806    
  0.14804834    
  0.14577438    
  0.14350615    
  0.14124362    
  0.13898677    
  0.13673556    
  0.13448995    
  0.13224994    
  0.13001546    
  0.12778653    
  0.12556309    
  0.12334510    
  0.12113256    
  0.11892543    
  0.11672369    
  0.11452729    
  0.11233623    
  0.11015047    
  0.10796999    
  0.10579475    
  0.10362474    
  0.10145992    
  9.93002653E-02
  9.71457660E-02
  9.49963853E-02
  9.28520933E-02
  9.07128677E-02
  8.85786936E-02
  8.64495337E-02
  8.43253657E-02
  8.22061822E-02
  8.00919309E-02
  7.79826045E-02
  7.58781806E-02
  7.37786368E-02
  7.16839358E-02
  6.95940703E-02
