   1.7194171    
   1.6124917    
   1.5522197    
   1.5089663    
   1.4745326    
   1.4455161    
   1.4201823    
   1.3975273    
   1.3769170    
   1.3579248    
   1.3402493    
   1.3236692    
   1.3080175    
   1.2931639    
   1.2790058    
   1.2654597    
   1.2524575    
   1.2399426    
   1.2278672    
   1.2161909    
   1.2048789    
   1.1939011    
   1.1832312    
   1.1728464    
   1.1627263    
   1.1528527    
   1.1432097    
   1.1337829    
   1.1245590    
   1.1155267    
   1.1066749    
   1.0979941    
   1.0894754    
   1.0811106    
   1.0728923    
   1.0648136    
   1.0568680    
   1.0490497    
   1.0413532    
   1.0337734    
   1.0263056    
   1.0189452    
   1.0116881    
   1.0045307    
  0.99746889    
  0.99049956    
  0.98361939    
  0.97682530    
  0.97011441    
  0.96348411    
  0.95693165    
  0.95045477    
  0.94405103    
  0.93771827    
  0.93145442    
  0.92525750    
  0.91912562    
  0.91305697    
  0.90704978    
  0.90110242    
  0.89521337    
  0.88938111    
  0.88360417    
  0.87788123    
  0.87221086    
  0.86659193    
  0.86102313    
  0.85550332    
  0.85003138    
  0.84460616    
  0.83922672    
  0.83389205    
  0.82860106    
  0.82335299    
  0.81814682    
  0.81298172    
  0.80785686    
  0.80277145    
  0.79772466    
  0.79271579    
  0.78774405    
  0.78280878    
  0.77790928    
  0.77304488    
  0.76821488    
  0.76341879    
  0.75865591    
  0.75392568    
  0.74922752    
  0.74456084    
  0.73992521    
  0.73532003    
  0.73074478    
  0.72619897    
  0.72168219    
  0.71719396    
  0.71273375    
  0.70830119    
  0.70389581    
  0.69951719    
  0.69516492    
  0.69083869    
  0.68653798    
  0.68226248    
  0.67801183    
  0.67378569    
  0.66958368    
  0.66540539    
  0.66125059    
  0.65711892    
  0.65301007    
  0.64892370    
  0.64485949    
  0.64081717    
  0.63679647    
  0.63279712    
  0.62881881    
  0.62486124    
  0.62092417    
  0.61700732    
  0.61311048    
  0.60923344    
  0.60537583    
  0.60153747    
  0.59771818    
  0.59391761    
  0.59013569    
  0.58637208    
  0.58262658    
  0.57889903    
  0.57518917    
  0.57149684    
  0.56782180    
  0.56416392    
  0.56052291    
  0.55689871    
  0.55329096    
  0.54969966    
  0.54612452    
  0.54256541    
  0.53902215    
  0.53549451    
  0.53198242    
  0.52848572    
  0.52500415    
  0.52153760    
  0.51808596    
  0.51464909    
  0.51122671    
  0.50781882    
  0.50442523    
  0.50104570    
  0.49768025    
  0.49432868    
  0.49099079    
  0.48766655    
  0.48435575    
  0.48105830    
  0.47777408    
  0.47450295    
  0.47124478    
  0.46799949    
  0.46476689    
  0.46154693    
  0.45833948    
  0.45514441    
  0.45196164    
  0.44879100    
  0.44563243    
  0.44248584    
  0.43935105    
  0.43622804    
  0.43311667    
  0.43001685    
  0.42692846    
  0.42385143    
  0.42078564    
  0.41773102    
  0.41468745    
  0.41165486    
  0.40863314    
  0.40562221    
  0.40262201    
  0.39963239    
  0.39665332    
  0.39368472    
  0.39072645    
  0.38777846    
  0.38484067    
  0.38191301    
  0.37899539    
  0.37608773    
  0.37318993    
  0.37030196    
  0.36742371    
  0.36455512    
  0.36169612    
  0.35884663    
  0.35600659    
  0.35317591    
  0.35035455    
  0.34754241    
  0.34473941    
  0.34194553    
  0.33916068    
  0.33638480    
  0.33361784    
  0.33085969    
  0.32811034    
  0.32536969    
  0.32263768    
  0.31991425    
  0.31719938    
  0.31449297    
  0.31179497    
  0.30910531    
  0.30642396    
  0.30375084    
  0.30108592    
  0.29842910    
  0.29578039    
  0.29313967    
  0.29050693    
  0.28788209    
  0.28526512    
  0.28265595    
  0.28005454    
  0.27746084    
  0.27487478    
  0.27229634    
  0.26972547    
  0.26716208    
  0.26460618    
  0.26205769    
  0.25951654    
  0.25698274    
  0.25445619    
  0.25193688    
  0.24942476    
  0.24691977    
  0.24442187    
  0.24193102    
  0.23944718    
  0.23697031    
  0.23450036    
  0.23203729    
  0.22958106    
  0.22713162    
  0.22468895    
  0.22225299    
  0.21982372    
  0.21740107    
  0.21498503    
  0.21257554    
  0.21017258    
  0.20777610    
  0.20538607    
  0.20300245    
  0.20062520    
  0.19825429    
  0.19588967    
  0.19353132    
  0.19117920    
  0.18883327    
  0.18649350    
  0.18415985    
  0.18183230    
  0.17951079    
  0.17719531    
  0.17488582    
  0.17258228    
  0.17028467    
  0.16799295    
  0.16570710    
  0.16342705    
  0.16115282    
  0.15888435    
  0.15662161    
  0.15436459    
  0.15211321    
  0.14986750    
  0.14762740    
  0.14539286    
  0.14316390    
  0.14094046    
  0.13872251    
  0.13651004    
  0.13430300    
  0.13210137    
  0.12990512    
  0.12771423    
  0.12552868    
  0.12334842    
  0.12117344    
  0.11900371    
  0.11683920    
  0.11467988    
  0.11252574    
  0.11037673    
  0.10823285    
