   3.0536704    
   3.0173540    
   2.9895570    
   2.9661810    
   2.9456372    
   2.9271097    
   2.9101138    
   2.8943334    
   2.8795481    
   2.8655982    
   2.8523622    
   2.8397462    
   2.8276753    
   2.8160889    
   2.8049362    
   2.7941759    
   2.7837720    
   2.7736943    
   2.7639167    
   2.7544160    
   2.7451723    
   2.7361681    
   2.7273874    
   2.7188160    
   2.7104418    
   2.7022531    
   2.6942394    
   2.6863918    
   2.6787014    
   2.6711605    
   2.6637619    
   2.6564991    
   2.6493659    
   2.6423564    
   2.6354659    
   2.6286891    
   2.6220214    
   2.6154590    
   2.6089973    
   2.6026332    
   2.5963631    
   2.5901833    
   2.5840909    
   2.5780830    
   2.5721571    
   2.5663102    
   2.5605400    
   2.5548444    
   2.5492206    
   2.5436671    
   2.5381813    
   2.5327618    
   2.5274067    
   2.5221140    
   2.5168822    
   2.5117097    
   2.5065951    
   2.5015366    
   2.4965332    
   2.4915833    
   2.4866860    
   2.4818394    
   2.4770429    
   2.4722953    
   2.4675951    
   2.4629419    
   2.4583340    
   2.4537709    
   2.4492514    
   2.4447746    
   2.4403400    
   2.4359462    
   2.4315929    
   2.4272788    
   2.4230037    
   2.4187663    
   2.4145660    
   2.4104025    
   2.4062748    
   2.4021823    
   2.3981245    
   2.3941004    
   2.3901098    
   2.3861520    
   2.3822262    
   2.3783324    
   2.3744695    
   2.3706374    
   2.3668354    
   2.3630631    
   2.3593199    
   2.3556054    
   2.3519189    
   2.3482606    
   2.3446295    
   2.3410254    
   2.3374479    
   2.3338964    
   2.3303707    
   2.3268704    
   2.3233953    
   2.3199449    
   2.3165185    
   2.3131163    
   2.3097377    
   2.3063824    
   2.3030500    
   2.2997403    
   2.2964530    
   2.2931879    
   2.2899444    
   2.2867224    
   2.2835217    
   2.2803419    
   2.2771826    
   2.2740440    
   2.2709253    
   2.2678266    
   2.2647476    
   2.2616880    
   2.2586474    
   2.2556257    
   2.2526228    
   2.2496386    
   2.2466724    
   2.2437243    
   2.2407939    
   2.2378814    
   2.2349863    
   2.2321081    
   2.2292471    
   2.2264030    
   2.2235756    
   2.2207644    
   2.2179697    
   2.2151911    
   2.2124283    
   2.2096813    
   2.2069497    
   2.2042339    
   2.2015331    
   2.1988473    
   2.1961765    
   2.1935205    
   2.1908791    
   2.1882520    
   2.1856394    
   2.1830409    
   2.1804564    
   2.1778860    
   2.1753292    
   2.1727858    
   2.1702561    
   2.1677396    
   2.1652365    
   2.1627462    
   2.1602690    
   2.1578047    
   2.1553531    
   2.1529140    
   2.1504874    
   2.1480730    
   2.1456709    
   2.1432810    
   2.1409030    
   2.1385369    
   2.1361825    
   2.1338401    
   2.1315091    
   2.1291893    
   2.1268811    
   2.1245840    
   2.1222982    
   2.1200235    
   2.1177595    
   2.1155066    
   2.1132643    
   2.1110327    
   2.1088119    
   2.1066012    
   2.1044011    
   2.1022115    
   2.1000319    
   2.0978622    
   2.0957029    
   2.0935535    
   2.0914140    
   2.0892842    
   2.0871642    
   2.0850537    
   2.0829527    
   2.0808613    
   2.0787792    
   2.0767066    
   2.0746431    
   2.0725887    
   2.0705435    
   2.0685074    
   2.0664802    
   2.0644617    
   2.0624523    
   2.0604515    
   2.0584593    
   2.0564759    
   2.0545008    
   2.0525343    
   2.0505762    
   2.0486262    
   2.0466847    
   2.0447514    
   2.0428264    
   2.0409093    
   2.0390003    
   2.0370991    
   2.0352058    
   2.0333207    
   2.0314431    
   2.0295732    
   2.0277112    
   2.0258565    
   2.0240095    
   2.0221701    
   2.0203381    
   2.0185134    
   2.0166960    
   2.0148861    
   2.0130832    
   2.0112877    
   2.0094993    
   2.0077178    
   2.0059435    
   2.0041761    
   2.0024157    
   2.0006621    
   1.9989154    
   1.9971755    
   1.9954423    
   1.9937158    
   1.9919958    
   1.9902825    
   1.9885758    
   1.9868757    
   1.9851819    
   1.9834945    
   1.9818137    
   1.9801390    
   1.9784707    
   1.9768085    
   1.9751527    
   1.9735030    
   1.9718593    
   1.9702219    
   1.9685904    
   1.9669648    
   1.9653454    
   1.9637318    
   1.9621240    
   1.9605222    
   1.9589261    
   1.9573357    
   1.9557512    
   1.9541723    
   1.9525990    
   1.9510314    
   1.9494693    
   1.9479129    
   1.9463619    
   1.9448164    
   1.9432763    
   1.9417417    
   1.9402124    
   1.9386884    
   1.9371698    
   1.9356564    
   1.9341483    
   1.9326453    
   1.9311476    
   1.9296550    
   1.9281675    
   1.9266850    
   1.9252076    
   1.9237353    
   1.9222678    
   1.9208053    
   1.9193479    
   1.9178952    
   1.9164474    
   1.9150045    
   1.9135664    
   1.9121330    
   1.9107044    
   1.9092804    
   1.9078612    
   1.9064467    
   1.9050368    
   1.9036314    
   1.9022307    
   1.9008344    
   1.8994428    
   1.8980557    
