   3.0498095    
   3.0118282    
   2.9827089    
   2.9581809    
   2.9365897    
   2.9170861    
   2.8991659    
   2.8824999    
   2.8668599    
   2.8520796    
   2.8380334    
   2.8246233    
   2.8117721    
   2.7994168    
   2.7875049    
   2.7759936    
   2.7648458    
   2.7540302    
   2.7435198    
   2.7332909    
   2.7233226    
   2.7135971    
   2.7040980    
   2.6948106    
   2.6857224    
   2.6768210    
   2.6680965    
   2.6595390    
   2.6511397    
   2.6428907    
   2.6347847    
   2.6268146    
   2.6189744    
   2.6112583    
   2.6036608    
   2.5961771    
   2.5888026    
   2.5815327    
   2.5743637    
   2.5672915    
   2.5603125    
   2.5534236    
   2.5466218    
   2.5399036    
   2.5332665    
   2.5267081    
   2.5202255    
   2.5138166    
   2.5074790    
   2.5012107    
   2.4950094    
   2.4888732    
   2.4828007    
   2.4767897    
   2.4708388    
   2.4649463    
   2.4591105    
   2.4533300    
   2.4476037    
   2.4419298    
   2.4363074    
   2.4307353    
   2.4252119    
   2.4197364    
   2.4143076    
   2.4089246    
   2.4035859    
   2.3982911    
   2.3930390    
   2.3878288    
   2.3826594    
   2.3775301    
   2.3724401    
   2.3673887    
   2.3623750    
   2.3573983    
   2.3524580    
   2.3475530    
   2.3426831    
   2.3378475    
   2.3330455    
   2.3282766    
   2.3235402    
   2.3188357    
   2.3141625    
   2.3095200    
   2.3049078    
   2.3003254    
   2.2957721    
   2.2912478    
   2.2867517    
   2.2822835    
   2.2778425    
   2.2734289    
   2.2690415    
   2.2646804    
   2.2603450    
   2.2560351    
   2.2517500    
   2.2474897    
   2.2432535    
   2.2390413    
   2.2348528    
   2.2306874    
   2.2265446    
   2.2224247    
   2.2183270    
   2.2142513    
   2.2101974    
   2.2061646    
   2.2021530    
   2.1981623    
   2.1941922    
   2.1902421    
   2.1863122    
   2.1824021    
   2.1785114    
   2.1746399    
   2.1707876    
   2.1669540    
   2.1631389    
   2.1593423    
   2.1555636    
   2.1518030    
   2.1480601    
   2.1443346    
   2.1406264    
   2.1369352    
   2.1332610    
   2.1296034    
   2.1259623    
   2.1223376    
   2.1187291    
   2.1151364    
   2.1115596    
   2.1079984    
   2.1044526    
   2.1009221    
   2.0974066    
   2.0939062    
   2.0904205    
   2.0869496    
   2.0834930    
   2.0800509    
   2.0766230    
   2.0732090    
   2.0698090    
   2.0664229    
   2.0630503    
   2.0596912    
   2.0563455    
   2.0530131    
   2.0496938    
   2.0463874    
   2.0430939    
   2.0398133    
   2.0365450    
   2.0332894    
   2.0300462    
   2.0268152    
   2.0235965    
   2.0203898    
   2.0171950    
   2.0140119    
   2.0108407    
   2.0076811    
   2.0045331    
   2.0013962    
   1.9982709    
   1.9951568    
   1.9920537    
   1.9889617    
   1.9858806    
   1.9828104    
   1.9797509    
   1.9767020    
   1.9736637    
   1.9706359    
   1.9676185    
   1.9646114    
   1.9616145    
   1.9586277    
   1.9556510    
   1.9526843    
   1.9497274    
   1.9467804    
   1.9438431    
   1.9409155    
   1.9379975    
   1.9350889    
   1.9321898    
   1.9293001    
   1.9264196    
   1.9235483    
   1.9206862    
   1.9178333    
   1.9149894    
   1.9121542    
   1.9093281    
   1.9065107    
   1.9037020    
   1.9009022    
   1.8981109    
   1.8953280    
   1.8925538    
   1.8897879    
   1.8870305    
   1.8842813    
   1.8815403    
   1.8788077    
   1.8760830    
   1.8733665    
   1.8706580    
   1.8679575    
   1.8652649    
   1.8625801    
   1.8599031    
   1.8572339    
   1.8545724    
   1.8519185    
   1.8492723    
   1.8466334    
   1.8440021    
   1.8413783    
   1.8387619    
   1.8361528    
   1.8335510    
   1.8309565    
   1.8283691    
   1.8257890    
   1.8232158    
   1.8206497    
   1.8180908    
   1.8155388    
   1.8129935    
   1.8104553    
   1.8079239    
   1.8053993    
   1.8028815    
   1.8003703    
   1.7978657    
   1.7953680    
   1.7928766    
   1.7903919    
   1.7879137    
   1.7854420    
   1.7829766    
   1.7805177    
   1.7780651    
   1.7756188    
   1.7731788    
   1.7707450    
   1.7683175    
   1.7658961    
   1.7634808    
   1.7610716    
   1.7586684    
   1.7562714    
   1.7538801    
   1.7514950    
   1.7491157    
   1.7467424    
   1.7443749    
   1.7420131    
   1.7396572    
   1.7373070    
   1.7349626    
   1.7326238    
   1.7302907    
   1.7279631    
   1.7256413    
   1.7233249    
   1.7210140    
   1.7187088    
   1.7164088    
   1.7141144    
   1.7118255    
   1.7095418    
   1.7072636    
   1.7049906    
   1.7027229    
   1.7004606    
   1.6982033    
   1.6959515    
   1.6937046    
   1.6914631    
   1.6892266    
   1.6869951    
   1.6847689    
   1.6825477    
   1.6803313    
   1.6781201    
   1.6759139    
   1.6737126    
   1.6715162    
   1.6693246    
   1.6671380    
   1.6649562    
   1.6627792    
   1.6606071    
