   2.1285095    
   1.9337803    
   1.8250343    
   1.7501631    
   1.6930548    
   1.6467646    
   1.6077101    
   1.5738173    
   1.5437847    
   1.5167452    
   1.4920928    
   1.4693890    
   1.4483057    
   1.4285922    
   1.4100518    
   1.3925283    
   1.3758948    
   1.3600472    
   1.3448994    
   1.3303785    
   1.3164232    
   1.3029805    
   1.2900054    
   1.2774584    
   1.2653048    
   1.2535145    
   1.2420607    
   1.2309195    
   1.2200698    
   1.2094923    
   1.1991701    
   1.1890877    
   1.1792309    
   1.1695869    
   1.1601442    
   1.1508920    
   1.1418207    
   1.1329209    
   1.1241846    
   1.1156040    
   1.1071721    
   1.0988821    
   1.0907280    
   1.0827041    
   1.0748048    
   1.0670254    
   1.0593611    
   1.0518075    
   1.0443604    
   1.0370162    
   1.0297709    
   1.0226212    
   1.0155637    
   1.0085956    
   1.0017139    
  0.99491566    
  0.98819840    
  0.98155957    
  0.97499692    
  0.96850806    
  0.96209097    
  0.95574349    
  0.94946373    
  0.94324982    
  0.93709999    
  0.93101251    
  0.92498583    
  0.91901827    
  0.91310847    
  0.90725487    
  0.90145618    
  0.89571106    
  0.89001828    
  0.88437653    
  0.87878466    
  0.87324160    
  0.86774623    
  0.86229753    
  0.85689443    
  0.85153604    
  0.84622133    
  0.84094942    
  0.83571941    
  0.83053052    
  0.82538193    
  0.82027280    
  0.81520236    
  0.81016994    
  0.80517471    
  0.80021602    
  0.79529327    
  0.79040569    
  0.78555274    
  0.78073370    
  0.77594811    
  0.77119523    
  0.76647466    
  0.76178569    
  0.75712794    
  0.75250077    
  0.74790376    
  0.74333638    
  0.73879814    
  0.73428863    
  0.72980732    
  0.72535390    
  0.72092777    
  0.71652865    
  0.71215606    
  0.70780963    
  0.70348895    
  0.69919366    
  0.69492340    
  0.69067782    
  0.68645656    
  0.68225926    
  0.67808557    
  0.67393523    
  0.66980785    
  0.66570318    
  0.66162086    
  0.65756059    
  0.65352213    
  0.64950514    
  0.64550936    
  0.64153457    
  0.63758045    
  0.63364673    
  0.62973315    
  0.62583953    
  0.62196553    
  0.61811095    
  0.61427557    
  0.61045921    
  0.60666150    
  0.60288233    
  0.59912145    
  0.59537864    
  0.59165370    
  0.58794647    
  0.58425665    
  0.58058411    
  0.57692868    
  0.57329011    
  0.56966823    
  0.56606287    
  0.56247383    
  0.55890095    
  0.55534410    
  0.55180305    
  0.54827762    
  0.54476768    
  0.54127312    
  0.53779370    
  0.53432924    
  0.53087968    
  0.52744484    
  0.52402455    
  0.52061868    
  0.51722705    
  0.51384956    
  0.51048607    
  0.50713646    
  0.50380051    
  0.50047821    
  0.49716938    
  0.49387383    
  0.49059153    
  0.48732230    
  0.48406604    
  0.48082262    
  0.47759193    
  0.47437388    
  0.47116828    
  0.46797508    
  0.46479416    
  0.46162540    
  0.45846868    
  0.45532393    
  0.45219103    
  0.44906986    
  0.44596034    
  0.44286236    
  0.43977582    
  0.43670061    
  0.43363667    
  0.43058389    
  0.42754218    
  0.42451140    
  0.42149153    
  0.41848248    
  0.41548410    
  0.41249633    
  0.40951911    
  0.40655234    
  0.40359592    
  0.40064979    
  0.39771387    
  0.39478806    
  0.39187226    
  0.38896647    
  0.38607055    
  0.38318443    
  0.38030806    
  0.37744135    
  0.37458423    
  0.37173662    
  0.36889845    
  0.36606964    
  0.36325017    
  0.36043990    
  0.35763884    
  0.35484684    
  0.35206389    
  0.34928992    
  0.34652486    
  0.34376863    
  0.34102118    
  0.33828244    
  0.33555236    
  0.33283088    
  0.33011791    
  0.32741344    
  0.32471737    
  0.32202968    
  0.31935027    
  0.31667909    
  0.31401613    
  0.31136128    
  0.30871451    
  0.30607578    
  0.30344501    
  0.30082214    
  0.29820716    
  0.29559997    
  0.29300055    
  0.29040885    
  0.28782478    
  0.28524834    
  0.28267947    
  0.28011811    
  0.27756420    
  0.27501774    
  0.27247861    
  0.26994681    
  0.26742232    
  0.26490504    
  0.26239493    
  0.25989199    
  0.25739613    
  0.25490734    
  0.25242555    
  0.24995074    
  0.24748285    
  0.24502185    
  0.24256769    
  0.24012032    
  0.23767972    
  0.23524584    
  0.23281865    
  0.23039809    
  0.22798413    
  0.22557674    
  0.22317588    
  0.22078151    
  0.21839358    
  0.21601206    
  0.21363692    
  0.21126811    
  0.20890562    
  0.20654939    
  0.20419939    
  0.20185558    
  0.19951794    
  0.19718643    
  0.19486101    
  0.19254164    
  0.19022831    
  0.18792096    
  0.18561958    
  0.18332411    
  0.18103455    
  0.17875084    
  0.17647298    
  0.17420091    
  0.17193459    
  0.16967402    
  0.16741917    
  0.16516997    
  0.16292644    
  0.16068850    
  0.15845616    
  0.15622938    
  0.15400812    
  0.15179236    
  0.14958207    
  0.14737724    
  0.14517780    
  0.14298376    
  0.14079507    
