  0.46609491    
  0.59303743    
  0.66484040    
  0.71115094    
  0.74303544    
  0.76582623    
  0.78247249    
  0.79475814    
  0.80383354    
  0.81047708    
  0.81523579    
  0.81850618    
  0.82058293    
  0.82168990    
  0.82200009    
  0.82164943    
  0.82074612    
  0.81937748    
  0.81761450    
  0.81551576    
  0.81312960    
  0.81049663    
  0.80765098    
  0.80462152    
  0.80143279    
  0.79810601    
  0.79465926    
  0.79110825    
  0.78746653    
  0.78374600    
  0.77995706    
  0.77610880    
  0.77220917    
  0.76826531    
  0.76428336    
  0.76026893    
  0.75622690    
  0.75216168    
  0.74807715    
  0.74397677    
  0.73986375    
  0.73574078    
  0.73161036    
  0.72747487    
  0.72333616    
  0.71919620    
  0.71505660    
  0.71091872    
  0.70678407    
  0.70265371    
  0.69852877    
  0.69441026    
  0.69029897    
  0.68619585    
  0.68210149    
  0.67801654    
  0.67394167    
  0.66987735    
  0.66582400    
  0.66178215    
  0.65775210    
  0.65373421    
  0.64972878    
  0.64573610    
  0.64175642    
  0.63778985    
  0.63383675    
  0.62989712    
  0.62597120    
  0.62205905    
  0.61816078    
  0.61427659    
  0.61040640    
  0.60655034    
  0.60270846    
  0.59888077    
  0.59506732    
  0.59126812    
  0.58748311    
  0.58371240    
  0.57995594    
  0.57621372    
  0.57248563    
  0.56877172    
  0.56507200    
  0.56138635    
  0.55771470    
  0.55405712    
  0.55041343    
  0.54678369    
  0.54316777    
  0.53956568    
  0.53597724    
  0.53240252    
  0.52884132    
  0.52529365    
  0.52175945    
  0.51823866    
  0.51473111    
  0.51123685    
  0.50775570    
  0.50428766    
  0.50083256    
  0.49739045    
  0.49396116    
  0.49054465    
  0.48714080    
  0.48374957    
  0.48037088    
  0.47700462    
  0.47365072    
  0.47030914    
  0.46697977    
  0.46366251    
  0.46035731    
  0.45706406    
  0.45378271    
  0.45051318    
  0.44725540    
  0.44400924    
  0.44077468    
  0.43755162    
  0.43433997    
  0.43113965    
  0.42795062    
  0.42477277    
  0.42160603    
  0.41845036    
  0.41530564    
  0.41217181    
  0.40904880    
  0.40593651    
  0.40283492    
  0.39974391    
  0.39666343    
  0.39359343    
  0.39053378    
  0.38748446    
  0.38444540    
  0.38141650    
  0.37839773    
  0.37538898    
  0.37239021    
  0.36940134    
  0.36642233    
  0.36345309    
  0.36049354    
  0.35754365    
  0.35460335    
  0.35167256    
  0.34875122    
  0.34583926    
  0.34293666    
  0.34004331    
  0.33715919    
  0.33428422    
  0.33141831    
  0.32856146    
  0.32571357    
  0.32287461    
  0.32004449    
  0.31722316    
  0.31441060    
  0.31160671    
  0.30881146    
  0.30602479    
  0.30324665    
  0.30047697    
  0.29771569    
  0.29496279    
  0.29221821    
  0.28948188    
  0.28675377    
  0.28403381    
  0.28132194    
  0.27861816    
  0.27592236    
  0.27323452    
  0.27055460    
  0.26788253    
  0.26521829    
  0.26256180    
  0.25991303    
  0.25727192    
  0.25463846    
  0.25201258    
  0.24939422    
  0.24678336    
  0.24417995    
  0.24158393    
  0.23899527    
  0.23641394    
  0.23383987    
  0.23127303    
  0.22871338    
  0.22616087    
  0.22361548    
  0.22107714    
  0.21854584    
  0.21602151    
  0.21350412    
  0.21099363    
  0.20849003    
  0.20599324    
  0.20350322    
  0.20101997    
  0.19854343    
  0.19607356    
  0.19361033    
  0.19115369    
  0.18870361    
  0.18626007    
  0.18382302    
  0.18139242    
  0.17896825    
  0.17655045    
  0.17413901    
  0.17173389    
  0.16933504    
  0.16694245    
  0.16455606    
  0.16217586    
  0.15980181    
  0.15743387    
  0.15507202    
  0.15271622    
  0.15036644    
  0.14802264    
  0.14568481    
  0.14335290    
  0.14102687    
  0.13870671    
  0.13639240    
  0.13408388    
  0.13178113    
  0.12948413    
  0.12719285    
  0.12490726    
  0.12262731    
  0.12035300    
  0.11808428    
  0.11582114    
  0.11356354    
  0.11131145    
  0.10906485    
  0.10682372    
  0.10458802    
  0.10235772    
  0.10013282    
  9.79132503E-02
  9.56990197E-02
  9.34900865E-02
  9.12864357E-02
  8.90880302E-02
  8.68948475E-02
  8.47068653E-02
  8.25240612E-02
  8.03464055E-02
  7.81738758E-02
  7.60064423E-02
  7.38440901E-02
  7.16867894E-02
  6.95345178E-02
  6.73872456E-02
  6.52449578E-02
  6.31076247E-02
  6.09752238E-02
  5.88477366E-02
  5.67251444E-02
  5.46074137E-02
  5.24945222E-02
  5.03864549E-02
  4.82831858E-02
  4.61847000E-02
  4.40909564E-02
  4.20019552E-02
  3.99176590E-02
  3.78380567E-02
  3.57631259E-02
  3.36928405E-02
  3.16271782E-02
  2.95661353E-02
  2.75096558E-02
  2.54577547E-02
  2.34104060E-02
  2.13675629E-02
  1.93292592E-02
  1.72953941E-02
  1.52660292E-02
  1.32411066E-02
  1.12206051E-02
  9.20446590E-03
  7.19275791E-03
  5.18544018E-03
  3.18247895E-03
  1.18392892E-03
   3.1407821    
   3.1387920    
   3.1368062    
   3.1348248    
