   1.6445552    
   1.5584252    
   1.5077481    
   1.4703034    
   1.4398665    
   1.4138150    
   1.3907934    
   1.3700066    
   1.3509464    
   1.3332672    
   1.3167224    
   1.3011295    
   1.2863489    
   1.2722720    
   1.2588116    
   1.2458969    
   1.2334698    
   1.2214814    
   1.2098905    
   1.1986617    
   1.1877649    
   1.1771737    
   1.1668649    
   1.1568183    
   1.1470158    
   1.1374414    
   1.1280807    
   1.1189209    
   1.1099502    
   1.1011580    
   1.0925348    
   1.0840718    
   1.0757607    
   1.0675943    
   1.0595658    
   1.0516688    
   1.0438975    
   1.0362467    
   1.0287110    
   1.0212859    
   1.0139670    
   1.0067503    
  0.99963182    
  0.99260807    
  0.98567557    
  0.97883123    
  0.97207201    
  0.96539497    
  0.95879763    
  0.95227730    
  0.94583166    
  0.93945837    
  0.93315524    
  0.92692035    
  0.92075163    
  0.91464722    
  0.90860540    
  0.90262437    
  0.89670265    
  0.89083856    
  0.88503069    
  0.87927765    
  0.87357795    
  0.86793041    
  0.86233377    
  0.85678679    
  0.85128832    
  0.84583724    
  0.84043252    
  0.83507311    
  0.82975805    
  0.82448632    
  0.81925708    
  0.81406939    
  0.80892235    
  0.80381531    
  0.79874724    
  0.79371756    
  0.78872544    
  0.78377014    
  0.77885103    
  0.77396733    
  0.76911849    
  0.76430380    
  0.75952274    
  0.75477457    
  0.75005883    
  0.74537492    
  0.74072224    
  0.73610038    
  0.73150867    
  0.72694677    
  0.72241408    
  0.71791017    
  0.71343458    
  0.70898682    
  0.70456648    
  0.70017314    
  0.69580644    
  0.69146591    
  0.68715113    
  0.68286180    
  0.67859745    
  0.67435783    
  0.67014247    
  0.66595113    
  0.66178340    
  0.65763891    
  0.65351748    
  0.64941865    
  0.64534217    
  0.64128780    
  0.63725513    
  0.63324392    
  0.62925392    
  0.62528485    
  0.62133640    
  0.61740834    
  0.61350042    
  0.60961229    
  0.60574389    
  0.60189480    
  0.59806484    
  0.59425384    
  0.59046149    
  0.58668762    
  0.58293200    
  0.57919443    
  0.57547468    
  0.57177252    
  0.56808776    
  0.56442022    
  0.56076974    
  0.55713606    
  0.55351907    
  0.54991847    
  0.54633421    
  0.54276603    
  0.53921384    
  0.53567737    
  0.53215647    
  0.52865106    
  0.52516085    
  0.52168584    
  0.51822573    
  0.51478040    
  0.51134980    
  0.50793368    
  0.50453186    
  0.50114435    
  0.49777085    
  0.49441132    
  0.49106559    
  0.48773354    
  0.48441502    
  0.48110992    
  0.47781810    
  0.47453943    
  0.47127378    
  0.46802106    
  0.46478114    
  0.46155390    
  0.45833921    
  0.45513698    
  0.45194706    
  0.44876939    
  0.44560382    
  0.44245028    
  0.43930861    
  0.43617877    
  0.43306062    
  0.42995405    
  0.42685899    
  0.42377532    
  0.42070296    
  0.41764179    
  0.41459176    
  0.41155273    
  0.40852463    
  0.40550736    
  0.40250084    
  0.39950499    
  0.39651972    
  0.39354491    
  0.39058053    
  0.38762647    
  0.38468266    
  0.38174900    
  0.37882540    
  0.37591183    
  0.37300816    
  0.37011436    
  0.36723033    
  0.36435598    
  0.36149126    
  0.35863611    
  0.35579041    
  0.35295415    
  0.35012719    
  0.34730953    
  0.34450105    
  0.34170172    
  0.33891144    
  0.33613017    
  0.33335781    
  0.33059436    
  0.32783970    
  0.32509378    
  0.32235655    
  0.31962794    
  0.31690788    
  0.31419635    
  0.31149325    
  0.30879852    
  0.30611211    
  0.30343398    
  0.30076408    
  0.29810232    
  0.29544866    
  0.29280305    
  0.29016545    
  0.28753576    
  0.28491399    
  0.28230003    
  0.27969387    
  0.27709544    
  0.27450469    
  0.27192155    
  0.26934603    
  0.26677802    
  0.26421750    
  0.26166442    
  0.25911874    
  0.25658041    
  0.25404936    
  0.25152555    
  0.24900898    
  0.24649955    
  0.24399725    
  0.24150202    
  0.23901382    
  0.23653261    
  0.23405835    
  0.23159099    
  0.22913048    
  0.22667679    
  0.22422989    
  0.22178973    
  0.21935625    
  0.21692945    
  0.21450926    
  0.21209566    
  0.20968859    
  0.20728803    
  0.20489393    
  0.20250627    
  0.20012499    
  0.19775008    
  0.19538148    
  0.19301917    
  0.19066310    
  0.18831325    
  0.18596956    
  0.18363202    
  0.18130060    
  0.17897524    
  0.17665592    
  0.17434262    
  0.17203528    
  0.16973390    
  0.16743840    
  0.16514879    
  0.16286504    
  0.16058709    
  0.15831491    
  0.15604851    
  0.15378781    
  0.15153280    
  0.14928344    
  0.14703973    
  0.14480160    
  0.14256907    
  0.14034206    
  0.13812056    
  0.13590454    
  0.13369398    
  0.13148884    
  0.12928912    
  0.12709476    
  0.12490574    
  0.12272204    
  0.12054363    
  0.11837048    
  0.11620257    
  0.11403987    
  0.11188235    
  0.10972999    
  0.10758276    
  0.10544064    
  0.10330360    
