   3.0107040    
   2.9565957    
   2.9151497    
   2.8802700    
   2.8495936    
   2.8219080    
   2.7964921    
   2.7728763    
   2.7507336    
   2.7298262    
   2.7099743    
   2.6910381    
   2.6729066    
   2.6554894    
   2.6387122    
   2.6225128    
   2.6068382    
   2.5916438    
   2.5768902    
   2.5625441    
   2.5485754    
   2.5349579    
   2.5216687    
   2.5086865    
   2.4959929    
   2.4835708    
   2.4714055    
   2.4594827    
   2.4477899    
   2.4363155    
   2.4250493    
   2.4139810    
   2.4031017    
   2.3924031    
   2.3818777    
   2.3715179    
   2.3613172    
   2.3512695    
   2.3413687    
   2.3316095    
   2.3219867    
   2.3124952    
   2.3031309    
   2.2938890    
   2.2847660    
   2.2757578    
   2.2668607    
   2.2580714    
   2.2493863    
   2.2408028    
   2.2323177    
   2.2239282    
   2.2156317    
   2.2074256    
   2.1993072    
   2.1912746    
   2.1833255    
   2.1754577    
   2.1676691    
   2.1599579    
   2.1523218    
   2.1447597    
   2.1372693    
   2.1298492    
   2.1224978    
   2.1152134    
   2.1079946    
   2.1008401    
   2.0937483    
   2.0867181    
   2.0797482    
   2.0728374    
   2.0659840    
   2.0591877    
   2.0524466    
   2.0457602    
   2.0391269    
   2.0325463    
   2.0260170    
   2.0195382    
   2.0131090    
   2.0067284    
   2.0003955    
   1.9941099    
   1.9878702    
   1.9816759    
   1.9755261    
   1.9694203    
   1.9633574    
   1.9573371    
   1.9513584    
   1.9454209    
   1.9395237    
   1.9336662    
   1.9278479    
   1.9220681    
   1.9163263    
   1.9106219    
   1.9049543    
   1.8993230    
   1.8937273    
   1.8881670    
   1.8826413    
   1.8771499    
   1.8716923    
   1.8662679    
   1.8608763    
   1.8555171    
   1.8501899    
   1.8448942    
   1.8396294    
   1.8343954    
   1.8291917    
   1.8240178    
   1.8188733    
   1.8137580    
   1.8086715    
   1.8036133    
   1.7985831    
   1.7935807    
   1.7886056    
   1.7836574    
   1.7787359    
   1.7738408    
   1.7689718    
   1.7641284    
   1.7593106    
   1.7545179    
   1.7497500    
   1.7450067    
   1.7402877    
   1.7355927    
   1.7309215    
   1.7262737    
   1.7216492    
   1.7170476    
   1.7124687    
   1.7079123    
   1.7033782    
   1.6988660    
   1.6943756    
   1.6899068    
   1.6854593    
   1.6810328    
   1.6766272    
   1.6722423    
   1.6678778    
   1.6635336    
   1.6592094    
   1.6549050    
   1.6506202    
   1.6463549    
   1.6421089    
   1.6378820    
   1.6336739    
   1.6294845    
   1.6253136    
   1.6211611    
   1.6170268    
   1.6129105    
   1.6088120    
   1.6047312    
   1.6006680    
   1.5966220    
   1.5925932    
   1.5885814    
   1.5845866    
   1.5806085    
   1.5766469    
   1.5727018    
   1.5687730    
   1.5648603    
   1.5609636    
   1.5570829    
   1.5532178    
   1.5493683    
   1.5455343    
   1.5417156    
   1.5379121    
   1.5341237    
   1.5303502    
   1.5265915    
   1.5228475    
   1.5191182    
   1.5154033    
   1.5117028    
   1.5080163    
   1.5043441    
   1.5006859    
   1.4970416    
   1.4934109    
   1.4897940    
   1.4861907    
   1.4826008    
   1.4790243    
   1.4754610    
   1.4719108    
   1.4683737    
   1.4648495    
   1.4613382    
   1.4578395    
   1.4543536    
   1.4508802    
   1.4474193    
   1.4439707    
   1.4405345    
   1.4371103    
   1.4336983    
   1.4302983    
   1.4269103    
   1.4235340    
   1.4201695    
   1.4168167    
   1.4134754    
   1.4101456    
   1.4068273    
   1.4035203    
   1.4002246    
   1.3969400    
   1.3936666    
   1.3904041    
   1.3871527    
   1.3839120    
   1.3806822    
   1.3774631    
   1.3742546    
   1.3710568    
   1.3678694    
   1.3646924    
   1.3615259    
   1.3583696    
   1.3552235    
   1.3520876    
   1.3489618    
   1.3458461    
   1.3427403    
   1.3396444    
   1.3365583    
   1.3334820    
   1.3304155    
   1.3273585    
   1.3243111    
   1.3212732    
   1.3182449    
   1.3152258    
   1.3122163    
   1.3092159    
   1.3062247    
   1.3032428    
   1.3002700    
   1.2973062    
   1.2943513    
   1.2914054    
   1.2884685    
   1.2855403    
   1.2826210    
   1.2797104    
   1.2768085    
   1.2739152    
   1.2710304    
   1.2681541    
   1.2652863    
   1.2624271    
   1.2595761    
   1.2567334    
   1.2538991    
   1.2510729    
   1.2482549    
   1.2454450    
   1.2426432    
   1.2398496    
   1.2370638    
   1.2342860    
   1.2315161    
   1.2287540    
   1.2259998    
   1.2232534    
   1.2205145    
   1.2177835    
   1.2150600    
   1.2123442    
   1.2096359    
   1.2069350    
   1.2042418    
   1.2015558    
   1.1988773    
   1.1962061    
   1.1935422    
   1.1908857    
   1.1882362    
   1.1855940    
   1.1829590    
   1.1803310    
   1.1777101    
   1.1750963    
   1.1724894    
   1.1698895    
   1.1672965    
   1.1647104    
   1.1621312    
