   1.6823050    
   1.5855865    
   1.5300605    
   1.4896888    
   1.4572411    
   1.4296993    
   1.4055163    
   1.3837916    
   1.3639536    
   1.3456156    
   1.3285037    
   1.3124157    
   1.2971984    
   1.2827322    
   1.2689220    
   1.2556909    
   1.2429756    
   1.2307234    
   1.2188897    
   1.2074367    
   1.1963319    
   1.1855470    
   1.1750573    
   1.1648413    
   1.1548797    
   1.1451554    
   1.1356534    
   1.1263597    
   1.1172622    
   1.1083498    
   1.0996121    
   1.0910400    
   1.0826250    
   1.0743593    
   1.0662357    
   1.0582477    
   1.0503892    
   1.0426544    
   1.0350382    
   1.0275357    
   1.0201422    
   1.0128535    
   1.0056657    
  0.99857497    
  0.99157774    
  0.98467082    
  0.97785103    
  0.97111541    
  0.96446121    
  0.95788580    
  0.95138669    
  0.94496155    
  0.93860805    
  0.93232417    
  0.92610782    
  0.91995710    
  0.91387016    
  0.90784526    
  0.90188074    
  0.89597499    
  0.89012653    
  0.88433379    
  0.87859541    
  0.87291014    
  0.86727661    
  0.86169356    
  0.85615993    
  0.85067439    
  0.84523600    
  0.83984369    
  0.83449638    
  0.82919317    
  0.82393301    
  0.81871510    
  0.81353849    
  0.80840236    
  0.80330586    
  0.79824829    
  0.79322881    
  0.78824669    
  0.78330123    
  0.77839172    
  0.77351749    
  0.76867795    
  0.76387239    
  0.75910020    
  0.75436085    
  0.74965376    
  0.74497831    
  0.74033403    
  0.73572034    
  0.73113674    
  0.72658277    
  0.72205788    
  0.71756166    
  0.71309364    
  0.70865339    
  0.70424038    
  0.69985431    
  0.69549471    
  0.69116122    
  0.68685335    
  0.68257082    
  0.67831326    
  0.67408025    
  0.66987145    
  0.66568655    
  0.66152519    
  0.65738702    
  0.65327179    
  0.64917910    
  0.64510870    
  0.64106023    
  0.63703346    
  0.63302809    
  0.62904388    
  0.62508047    
  0.62113762    
  0.61721510    
  0.61331266    
  0.60942996    
  0.60556686    
  0.60172307    
  0.59789842    
  0.59409255    
  0.59030539    
  0.58653653    
  0.58278596    
  0.57905328    
  0.57533842    
  0.57164115    
  0.56796116    
  0.56429839    
  0.56065261    
  0.55702358    
  0.55341119    
  0.54981518    
  0.54623544    
  0.54267174    
  0.53912389    
  0.53559184    
  0.53207529    
  0.52857417    
  0.52508825    
  0.52161741    
  0.51816148    
  0.51472032    
  0.51129377    
  0.50788176    
  0.50448400    
  0.50110042    
  0.49773091    
  0.49437532    
  0.49103346    
  0.48770526    
  0.48439059    
  0.48108926    
  0.47780120    
  0.47452626    
  0.47126430    
  0.46801525    
  0.46477899    
  0.46155533    
  0.45834422    
  0.45514554    
  0.45195916    
  0.44878498    
  0.44562286    
  0.44247276    
  0.43933451    
  0.43620804    
  0.43309325    
  0.42999002    
  0.42689827    
  0.42381787    
  0.42074877    
  0.41769084    
  0.41464400    
  0.41160816    
  0.40858322    
  0.40556911    
  0.40256572    
  0.39957297    
  0.39659074    
  0.39361903    
  0.39065766    
  0.38770661    
  0.38476577    
  0.38183510    
  0.37891448    
  0.37600380    
  0.37310308    
  0.37021214    
  0.36733100    
  0.36445948    
  0.36159760    
  0.35874525    
  0.35590237    
  0.35306886    
  0.35024470    
  0.34742975    
  0.34462401    
  0.34182736    
  0.33903980    
  0.33626118    
  0.33349150    
  0.33073068    
  0.32797864    
  0.32523534    
  0.32250071    
  0.31977469    
  0.31705719    
  0.31434819    
  0.31164759    
  0.30895540    
  0.30627152    
  0.30359587    
  0.30092841    
  0.29826912    
  0.29561791    
  0.29297474    
  0.29033953    
  0.28771228    
  0.28509286    
  0.28248128    
  0.27987748    
  0.27728140    
  0.27469298    
  0.27211219    
  0.26953897    
  0.26697326    
  0.26441503    
  0.26186422    
  0.25932080    
  0.25678471    
  0.25425589    
  0.25173432    
  0.24921995    
  0.24671273    
  0.24421261    
  0.24171956    
  0.23923352    
  0.23675446    
  0.23428234    
  0.23181711    
  0.22935873    
  0.22690716    
  0.22446236    
  0.22202428    
  0.21959288    
  0.21716815    
  0.21475002    
  0.21233846    
  0.20993343    
  0.20753491    
  0.20514283    
  0.20275716    
  0.20037790    
  0.19800496    
  0.19563834    
  0.19327800    
  0.19092388    
  0.18857598    
  0.18623425    
  0.18389864    
  0.18156913    
  0.17924570    
  0.17692828    
  0.17461687    
  0.17231143    
  0.17001191    
  0.16771829    
  0.16543055    
  0.16314864    
  0.16087253    
  0.15860221    
  0.15633762    
  0.15407874    
  0.15182555    
  0.14957801    
  0.14733608    
  0.14509974    
  0.14286897    
  0.14064375    
  0.13842401    
  0.13620976    
  0.13400094    
  0.13179755    
  0.12959956    
  0.12740692    
  0.12521961    
  0.12303764    
  0.12086093    
  0.11868948    
  0.11652326    
  0.11436223    
  0.11220639    
  0.11005570    
  0.10791013    
  0.10576967    
