   3.0314271    
   2.9859509    
   2.9511614    
   2.9219203    
   2.8962352    
   2.8730834    
   2.8518560    
   2.8321564    
   2.8137088    
   2.7963119    
   2.7798138    
   2.7640960    
   2.7490647    
   2.7346432    
   2.7207687    
   2.7073882    
   2.6944573    
   2.6819375    
   2.6697960    
   2.6580040    
   2.6465361    
   2.6353703    
   2.6244864    
   2.6138670    
   2.6034963    
   2.5933595    
   2.5834441    
   2.5737381    
   2.5642304    
   2.5549119    
   2.5457728    
   2.5368052    
   2.5280013    
   2.5193539    
   2.5108562    
   2.5025024    
   2.4942865    
   2.4862034    
   2.4782479    
   2.4704154    
   2.4627011    
   2.4551013    
   2.4476120    
   2.4402294    
   2.4329500    
   2.4257705    
   2.4186881    
   2.4116993    
   2.4048018    
   2.3979926    
   2.3912692    
   2.3846292    
   2.3780706    
   2.3715909    
   2.3651876    
   2.3588595    
   2.3526042    
   2.3464200    
   2.3403051    
   2.3342578    
   2.3282764    
   2.3223596    
   2.3165057    
   2.3107131    
   2.3049808    
   2.2993071    
   2.2936912    
   2.2881312    
   2.2826264    
   2.2771757    
   2.2717774    
   2.2664311    
   2.2611356    
   2.2558897    
   2.2506924    
   2.2455428    
   2.2404404    
   2.2353837    
   2.2303722    
   2.2254050    
   2.2204814    
   2.2156005    
   2.2107613    
   2.2059636    
   2.2012064    
   2.1964891    
   2.1918108    
   2.1871712    
   2.1825693    
   2.1780047    
   2.1734767    
   2.1689849    
   2.1645284    
   2.1601069    
   2.1557198    
   2.1513667    
   2.1470468    
   2.1427598    
   2.1385052    
   2.1342824    
   2.1300910    
   2.1259305    
   2.1218007    
   2.1177008    
   2.1136305    
   2.1095898    
   2.1055777    
   2.1015940    
   2.0976384    
   2.0937104    
   2.0898099    
   2.0859361    
   2.0820889    
   2.0782681    
   2.0744731    
   2.0707037    
   2.0669596    
   2.0632403    
   2.0595458    
   2.0558755    
   2.0522292    
   2.0486066    
   2.0450075    
   2.0414314    
   2.0378783    
   2.0343475    
   2.0308392    
   2.0273530    
   2.0238888    
   2.0204458    
   2.0170243    
   2.0136240    
   2.0102444    
   2.0068853    
   2.0035465    
   2.0002279    
   1.9969294    
   1.9936504    
   1.9903910    
   1.9871508    
   1.9839298    
   1.9807274    
   1.9775438    
   1.9743787    
   1.9712319    
   1.9681032    
   1.9649923    
   1.9618992    
   1.9588236    
   1.9557654    
   1.9527242    
   1.9497001    
   1.9466929    
   1.9437023    
   1.9407283    
   1.9377706    
   1.9348291    
   1.9319036    
   1.9289941    
   1.9261001    
   1.9232218    
   1.9203590    
   1.9175113    
   1.9146789    
   1.9118614    
   1.9090588    
   1.9062710    
   1.9034977    
   1.9007388    
   1.8979943    
   1.8952639    
   1.8925477    
   1.8898454    
   1.8871568    
   1.8844820    
   1.8818208    
   1.8791730    
   1.8765385    
   1.8739173    
   1.8713092    
   1.8687141    
   1.8661318    
   1.8635623    
   1.8610055    
   1.8584613    
   1.8559294    
   1.8534100    
   1.8509028    
   1.8484076    
   1.8459246    
   1.8434535    
   1.8409944    
   1.8385469    
   1.8361109    
   1.8336867    
   1.8312739    
   1.8288724    
   1.8264823    
   1.8241034    
   1.8217355    
   1.8193787    
   1.8170328    
   1.8146977    
   1.8123735    
   1.8100599    
   1.8077569    
   1.8054645    
   1.8031825    
   1.8009107    
   1.7986493    
   1.7963982    
   1.7941570    
   1.7919260    
   1.7897050    
   1.7874938    
   1.7852925    
   1.7831010    
   1.7809191    
   1.7787467    
   1.7765840    
   1.7744308    
   1.7722869    
   1.7701523    
   1.7680271    
   1.7659110    
   1.7638041    
   1.7617062    
   1.7596173    
   1.7575375    
   1.7554665    
   1.7534041    
   1.7513508    
   1.7493060    
   1.7472699    
   1.7452422    
   1.7432232    
   1.7412126    
   1.7392105    
   1.7372166    
   1.7352310    
   1.7332537    
   1.7312845    
   1.7293235    
   1.7273705    
   1.7254255    
   1.7234885    
   1.7215594    
   1.7196381    
   1.7177247    
   1.7158189    
   1.7139208    
   1.7120305    
   1.7101477    
   1.7082725    
   1.7064047    
   1.7045444    
   1.7026914    
   1.7008460    
   1.6990076    
   1.6971767    
   1.6953529    
   1.6935363    
   1.6917268    
   1.6899244    
   1.6881291    
   1.6863406    
   1.6845592    
   1.6827847    
   1.6810169    
   1.6792561    
   1.6775019    
   1.6757545    
   1.6740139    
   1.6722798    
   1.6705524    
   1.6688315    
   1.6671171    
   1.6654093    
   1.6637079    
   1.6620128    
   1.6603242    
   1.6586419    
   1.6569659    
   1.6552961    
   1.6536325    
   1.6519752    
   1.6503240    
   1.6486789    
   1.6470398    
   1.6454068    
   1.6437798    
   1.6421587    
   1.6405437    
   1.6389345    
   1.6373311    
   1.6357336    
   1.6341418    
   1.6325558    
   1.6309756    
   1.6294011    
