   3.0953634    
   3.0760734    
   3.0611770    
   3.0485401    
   3.0373390    
   3.0271516    
   3.0177283    
   3.0089068    
   3.0005746    
   2.9926503    
   2.9850719    
   2.9777920    
   2.9707730    
   2.9639843    
   2.9574008    
   2.9510016    
   2.9447691    
   2.9386880    
   2.9327459    
   2.9269314    
   2.9212344    
   2.9156463    
   2.9101601    
   2.9047682    
   2.8994651    
   2.8942451    
   2.8891037    
   2.8840358    
   2.8790376    
   2.8741057    
   2.8692365    
   2.8644269    
   2.8596740    
   2.8549755    
   2.8503284    
   2.8457310    
   2.8411810    
   2.8366766    
   2.8322155    
   2.8277967    
   2.8234184    
   2.8190787    
   2.8147767    
   2.8105109    
   2.8062801    
   2.8020833    
   2.7979190    
   2.7937868    
   2.7896850    
   2.7856133    
   2.7815704    
   2.7775557    
   2.7735684    
   2.7696078    
   2.7656729    
   2.7617631    
   2.7578781    
   2.7540169    
   2.7501791    
   2.7463641    
   2.7425714    
   2.7388003    
   2.7350507    
   2.7313216    
   2.7276127    
   2.7239239    
   2.7202547    
   2.7166042    
   2.7129726    
   2.7093592    
   2.7057638    
   2.7021859    
   2.6986253    
   2.6950817    
   2.6915545    
   2.6880438    
   2.6845491    
   2.6810703    
   2.6776068    
   2.6741586    
   2.6707251    
   2.6673067    
   2.6639025    
   2.6605127    
   2.6571369    
   2.6537750    
   2.6504266    
   2.6470916    
   2.6437697    
   2.6404610    
   2.6371651    
   2.6338818    
   2.6306109    
   2.6273525    
   2.6241059    
   2.6208715    
   2.6176491    
   2.6144381    
   2.6112385    
   2.6080506    
   2.6048737    
   2.6017079    
   2.5985529    
   2.5954089    
   2.5922756    
   2.5891528    
   2.5860405    
   2.5829384    
   2.5798466    
   2.5767648    
   2.5736930    
   2.5706313    
   2.5675790    
   2.5645366    
   2.5615036    
   2.5584803    
   2.5554659    
   2.5524611    
   2.5494654    
   2.5464787    
   2.5435011    
   2.5405324    
   2.5375724    
   2.5346212    
   2.5316787    
   2.5287447    
   2.5258191    
   2.5229020    
   2.5199931    
   2.5170925    
   2.5142002    
   2.5113158    
   2.5084395    
   2.5055714    
   2.5027108    
   2.4998584    
   2.4970136    
   2.4941764    
   2.4913468    
   2.4885249    
   2.4857106    
   2.4829037    
   2.4801040    
   2.4773118    
   2.4745269    
   2.4717491    
   2.4689784    
   2.4662149    
   2.4634583    
   2.4607089    
   2.4579663    
   2.4552307    
   2.4525020    
   2.4497800    
   2.4470646    
   2.4443560    
   2.4416540    
   2.4389586    
   2.4362700    
   2.4335876    
   2.4309118    
   2.4282424    
   2.4255793    
   2.4229226    
   2.4202721    
   2.4176278    
   2.4149899    
   2.4123580    
   2.4097323    
   2.4071126    
   2.4044991    
   2.4018915    
   2.3992898    
   2.3966939    
   2.3941042    
   2.3915203    
   2.3889420    
   2.3863697    
   2.3838031    
   2.3812420    
   2.3786869    
   2.3761373    
   2.3735931    
   2.3710546    
   2.3685217    
   2.3659945    
   2.3634725    
   2.3609560    
   2.3584449    
   2.3559391    
   2.3534389    
   2.3509438    
   2.3484540    
   2.3459697    
   2.3434904    
   2.3410163    
   2.3385475    
   2.3360837    
   2.3336251    
   2.3311715    
   2.3287232    
   2.3262796    
   2.3238413    
   2.3214078    
   2.3189793    
   2.3165557    
   2.3141372    
   2.3117232    
   2.3093145    
   2.3069103    
   2.3045111    
   2.3021164    
   2.2997267    
   2.2973416    
   2.2949615    
   2.2925856    
   2.2902148    
   2.2878485    
   2.2854867    
   2.2831295    
   2.2807770    
   2.2784288    
   2.2760854    
   2.2737465    
   2.2714119    
   2.2690818    
   2.2667563    
   2.2644351    
   2.2621181    
   2.2598057    
   2.2574978    
   2.2551939    
   2.2528944    
   2.2505994    
   2.2483084    
   2.2460220    
   2.2437396    
   2.2414615    
   2.2391875    
   2.2369177    
   2.2346523    
   2.2323906    
   2.2301333    
   2.2278802    
   2.2256310    
   2.2233860    
   2.2211449    
   2.2189081    
   2.2166750    
   2.2144461    
   2.2122211    
   2.2100000    
   2.2077832    
   2.2055700    
   2.2033608    
   2.2011554    
   2.1989541    
   2.1967566    
   2.1945629    
   2.1923730    
   2.1901870    
   2.1880047    
   2.1858263    
   2.1836517    
   2.1814806    
   2.1793134    
   2.1771500    
   2.1749904    
   2.1728344    
   2.1706820    
   2.1685333    
   2.1663883    
   2.1642468    
   2.1621091    
   2.1599751    
   2.1578443    
   2.1557174    
   2.1535940    
   2.1514742    
   2.1493578    
   2.1472452    
   2.1451359    
   2.1430299    
   2.1409278    
   2.1388290    
   2.1367335    
   2.1346416    
   2.1325531    
   2.1304681    
   2.1283865    
   2.1263082    
   2.1242335    
   2.1221619    
   2.1200938    
   2.1180291    
   2.1159675    
   2.1139095    
   2.1118546    
   2.1098032    
   2.1077549    
