  8.42364784E-03
  1.14686647E-02
  1.35092242E-02
  1.49869667E-02
  1.60802081E-02
  1.68840680E-02
  1.74571741E-02
  1.78392641E-02
  1.80588905E-02
  1.81375947E-02
  1.80922579E-02
  1.79363247E-02
  1.76809505E-02
  1.73353646E-02
  1.69074684E-02
  1.64040495E-02
  1.58309378E-02
  1.51933357E-02
  1.44958077E-02
  1.37424124E-02
  1.29368436E-02
  1.20823691E-02
  1.11819739E-02
  1.02384482E-02
  9.25418362E-03
  8.23151227E-03
  7.17262458E-03
  6.07929286E-03
  4.95351478E-03
  3.79676395E-03
  2.61087879E-03
  1.39694673E-03
  1.56392081E-04
   3.1404839    
   3.1391943    
   3.1378818    
   3.1365476    
   3.1351926    
   3.1338177    
   3.1324239    
   3.1310117    
   3.1295824    
   3.1281364    
   3.1266747    
   3.1251979    
   3.1237063    
   3.1222010    
   3.1206825    
   3.1191511    
   3.1176076    
   3.1160524    
   3.1144862    
   3.1129091    
   3.1113217    
   3.1097245    
   3.1081181    
   3.1065025    
   3.1048784    
   3.1032460    
   3.1016054    
   3.0999575    
   3.0983024    
   3.0966403    
   3.0949714    
   3.0932963    
   3.0916152    
   3.0899282    
   3.0882356    
   3.0865376    
   3.0848348    
   3.0831270    
   3.0814145    
   3.0796976    
   3.0779767    
   3.0762517    
   3.0745230    
   3.0727906    
   3.0710547    
   3.0693154    
   3.0675733    
   3.0658281    
   3.0640802    
   3.0623298    
   3.0605767    
   3.0588212    
   3.0570636    
   3.0553041    
   3.0535424    
   3.0517790    
   3.0500140    
   3.0482473    
   3.0464792    
   3.0447097    
   3.0429389    
   3.0411670    
   3.0393941    
   3.0376203    
   3.0358455    
   3.0340700    
   3.0322938    
   3.0305171    
   3.0287399    
   3.0269620    
   3.0251842    
   3.0234058    
   3.0216272    
   3.0198486    
   3.0180700    
   3.0162911    
   3.0145125    
   3.0127342    
   3.0109558    
   3.0091779    
   3.0074000    
   3.0056229    
   3.0038459    
   3.0020695    
   3.0002935    
   2.9985182    
   2.9967434    
   2.9949696    
   2.9931962    
   2.9914236    
   2.9896519    
   2.9878812    
   2.9861112    
   2.9843421    
   2.9825740    
   2.9808071    
   2.9790411    
   2.9772761    
   2.9755123    
   2.9737496    
   2.9719882    
   2.9702280    
   2.9684689    
   2.9667113    
   2.9649549    
   2.9631996    
   2.9614458    
   2.9596934    
   2.9579425    
   2.9561930    
   2.9544449    
   2.9526985    
   2.9509532    
   2.9492097    
   2.9474678    
   2.9457273    
   2.9439886    
   2.9422512    
   2.9405155    
   2.9387817    
   2.9370494    
   2.9353187    
   2.9335899    
   2.9318626    
   2.9301372    
   2.9284134    
   2.9266915    
   2.9249713    
   2.9232531    
   2.9215364    
   2.9198215    
   2.9181087    
   2.9163976    
   2.9146883    
   2.9129810    
   2.9112754    
   2.9095719    
   2.9078701    
   2.9061704    
   2.9044726    
   2.9027765    
   2.9010825    
   2.8993905    
   2.8977003    
   2.8960123    
   2.8943260    
   2.8926418    
   2.8909597    
   2.8892794    
   2.8876014    
   2.8859251    
   2.8842509    
   2.8825788    
   2.8809085    
   2.8792405    
   2.8775744    
   2.8759103    
   2.8742485    
   2.8725884    
   2.8709307    
   2.8692749    
   2.8676212    
   2.8659694    
   2.8643198    
   2.8626723    
   2.8610268    
   2.8593836    
   2.8577423    
   2.8561032    
   2.8544660    
   2.8528309    
   2.8511982    
   2.8495674    
   2.8479385    
   2.8463120    
   2.8446877    
   2.8430653    
   2.8414450    
   2.8398268    
   2.8382108    
   2.8365970    
   2.8349850    
   2.8333755    
   2.8317678    
   2.8301623    
   2.8285589    
   2.8269577    
   2.8253586    
   2.8237617    
   2.8221669    
   2.8205740    
   2.8189836    
   2.8173950    
   2.8158088    
   2.8142245    
   2.8126423    
   2.8110623    
   2.8094845    
   2.8079085    
   2.8063350    
   2.8047633    
   2.8031940    
   2.8016267    
   2.8000615    
   2.7984984    
   2.7969375    
   2.7953784    
   2.7938218    
   2.7922671    
   2.7907147    
   2.7891643    
   2.7876158    
   2.7860696    
   2.7845256    
   2.7829835    
   2.7814436    
   2.7799058    
   2.7783701    
   2.7768364    
   2.7753048    
   2.7737753    
   2.7722480    
   2.7707229    
   2.7691996    
   2.7676785    
   2.7661593    
   2.7646425    
   2.7631276    
   2.7616148    
   2.7601039    
   2.7585952    
   2.7570887    
   2.7555842    
   2.7540817    
   2.7525811    
   2.7510829    
   2.7495866    
   2.7480922    
   2.7466002    
   2.7451098    
   2.7436218    
   2.7421355    
   2.7406516    
   2.7391696    
   2.7376895    
   2.7362115    
   2.7347357    
   2.7332618    
   2.7317898    
   2.7303200    
   2.7288520    
   2.7273862    
   2.7259223    
   2.7244606    
   2.7230008    
   2.7215428    
   2.7200871    
   2.7186332    
   2.7171812    
   2.7157314    
   2.7142835    
   2.7128377    
   2.7113938    
   2.7099519    
   2.7085118    
   2.7070739    
   2.7056377    
