   3.1155035    
   3.1046109    
   3.0961945    
   3.0890508    
   3.0827150    
   3.0769498    
   3.0716138    
   3.0666156    
   3.0618918    
   3.0573967    
   3.0530953    
   3.0489612    
   3.0449727    
   3.0411127    
   3.0373669    
   3.0337241    
   3.0301738    
   3.0267079    
   3.0233190    
   3.0200007    
   3.0167477    
   3.0135550    
   3.0104182    
   3.0073338    
   3.0042982    
   3.0013084    
   2.9983616    
   2.9954553    
   2.9925873    
   2.9897554    
   2.9869578    
   2.9841928    
   2.9814587    
   2.9787540    
   2.9760778    
   2.9734282    
   2.9708045    
   2.9682052    
   2.9656296    
   2.9630768    
   2.9605458    
   2.9580357    
   2.9555459    
   2.9530754    
   2.9506240    
   2.9481905    
   2.9457748    
   2.9433758    
   2.9409935    
   2.9386270    
   2.9362760    
   2.9339399    
   2.9316185    
   2.9293110    
   2.9270175    
   2.9247372    
   2.9224701    
   2.9202154    
   2.9179733    
   2.9157431    
   2.9135246    
   2.9113178    
   2.9091220    
   2.9069374    
   2.9047632    
   2.9025993    
   2.9004459    
   2.8983026    
   2.8961687    
   2.8940446    
   2.8919301    
   2.8898244    
   2.8877280    
   2.8856404    
   2.8835614    
   2.8814909    
   2.8794289    
   2.8773749    
   2.8753290    
   2.8732913    
   2.8712611    
   2.8692386    
   2.8672237    
   2.8652163    
   2.8632159    
   2.8612227    
   2.8592370    
   2.8572578    
   2.8552856    
   2.8533201    
   2.8513613    
   2.8494091    
   2.8474631    
   2.8455238    
   2.8435907    
   2.8416636    
   2.8397429    
   2.8378279    
   2.8359191    
   2.8340161    
   2.8321190    
   2.8302274    
   2.8283417    
   2.8264616    
   2.8245866    
   2.8227174    
   2.8208537    
   2.8189952    
   2.8171420    
   2.8152938    
   2.8134511    
   2.8116133    
   2.8097806    
   2.8079526    
   2.8061299    
   2.8043120    
   2.8024991    
   2.8006907    
   2.7988870    
   2.7970881    
   2.7952940    
   2.7935045    
   2.7917194    
   2.7899387    
   2.7881627    
   2.7863910    
   2.7846239    
   2.7828610    
   2.7811024    
   2.7793481    
   2.7775979    
   2.7758520    
   2.7741103    
   2.7723727    
   2.7706394    
   2.7689099    
   2.7671845    
   2.7654631    
   2.7637458    
   2.7620323    
   2.7603226    
   2.7586169    
   2.7569151    
   2.7552171    
   2.7535226    
   2.7518322    
   2.7501454    
   2.7484622    
   2.7467828    
   2.7451072    
   2.7434349    
   2.7417665    
   2.7401016    
   2.7384400    
   2.7367821    
   2.7351277    
   2.7334769    
   2.7318294    
   2.7301853    
   2.7285447    
   2.7269075    
   2.7252736    
   2.7236431    
   2.7220159    
   2.7203920    
   2.7187715    
   2.7171540    
   2.7155399    
   2.7139289    
   2.7123213    
   2.7107167    
   2.7091155    
   2.7075171    
   2.7059221    
   2.7043302    
   2.7027414    
   2.7011554    
   2.6995728    
   2.6979930    
   2.6964164    
   2.6948428    
   2.6932721    
   2.6917043    
   2.6901395    
   2.6885779    
   2.6870189    
   2.6854630    
   2.6839099    
   2.6823597    
   2.6808124    
   2.6792679    
   2.6777263    
   2.6761875    
   2.6746514    
   2.6731181    
   2.6715877    
   2.6700602    
   2.6685352    
   2.6670129    
   2.6654935    
   2.6639769    
   2.6624627    
   2.6609514    
   2.6594429    
   2.6579368    
   2.6564336    
   2.6549327    
   2.6534348    
   2.6519392    
   2.6504464    
   2.6489561    
   2.6474683    
   2.6459832    
   2.6445007    
   2.6430206    
   2.6415431    
   2.6400683    
   2.6385958    
   2.6371257    
   2.6356583    
   2.6341934    
   2.6327310    
   2.6312709    
   2.6298132    
   2.6283581    
   2.6269052    
   2.6254549    
   2.6240070    
   2.6225617    
   2.6211185    
   2.6196778    
   2.6182394    
   2.6168034    
   2.6153698    
   2.6139383    
   2.6125095    
   2.6110828    
   2.6096585    
   2.6082363    
   2.6068168    
   2.6053991    
   2.6039841    
   2.6025712    
   2.6011605    
   2.5997522    
   2.5983460    
   2.5969422    
   2.5955405    
   2.5941410    
   2.5927439    
   2.5913486    
   2.5899558    
   2.5885653    
   2.5871768    
   2.5857904    
   2.5844064    
   2.5830243    
   2.5816445    
   2.5802670    
   2.5788913    
   2.5775180    
   2.5761466    
   2.5747774    
   2.5734103    
   2.5720453    
   2.5706825    
   2.5693216    
   2.5679629    
   2.5666063    
   2.5652516    
   2.5638990    
   2.5625486    
   2.5612001    
   2.5598536    
   2.5585091    
   2.5571668    
   2.5558264    
   2.5544882    
   2.5531518    
   2.5518174    
   2.5504849    
   2.5491545    
   2.5478263    
   2.5464997    
   2.5451753    
   2.5438528    
   2.5425322    
   2.5412135    
   2.5398967    
   2.5385821    
   2.5372691    
   2.5359583    
   2.5346491    
   2.5333421    
   2.5320368    
   2.5307336    
   2.5294321    
   2.5281327    
   2.5268350    
   2.5255392    
