   3.0428953    
   3.0021362    
   2.9709442    
   2.9447174    
   2.9216721    
   2.9008923    
   2.8818333    
   2.8641400    
   2.8475657    
   2.8319299    
   2.8170972    
   2.8029613    
   2.7894385    
   2.7764602    
   2.7639699    
   2.7519207    
   2.7402728    
   2.7289917    
   2.7180481    
   2.7074161    
   2.6970735    
   2.6870000    
   2.6771784    
   2.6675923    
   2.6582279    
   2.6490724    
   2.6401141    
   2.6313426    
   2.6227481    
   2.6143219    
   2.6060560    
   2.5979426    
   2.5899754    
   2.5821476    
   2.5744536    
   2.5668876    
   2.5594447    
   2.5521202    
   2.5449092    
   2.5378082    
   2.5308125    
   2.5239191    
   2.5171239    
   2.5104241    
   2.5038164    
   2.4972978    
   2.4908655    
   2.4845171    
   2.4782498    
   2.4720616    
   2.4659498    
   2.4599125    
   2.4539478    
   2.4480534    
   2.4422276    
   2.4364686    
   2.4307745    
   2.4251442    
   2.4195755    
   2.4140673    
   2.4086180    
   2.4032264    
   2.3978908    
   2.3926103    
   2.3873835    
   2.3822091    
   2.3770862    
   2.3720136    
   2.3669903    
   2.3620150    
   2.3570871    
   2.3522053    
   2.3473690    
   2.3425770    
   2.3378286    
   2.3331232    
   2.3284595    
   2.3238370    
   2.3192549    
   2.3147125    
   2.3102090    
   2.3057437    
   2.3013163    
   2.2969255    
   2.2925711    
   2.2882524    
   2.2839687    
   2.2797196    
   2.2755046    
   2.2713227    
   2.2671738    
   2.2630572    
   2.2589726    
   2.2549191    
   2.2508965    
   2.2469044    
   2.2429421    
   2.2390094    
   2.2351055    
   2.2312305    
   2.2273836    
   2.2235644    
   2.2197726    
   2.2160079    
   2.2122698    
   2.2085581    
   2.2048721    
   2.2012117    
   2.1975768    
   2.1939664    
   2.1903806    
   2.1868191    
   2.1832814    
   2.1797676    
   2.1762767    
   2.1728091    
   2.1693640    
   2.1659415    
   2.1625409    
   2.1591623    
   2.1558053    
   2.1524699    
   2.1491551    
   2.1458616    
   2.1425884    
   2.1393356    
   2.1361029    
   2.1328900    
   2.1296968    
   2.1265233    
   2.1233687    
   2.1202331    
   2.1171162    
   2.1140180    
   2.1109381    
   2.1078763    
   2.1048326    
   2.1018066    
   2.0987983    
   2.0958071    
   2.0928333    
   2.0898764    
   2.0869365    
   2.0840130    
   2.0811062    
   2.0782156    
   2.0753412    
   2.0724828    
   2.0696404    
   2.0668135    
   2.0640020    
   2.0612059    
   2.0584252    
   2.0556593    
   2.0529084    
   2.0501723    
   2.0474508    
   2.0447438    
   2.0420513    
   2.0393727    
   2.0367084    
   2.0340579    
   2.0314214    
   2.0287983    
   2.0261891    
   2.0235929    
   2.0210104    
   2.0184410    
   2.0158844    
   2.0133410    
   2.0108104    
   2.0082924    
   2.0057871    
   2.0032945    
   2.0008140    
   1.9983459    
   1.9958899    
   1.9934460    
   1.9910140    
   1.9885939    
   1.9861856    
   1.9837888    
   1.9814037    
   1.9790301    
   1.9766678    
   1.9743167    
   1.9719769    
   1.9696481    
   1.9673303    
   1.9650234    
   1.9627274    
   1.9604421    
   1.9581673    
   1.9559032    
   1.9536495    
   1.9514061    
   1.9491732    
   1.9469503    
   1.9447377    
   1.9425352    
   1.9403425    
   1.9381598    
   1.9359869    
   1.9338237    
   1.9316703    
   1.9295264    
   1.9273921    
   1.9252672    
   1.9231517    
   1.9210455    
   1.9189485    
   1.9168607    
   1.9147820    
   1.9127125    
   1.9106517    
   1.9086000    
   1.9065570    
   1.9045228    
   1.9024973    
   1.9004805    
   1.8984723    
   1.8964726    
   1.8944813    
   1.8924984    
   1.8905239    
   1.8885576    
   1.8865995    
   1.8846496    
   1.8827078    
   1.8807741    
   1.8788483    
   1.8769306    
   1.8750206    
   1.8731185    
   1.8712242    
   1.8693374    
   1.8674585    
   1.8655871    
   1.8637233    
   1.8618670    
   1.8600181    
   1.8581767    
   1.8563426    
   1.8545158    
   1.8526963    
   1.8508840    
   1.8490788    
   1.8472806    
   1.8454896    
   1.8437057    
   1.8419287    
   1.8401586    
   1.8383954    
   1.8366390    
   1.8348894    
   1.8331466    
   1.8314104    
   1.8296809    
   1.8279581    
   1.8262419    
   1.8245320    
   1.8228288    
   1.8211319    
   1.8194416    
   1.8177575    
   1.8160797    
   1.8144083    
   1.8127432    
   1.8110842    
   1.8094313    
   1.8077847    
   1.8061441    
   1.8045095    
   1.8028811    
   1.8012586    
   1.7996420    
   1.7980312    
   1.7964264    
   1.7948275    
   1.7932343    
   1.7916468    
   1.7900652    
   1.7884892    
   1.7869189    
   1.7853541    
   1.7837951    
   1.7822415    
   1.7806935    
   1.7791510    
   1.7776139    
   1.7760823    
   1.7745559    
   1.7730350    
   1.7715195    
   1.7700093    
   1.7685043    
   1.7670046    
   1.7655101    
   1.7640207    
   1.7625364    
