  0.53917480    
  0.67169774    
  0.74262643    
  0.78647935    
  0.81556338    
  0.83559740    
  0.84965450    
  0.85955048    
  0.86643368    
  0.87106818    
  0.87398344    
  0.87555826    
  0.87607098    
  0.87573087    
  0.87469816    
  0.87309754    
  0.87102765    
  0.86856717    
  0.86577982    
  0.86271769    
  0.85942346    
  0.85593289    
  0.85227549    
  0.84847647    
  0.84455687    
  0.84053475    
  0.83642554    
  0.83224237    
  0.82799673    
  0.82369840    
  0.81935602    
  0.81497699    
  0.81056786    
  0.80613422    
  0.80168122    
  0.79721320    
  0.79273403    
  0.78824705    
  0.78375542    
  0.77926171    
  0.77476835    
  0.77027738    
  0.76579070    
  0.76130992    
  0.75683659    
  0.75237191    
  0.74791712    
  0.74347317    
  0.73904103    
  0.73462147    
  0.73021525    
  0.72582293    
  0.72144508    
  0.71708226    
  0.71273482    
  0.70840317    
  0.70408762    
  0.69978845    
  0.69550586    
  0.69124019    
  0.68699145    
  0.68275988    
  0.67854559    
  0.67434865    
  0.67016917    
  0.66600716    
  0.66186273    
  0.65773576    
  0.65362638    
  0.64953452    
  0.64546019    
  0.64140332    
  0.63736397    
  0.63334197    
  0.62933731    
  0.62534994    
  0.62137979    
  0.61742675    
  0.61349076    
  0.60957175    
  0.60566962    
  0.60178423    
  0.59791559    
  0.59406352    
  0.59022790    
  0.58640867    
  0.58260578    
  0.57881898    
  0.57504827    
  0.57129353    
  0.56755459    
  0.56383139    
  0.56012380    
  0.55643171    
  0.55275506    
  0.54909360    
  0.54544735    
  0.54181612    
  0.53819984    
  0.53459835    
  0.53101158    
  0.52743942    
  0.52388173    
  0.52033842    
  0.51680934    
  0.51329440    
  0.50979352    
  0.50630659    
  0.50283343    
  0.49937400    
  0.49592817    
  0.49249583    
  0.48907691    
  0.48567125    
  0.48227879    
  0.47889939    
  0.47553298    
  0.47217941    
  0.46883866    
  0.46551058    
  0.46219507    
  0.45889202    
  0.45560136    
  0.45232299    
  0.44905683    
  0.44580275    
  0.44256067    
  0.43933052    
  0.43611217    
  0.43290555    
  0.42971060    
  0.42652717    
  0.42335522    
  0.42019466    
  0.41704538    
  0.41390732    
  0.41078037    
  0.40766448    
  0.40455952    
  0.40146548    
  0.39838219    
  0.39530966    
  0.39224774    
  0.38919640    
  0.38615552    
  0.38312507    
  0.38010493    
  0.37709504    
  0.37409535    
  0.37110579    
  0.36812624    
  0.36515668    
  0.36219698    
  0.35924712    
  0.35630703    
  0.35337663    
  0.35045582    
  0.34754458    
  0.34464282    
  0.34175050    
  0.33886752    
  0.33599383    
  0.33312935    
  0.33027405    
  0.32742783    
  0.32459068    
  0.32176250    
  0.31894323    
  0.31613284    
  0.31333122    
  0.31053835    
  0.30775416    
  0.30497861    
  0.30221161    
  0.29945314    
  0.29670310    
  0.29396147    
  0.29122820    
  0.28850320    
  0.28578645    
  0.28307790    
  0.28037748    
  0.27768511    
  0.27500081    
  0.27232447    
  0.26965606    
  0.26699552    
  0.26434281    
  0.26169792    
  0.25906074    
  0.25643122    
  0.25380936    
  0.25119510    
  0.24858837    
  0.24598914    
  0.24339737    
  0.24081300    
  0.23823600    
  0.23566630    
  0.23310389    
  0.23054871    
  0.22800072    
  0.22545986    
  0.22292612    
  0.22039944    
  0.21787977    
  0.21536709    
  0.21286134    
  0.21036249    
  0.20787050    
  0.20538533    
  0.20290694    
  0.20043528    
  0.19797033    
  0.19551204    
  0.19306038    
  0.19061531    
  0.18817680    
  0.18574478    
  0.18331926    
  0.18090017    
  0.17848749    
  0.17608118    
  0.17368121    
  0.17128754    
  0.16890015    
  0.16651897    
  0.16414399    
  0.16177519    
  0.15941252    
  0.15705593    
  0.15470542    
  0.15236095    
  0.15002246    
  0.14768995    
  0.14536339    
  0.14304273    
  0.14072794    
  0.13841899    
  0.13611586    
  0.13381851    
  0.13152692    
  0.12924105    
  0.12696087    
  0.12468635    
  0.12241748    
  0.12015421    
  0.11789652    
  0.11564437    
  0.11339775    
  0.11115663    
  0.10892097    
  0.10669075    
  0.10446594    
  0.10224652    
  0.10003244    
  9.78237092E-02
  9.56202745E-02
  9.34221223E-02
  9.12292227E-02
  8.90415534E-02
  8.68590772E-02
  8.46817791E-02
  8.25096369E-02
  8.03426206E-02
  7.81807005E-02
  7.60238618E-02
  7.38720670E-02
  7.17253163E-02
  6.95835575E-02
  6.74467832E-02
  6.53149635E-02
  6.31880835E-02
  6.10661097E-02
  5.89490235E-02
  5.68367951E-02
  5.47294207E-02
  5.26268631E-02
  5.05290926E-02
  4.84361015E-02
  4.63478640E-02
  4.42643650E-02
  4.21855673E-02
  4.01114561E-02
  3.80420126E-02
  3.59772034E-02
  3.39170322E-02
  3.18614542E-02
  2.98104733E-02
  2.77640447E-02
  2.57221460E-02
  2.36847810E-02
  2.16519088E-02
  1.96235329E-02
  1.75996032E-02
  1.55801261E-02
  1.35650653E-02
  1.15543948E-02
  9.54809971E-03
  7.54620461E-03
