   3.0084212    
   2.9533737    
   2.9112120    
   2.8757322    
   2.8445306    
   2.8163729    
   2.7905254    
   2.7665105    
   2.7439952    
   2.7227373    
   2.7025542    
   2.6833036    
   2.6648722    
   2.6471679    
   2.6301155    
   2.6136515    
   2.5977221    
   2.5822814    
   2.5672901    
   2.5527134    
   2.5385213    
   2.5246868    
   2.5111866    
   2.4979994    
   2.4851060    
   2.4724894    
   2.4601340    
   2.4480259    
   2.4361522    
   2.4245009    
   2.4130616    
   2.4018238    
   2.3907788    
   2.3799179    
   2.3692334    
   2.3587177    
   2.3483641    
   2.3381662    
   2.3281181    
   2.3182142    
   2.3084493    
   2.2988183    
   2.2893167    
   2.2799401    
   2.2706842    
   2.2615457    
   2.2525201    
   2.2436044    
   2.2347951    
   2.2260890    
   2.2174833    
   2.2089751    
   2.2005615    
   2.1922400    
   2.1840081    
   2.1758635    
   2.1678038    
   2.1598270    
   2.1519308    
   2.1441135    
   2.1363730    
   2.1287076    
   2.1211154    
   2.1135948    
   2.1061440    
   2.0987616    
   2.0914462    
   2.0841959    
   2.0770099    
   2.0698864    
   2.0628242    
   2.0558224    
   2.0488791    
   2.0419939    
   2.0351651    
   2.0283916    
   2.0216727    
   2.0150070    
   2.0083940    
   2.0018322    
   1.9953208    
   1.9888591    
   1.9824460    
   1.9760808    
   1.9697626    
   1.9634905    
   1.9572638    
   1.9510818    
   1.9449437    
   1.9388487    
   1.9327964    
   1.9267857    
   1.9208162    
   1.9148871    
   1.9089979    
   1.9031479    
   1.8973367    
   1.8915634    
   1.8858277    
   1.8801289    
   1.8744664    
   1.8688399    
   1.8632487    
   1.8576922    
   1.8521702    
   1.8466821    
   1.8412274    
   1.8358055    
   1.8304163    
   1.8250591    
   1.8197334    
   1.8144391    
   1.8091754    
   1.8039422    
   1.7987390    
   1.7935654    
   1.7884212    
   1.7833056    
   1.7782187    
   1.7731600    
   1.7681290    
   1.7631255    
   1.7581491    
   1.7531997    
   1.7482767    
   1.7433798    
   1.7385089    
   1.7336636    
   1.7288435    
   1.7240484    
   1.7192781    
   1.7145321    
   1.7098103    
   1.7051125    
   1.7004381    
   1.6957872    
   1.6911594    
   1.6865544    
   1.6819720    
   1.6774120    
   1.6728742    
   1.6683583    
   1.6638640    
   1.6593912    
   1.6549395    
   1.6505090    
   1.6460991    
   1.6417099    
   1.6373410    
   1.6329924    
   1.6286637    
   1.6243546    
   1.6200652    
   1.6157953    
   1.6115445    
   1.6073127    
   1.6030997    
   1.5989054    
   1.5947295    
   1.5905720    
   1.5864327    
   1.5823113    
   1.5782076    
   1.5741216    
   1.5700530    
   1.5660018    
   1.5619677    
   1.5579506    
   1.5539503    
   1.5499668    
   1.5459999    
   1.5420493    
   1.5381149    
   1.5341967    
   1.5302945    
   1.5264082    
   1.5225375    
   1.5186824    
   1.5148427    
   1.5110184    
   1.5072093    
   1.5034152    
   1.4996361    
   1.4958717    
   1.4921219    
   1.4883869    
   1.4846662    
   1.4809599    
   1.4772679    
   1.4735898    
   1.4699258    
   1.4662757    
   1.4626393    
   1.4590166    
   1.4554075    
   1.4518118    
   1.4482294    
   1.4446603    
   1.4411043    
   1.4375614    
   1.4340314    
   1.4305142    
   1.4270098    
   1.4235181    
   1.4200389    
   1.4165722    
   1.4131179    
   1.4096757    
   1.4062458    
   1.4028281    
   1.3994223    
   1.3960284    
   1.3926464    
   1.3892761    
   1.3859175    
   1.3825706    
   1.3792350    
   1.3759110    
   1.3725983    
   1.3692968    
   1.3660065    
   1.3627274    
   1.3594593    
   1.3562020    
   1.3529557    
   1.3497202    
   1.3464955    
   1.3432814    
   1.3400779    
   1.3368849    
   1.3337023    
   1.3305302    
   1.3273683    
   1.3242167    
   1.3210752    
   1.3179439    
   1.3148226    
   1.3117113    
   1.3086098    
   1.3055183    
   1.3024365    
   1.2993644    
   1.2963020    
   1.2932491    
   1.2902060    
   1.2871721    
   1.2841477    
   1.2811327    
   1.2781270    
   1.2751305    
   1.2721431    
   1.2691649    
   1.2661959    
   1.2632358    
   1.2602847    
   1.2573423    
   1.2544090    
   1.2514844    
   1.2485685    
   1.2456614    
   1.2427629    
   1.2398729    
   1.2369915    
   1.2341187    
   1.2312542    
   1.2283981    
   1.2255504    
   1.2227110    
   1.2198797    
   1.2170568    
   1.2142419    
   1.2114351    
   1.2086363    
   1.2058456    
   1.2030629    
   1.2002881    
   1.1975210    
   1.1947619    
   1.1920105    
   1.1892669    
   1.1865309    
   1.1838026    
   1.1810820    
   1.1783688    
   1.1756632    
   1.1729652    
   1.1702745    
   1.1675912    
   1.1649153    
   1.1622467    
   1.1595855    
   1.1569314    
   1.1542845    
   1.1516448    
   1.1490122    
   1.1463867    
   1.1437683    
   1.1411569    
   1.1385524    
   1.1359550    
