   1.5890932    
   1.5188146    
   1.4752908    
   1.4421399    
   1.4146435    
   1.3907673    
   1.3694386    
   1.3500177    
   1.3320895    
   1.3153684    
   1.2996480    
   1.2847744    
   1.2706286    
   1.2571170    
   1.2441645    
   1.2317092    
   1.2197003    
   1.2080947    
   1.1968560    
   1.1859527    
   1.1753576    
   1.1650473    
   1.1550008    
   1.1451999    
   1.1356282    
   1.1262711    
   1.1171155    
   1.1081495    
   1.0993626    
   1.0907449    
   1.0822875    
   1.0739825    
   1.0658221    
   1.0577998    
   1.0499090    
   1.0421439    
   1.0344993    
   1.0269698    
   1.0195508    
   1.0122380    
   1.0050273    
  0.99791473    
  0.99089682    
  0.98397011    
  0.97713137    
  0.97037768    
  0.96370620    
  0.95711416    
  0.95059907    
  0.94415861    
  0.93779033    
  0.93149221    
  0.92526215    
  0.91909820    
  0.91299844    
  0.90696114    
  0.90098464    
  0.89506721    
  0.88920742    
  0.88340378    
  0.87765479    
  0.87195915    
  0.86631548    
  0.86072266    
  0.85517943    
  0.84968466    
  0.84423715    
  0.83883595    
  0.83348000    
  0.82816827    
  0.82289988    
  0.81767380    
  0.81248927    
  0.80734539    
  0.80224133    
  0.79717624    
  0.79214948    
  0.78716016    
  0.78220767    
  0.77729124    
  0.77241021    
  0.76756400    
  0.76275188    
  0.75797325    
  0.75322759    
  0.74851424    
  0.74383265    
  0.73918229    
  0.73456264    
  0.72997320    
  0.72541344    
  0.72088289    
  0.71638101    
  0.71190745    
  0.70746171    
  0.70304334    
  0.69865191    
  0.69428706    
  0.68994838    
  0.68563539    
  0.68134785    
  0.67708522    
  0.67284727    
  0.66863364    
  0.66444385    
  0.66027772    
  0.65613484    
  0.65201491    
  0.64791763    
  0.64384264    
  0.63978970    
  0.63575846    
  0.63174868    
  0.62775999    
  0.62379229    
  0.61984515    
  0.61591834    
  0.61201167    
  0.60812485    
  0.60425758    
  0.60040969    
  0.59658098    
  0.59277111    
  0.58897990    
  0.58520710    
  0.58145255    
  0.57771605    
  0.57399732    
  0.57029617    
  0.56661242    
  0.56294590    
  0.55929637    
  0.55566365    
  0.55204755    
  0.54844791    
  0.54486448    
  0.54129720    
  0.53774583    
  0.53421021    
  0.53069013    
  0.52718550    
  0.52369612    
  0.52022189    
  0.51676255    
  0.51331800    
  0.50988805    
  0.50647265    
  0.50307161    
  0.49968475    
  0.49631193    
  0.49295306    
  0.48960799    
  0.48627657    
  0.48295867    
  0.47965419    
  0.47636297    
  0.47308490    
  0.46981984    
  0.46656767    
  0.46332830    
  0.46010160    
  0.45688745    
  0.45368573    
  0.45049635    
  0.44731918    
  0.44415408    
  0.44100103    
  0.43785983    
  0.43473044    
  0.43161273    
  0.42850661    
  0.42541200    
  0.42232874    
  0.41925681    
  0.41619605    
  0.41314641    
  0.41010776    
  0.40708002    
  0.40406314    
  0.40105698    
  0.39806148    
  0.39507657    
  0.39210212    
  0.38913807    
  0.38618433    
  0.38324082    
  0.38030747    
  0.37738419    
  0.37447092    
  0.37156755    
  0.36867401    
  0.36579025    
  0.36291617    
  0.36005172    
  0.35719681    
  0.35435137    
  0.35151535    
  0.34868863    
  0.34587118    
  0.34306294    
  0.34026381    
  0.33747375    
  0.33469269    
  0.33192056    
  0.32915729    
  0.32640281    
  0.32365710    
  0.32092005    
  0.31819159    
  0.31547171    
  0.31276032    
  0.31005740    
  0.30736282    
  0.30467659    
  0.30199859    
  0.29932883    
  0.29666722    
  0.29401368    
  0.29136819    
  0.28873071    
  0.28610116    
  0.28347948    
  0.28086564    
  0.27825958    
  0.27566123    
  0.27307057    
  0.27048755    
  0.26791212    
  0.26534420    
  0.26278377    
  0.26023075    
  0.25768515    
  0.25514686    
  0.25261590    
  0.25009218    
  0.24757564    
  0.24506627    
  0.24256402    
  0.24006884    
  0.23758069    
  0.23509951    
  0.23262529    
  0.23015796    
  0.22769749    
  0.22524384    
  0.22279696    
  0.22035682    
  0.21792337    
  0.21549658    
  0.21307640    
  0.21066281    
  0.20825575    
  0.20585519    
  0.20346111    
  0.20107344    
  0.19869216    
  0.19631724    
  0.19394863    
  0.19158630    
  0.18923022    
  0.18688035    
  0.18453665    
  0.18219909    
  0.17986764    
  0.17754225    
  0.17522292    
  0.17290957    
  0.17060220    
  0.16830078    
  0.16600525    
  0.16371562    
  0.16143180    
  0.15915380    
  0.15688160    
  0.15461513    
  0.15235439    
  0.15009932    
  0.14784992    
  0.14560615    
  0.14336796    
  0.14113535    
  0.13890828    
  0.13668673    
  0.13447064    
  0.13226002    
  0.13005482    
  0.12785502    
  0.12566057    
  0.12347148    
  0.12128770    
  0.11910922    
  0.11693599    
  0.11476799    
  0.11260521    
  0.11044760    
  0.10829516    
  0.10614783    
  0.10400563    
  0.10186850    
  9.97364148E-02
