   2.8940692    
   2.7934113    
   2.7173846    
   2.6542578    
   2.5994537    
   2.5506079    
   2.5063064    
   2.4656212    
   2.4279041    
   2.3926799    
   2.3595879    
   2.3283465    
   2.2987299    
   2.2705550    
   2.2436700    
   2.2179472    
   2.1932788    
   2.1695712    
   2.1467447    
   2.1247292    
   2.1034627    
   2.0828912    
   2.0629661    
   2.0436440    
   2.0248861    
   2.0066576    
   1.9889264    
   1.9716638    
   1.9548435    
   1.9384414    
   1.9224354    
   1.9068052    
   1.8915321    
   1.8765986    
   1.8619888    
   1.8476877    
   1.8336816    
   1.8199574    
   1.8065029    
   1.7933071    
   1.7803593    
   1.7676495    
   1.7551684    
   1.7429074    
   1.7308580    
   1.7190125    
   1.7073635    
   1.6959040    
   1.6846274    
   1.6735276    
   1.6625986    
   1.6518347    
   1.6412307    
   1.6307814    
   1.6204818    
   1.6103277    
   1.6003144    
   1.5904377    
   1.5806937    
   1.5710785    
   1.5615884    
   1.5522201    
   1.5429701    
   1.5338351    
   1.5248120    
   1.5158980    
   1.5070902    
   1.4983859    
   1.4897823    
   1.4812771    
   1.4728677    
   1.4645519    
   1.4563274    
   1.4481920    
   1.4401437    
   1.4321803    
   1.4243000    
   1.4165009    
   1.4087812    
   1.4011390    
   1.3935728    
   1.3860809    
   1.3786616    
   1.3713136    
   1.3640352    
   1.3568251    
   1.3496819    
   1.3426040    
   1.3355905    
   1.3286399    
   1.3217510    
   1.3149226    
   1.3081535    
   1.3014427    
   1.2947891    
   1.2881916    
   1.2816490    
   1.2751604    
   1.2687250    
   1.2623417    
   1.2560097    
   1.2497280    
   1.2434956    
   1.2373120    
   1.2311759    
   1.2250869    
   1.2190441    
   1.2130467    
   1.2070940    
   1.2011852    
   1.1953197    
   1.1894966    
   1.1837155    
   1.1779755    
   1.1722761    
   1.1666167    
   1.1609966    
   1.1554152    
   1.1498721    
   1.1443664    
   1.1388978    
   1.1334658    
   1.1280696    
   1.1227089    
   1.1173831    
   1.1120918    
   1.1068343    
   1.1016104    
   1.0964195    
   1.0912610    
   1.0861348    
   1.0810401    
   1.0759768    
   1.0709443    
   1.0659422    
   1.0609699    
   1.0560275    
   1.0511142    
   1.0462298    
   1.0413740    
   1.0365462    
   1.0317461    
   1.0269736    
   1.0222281    
   1.0175093    
   1.0128170    
   1.0081508    
   1.0035104    
  0.99889541    
  0.99430561    
  0.98974073    
  0.98520035    
  0.98068434    
  0.97619230    
  0.97172397    
  0.96727914    
  0.96285743    
  0.95845872    
  0.95408267    
  0.94972903    
  0.94539756    
  0.94108796    
  0.93680012    
  0.93253368    
  0.92828846    
  0.92406422    
  0.91986078    
  0.91567785    
  0.91151524    
  0.90737271    
  0.90325010    
  0.89914721    
  0.89506376    
  0.89099962    
  0.88695461    
  0.88292843    
  0.87892097    
  0.87493205    
  0.87096149    
  0.86700904    
  0.86307454    
  0.85915786    
  0.85525882    
  0.85137725    
  0.84751296    
  0.84366572    
  0.83983552    
  0.83602208    
  0.83222526    
  0.82844490    
  0.82468092    
  0.82093310    
  0.81720126    
  0.81348538    
  0.80978519    
  0.80610055    
  0.80243140    
  0.79877758    
  0.79513890    
  0.79151523    
  0.78790653    
  0.78431255    
  0.78073323    
  0.77716845    
  0.77361804    
  0.77008188    
  0.76655990    
  0.76305193    
  0.75955784    
  0.75607753    
  0.75261092    
  0.74915785    
  0.74571824    
  0.74229199    
  0.73887891    
  0.73547894    
  0.73209196    
  0.72871792    
  0.72535664    
  0.72200811    
  0.71867210    
  0.71534860    
  0.71203750    
  0.70873868    
  0.70545208    
  0.70217752    
  0.69891500    
  0.69566441    
  0.69242561    
  0.68919855    
  0.68598312    
  0.68277925    
  0.67958683    
  0.67640579    
  0.67323607    
  0.67007750    
  0.66693008    
  0.66379368    
  0.66066825    
  0.65755373    
  0.65444994    
  0.65135688    
  0.64827448    
  0.64520264    
  0.64214128    
  0.63909036    
  0.63604969    
  0.63301939    
  0.62999922    
  0.62698913    
  0.62398916    
  0.62099910    
  0.61801898    
  0.61504871    
  0.61208820    
  0.60913742    
  0.60619622    
  0.60326463    
  0.60034251    
  0.59742987    
  0.59452659    
  0.59163260    
  0.58874786    
  0.58587235    
  0.58300596    
  0.58014864    
  0.57730031    
  0.57446092    
  0.57163042    
  0.56880873    
  0.56599587    
  0.56319171    
  0.56039619    
  0.55760932    
  0.55483097    
  0.55206108    
  0.54929972    
  0.54654670    
  0.54380202    
  0.54106557    
  0.53833741    
  0.53561747    
  0.53290558    
  0.53020179    
  0.52750605    
  0.52481830    
  0.52213848    
  0.51946652    
  0.51680243    
  0.51414609    
  0.51149750    
  0.50885659    
  0.50622338    
  0.50359774    
  0.50097966    
  0.49836910    
  0.49576598    
  0.49317032    
  0.49058205    
  0.48800108    
