  0.38534936    
  0.50132585    
  0.57095802    
  0.61801350    
  0.65174806    
  0.67679703    
  0.69581062    
  0.71043777    
  0.72176808    
  0.73055458    
  0.73733646    
  0.74251097    
  0.74637783    
  0.74916774    
  0.75106132    
  0.75220197    
  0.75270522    
  0.75266504    
  0.75215876    
  0.75125051    
  0.74999398    
  0.74843442    
  0.74661011    
  0.74455386    
  0.74229378    
  0.73985410    
  0.73725593    
  0.73451751    
  0.73165488    
  0.72868204    
  0.72561139    
  0.72245389    
  0.71921915    
  0.71591580    
  0.71255147    
  0.70913303    
  0.70566666    
  0.70215774    
  0.69861126    
  0.69503170    
  0.69142300    
  0.68778884    
  0.68413252    
  0.68045694    
  0.67676479    
  0.67305857    
  0.66934055    
  0.66561264    
  0.66187680    
  0.65813470    
  0.65438777    
  0.65063757    
  0.64688534    
  0.64313221    
  0.63937926    
  0.63562751    
  0.63187790    
  0.62813121    
  0.62438822    
  0.62064964    
  0.61691606    
  0.61318809    
  0.60946625    
  0.60575110    
  0.60204303    
  0.59834248    
  0.59464985    
  0.59096539    
  0.58728957    
  0.58362252    
  0.57996458    
  0.57631600    
  0.57267702    
  0.56904775    
  0.56542844    
  0.56181926    
  0.55822033    
  0.55463177    
  0.55105370    
  0.54748631    
  0.54392958    
  0.54038364    
  0.53684855    
  0.53332436    
  0.52981120    
  0.52630907    
  0.52281797    
  0.51933795    
  0.51586908    
  0.51241136    
  0.50896478    
  0.50552940    
  0.50210512    
  0.49869207    
  0.49529016    
  0.49189937    
  0.48851976    
  0.48515123    
  0.48179382    
  0.47844750    
  0.47511220    
  0.47178796    
  0.46847472    
  0.46517241    
  0.46188104    
  0.45860058    
  0.45533097    
  0.45207217    
  0.44882417    
  0.44558689    
  0.44236028    
  0.43914434    
  0.43593898    
  0.43274420    
  0.42955992    
  0.42638612    
  0.42322269    
  0.42006963    
  0.41692692    
  0.41379443    
  0.41067219    
  0.40756008    
  0.40445808    
  0.40136614    
  0.39828423    
  0.39521223    
  0.39215016    
  0.38909793    
  0.38605550    
  0.38302279    
  0.37999979    
  0.37698641    
  0.37398264    
  0.37098840    
  0.36800361    
  0.36502826    
  0.36206228    
  0.35910562    
  0.35615823    
  0.35322008    
  0.35029107    
  0.34737116    
  0.34446034    
  0.34155849    
  0.33866563    
  0.33578166    
  0.33290654    
  0.33004025    
  0.32718271    
  0.32433385    
  0.32149369    
  0.31866208    
  0.31583905    
  0.31302455    
  0.31021848    
  0.30742082    
  0.30463153    
  0.30185056    
  0.29907784    
  0.29631335    
  0.29355702    
  0.29080883    
  0.28806871    
  0.28533664    
  0.28261253    
  0.27989638    
  0.27718812    
  0.27448770    
  0.27179512    
  0.26911029    
  0.26643318    
  0.26376373    
  0.26110190    
  0.25844771    
  0.25580102    
  0.25316185    
  0.25053015    
  0.24790587    
  0.24528895    
  0.24267939    
  0.24007712    
  0.23748210    
  0.23489431    
  0.23231369    
  0.22974020    
  0.22717382    
  0.22461450    
  0.22206220    
  0.21951687    
  0.21697851    
  0.21444702    
  0.21192242    
  0.20940466    
  0.20689368    
  0.20438947    
  0.20189196    
  0.19940116    
  0.19691700    
  0.19443944    
  0.19196847    
  0.18950406    
  0.18704614    
  0.18459471    
  0.18214969    
  0.17971110    
  0.17727889    
  0.17485301    
  0.17243344    
  0.17002013    
  0.16761307    
  0.16521223    
  0.16281755    
  0.16042903    
  0.15804660    
  0.15567027    
  0.15329999    
  0.15093572    
  0.14857745    
  0.14622514    
  0.14387874    
  0.14153825    
  0.13920362    
  0.13687484    
  0.13455187    
  0.13223468    
  0.12992322    
  0.12761751    
  0.12531748    
  0.12302313    
  0.12073441    
  0.11845130    
  0.11617377    
  0.11390180    
  0.11163536    
  0.10937441    
  0.10711895    
  0.10486893    
  0.10262433    
  0.10038513    
  9.81512964E-02
  9.59228054E-02
  9.36996415E-02
  9.14817601E-02
  8.92691538E-02
  8.70617852E-02
  8.48596320E-02
  8.26626793E-02
  8.04708898E-02
  7.82842413E-02
  7.61027262E-02
  7.39262924E-02
  7.17549399E-02
  6.95886314E-02
  6.74273446E-02
  6.52710721E-02
  6.31197765E-02
  6.09734282E-02
  5.88320121E-02
  5.66955172E-02
  5.45639023E-02
  5.24371527E-02
  5.03152609E-02
  4.81981784E-02
  4.60858941E-02
  4.39783931E-02
  4.18756455E-02
  3.97776365E-02
  3.76843400E-02
  3.55957374E-02
  3.35118100E-02
  3.14325243E-02
  2.93578748E-02
  2.72878557E-02
  2.52223983E-02
  2.31615137E-02
  2.11051889E-02
  1.90533940E-02
  1.70061141E-02
  1.49633083E-02
  1.29249850E-02
  1.08910957E-02
  8.86164885E-03
  6.83664437E-03
  4.81605297E-03
  2.79971538E-03
  7.87581666E-04
   3.1403730    
   3.1383696    
   3.1363707    
   3.1343760    
   3.1323857    
   3.1303995    
   3.1284177    
   3.1264398    
   3.1244664    
   3.1224971    
   3.1205318    
   3.1185708    
   3.1166139    
   3.1146612    
