  0.82124555    
  0.94075304    
  0.99182612    
   1.0180349    
   1.0322412    
   1.0397302    
   1.0430984    
   1.0437770    
   1.0426199    
   1.0401688    
   1.0367824    
   1.0327078    
   1.0281198    
   1.0231456    
   1.0178789    
   1.0123909    
   1.0067356    
   1.0009547    
  0.99508154    
  0.98914158    
  0.98315555    
  0.97713989    
  0.97110802    
  0.96507055    
  0.95903623    
  0.95301217    
  0.94700414    
  0.94101685    
  0.93505412    
  0.92911905    
  0.92321420    
  0.91734153    
  0.91150278    
  0.90569913    
  0.89993161    
  0.89420104    
  0.88850790    
  0.88285261    
  0.87723541    
  0.87165654    
  0.86611587    
  0.86061341    
  0.85514909    
  0.84972268    
  0.84433395    
  0.83898270    
  0.83366847    
  0.82839108    
  0.82315010    
  0.81794518    
  0.81277591    
  0.80764186    
  0.80254269    
  0.79747796    
  0.79244715    
  0.78744996    
  0.78248590    
  0.77755457    
  0.77265555    
  0.76778835    
  0.76295257    
  0.75814784    
  0.75337374    
  0.74862981    
  0.74391568    
  0.73923087    
  0.73457515    
  0.72994798    
  0.72534901    
  0.72077793    
  0.71623427    
  0.71171772    
  0.70722795    
  0.70276451    
  0.69832712    
  0.69391549    
  0.68952912    
  0.68516779    
  0.68083119    
  0.67651898    
  0.67223084    
  0.66796643    
  0.66372550    
  0.65950775    
  0.65531284    
  0.65114051    
  0.64699048    
  0.64286250    
  0.63875628    
  0.63467157    
  0.63060808    
  0.62656558    
  0.62254375    
  0.61854249    
  0.61456138    
  0.61060035    
  0.60665905    
  0.60273731    
  0.59883481    
  0.59495151    
  0.59108704    
  0.58724117    
  0.58341384    
  0.57960474    
  0.57581365    
  0.57204044    
  0.56828487    
  0.56454676    
  0.56082594    
  0.55712217    
  0.55343533    
  0.54976517    
  0.54611164    
  0.54247439    
  0.53885341    
  0.53524846    
  0.53165936    
  0.52808601    
  0.52452821    
  0.52098578    
  0.51745862    
  0.51394647    
  0.51044935    
  0.50696701    
  0.50349927    
  0.50004607    
  0.49660727    
  0.49318266    
  0.48977217    
  0.48637563    
  0.48299292    
  0.47962391    
  0.47626847    
  0.47292647    
  0.46959782    
  0.46628234    
  0.46297997    
  0.45969054    
  0.45641398    
  0.45315015    
  0.44989893    
  0.44666022    
  0.44343391    
  0.44021988    
  0.43701804    
  0.43382829    
  0.43065050    
  0.42748460    
  0.42433044    
  0.42118800    
  0.41805708    
  0.41493767    
  0.41182965    
  0.40873292    
  0.40564737    
  0.40257293    
  0.39950949    
  0.39645699    
  0.39341533    
  0.39038441    
  0.38736415    
  0.38435447    
  0.38135532    
  0.37836656    
  0.37538812    
  0.37241995    
  0.36946195    
  0.36651406    
  0.36357617    
  0.36064821    
  0.35773015    
  0.35482186    
  0.35192332    
  0.34903440    
  0.34615508    
  0.34328523    
  0.34042484    
  0.33757380    
  0.33473209    
  0.33189958    
  0.32907623    
  0.32626200    
  0.32345679    
  0.32066056    
  0.31787324    
  0.31509477    
  0.31232506    
  0.30956408    
  0.30681175    
  0.30406803    
  0.30133283    
  0.29860613    
  0.29588786    
  0.29317796    
  0.29047635    
  0.28778303    
  0.28509787    
  0.28242087    
  0.27975196    
  0.27709109    
  0.27443820    
  0.27179325    
  0.26915619    
  0.26652694    
  0.26390547    
  0.26129174    
  0.25868568    
  0.25608724    
  0.25349638    
  0.25091308    
  0.24833725    
  0.24576886    
  0.24320786    
  0.24065420    
  0.23810785    
  0.23556876    
  0.23303688    
  0.23051216    
  0.22799456    
  0.22548404    
  0.22298056    
  0.22048408    
  0.21799454    
  0.21551192    
  0.21303616    
  0.21056724    
  0.20810510    
  0.20564970    
  0.20320103    
  0.20075901    
  0.19832364    
  0.19589485    
  0.19347261    
  0.19105689    
  0.18864766    
  0.18624486    
  0.18384847    
  0.18145844    
  0.17907475    
  0.17669736    
  0.17432623    
  0.17196132    
  0.16960262    
  0.16725007    
  0.16490363    
  0.16256329    
  0.16022901    
  0.15790075    
  0.15557848    
  0.15326217    
  0.15095179    
  0.14864729    
  0.14634867    
  0.14405587    
  0.14176887    
  0.13948765    
  0.13721216    
  0.13494238    
  0.13267827    
  0.13041982    
  0.12816699    
  0.12591974    
  0.12367806    
  0.12144190    
  0.11921126    
  0.11698608    
  0.11476635    
  0.11255205    
  0.11034313    
  0.10813957    
  0.10594137    
  0.10374846    
  0.10156085    
  9.93784815E-02
  9.72013548E-02
  9.50294212E-02
  9.28626731E-02
  9.07010809E-02
  8.85446221E-02
  8.63932595E-02
  8.42469782E-02
  8.21057484E-02
  7.99695477E-02
  7.78383538E-02
  7.57121369E-02
  7.35908821E-02
  7.14745522E-02
  6.93631321E-02
  6.72565997E-02
  6.51549324E-02
  6.30581006E-02
  6.09660856E-02
  5.88788688E-02
  5.67964166E-02
  5.47187254E-02
  5.26457429E-02
  5.05774803E-02
  4.85138930E-02
  4.64549735E-02
  4.44006883E-02
