  0.16992562    
  0.23223105    
  0.27526051    
  0.30800378    
  0.33408895    
  0.35543787    
  0.37322122    
  0.38821614    
  0.40096974    
  0.41188377    
  0.42126298    
  0.42934448    
  0.43631652    
  0.44233114    
  0.44751295    
  0.45196527    
  0.45577466    
  0.45901439    
  0.46174690    
  0.46402586    
  0.46589768    
  0.46740270    
  0.46857622    
  0.46944925    
  0.47004920    
  0.47040033    
  0.47052422    
  0.47044018    
  0.47016543    
  0.46971557    
  0.46910453    
  0.46834502    
  0.46744841    
  0.46642518    
  0.46528476    
  0.46403581    
  0.46268624    
  0.46124324    
  0.45971343    
  0.45810297    
  0.45641741    
  0.45466197    
  0.45284137    
  0.45096004    
  0.44902208    
  0.44703132    
  0.44499117    
  0.44290498    
  0.44077578    
  0.43860635    
  0.43639937    
  0.43415731    
  0.43188244    
  0.42957693    
  0.42724276    
  0.42488185    
  0.42249593    
  0.42008671    
  0.41765568    
  0.41520432    
  0.41273403    
  0.41024607    
  0.40774170    
  0.40522200    
  0.40268806    
  0.40014094    
  0.39758158    
  0.39501086    
  0.39242968    
  0.38983878    
  0.38723901    
  0.38463101    
  0.38201553    
  0.37939319    
  0.37676457    
  0.37413031    
  0.37149093    
  0.36884692    
  0.36619884    
  0.36354709    
  0.36089218    
  0.35823449    
  0.35557443    
  0.35291240    
  0.35024869    
  0.34758374    
  0.34491783    
  0.34225127    
  0.33958435    
  0.33691737    
  0.33425057    
  0.33158422    
  0.32891858    
  0.32625383    
  0.32359022    
  0.32092798    
  0.31826726    
  0.31560826    
  0.31295118    
  0.31029618    
  0.30764341    
  0.30499303    
  0.30234522    
  0.29970005    
  0.29705772    
  0.29441833    
  0.29178199    
  0.28914884    
  0.28651896    
  0.28389245    
  0.28126943    
  0.27865002    
  0.27603424    
  0.27342221    
  0.27081403    
  0.26820976    
  0.26560944    
  0.26301318    
  0.26042107    
  0.25783309    
  0.25524935    
  0.25266990    
  0.25009480    
  0.24752407    
  0.24495779    
  0.24239598    
  0.23983869    
  0.23728597    
  0.23473784    
  0.23219436    
  0.22965553    
  0.22712141    
  0.22459200    
  0.22206736    
  0.21954748    
  0.21703240    
  0.21452217    
  0.21201676    
  0.20951621    
  0.20702055    
  0.20452979    
  0.20204394    
  0.19956300    
  0.19708702    
  0.19461596    
  0.19214988    
  0.18968876    
  0.18723261    
  0.18478146    
  0.18233529    
  0.17989410    
  0.17745793    
  0.17502674    
  0.17260058    
  0.17017941    
  0.16776325    
  0.16535211    
  0.16294596    
  0.16054483    
  0.15814869    
  0.15575756    
  0.15337144    
  0.15099031    
  0.14861418    
  0.14624304    
  0.14387688    
  0.14151570    
  0.13915950    
  0.13680828    
  0.13446200    
  0.13212068    
  0.12978433    
  0.12745291    
  0.12512642    
  0.12280486    
  0.12048821    
  0.11817648    
  0.11586964    
  0.11356770    
  0.11127063    
  0.10897844    
  0.10669110    
  0.10440862    
  0.10213098    
  9.98581648E-02
  9.75901634E-02
  9.53269824E-02
  9.30685923E-02
  9.08149779E-02
  8.85661542E-02
  8.63220766E-02
  8.40827599E-02
  8.18481818E-02
  7.96183124E-02
  7.73931742E-02
  7.51727298E-02
  7.29569718E-02
  7.07459003E-02
  6.85394779E-02
  6.63377121E-02
  6.41405880E-02
  6.19480833E-02
  5.97601905E-02
  5.75768910E-02
  5.53981885E-02
  5.32240495E-02
  5.10544702E-02
  4.88894396E-02
  4.67289425E-02
  4.45729569E-02
  4.24214751E-02
  4.02744934E-02
  3.81319821E-02
  3.59939449E-02
  3.38603444E-02
  3.17311883E-02
  2.96064634E-02
  2.74861380E-02
  2.53702123E-02
  2.32586674E-02
  2.11514775E-02
  1.90486778E-02
  1.69501994E-02
  1.48560358E-02
  1.27662076E-02
  1.06806541E-02
  8.59942008E-03
  6.52244780E-03
  4.44966508E-03
  2.38114619E-03
  3.17072379E-04
   3.1398494    
   3.1377938    
   3.1357422    
   3.1336946    
   3.1316514    
   3.1296122    
   3.1275773    
   3.1255462    
   3.1235194    
   3.1214969    
   3.1194782    
   3.1174636    
   3.1154532    
   3.1134467    
   3.1114442    
   3.1094458    
   3.1074514    
   3.1054611    
   3.1034746    
   3.1014922    
   3.0995135    
   3.0975389    
   3.0955684    
   3.0936015    
   3.0916388    
   3.0896797    
   3.0877247    
   3.0857732    
   3.0838258    
   3.0818822    
   3.0799425    
   3.0780065    
   3.0760744    
   3.0741460    
   3.0722213    
   3.0703003    
   3.0683832    
   3.0664699    
   3.0645602    
   3.0626543    
   3.0607519    
   3.0588531    
   3.0569582    
   3.0550671    
   3.0531793    
   3.0512953    
   3.0494149    
   3.0475380    
   3.0456648    
   3.0437953    
   3.0419292    
   3.0400667    
   3.0382078    
   3.0363524    
   3.0345004    
   3.0326519    
   3.0308070    
   3.0289657    
   3.0271277    
   3.0252934    
   3.0234623    
   3.0216348    
   3.0198107    
   3.0179899    
   3.0161726    
   3.0143588    
   3.0125482    
   3.0107410    
   3.0089371    
