   1.6906103    
   1.5915889    
   1.5349988    
   1.4939824    
   1.4610910    
   1.4332203    
   1.4087806    
   1.3868484    
   1.3668382    
   1.3483545    
   1.3311170    
   1.3149195    
   1.2996054    
   1.2850529    
   1.2711653    
   1.2578640    
   1.2450848    
   1.2327740    
   1.2208866    
   1.2093840    
   1.1982330    
   1.1874051    
   1.1768754    
   1.1666218    
   1.1566249    
   1.1468674    
   1.1373340    
   1.1280107    
   1.1188852    
   1.1099460    
   1.1011829    
   1.0925866    
   1.0841485    
   1.0758607    
   1.0677161    
   1.0597079    
   1.0518301    
   1.0440767    
   1.0364426    
   1.0289229    
   1.0215129    
   1.0142082    
   1.0070050    
  0.99989945    
  0.99288785    
  0.98596704    
  0.97913384    
  0.97238523    
  0.96571839    
  0.95913076    
  0.95261979    
  0.94618315    
  0.93981844    
  0.93352371    
  0.92729682    
  0.92113578    
  0.91503888    
  0.90900421    
  0.90303022    
  0.89711523    
  0.89125770    
  0.88545614    
  0.87970924    
  0.87401557    
  0.86837387    
  0.86278284    
  0.85724133    
  0.85174823    
  0.84630239    
  0.84090275    
  0.83554828    
  0.83023804    
  0.82497102    
  0.81974638    
  0.81456321    
  0.80942065    
  0.80431789    
  0.79925412    
  0.79422855    
  0.78924048    
  0.78428918    
  0.77937394    
  0.77449405    
  0.76964897    
  0.76483798    
  0.76006049    
  0.75531596    
  0.75060368    
  0.74592316    
  0.74127394    
  0.73665535    
  0.73206693    
  0.72750825    
  0.72297871    
  0.71847790    
  0.71400541    
  0.70956069    
  0.70514333    
  0.70075297    
  0.69638914    
  0.69205147    
  0.68773955    
  0.68345296    
  0.67919141    
  0.67495447    
  0.67074180    
  0.66655308    
  0.66238797    
  0.65824610    
  0.65412718    
  0.65003091    
  0.64595693    
  0.64190501    
  0.63787478    
  0.63386601    
  0.62987840    
  0.62591171    
  0.62196559    
  0.61803985    
  0.61413419    
  0.61024839    
  0.60638213    
  0.60253531    
  0.59870756    
  0.59489870    
  0.59110856    
  0.58733684    
  0.58358330    
  0.57984781    
  0.57613015    
  0.57243001    
  0.56874734    
  0.56508183    
  0.56143337    
  0.55780166    
  0.55418664    
  0.55058801    
  0.54700571    
  0.54343945    
  0.53988910    
  0.53635454    
  0.53283554    
  0.52933198    
  0.52584368    
  0.52237046    
  0.51891214    
  0.51546866    
  0.51203984    
  0.50862551    
  0.50522548    
  0.50183970    
  0.49846795    
  0.49511015    
  0.49176615    
  0.48843580    
  0.48511899    
  0.48181555    
  0.47852540    
  0.47524840    
  0.47198442    
  0.46873334    
  0.46549505    
  0.46226943    
  0.45905635    
  0.45585570    
  0.45266739    
  0.44949129    
  0.44632727    
  0.44317529    
  0.44003519    
  0.43690687    
  0.43379024    
  0.43068522    
  0.42759165    
  0.42450950    
  0.42143863    
  0.41837895    
  0.41533038    
  0.41229284    
  0.40926617    
  0.40625039    
  0.40324530    
  0.40025088    
  0.39726704    
  0.39429367    
  0.39133069    
  0.38837805    
  0.38543564    
  0.38250336    
  0.37958115    
  0.37666896    
  0.37376666    
  0.37087423    
  0.36799154    
  0.36511856    
  0.36225519    
  0.35940135    
  0.35655698    
  0.35372204    
  0.35089642    
  0.34808004    
  0.34527287    
  0.34247485    
  0.33968586    
  0.33690587    
  0.33413482    
  0.33137262    
  0.32861921    
  0.32587457    
  0.32313859    
  0.32041124    
  0.31769243    
  0.31498212    
  0.31228024    
  0.30958673    
  0.30690157    
  0.30422464    
  0.30155596    
  0.29889539    
  0.29624295    
  0.29359853    
  0.29096210    
  0.28833362    
  0.28571302    
  0.28310025    
  0.28049523    
  0.27789795    
  0.27530837    
  0.27272642    
  0.27015203    
  0.26758516    
  0.26502579    
  0.26247385    
  0.25992930    
  0.25739208    
  0.25486216    
  0.25233948    
  0.24982402    
  0.24731569    
  0.24481450    
  0.24232037    
  0.23983327    
  0.23735315    
  0.23487996    
  0.23241368    
  0.22995426    
  0.22750165    
  0.22505581    
  0.22261672    
  0.22018431    
  0.21775857    
  0.21533944    
  0.21292688    
  0.21052086    
  0.20812134    
  0.20572828    
  0.20334165    
  0.20096141    
  0.19858752    
  0.19621995    
  0.19385865    
  0.19150360    
  0.18915476    
  0.18681209    
  0.18447556    
  0.18214512    
  0.17982076    
  0.17750245    
  0.17519014    
  0.17288378    
  0.17058338    
  0.16828887    
  0.16600025    
  0.16371746    
  0.16144048    
  0.15916927    
  0.15690382    
  0.15464409    
  0.15239003    
  0.15014164    
  0.14789888    
  0.14566171    
  0.14343010    
  0.14120403    
  0.13898347    
  0.13676840    
  0.13455878    
  0.13235457    
  0.13015577    
  0.12796234    
  0.12577423    
  0.12359145    
  0.12141396    
  0.11924172    
  0.11707472    
  0.11491292    
  0.11275631    
  0.11060485    
  0.10845852    
  0.10631729    
