  0.52332664    
  0.65498221    
  0.72630155    
  0.77080315    
  0.80056173    
  0.82123226    
  0.83587217    
  0.84629685    
  0.85365891    
  0.85872793    
  0.86203879    
  0.86397511    
  0.86481959    
  0.86478496    
  0.86403459    
  0.86269593    
  0.86086977    
  0.85863680    
  0.85606241    
  0.85320002    
  0.85009384    
  0.84678048    
  0.84329063    
  0.83965009    
  0.83588088    
  0.83200169    
  0.82802838    
  0.82397485    
  0.81985289    
  0.81567281    
  0.81144357    
  0.80717301    
  0.80286783    
  0.79853415    
  0.79417717    
  0.78980154    
  0.78541136    
  0.78101021    
  0.77660137    
  0.77218759    
  0.76777148    
  0.76335526    
  0.75894088    
  0.75453013    
  0.75012469    
  0.74572581    
  0.74133492    
  0.73695296    
  0.73258102    
  0.72822005    
  0.72387069    
  0.71953380    
  0.71520990    
  0.71089953    
  0.70660323    
  0.70232147    
  0.69805449    
  0.69380277    
  0.68956649    
  0.68534595    
  0.68114138    
  0.67695296    
  0.67278081    
  0.66862506    
  0.66448587    
  0.66036326    
  0.65625733    
  0.65216815    
  0.64809573    
  0.64404011    
  0.64000124    
  0.63597918    
  0.63197386    
  0.62798524    
  0.62401336    
  0.62005812    
  0.61611950    
  0.61219746    
  0.60829186    
  0.60440266    
  0.60052985    
  0.59667325    
  0.59283286    
  0.58900857    
  0.58520031    
  0.58140790    
  0.57763135    
  0.57387054    
  0.57012540    
  0.56639576    
  0.56268156    
  0.55898267    
  0.55529904    
  0.55163050    
  0.54797703    
  0.54433841    
  0.54071468    
  0.53710562    
  0.53351116    
  0.52993119    
  0.52636564    
  0.52281433    
  0.51927727    
  0.51575422    
  0.51224518    
  0.50875002    
  0.50526863    
  0.50180084    
  0.49834666    
  0.49490592    
  0.49147853    
  0.48806441    
  0.48466343    
  0.48127550    
  0.47790053    
  0.47453842    
  0.47118905    
  0.46785235    
  0.46452820    
  0.46121654    
  0.45791727    
  0.45463026    
  0.45135543    
  0.44809273    
  0.44484201    
  0.44160318    
  0.43837622    
  0.43516099    
  0.43195739    
  0.42876536    
  0.42558482    
  0.42241564    
  0.41925779    
  0.41611114    
  0.41297567    
  0.40985122    
  0.40673777    
  0.40363520    
  0.40054345    
  0.39746243    
  0.39439207    
  0.39133230    
  0.38828301    
  0.38524419    
  0.38221571    
  0.37919751    
  0.37618950    
  0.37319162    
  0.37020382    
  0.36722600    
  0.36425811    
  0.36130008    
  0.35835183    
  0.35541329    
  0.35248438    
  0.34956506    
  0.34665525    
  0.34375489    
  0.34086391    
  0.33798227    
  0.33510986    
  0.33224663    
  0.32939255    
  0.32654753    
  0.32371154    
  0.32088447    
  0.31806630    
  0.31525695    
  0.31245637    
  0.30966452    
  0.30688131    
  0.30410668    
  0.30134061    
  0.29858303    
  0.29583386    
  0.29309309    
  0.29036063    
  0.28763643    
  0.28492045    
  0.28221264    
  0.27951294    
  0.27682129    
  0.27413768    
  0.27146199    
  0.26879421    
  0.26613432    
  0.26348221    
  0.26083788    
  0.25820127    
  0.25557232    
  0.25295097    
  0.25033721    
  0.24773097    
  0.24513222    
  0.24254091    
  0.23995697    
  0.23738040    
  0.23481113    
  0.23224911    
  0.22969431    
  0.22714667    
  0.22460619    
  0.22207277    
  0.21954641    
  0.21702705    
  0.21451467    
  0.21200921    
  0.20951062    
  0.20701890    
  0.20453396    
  0.20205581    
  0.19958438    
  0.19711964    
  0.19466156    
  0.19221008    
  0.18976519    
  0.18732683    
  0.18489498    
  0.18246961    
  0.18005066    
  0.17763810    
  0.17523192    
  0.17283204    
  0.17043848    
  0.16805115    
  0.16567007    
  0.16329516    
  0.16092642    
  0.15856381    
  0.15620726    
  0.15385680    
  0.15151234    
  0.14917389    
  0.14684139    
  0.14451483    
  0.14219417    
  0.13987938    
  0.13757041    
  0.13526726    
  0.13296989    
  0.13067825    
  0.12839234    
  0.12611210    
  0.12383755    
  0.12156861    
  0.11930527    
  0.11704750    
  0.11479528    
  0.11254857    
  0.11030736    
  0.10807160    
  0.10584128    
  0.10361636    
  0.10139682    
  9.91826355E-02
  9.69737843E-02
  9.47702155E-02
  9.25719291E-02
  9.03788954E-02
  8.81910771E-02
  8.60084593E-02
  8.38310122E-02
  8.16587135E-02
  7.94915333E-02
  7.73294494E-02
  7.51724392E-02
  7.30204806E-02
  7.08735362E-02
  6.87316060E-02
  6.65946528E-02
  6.44626394E-02
  6.23355620E-02
  6.02133945E-02
  5.80961071E-02
  5.59836812E-02
  5.38760945E-02
  5.17733209E-02
  4.96753454E-02
  4.75821272E-02
  4.54936773E-02
  4.34099361E-02
  4.13309112E-02
  3.92565802E-02
  3.71868946E-02
  3.51218618E-02
  3.30614448E-02
  3.10056284E-02
  2.89543886E-02
  2.69077178E-02
  2.48655789E-02
  2.28279550E-02
  2.07948238E-02
  1.87661946E-02
  1.67419836E-02
  1.47222560E-02
  1.27069168E-02
  1.06959669E-02
  8.68945476E-03
  6.68724021E-03
  4.68934467E-03
