   3.0905674    
   3.0693226    
   3.0529473    
   3.0390816    
   3.0268128    
   3.0156736    
   3.0053875    
   2.9957738    
   2.9867082    
   2.9780993    
   2.9698789    
   2.9619944    
   2.9544032    
   2.9470716    
   2.9399714    
   2.9330792    
   2.9263754    
   2.9198432    
   2.9134681    
   2.9072375    
   2.9011402    
   2.8951669    
   2.8893087    
   2.8835583    
   2.8779085    
   2.8723533    
   2.8668873    
   2.8615053    
   2.8562026    
   2.8509755    
   2.8458197    
   2.8407321    
   2.8357091    
   2.8307478    
   2.8258457    
   2.8209999    
   2.8162084    
   2.8114686    
   2.8067787    
   2.8021367    
   2.7975407    
   2.7929893    
   2.7884805    
   2.7840133    
   2.7795858    
   2.7751970    
   2.7708457    
   2.7665303    
   2.7622499    
   2.7580037    
   2.7537904    
   2.7496092    
   2.7454591    
   2.7413392    
   2.7372487    
   2.7331870    
   2.7291529    
   2.7251463    
   2.7211661    
   2.7172117    
   2.7132826    
   2.7093780    
   2.7054977    
   2.7016408    
   2.6978068    
   2.6939952    
   2.6902058    
   2.6864378    
   2.6826909    
   2.6789646    
   2.6752586    
   2.6715722    
   2.6679053    
   2.6642578    
   2.6606286    
   2.6570179    
   2.6534252    
   2.6498501    
   2.6462924    
   2.6427517    
   2.6392279    
   2.6357205    
   2.6322293    
   2.6287539    
   2.6252944    
   2.6218503    
   2.6184213    
   2.6150072    
   2.6116080    
   2.6082230    
   2.6048524    
   2.6014960    
   2.5981534    
   2.5948243    
   2.5915086    
   2.5882065    
   2.5849173    
   2.5816410    
   2.5783772    
   2.5751264    
   2.5718877    
   2.5686612    
   2.5654471    
   2.5622447    
   2.5590539    
   2.5558751    
   2.5527074    
   2.5495512    
   2.5464063    
   2.5432723    
   2.5401495    
   2.5370374    
   2.5339358    
   2.5308449    
   2.5277646    
   2.5246944    
   2.5216346    
   2.5185847    
   2.5155449    
   2.5125151    
   2.5094950    
   2.5064845    
   2.5034838    
   2.5004923    
   2.4975104    
   2.4945378    
   2.4915743    
   2.4886200    
   2.4856746    
   2.4827383    
   2.4798107    
   2.4768920    
   2.4739819    
   2.4710805    
   2.4681876    
   2.4653029    
   2.4624269    
   2.4595590    
   2.4566994    
   2.4538479    
   2.4510045    
   2.4481692    
   2.4453418    
   2.4425220    
   2.4397104    
   2.4369063    
   2.4341099    
   2.4313214    
   2.4285400    
   2.4257665    
   2.4230001    
   2.4202411    
   2.4174895    
   2.4147451    
   2.4120080    
   2.4092779    
   2.4065552    
   2.4038391    
   2.4011302    
   2.3984282    
   2.3957331    
   2.3930447    
   2.3903632    
   2.3876884    
   2.3850203    
   2.3823588    
   2.3797038    
   2.3770554    
   2.3744135    
   2.3717780    
   2.3691490    
   2.3665261    
   2.3639097    
   2.3612995    
   2.3586957    
   2.3560979    
   2.3535063    
   2.3509207    
   2.3483412    
   2.3457680    
   2.3432004    
   2.3406389    
   2.3380833    
   2.3355336    
   2.3329897    
   2.3304515    
   2.3279192    
   2.3253925    
   2.3228717    
   2.3203564    
   2.3178465    
   2.3153424    
   2.3128438    
   2.3103509    
   2.3078632    
   2.3053813    
   2.3029044    
   2.3004332    
   2.2979672    
   2.2955065    
   2.2930512    
   2.2906010    
   2.2881563    
   2.2857165    
   2.2832820    
   2.2808528    
   2.2784286    
   2.2760096    
   2.2735953    
   2.2711864    
   2.2687824    
   2.2663832    
   2.2639892    
   2.2616000    
   2.2592156    
   2.2568362    
   2.2544615    
   2.2520919    
   2.2497270    
   2.2473667    
   2.2450113    
   2.2426605    
   2.2403145    
   2.2379732    
   2.2356365    
   2.2333043    
   2.2309768    
   2.2286539    
   2.2263355    
   2.2240217    
   2.2217124    
   2.2194076    
   2.2171071    
   2.2148113    
   2.2125196    
   2.2102325    
   2.2079499    
   2.2056715    
   2.2033975    
   2.2011278    
   2.1988623    
   2.1966012    
   2.1943443    
   2.1920917    
   2.1898432    
   2.1875989    
   2.1853590    
   2.1831231    
   2.1808913    
   2.1786637    
   2.1764400    
   2.1742206    
   2.1720052    
   2.1697938    
   2.1675866    
   2.1653833    
   2.1631839    
   2.1609886    
   2.1587973    
   2.1566098    
   2.1544263    
   2.1522467    
   2.1500709    
   2.1478992    
   2.1457310    
   2.1435668    
   2.1414065    
   2.1392500    
   2.1370974    
   2.1349483    
   2.1328032    
   2.1306617    
   2.1285241    
   2.1263900    
   2.1242597    
   2.1221330    
   2.1200099    
   2.1178906    
   2.1157751    
   2.1136630    
   2.1115544    
   2.1094496    
   2.1073482    
   2.1052506    
   2.1031563    
   2.1010656    
   2.0989785    
   2.0968950    
   2.0948148    
   2.0927382    
   2.0906651    
   2.0885954    
   2.0865290    
   2.0844662    
   2.0824068    
   2.0803506    
   2.0782981    
   2.0762486    
   2.0742028    
   2.0721602    
