   1.6275970    
   1.5462807    
   1.4977877    
   1.4616567    
   1.4321204    
   1.4067357    
   1.3842332    
   1.3638654    
   1.3451525    
   1.3277674    
   1.3114756    
   1.2961035    
   1.2815179    
   1.2676145    
   1.2543100    
   1.2415365    
   1.2292378    
   1.2173669    
   1.2058841    
   1.1947554    
   1.1839513    
   1.1734463    
   1.1632181    
   1.1532470    
   1.1435155    
   1.1340078    
   1.1247102    
   1.1156099    
   1.1066957    
   1.0979571    
   1.0893848    
   1.0809703    
   1.0727055    
   1.0645834    
   1.0565972    
   1.0487407    
   1.0410085    
   1.0333948    
   1.0258950    
   1.0185045    
   1.0112188    
   1.0040342    
  0.99694651    
  0.98995262    
  0.98304892    
  0.97623247    
  0.96950012    
  0.96284926    
  0.95627719    
  0.94978142    
  0.94335955    
  0.93700933    
  0.93072873    
  0.92451560    
  0.91836804    
  0.91228431    
  0.90626252    
  0.90030110    
  0.89439839    
  0.88855284    
  0.88276309    
  0.87702763    
  0.87134522    
  0.86571449    
  0.86013424    
  0.85460335    
  0.84912050    
  0.84368479    
  0.83829504    
  0.83295029    
  0.82764953    
  0.82239187    
  0.81717634    
  0.81200212    
  0.80686831    
  0.80177414    
  0.79671884    
  0.79170156    
  0.78672159    
  0.78177822    
  0.77687085    
  0.77199864    
  0.76716113    
  0.76235753    
  0.75758731    
  0.75284988    
  0.74814463    
  0.74347097    
  0.73882848    
  0.73421657    
  0.72963470    
  0.72508240    
  0.72055918    
  0.71606463    
  0.71159816    
  0.70715946    
  0.70274806    
  0.69836348    
  0.69400537    
  0.68967330    
  0.68536687    
  0.68108577    
  0.67682952    
  0.67259789    
  0.66839039    
  0.66420680    
  0.66004670    
  0.65590978    
  0.65179574    
  0.64770424    
  0.64363503    
  0.63958770    
  0.63556212    
  0.63155782    
  0.62757468    
  0.62361234    
  0.61967057    
  0.61574906    
  0.61184758    
  0.60796595    
  0.60410380    
  0.60026097    
  0.59643722    
  0.59263229    
  0.58884597    
  0.58507806    
  0.58132827    
  0.57759649    
  0.57388246    
  0.57018596    
  0.56650680    
  0.56284481    
  0.55919975    
  0.55557150    
  0.55195981    
  0.54836458    
  0.54478550    
  0.54122251    
  0.53767538    
  0.53414392    
  0.53062809    
  0.52712756    
  0.52364224    
  0.52017206    
  0.51671672    
  0.51327616    
  0.50985020    
  0.50643873    
  0.50304151    
  0.49965850    
  0.49628952    
  0.49293444    
  0.48959309    
  0.48626539    
  0.48295119    
  0.47965035    
  0.47636274    
  0.47308826    
  0.46982676    
  0.46657816    
  0.46334231    
  0.46011907    
  0.45690838    
  0.45371008    
  0.45052409    
  0.44735029    
  0.44418857    
  0.44103882    
  0.43790093    
  0.43477482    
  0.43166035    
  0.42855746    
  0.42546603    
  0.42238596    
  0.41931716    
  0.41625956    
  0.41321301    
  0.41017744    
  0.40715280    
  0.40413895    
  0.40113583    
  0.39814332    
  0.39516136    
  0.39218989    
  0.38922876    
  0.38627794    
  0.38333735    
  0.38040689    
  0.37748647    
  0.37457603    
  0.37167549    
  0.36878476    
  0.36590379    
  0.36303249    
  0.36017078    
  0.35731861    
  0.35447589    
  0.35164255    
  0.34881854    
  0.34600374    
  0.34319815    
  0.34040165    
  0.33761421    
  0.33483577    
  0.33206621    
  0.32930550    
  0.32655358    
  0.32381040    
  0.32107586    
  0.31834993    
  0.31563255    
  0.31292364    
  0.31022316    
  0.30753106    
  0.30484724    
  0.30217168    
  0.29950431    
  0.29684508    
  0.29419395    
  0.29155084    
  0.28891569    
  0.28628847    
  0.28366914    
  0.28105763    
  0.27845386    
  0.27585781    
  0.27326944    
  0.27068868    
  0.26811549    
  0.26554981    
  0.26299161    
  0.26044080    
  0.25789741    
  0.25536132    
  0.25283253    
  0.25031096    
  0.24779661    
  0.24528939    
  0.24278927    
  0.24029621    
  0.23781018    
  0.23533112    
  0.23285899    
  0.23039374    
  0.22793533    
  0.22548375    
  0.22303891    
  0.22060081    
  0.21816941    
  0.21574463    
  0.21332647    
  0.21091488    
  0.20850982    
  0.20611124    
  0.20371912    
  0.20133342    
  0.19895411    
  0.19658113    
  0.19421445    
  0.19185404    
  0.18949988    
  0.18715192    
  0.18481012    
  0.18247445    
  0.18014489    
  0.17782138    
  0.17550389    
  0.17319241    
  0.17088690    
  0.16858731    
  0.16629362    
  0.16400580    
  0.16172381    
  0.15944763    
  0.15717721    
  0.15491253    
  0.15265356    
  0.15040028    
  0.14815265    
  0.14591064    
  0.14367421    
  0.14144334    
  0.13921800    
  0.13699818    
  0.13478382    
  0.13257490    
  0.13037141    
  0.12817331    
  0.12598057    
  0.12379315    
  0.12161106    
  0.11943424    
  0.11726268    
  0.11509634    
  0.11293521    
  0.11077924    
  0.10862843    
  0.10648275    
  0.10434216    
  0.10220665    
