   1.6148129    
   1.5371460    
   1.4903014    
   1.4551601    
   1.4263020    
   1.4014188    
   1.3793068    
   1.3592539    
   1.3408022    
   1.3236380    
   1.3075365    
   1.2923301    
   1.2778909    
   1.2641181    
   1.2509308    
   1.2382632    
   1.2260610    
   1.2142785    
   1.2028769    
   1.1918231    
   1.1810887    
   1.1706486    
   1.1604809    
   1.1505665    
   1.1408881    
   1.1314306    
   1.1221802    
   1.1131247    
   1.1042528    
   1.0955546    
   1.0870205    
   1.0786425    
   1.0704125    
   1.0623236    
   1.0543692    
   1.0465432    
   1.0388401    
   1.0312544    
   1.0237815    
   1.0164169    
   1.0091562    
   1.0019956    
  0.99493116    
  0.98795962    
  0.98107755    
  0.97428203    
  0.96756995    
  0.96093869    
  0.95438558    
  0.94790822    
  0.94150418    
  0.93517137    
  0.92890757    
  0.92271084    
  0.91657919    
  0.91051090    
  0.90450424    
  0.89855742    
  0.89266902    
  0.88683742    
  0.88106126    
  0.87533909    
  0.86966956    
  0.86405146    
  0.85848355    
  0.85296464    
  0.84749365    
  0.84206939    
  0.83669090    
  0.83135718    
  0.82606721    
  0.82082003    
  0.81561482    
  0.81045073    
  0.80532682    
  0.80024236    
  0.79519653    
  0.79018855    
  0.78521776    
  0.78028339    
  0.77538478    
  0.77052122    
  0.76569211    
  0.76089686    
  0.75613481    
  0.75140542    
  0.74670804    
  0.74204218    
  0.73740727    
  0.73280287    
  0.72822833    
  0.72368330    
  0.71916717    
  0.71467960    
  0.71022004    
  0.70578814    
  0.70138335    
  0.69700539    
  0.69265372    
  0.68832803    
  0.68402785    
  0.67975295    
  0.67550278    
  0.67127711    
  0.66707557    
  0.66289777    
  0.65874338    
  0.65461212    
  0.65050370    
  0.64641768    
  0.64235389    
  0.63831192    
  0.63429159    
  0.63029253    
  0.62631452    
  0.62235725    
  0.61842042    
  0.61450386    
  0.61060733    
  0.60673046    
  0.60287303    
  0.59903491    
  0.59521580    
  0.59141541    
  0.58763361    
  0.58387017    
  0.58012480    
  0.57639736    
  0.57268763    
  0.56899536    
  0.56532043    
  0.56166255    
  0.55802166    
  0.55439740    
  0.55078977    
  0.54719841    
  0.54362327    
  0.54006416    
  0.53652084    
  0.53299326    
  0.52948111    
  0.52598429    
  0.52250266    
  0.51903605    
  0.51558435    
  0.51214737    
  0.50872487    
  0.50531685    
  0.50192314    
  0.49854350    
  0.49517789    
  0.49182615    
  0.48848811    
  0.48516366    
  0.48185271    
  0.47855505    
  0.47527063    
  0.47199929    
  0.46874091    
  0.46549538    
  0.46226257    
  0.45904237    
  0.45583466    
  0.45263934    
  0.44945627    
  0.44628540    
  0.44312653    
  0.43997964    
  0.43684459    
  0.43372127    
  0.43060958    
  0.42750946    
  0.42442074    
  0.42134339    
  0.41827726    
  0.41522229    
  0.41217840    
  0.40914544    
  0.40612337    
  0.40311208    
  0.40011150    
  0.39712152    
  0.39414209    
  0.39117306    
  0.38821441    
  0.38526604    
  0.38232785    
  0.37939978    
  0.37648174    
  0.37357363    
  0.37067544    
  0.36778703    
  0.36490837    
  0.36203933    
  0.35917991    
  0.35632998    
  0.35348949    
  0.35065836    
  0.34783652    
  0.34502390    
  0.34222049    
  0.33942613    
  0.33664081    
  0.33386445    
  0.33109698    
  0.32833835    
  0.32558849    
  0.32284737    
  0.32011485    
  0.31739095    
  0.31467557    
  0.31196865    
  0.30927014    
  0.30657998    
  0.30389810    
  0.30122447    
  0.29855901    
  0.29590169    
  0.29325244    
  0.29061121    
  0.28797793    
  0.28535256    
  0.28273505    
  0.28012532    
  0.27752337    
  0.27492914    
  0.27234253    
  0.26976356    
  0.26719210    
  0.26462817    
  0.26207170    
  0.25952265    
  0.25698096    
  0.25444657    
  0.25191945    
  0.24939957    
  0.24688688    
  0.24438131    
  0.24188285    
  0.23939142    
  0.23690701    
  0.23442955    
  0.23195902    
  0.22949536    
  0.22703855    
  0.22458851    
  0.22214526    
  0.21970871    
  0.21727882    
  0.21485560    
  0.21243896    
  0.21002887    
  0.20762530    
  0.20522822    
  0.20283759    
  0.20045336    
  0.19807550    
  0.19570398    
  0.19333875    
  0.19097979    
  0.18862706    
  0.18628052    
  0.18394013    
  0.18160588    
  0.17927769    
  0.17695557    
  0.17463948    
  0.17232937    
  0.17002520    
  0.16772698    
  0.16543463    
  0.16314815    
  0.16086748    
  0.15859263    
  0.15632352    
  0.15406016    
  0.15180250    
  0.14955050    
  0.14730415    
  0.14506342    
  0.14282826    
  0.14059865    
  0.13837458    
  0.13615599    
  0.13394287    
  0.13173521    
  0.12953295    
  0.12733606    
  0.12514454    
  0.12295834    
  0.12077744    
  0.11860181    
  0.11643144    
  0.11426628    
  0.11210632    
  0.10995153    
  0.10780189    
  0.10565736    
  0.10351793    
  0.10138356    
