   3.0570235    
   3.0220163    
   2.9951694    
   2.9725492    
   2.9526315    
   2.9346347    
   2.9180942    
   2.9027071    
   2.8882632    
   2.8746095    
   2.8616302    
   2.8492358    
   2.8373542    
   2.8259277    
   2.8149090    
   2.8042574    
   2.7939396    
   2.7839265    
   2.7741930    
   2.7647181    
   2.7554820    
   2.7464683    
   2.7376621    
   2.7290502    
   2.7206202    
   2.7123618    
   2.7042654    
   2.6963215    
   2.6885226    
   2.6808612    
   2.6733308    
   2.6659245    
   2.6586373    
   2.6514633    
   2.6443980    
   2.6374366    
   2.6305752    
   2.6238091    
   2.6171353    
   2.6105499    
   2.6040499    
   2.5976322    
   2.5912938    
   2.5850320    
   2.5788441    
   2.5727279    
   2.5666811    
   2.5607016    
   2.5547869    
   2.5489357    
   2.5431454    
   2.5374148    
   2.5317421    
   2.5261254    
   2.5205636    
   2.5150549    
   2.5095983    
   2.5041919    
   2.4988346    
   2.4935255    
   2.4882634    
   2.4830468    
   2.4778745    
   2.4727461    
   2.4676602    
   2.4626160    
   2.4576123    
   2.4526482    
   2.4477234    
   2.4428363    
   2.4379869    
   2.4331737    
   2.4283962    
   2.4236541    
   2.4189460    
   2.4142718    
   2.4096305    
   2.4050217    
   2.4004447    
   2.3958988    
   2.3913836    
   2.3868985    
   2.3824430    
   2.3780162    
   2.3736184    
   2.3692482    
   2.3649056    
   2.3605902    
   2.3563013    
   2.3520386    
   2.3478017    
   2.3435900    
   2.3394034    
   2.3352413    
   2.3311033    
   2.3269892    
   2.3228984    
   2.3188307    
   2.3147857    
   2.3107634    
   2.3067627    
   2.3027840    
   2.2988267    
   2.2948904    
   2.2909749    
   2.2870800    
   2.2832055    
   2.2793508    
   2.2755158    
   2.2717004    
   2.2679040    
   2.2641265    
   2.2603679    
   2.2566276    
   2.2529054    
   2.2492013    
   2.2455149    
   2.2418461    
   2.2381945    
   2.2345600    
   2.2309422    
   2.2273414    
   2.2237568    
   2.2201886    
   2.2166367    
   2.2131004    
   2.2095799    
   2.2060750    
   2.2025852    
   2.1991107    
   2.1956513    
   2.1922069    
   2.1887770    
   2.1853614    
   2.1819603    
   2.1785736    
   2.1752007    
   2.1718419    
   2.1684968    
   2.1651652    
   2.1618471    
   2.1585424    
   2.1552508    
   2.1519723    
   2.1487067    
   2.1454539    
   2.1422138    
   2.1389861    
   2.1357708    
   2.1325679    
   2.1293771    
   2.1261985    
   2.1230316    
   2.1198769    
   2.1167336    
   2.1136019    
   2.1104817    
   2.1073730    
   2.1042755    
   2.1011891    
   2.0981138    
   2.0950496    
   2.0919962    
   2.0889535    
   2.0859215    
   2.0829003    
   2.0798893    
   2.0768888    
   2.0738986    
   2.0709186    
   2.0679488    
   2.0649889    
   2.0620391    
   2.0590992    
   2.0561690    
   2.0532484    
   2.0503376    
   2.0474362    
   2.0445445    
   2.0416620    
   2.0387888    
   2.0359249    
   2.0330703    
   2.0302246    
   2.0273881    
   2.0245605    
   2.0217416    
   2.0189316    
   2.0161304    
   2.0133379    
   2.0105538    
   2.0077784    
   2.0050116    
   2.0022531    
   1.9995028    
   1.9967608    
   1.9940271    
   1.9913017    
   1.9885843    
   1.9858749    
   1.9831735    
   1.9804800    
   1.9777944    
   1.9751166    
   1.9724466    
   1.9697841    
   1.9671295    
   1.9644823    
   1.9618428    
   1.9592106    
   1.9565860    
   1.9539688    
   1.9513588    
   1.9487561    
   1.9461607    
   1.9435724    
   1.9409913    
   1.9384172    
   1.9358501    
   1.9332901    
   1.9307370    
   1.9281908    
   1.9256514    
   1.9231189    
   1.9205931    
   1.9180740    
   1.9155617    
   1.9130559    
   1.9105567    
   1.9080640    
   1.9055779    
   1.9030982    
   1.9006250    
   1.8981581    
   1.8956976    
   1.8932433    
   1.8907954    
   1.8883536    
   1.8859180    
   1.8834887    
   1.8810652    
   1.8786480    
   1.8762368    
   1.8738316    
   1.8714324    
   1.8690391    
   1.8666517    
   1.8642701    
   1.8618942    
   1.8595244    
   1.8571601    
   1.8548017    
   1.8524488    
   1.8501017    
   1.8477602    
   1.8454242    
   1.8430939    
   1.8407689    
   1.8384496    
   1.8361356    
   1.8338273    
   1.8315241    
   1.8292264    
   1.8269341    
   1.8246469    
   1.8223653    
   1.8200887    
   1.8178174    
   1.8155513    
   1.8132904    
   1.8110346    
   1.8087839    
   1.8065382    
   1.8042977    
   1.8020622    
   1.7998316    
   1.7976061    
   1.7953855    
   1.7931699    
   1.7909590    
   1.7887532    
   1.7865521    
   1.7843558    
   1.7821643    
   1.7799777    
   1.7777957    
   1.7756186    
   1.7734460    
   1.7712781    
   1.7691150    
   1.7669563    
   1.7648023    
   1.7626530    
   1.7605082    
   1.7583678    
   1.7562320    
   1.7541007    
   1.7519739    
   1.7498515    
   1.7477335    
