  0.24975370    
  0.33589992    
  0.39266619    
  0.43410078    
  0.46588224    
  0.49099270    
  0.51122206    
  0.52773750    
  0.54134417    
  0.55262160    
  0.56200016    
  0.56980789    
  0.57630026    
  0.58167952    
  0.58610839    
  0.58971936    
  0.59262168    
  0.59490609    
  0.59664887    
  0.59791458    
  0.59875822    
  0.59922683    
  0.59936124    
  0.59919673    
  0.59876406    
  0.59809011    
  0.59719872    
  0.59611076    
  0.59484476    
  0.59341723    
  0.59184295    
  0.59013498    
  0.58830523    
  0.58636433    
  0.58432180    
  0.58218634    
  0.57996577    
  0.57766730    
  0.57529736    
  0.57286185    
  0.57036620    
  0.56781530    
  0.56521368    
  0.56256551    
  0.55987453    
  0.55714434    
  0.55437809    
  0.55157882    
  0.54874921    
  0.54589182    
  0.54300898    
  0.54010296    
  0.53717566    
  0.53422904    
  0.53126478    
  0.52828455    
  0.52528977    
  0.52228194    
  0.51926231    
  0.51623213    
  0.51319247    
  0.51014447    
  0.50708914    
  0.50402725    
  0.50095981    
  0.49788761    
  0.49481139    
  0.49173185    
  0.48864964    
  0.48556542    
  0.48247978    
  0.47939324    
  0.47630632    
  0.47321951    
  0.47013327    
  0.46704802    
  0.46396413    
  0.46088201    
  0.45780203    
  0.45472446    
  0.45164967    
  0.44857791    
  0.44550949    
  0.44244465    
  0.43938363    
  0.43632665    
  0.43327394    
  0.43022567    
  0.42718208    
  0.42414331    
  0.42110953    
  0.41808090    
  0.41505754    
  0.41203964    
  0.40902731    
  0.40602061    
  0.40301976    
  0.40002474    
  0.39703575    
  0.39405283    
  0.39107609    
  0.38810560    
  0.38514140    
  0.38218361    
  0.37923229    
  0.37628746    
  0.37334919    
  0.37041754    
  0.36749256    
  0.36457425    
  0.36166272    
  0.35875794    
  0.35585997    
  0.35296884    
  0.35008457    
  0.34720719    
  0.34433672    
  0.34147319    
  0.33861658    
  0.33576691    
  0.33292422    
  0.33008853    
  0.32725978    
  0.32443804    
  0.32162330    
  0.31881553    
  0.31601477    
  0.31322098    
  0.31043422    
  0.30765441    
  0.30488160    
  0.30211580    
  0.29935694    
  0.29660505    
  0.29386011    
  0.29112211    
  0.28839105    
  0.28566691    
  0.28294966    
  0.28023934    
  0.27753589    
  0.27483928    
  0.27214956    
  0.26946664    
  0.26679057    
  0.26412129    
  0.26145878    
  0.25880304    
  0.25615406    
  0.25351182    
  0.25087628    
  0.24824740    
  0.24562521    
  0.24300967    
  0.24040075    
  0.23779844    
  0.23520271    
  0.23261356    
  0.23003094    
  0.22745484    
  0.22488523    
  0.22232209    
  0.21976542    
  0.21721517    
  0.21467133    
  0.21213385    
  0.20960276    
  0.20707798    
  0.20455953    
  0.20204736    
  0.19954146    
  0.19704179    
  0.19454835    
  0.19206110    
  0.18958002    
  0.18710509    
  0.18463627    
  0.18217355    
  0.17971691    
  0.17726631    
  0.17482175    
  0.17238319    
  0.16995060    
  0.16752397    
  0.16510326    
  0.16268846    
  0.16027954    
  0.15787649    
  0.15547927    
  0.15308785    
  0.15070222    
  0.14832236    
  0.14594823    
  0.14357981    
  0.14121710    
  0.13886005    
  0.13650864    
  0.13416286    
  0.13182268    
  0.12948805    
  0.12715900    
  0.12483547    
  0.12251744    
  0.12020490    
  0.11789782    
  0.11559618    
  0.11329994    
  0.11100911    
  0.10872364    
  0.10644352    
  0.10416872    
  0.10189923    
  9.96350124E-02
  9.73760560E-02
  9.51223373E-02
  9.28738341E-02
  9.06305239E-02
  8.83923844E-02
  8.61593932E-02
  8.39315355E-02
  8.17087740E-02
  7.94911087E-02
  7.72785023E-02
  7.50709400E-02
  7.28683993E-02
  7.06708655E-02
  6.84783012E-02
  6.62907064E-02
  6.41080439E-02
  6.19303063E-02
  5.97574636E-02
  5.75895049E-02
  5.54263964E-02
  5.32681309E-02
  5.11146858E-02
  4.89660352E-02
  4.68221642E-02
  4.46830541E-02
  4.25486788E-02
  4.04190272E-02
  3.82940844E-02
  3.61738130E-02
  3.40582095E-02
  3.19472402E-02
  2.98408996E-02
  2.77391654E-02
  2.56420169E-02
  2.35494357E-02
  2.14614123E-02
  1.93779115E-02
  1.72989238E-02
  1.52244307E-02
  1.31544312E-02
  1.10888705E-02
  9.02773812E-03
  6.97107194E-03
  4.91874153E-03
  2.87090638E-03
  8.27341515E-04
   3.1403809    
   3.1383460    
   3.1363153    
   3.1342893    
   3.1322672    
   3.1302495    
   3.1282363    
   3.1262269    
   3.1242220    
   3.1222212    
   3.1202247    
   3.1182323    
   3.1162441    
   3.1142597    
   3.1122799    
   3.1103039    
   3.1083322    
   3.1063643    
   3.1044006    
   3.1024408    
   3.1004853    
   3.0985336    
   3.0965860    
   3.0946424    
   3.0927026    
   3.0907669    
   3.0888350    
   3.0869071    
   3.0849831    
   3.0830629    
   3.0811467    
   3.0792344    
   3.0773256    
   3.0754209    
   3.0735199    
   3.0716228    
   3.0697296    
   3.0678401    
   3.0659542    
   3.0640721    
   3.0621939    
