   1.7112294    
   1.6065367    
   1.5473098    
   1.5046924    
   1.4706976    
   1.4420074    
   1.4169284    
   1.3944794    
   1.3740402    
   1.3551930    
   1.3376423    
   1.3211714    
   1.3056160    
   1.2908484    
   1.2767673    
   1.2632911    
   1.2503525    
   1.2378958    
   1.2258742    
   1.2142475    
   1.2029814    
   1.1920463    
   1.1814165    
   1.1710691    
   1.1609840    
   1.1511437    
   1.1415319    
   1.1321347    
   1.1229389    
   1.1139331    
   1.1051067    
   1.0964500    
   1.0879543    
   1.0796115    
   1.0714142    
   1.0633557    
   1.0554293    
   1.0476296    
   1.0399510    
   1.0323883    
   1.0249369    
   1.0175925    
   1.0103508    
   1.0032082    
  0.99616075    
  0.98920524    
  0.98233849    
  0.97555739    
  0.96885908    
  0.96224093    
  0.95570034    
  0.94923490    
  0.94284236    
  0.93652046    
  0.93026716    
  0.92408049    
  0.91795856    
  0.91189963    
  0.90590191    
  0.89996380    
  0.89408374    
  0.88826025    
  0.88249189    
  0.87677729    
  0.87111515    
  0.86550415    
  0.85994315    
  0.85443091    
  0.84896642    
  0.84354854    
  0.83817625    
  0.83284855    
  0.82756442    
  0.82232302    
  0.81712341    
  0.81196475    
  0.80684620    
  0.80176699    
  0.79672623    
  0.79172331    
  0.78675741    
  0.78182787    
  0.77693397    
  0.77207506    
  0.76725054    
  0.76245970    
  0.75770205    
  0.75297695    
  0.74828386    
  0.74362218    
  0.73899138    
  0.73439097    
  0.72982043    
  0.72527933    
  0.72076708    
  0.71628332    
  0.71182758    
  0.70739931    
  0.70299822    
  0.69862384    
  0.69427574    
  0.68995357    
  0.68565696    
  0.68138546    
  0.67713869    
  0.67291641    
  0.66871816    
  0.66454363    
  0.66039252    
  0.65626454    
  0.65215921    
  0.64807642    
  0.64401573    
  0.63997686    
  0.63595957    
  0.63196355    
  0.62798852    
  0.62403423    
  0.62010044    
  0.61618680    
  0.61229312    
  0.60841912    
  0.60456461    
  0.60072929    
  0.59691292    
  0.59311539    
  0.58933634    
  0.58557564    
  0.58183300    
  0.57810825    
  0.57440120    
  0.57071161    
  0.56703931    
  0.56338406    
  0.55974573    
  0.55612415    
  0.55251902    
  0.54893029    
  0.54535770    
  0.54180110    
  0.53826028    
  0.53473514    
  0.53122550    
  0.52773112    
  0.52425194    
  0.52078778    
  0.51733851    
  0.51390386    
  0.51048380    
  0.50707817    
  0.50368679    
  0.50030953    
  0.49694625    
  0.49359682    
  0.49026108    
  0.48693895    
  0.48363027    
  0.48033491    
  0.47705275    
  0.47378364    
  0.47052750    
  0.46728420    
  0.46405360    
  0.46083561    
  0.45763010    
  0.45443696    
  0.45125610    
  0.44808736    
  0.44493067    
  0.44178593    
  0.43865299    
  0.43553180    
  0.43242225    
  0.42932421    
  0.42623761    
  0.42316231    
  0.42009827    
  0.41704538    
  0.41400355    
  0.41097265    
  0.40795261    
  0.40494338    
  0.40194482    
  0.39895684    
  0.39597940    
  0.39301240    
  0.39005575    
  0.38710934    
  0.38417313    
  0.38124701    
  0.37833095    
  0.37542480    
  0.37252855    
  0.36964208    
  0.36676535    
  0.36389825    
  0.36104071    
  0.35819268    
  0.35535410    
  0.35252488    
  0.34970492    
  0.34689420    
  0.34409264    
  0.34130016    
  0.33851671    
  0.33574221    
  0.33297658    
  0.33021981    
  0.32747176    
  0.32473245    
  0.32200179    
  0.31927967    
  0.31656611    
  0.31386098    
  0.31116426    
  0.30847588    
  0.30579582    
  0.30312395    
  0.30046028    
  0.29780471    
  0.29515722    
  0.29251772    
  0.28988621    
  0.28726259    
  0.28464681    
  0.28203884    
  0.27943859    
  0.27684608    
  0.27426118    
  0.27168390    
  0.26911417    
  0.26655194    
  0.26399717    
  0.26144978    
  0.25890976    
  0.25637707    
  0.25385162    
  0.25133342    
  0.24882238    
  0.24631847    
  0.24382165    
  0.24133188    
  0.23884910    
  0.23637328    
  0.23390438    
  0.23144235    
  0.22898716    
  0.22653875    
  0.22409709    
  0.22166215    
  0.21923387    
  0.21681224    
  0.21439719    
  0.21198870    
  0.20958671    
  0.20719121    
  0.20480216    
  0.20241950    
  0.20004322    
  0.19767325    
  0.19530958    
  0.19295217    
  0.19060099    
  0.18825598    
  0.18591714    
  0.18358441    
  0.18125777    
  0.17893717    
  0.17662260    
  0.17431401    
  0.17201136    
  0.16971464    
  0.16742380    
  0.16513881    
  0.16285966    
  0.16058628    
  0.15831868    
  0.15605679    
  0.15380062    
  0.15155010    
  0.14930522    
  0.14706595    
  0.14483227    
  0.14260413    
  0.14038152    
  0.13816439    
  0.13595271    
  0.13374649    
  0.13154566    
  0.12935023    
  0.12716013    
  0.12497537    
  0.12279590    
  0.12062170    
  0.11845275    
  0.11628901    
  0.11413047    
  0.11197709    
  0.10982885    
  0.10768572    
