   3.0311251    
   2.9854336    
   2.9504180    
   2.9209359    
   2.8949943    
   2.8715706    
   2.8500574    
   2.8300583    
   2.8112984    
   2.7935767    
   2.7767422    
   2.7606769    
   2.7452872    
   2.7304971    
   2.7162442    
   2.7024760    
   2.6891479    
   2.6762223    
   2.6636665    
   2.6514521    
   2.6395538    
   2.6279497    
   2.6166201    
   2.6055479    
   2.5947170    
   2.5841136    
   2.5737250    
   2.5635390    
   2.5535455    
   2.5437346    
   2.5340974    
   2.5246260    
   2.5153124    
   2.5061498    
   2.4971318    
   2.4882522    
   2.4795055    
   2.4708865    
   2.4623902    
   2.4540122    
   2.4457479    
   2.4375932    
   2.4295447    
   2.4215984    
   2.4137511    
   2.4059997    
   2.3983409    
   2.3907721    
   2.3832903    
   2.3758931    
   2.3685780    
   2.3613427    
   2.3541846    
   2.3471022    
   2.3400931    
   2.3331552    
   2.3262870    
   2.3194866    
   2.3127522    
   2.3060822    
   2.2994752    
   2.2929294    
   2.2864437    
   2.2800164    
   2.2736466    
   2.2673326    
   2.2610731    
   2.2548673    
   2.2487137    
   2.2426116    
   2.2365596    
   2.2305570    
   2.2246022    
   2.2186949    
   2.2128339    
   2.2070181    
   2.2012470    
   2.1955194    
   2.1898348    
   2.1841924    
   2.1785913    
   2.1730306    
   2.1675098    
   2.1620283    
   2.1565852    
   2.1511798    
   2.1458118    
   2.1404803    
   2.1351845    
   2.1299245    
   2.1246991    
   2.1195078    
   2.1143503    
   2.1092262    
   2.1041346    
   2.0990751    
   2.0940473    
   2.0890505    
   2.0840847    
   2.0791492    
   2.0742435    
   2.0693672    
   2.0645199    
   2.0597010    
   2.0549104    
   2.0501478    
   2.0454123    
   2.0407040    
   2.0360222    
   2.0313668    
   2.0267375    
   2.0221336    
   2.0175552    
   2.0130017    
   2.0084729    
   2.0039682    
   1.9994878    
   1.9950309    
   1.9905976    
   1.9861873    
   1.9818000    
   1.9774352    
   1.9730927    
   1.9687723    
   1.9644737    
   1.9601966    
   1.9559408    
   1.9517061    
   1.9474921    
   1.9432987    
   1.9391257    
   1.9349726    
   1.9308397    
   1.9267262    
   1.9226322    
   1.9185575    
   1.9145019    
   1.9104650    
   1.9064468    
   1.9024470    
   1.8984654    
   1.8945019    
   1.8905563    
   1.8866284    
   1.8827178    
   1.8788247    
   1.8749487    
   1.8710897    
   1.8672475    
   1.8634219    
   1.8596128    
   1.8558201    
   1.8520435    
   1.8482828    
   1.8445381    
   1.8408091    
   1.8370956    
   1.8333975    
   1.8297147    
   1.8260469    
   1.8223943    
   1.8187563    
   1.8151332    
   1.8115246    
   1.8079305    
   1.8043507    
   1.8007851    
   1.7972336    
   1.7936959    
   1.7901721    
   1.7866620    
   1.7831655    
   1.7796824    
   1.7762128    
   1.7727563    
   1.7693130    
   1.7658826    
   1.7624652    
   1.7590606    
   1.7556686    
   1.7522893    
   1.7489225    
   1.7455679    
   1.7422258    
   1.7388958    
   1.7355778    
   1.7322719    
   1.7289778    
   1.7256956    
   1.7224251    
   1.7191662    
   1.7159188    
   1.7126827    
   1.7094581    
   1.7062448    
   1.7030426    
   1.6998515    
   1.6966714    
   1.6935023    
   1.6903440    
   1.6871964    
   1.6840595    
   1.6809332    
   1.6778175    
   1.6747122    
   1.6716172    
   1.6685325    
   1.6654581    
   1.6623938    
   1.6593397    
   1.6562954    
   1.6532612    
   1.6502367    
   1.6472222    
   1.6442173    
   1.6412220    
   1.6382364    
   1.6352602    
   1.6322936    
   1.6293364    
   1.6263884    
   1.6234497    
   1.6205202    
   1.6175998    
   1.6146886    
   1.6117864    
   1.6088932    
   1.6060088    
   1.6031332    
   1.6002665    
   1.5974084    
   1.5945591    
   1.5917183    
   1.5888861    
   1.5860624    
   1.5832472    
   1.5804403    
   1.5776417    
   1.5748515    
   1.5720695    
   1.5692958    
   1.5665300    
   1.5637724    
   1.5610229    
   1.5582813    
   1.5555476    
   1.5528218    
   1.5501038    
   1.5473937    
   1.5446912    
   1.5419965    
   1.5393094    
   1.5366299    
   1.5339580    
   1.5312935    
   1.5286366    
   1.5259870    
   1.5233448    
   1.5207100    
   1.5180824    
   1.5154620    
   1.5128490    
   1.5102431    
   1.5076442    
   1.5050524    
   1.5024678    
   1.4998900    
   1.4973192    
   1.4947554    
   1.4921985    
   1.4896483    
   1.4871050    
   1.4845684    
   1.4820386    
   1.4795154    
   1.4769989    
   1.4744891    
   1.4719858    
   1.4694890    
   1.4669987    
   1.4645150    
   1.4620376    
   1.4595666    
   1.4571021    
   1.4546438    
   1.4521918    
   1.4497461    
   1.4473066    
   1.4448733    
   1.4424462    
   1.4400253    
   1.4376104    
   1.4352015    
   1.4327987    
   1.4304020    
   1.4280112    
   1.4256263    
   1.4232473    
   1.4208742    
   1.4185070    
