  0.25543621    
  0.34311098    
  0.40067568    
  0.44256195    
  0.47460017    
  0.49984834    
  0.52013922    
  0.53666556    
  0.55024916    
  0.56148016    
  0.57079643    
  0.57853103    
  0.58494294    
  0.59023708    
  0.59457797    
  0.59809947    
  0.60091174    
  0.60310626    
  0.60475993    
  0.60593754    
  0.60669446    
  0.60707796    
  0.60712886    
  0.60688263    
  0.60636997    
  0.60561800    
  0.60465038    
  0.60348797    
  0.60214937    
  0.60065103    
  0.59900761    
  0.59723228    
  0.59533679    
  0.59333175    
  0.59122670    
  0.58903021    
  0.58675009    
  0.58439344    
  0.58196676    
  0.57947582    
  0.57692599    
  0.57432216    
  0.57166886    
  0.56897020    
  0.56622982    
  0.56345135    
  0.56063789    
  0.55779237    
  0.55491751    
  0.55201584    
  0.54908967    
  0.54614121    
  0.54317236    
  0.54018497    
  0.53718078    
  0.53416139    
  0.53112829    
  0.52808279    
  0.52502626    
  0.52195984    
  0.51888472    
  0.51580185    
  0.51271218    
  0.50961673    
  0.50651628    
  0.50341165    
  0.50030357    
  0.49719271    
  0.49407977    
  0.49096531    
  0.48784992    
  0.48473415    
  0.48161846    
  0.47850338    
  0.47538930    
  0.47227666    
  0.46916583    
  0.46605718    
  0.46295109    
  0.45984784    
  0.45674771    
  0.45365101    
  0.45055804    
  0.44746900    
  0.44438413    
  0.44130367    
  0.43822780    
  0.43515670    
  0.43209061    
  0.42902967    
  0.42597401    
  0.42292380    
  0.41987920    
  0.41684031    
  0.41380724    
  0.41078016    
  0.40775913    
  0.40474424    
  0.40173560    
  0.39873332    
  0.39573744    
  0.39274806    
  0.38976523    
  0.38678902    
  0.38381949    
  0.38085672    
  0.37790069    
  0.37495151    
  0.37200922    
  0.36907384    
  0.36614537    
  0.36322388    
  0.36030942    
  0.35740197    
  0.35450158    
  0.35160825    
  0.34872201    
  0.34584287    
  0.34297085    
  0.34010595    
  0.33724821    
  0.33439758    
  0.33155411    
  0.32871777    
  0.32588860    
  0.32306656    
  0.32025167    
  0.31744394    
  0.31464332    
  0.31184983    
  0.30906349    
  0.30628425    
  0.30351213    
  0.30074710    
  0.29798916    
  0.29523829    
  0.29249451    
  0.28975773    
  0.28702801    
  0.28430530    
  0.28158960    
  0.27888086    
  0.27617911    
  0.27348429    
  0.27079642    
  0.26811546    
  0.26544139    
  0.26277420    
  0.26011387    
  0.25746036    
  0.25481364    
  0.25217375    
  0.24954060    
  0.24691421    
  0.24429454    
  0.24168156    
  0.23907527    
  0.23647565    
  0.23388264    
  0.23129626    
  0.22871645    
  0.22614320    
  0.22357649    
  0.22101630    
  0.21846260    
  0.21591535    
  0.21337456    
  0.21084018    
  0.20831218    
  0.20579056    
  0.20327529    
  0.20076632    
  0.19826366    
  0.19576725    
  0.19327709    
  0.19079316    
  0.18831541    
  0.18584384    
  0.18337840    
  0.18091908    
  0.17846586    
  0.17601871    
  0.17357761    
  0.17114250    
  0.16871342    
  0.16629028    
  0.16387311    
  0.16146185    
  0.15905648    
  0.15665698    
  0.15426333    
  0.15187551    
  0.14949349    
  0.14711723    
  0.14474672    
  0.14238194    
  0.14002286    
  0.13766946    
  0.13532171    
  0.13297959    
  0.13064307    
  0.12831214    
  0.12598677    
  0.12366692    
  0.12135259    
  0.11904375    
  0.11674037    
  0.11444243    
  0.11214992    
  0.10986279    
  0.10758103    
  0.10530464    
  0.10303356    
  0.10076779    
  9.85073075E-02
  9.62520763E-02
  9.40020904E-02
  9.17573124E-02
  8.95177275E-02
  8.72833207E-02
  8.50540623E-02
  8.28299299E-02
  8.06109011E-02
  7.83969611E-02
  7.61880800E-02
  7.39842430E-02
  7.17854276E-02
  6.95916116E-02
  6.74027801E-02
  6.52189031E-02
  6.30399585E-02
  6.08659312E-02
  5.86968064E-02
  5.65325506E-02
  5.43731563E-02
  5.22185899E-02
  5.00688441E-02
  4.79238890E-02
  4.57837097E-02
  4.36482877E-02
  4.15176079E-02
  3.93916368E-02
  3.72703560E-02
  3.51537578E-02
  3.30418274E-02
  3.09345201E-02
  2.88318433E-02
  2.67337635E-02
  2.46402659E-02
  2.25513317E-02
  2.04669479E-02
  1.83870941E-02
  1.63117312E-02
  1.42408609E-02
  1.21744759E-02
  1.01125501E-02
  8.05502106E-03
  6.00196794E-03
  3.95322638E-03
  1.90891558E-03
   3.1414628    
   3.1394262    
   3.1373949    
   3.1353679    
   3.1333451    
   3.1313267    
   3.1293128    
   3.1273029    
   3.1252971    
   3.1232958    
   3.1212986    
   3.1193054    
   3.1173165    
   3.1153316    
   3.1133511    
   3.1113744    
   3.1094019    
   3.1074338    
   3.1054695    
   3.1035092    
   3.1015530    
   3.0996008    
   3.0976524    
   3.0957084    
   3.0937681    
   3.0918317    
   3.0898995    
   3.0879710    
   3.0860465    
   3.0841260    
   3.0822091    
   3.0802963    
   3.0783873    
   3.0764821    
   3.0745807    
   3.0726831    
   3.0707893    
   3.0688994    
   3.0670130    
   3.0651305    
