   3.0232565    
   2.9743190    
   2.9368217    
   2.9052548    
   2.8774831    
   2.8524108    
   2.8293867    
   2.8079865    
   2.7879152    
   2.7689576    
   2.7509515    
   2.7337708    
   2.7173152    
   2.7015028    
   2.6862671    
   2.6715515    
   2.6573086    
   2.6434977    
   2.6300840    
   2.6170366    
   2.6043286    
   2.5919371    
   2.5798402    
   2.5680196    
   2.5564587    
   2.5451419    
   2.5340557    
   2.5231876    
   2.5125263    
   2.5020611    
   2.4917829    
   2.4816825    
   2.4717522    
   2.4619839    
   2.4523714    
   2.4429073    
   2.4335864    
   2.4244027    
   2.4153512    
   2.4064264    
   2.3976243    
   2.3889401    
   2.3803699    
   2.3719099    
   2.3635564    
   2.3553057    
   2.3471551    
   2.3391011    
   2.3311408    
   2.3232713    
   2.3154905    
   2.3077953    
   2.3001835    
   2.2926528    
   2.2852011    
   2.2778261    
   2.2705262    
   2.2632990    
   2.2561431    
   2.2490566    
   2.2420378    
   2.2350848    
   2.2281966    
   2.2213712    
   2.2146077    
   2.2079041    
   2.2012596    
   2.1946728    
   2.1881423    
   2.1816669    
   2.1752458    
   2.1688774    
   2.1625609    
   2.1562955    
   2.1500797    
   2.1439130    
   2.1377940    
   2.1317222    
   2.1256967    
   2.1197164    
   2.1137805    
   2.1078885    
   2.1020393    
   2.0962324    
   2.0904667    
   2.0847418    
   2.0790572    
   2.0734117    
   2.0678051    
   2.0622365    
   2.0567055    
   2.0512111    
   2.0457532    
   2.0403311    
   2.0349441    
   2.0295918    
   2.0242734    
   2.0189888    
   2.0137372    
   2.0085185    
   2.0033317    
   1.9981765    
   1.9930525    
   1.9879594    
   1.9828967    
   1.9778638    
   1.9728605    
   1.9678863    
   1.9629408    
   1.9580237    
   1.9531345    
   1.9482729    
   1.9434385    
   1.9386311    
   1.9338502    
   1.9290955    
   1.9243666    
   1.9196633    
   1.9149853    
   1.9103321    
   1.9057035    
   1.9010994    
   1.8965192    
   1.8919628    
   1.8874298    
   1.8829201    
   1.8784332    
   1.8739691    
   1.8695272    
   1.8651077    
   1.8607099    
   1.8563337    
   1.8519791    
   1.8476455    
   1.8433330    
   1.8390411    
   1.8347697    
   1.8305187    
   1.8262876    
   1.8220764    
   1.8178848    
   1.8137127    
   1.8095598    
   1.8054259    
   1.8013109    
   1.7972145    
   1.7931366    
   1.7890769    
   1.7850354    
   1.7810117    
   1.7770058    
   1.7730174    
   1.7690464    
   1.7650927    
   1.7611561    
   1.7572364    
   1.7533333    
   1.7494469    
   1.7455769    
   1.7417231    
   1.7378855    
   1.7340639    
   1.7302580    
   1.7264678    
   1.7226933    
   1.7189342    
   1.7151903    
   1.7114615    
   1.7077477    
   1.7040489    
   1.7003647    
   1.6966951    
   1.6930400    
   1.6893994    
   1.6857729    
   1.6821606    
   1.6785623    
   1.6749778    
   1.6714071    
   1.6678500    
   1.6643065    
   1.6607765    
   1.6572597    
   1.6537561    
   1.6502657    
   1.6467882    
   1.6433237    
   1.6398720    
   1.6364329    
   1.6330065    
   1.6295924    
   1.6261908    
   1.6228015    
   1.6194245    
   1.6160594    
   1.6127064    
   1.6093653    
   1.6060362    
   1.6027187    
   1.5994128    
   1.5961186    
   1.5928358    
   1.5895644    
   1.5863043    
   1.5830555    
   1.5798179    
   1.5765913    
   1.5733756    
   1.5701709    
   1.5669769    
   1.5637938    
   1.5606213    
   1.5574595    
   1.5543081    
   1.5511671    
   1.5480367    
   1.5449164    
   1.5418065    
   1.5387065    
   1.5356169    
   1.5325371    
   1.5294673    
   1.5264075    
   1.5233575    
   1.5203172    
   1.5172865    
   1.5142655    
   1.5112542    
   1.5082523    
   1.5052598    
   1.5022765    
   1.4993027    
   1.4963382    
   1.4933828    
   1.4904366    
   1.4874995    
   1.4845713    
   1.4816520    
   1.4787418    
   1.4758403    
   1.4729476    
   1.4700637    
   1.4671884    
   1.4643217    
   1.4614637    
   1.4586141    
   1.4557730    
   1.4529403    
   1.4501159    
   1.4473000    
   1.4444921    
   1.4416926    
   1.4389012    
   1.4361179    
   1.4333426    
   1.4305754    
   1.4278162    
   1.4250648    
   1.4223212    
   1.4195856    
   1.4168577    
   1.4141375    
   1.4114250    
   1.4087203    
   1.4060230    
   1.4033333    
   1.4006511    
   1.3979764    
   1.3953091    
   1.3926492    
   1.3899966    
   1.3873513    
   1.3847133    
   1.3820825    
   1.3794589    
   1.3768424    
   1.3742330    
   1.3716307    
   1.3690352    
   1.3664470    
   1.3638655    
   1.3612911    
   1.3587234    
   1.3561625    
   1.3536085    
   1.3510612    
   1.3485206    
   1.3459867    
   1.3434595    
   1.3409388    
   1.3384248    
   1.3359172    
   1.3334162    
   1.3309216    
   1.3284335    
   1.3259518    
   1.3234764    
   1.3210075    
   1.3185447    
   1.3160883    
