   2.9099627    
   2.8154063    
   2.7437584    
   2.6840875    
   2.6321356    
   2.5857062    
   2.5434878    
   2.5046210    
   2.4685056    
   2.4347024    
   2.4028783    
   2.3727732    
   2.3441792    
   2.3169274    
   2.2908773    
   2.2659121    
   2.2419314    
   2.2188499    
   2.1965933    
   2.1750975    
   2.1543050    
   2.1341660    
   2.1146359    
   2.0956743    
   2.0772455    
   2.0593169    
   2.0418594    
   2.0248461    
   2.0082526    
   1.9920565    
   1.9762373    
   1.9607762    
   1.9456557    
   1.9308597    
   1.9163733    
   1.9021823    
   1.8882741    
   1.8746363    
   1.8612579    
   1.8481281    
   1.8352370    
   1.8225754    
   1.8101345    
   1.7979062    
   1.7858824    
   1.7740558    
   1.7624196    
   1.7509673    
   1.7396924    
   1.7285893    
   1.7176521    
   1.7068757    
   1.6962548    
   1.6857849    
   1.6754612    
   1.6652792    
   1.6552349    
   1.6453242    
   1.6355435    
   1.6258887    
   1.6163567    
   1.6069441    
   1.5976474    
   1.5884639    
   1.5793904    
   1.5704241    
   1.5615623    
   1.5528024    
   1.5441418    
   1.5355781    
   1.5271091    
   1.5187324    
   1.5104458    
   1.5022473    
   1.4941349    
   1.4861065    
   1.4781604    
   1.4702947    
   1.4625076    
   1.4547975    
   1.4471627    
   1.4396017    
   1.4321127    
   1.4246945    
   1.4173455    
   1.4100645    
   1.4028498    
   1.3957005    
   1.3886149    
   1.3815922    
   1.3746308    
   1.3677298    
   1.3608879    
   1.3541042    
   1.3473774    
   1.3407066    
   1.3340908    
   1.3275291    
   1.3210204    
   1.3145638    
   1.3081583    
   1.3018032    
   1.2954977    
   1.2892406    
   1.2830315    
   1.2768694    
   1.2707536    
   1.2646832    
   1.2586577    
   1.2526762    
   1.2467381    
   1.2408427    
   1.2349893    
   1.2291774    
   1.2234061    
   1.2176749    
   1.2119832    
   1.2063305    
   1.2007161    
   1.1951396    
   1.1896003    
   1.1840976    
   1.1786313    
   1.1732005    
   1.1678048    
   1.1624439    
   1.1571171    
   1.1518240    
   1.1465642    
   1.1413373    
   1.1361426    
   1.1309799    
   1.1258487    
   1.1207485    
   1.1156790    
   1.1106398    
   1.1056305    
   1.1006507    
   1.0957000    
   1.0907781    
   1.0858847    
   1.0810192    
   1.0761814    
   1.0713711    
   1.0665877    
   1.0618310    
   1.0571007    
   1.0523964    
   1.0477179    
   1.0430650    
   1.0384370    
   1.0338340    
   1.0292556    
   1.0247014    
   1.0201713    
   1.0156648    
   1.0111818    
   1.0067221    
   1.0022854    
  0.99787122    
  0.99347961    
  0.98911011    
  0.98476261    
  0.98043686    
  0.97613257    
  0.97184950    
  0.96758753    
  0.96334630    
  0.95912570    
  0.95492554    
  0.95074546    
  0.94658536    
  0.94244504    
  0.93832427    
  0.93422282    
  0.93014055    
  0.92607731    
  0.92203277    
  0.91800684    
  0.91399938    
  0.91001010    
  0.90603888    
  0.90208554    
  0.89814997    
  0.89423186    
  0.89033115    
  0.88644767    
  0.88258117    
  0.87873161    
  0.87489879    
  0.87108254    
  0.86728269    
  0.86349910    
  0.85973167    
  0.85598022    
  0.85224456    
  0.84852463    
  0.84482020    
  0.84113121    
  0.83745754    
  0.83379894    
  0.83015537    
  0.82652670    
  0.82291275    
  0.81931347    
  0.81572860    
  0.81215817    
  0.80860198    
  0.80505991    
  0.80153185    
  0.79801768    
  0.79451728    
  0.79103059    
  0.78755742    
  0.78409767    
  0.78065127    
  0.77721810    
  0.77379805    
  0.77039099    
  0.76699680    
  0.76361543    
  0.76024681    
  0.75689071    
  0.75354719    
  0.75021601    
  0.74689716    
  0.74359053    
  0.74029595    
  0.73701346    
  0.73374289    
  0.73048413    
  0.72723711    
  0.72400177    
  0.72077799    
  0.71756572    
  0.71436483    
  0.71117526    
  0.70799690    
  0.70482969    
  0.70167357    
  0.69852841    
  0.69539416    
  0.69227076    
  0.68915808    
  0.68605608    
  0.68296462    
  0.67988378    
  0.67681330    
  0.67375320    
  0.67070341    
  0.66766387    
  0.66463447    
  0.66161513    
  0.65860581    
  0.65560639    
  0.65261692    
  0.64963722    
  0.64666724    
  0.64370698    
  0.64075631    
  0.63781518    
  0.63488352    
  0.63196129    
  0.62904835    
  0.62614477    
  0.62325042    
  0.62036520    
  0.61748916    
  0.61462212    
  0.61176407    
  0.60891497    
  0.60607469    
  0.60324329    
  0.60042065    
  0.59760666    
  0.59480137    
  0.59200466    
  0.58921647    
  0.58643681    
  0.58366555    
  0.58090270    
  0.57814813    
  0.57540190    
  0.57266384    
  0.56993395    
  0.56721222    
  0.56449854    
  0.56179291    
  0.55909526    
  0.55640554    
  0.55372369    
  0.55104971    
  0.54838347    
  0.54572499    
  0.54307419    
  0.54043102    
  0.53779548    
  0.53516752    
  0.53254706    
  0.52993405    
