   3.0776203    
   3.0511858    
   3.0309455    
   3.0139184    
   2.9989488    
   2.9854436    
   2.9730504    
   2.9615388    
   2.9507496    
   2.9405661    
   2.9309003    
   2.9216838    
   2.9128621    
   2.9043911    
   2.8962340    
   2.8883610    
   2.8807459    
   2.8733664    
   2.8662038    
   2.8592415    
   2.8524647    
   2.8458605    
   2.8394177    
   2.8331263    
   2.8269765    
   2.8209608    
   2.8150711    
   2.8093009    
   2.8036439    
   2.7980945    
   2.7926476    
   2.7872980    
   2.7820418    
   2.7768745    
   2.7717924    
   2.7667921    
   2.7618701    
   2.7570233    
   2.7522492    
   2.7475448    
   2.7429075    
   2.7383351    
   2.7338252    
   2.7293758    
   2.7249851    
   2.7206507    
   2.7163711    
   2.7121446    
   2.7079697    
   2.7038448    
   2.6997683    
   2.6957390    
   2.6917553    
   2.6878164    
   2.6839206    
   2.6800673    
   2.6762547    
   2.6724825    
   2.6687491    
   2.6650538    
   2.6613958    
   2.6577740    
   2.6541874    
   2.6506357    
   2.6471176    
   2.6436324    
   2.6401796    
   2.6367586    
   2.6333683    
   2.6300082    
   2.6266778    
   2.6233764    
   2.6201036    
   2.6168582    
   2.6136405    
   2.6104493    
   2.6072845    
   2.6041453    
   2.6010315    
   2.5979424    
   2.5948775    
   2.5918365    
   2.5888190    
   2.5858245    
   2.5828528    
   2.5799031    
   2.5769753    
   2.5740690    
   2.5711839    
   2.5683193    
   2.5654752    
   2.5626514    
   2.5598471    
   2.5570624    
   2.5542967    
   2.5515499    
   2.5488217    
   2.5461116    
   2.5434196    
   2.5407453    
   2.5380883    
   2.5354486    
   2.5328257    
   2.5302196    
   2.5276299    
   2.5250564    
   2.5224988    
   2.5199571    
   2.5174308    
   2.5149198    
   2.5124238    
   2.5099428    
   2.5074766    
   2.5050247    
   2.5025873    
   2.5001638    
   2.4977543    
   2.4953587    
   2.4929767    
   2.4906080    
   2.4882524    
   2.4859099    
   2.4835804    
   2.4812634    
   2.4789593    
   2.4766674    
   2.4743879    
   2.4721205    
   2.4698651    
   2.4676213    
   2.4653895    
   2.4631691    
   2.4609601    
   2.4587626    
   2.4565761    
   2.4544005    
   2.4522359    
   2.4500823    
   2.4479392    
   2.4458067    
   2.4436846    
   2.4415727    
   2.4394710    
   2.4373796    
   2.4352980    
   2.4332263    
   2.4311643    
   2.4291120    
   2.4270694    
   2.4250362    
   2.4230123    
   2.4209976    
   2.4189920    
   2.4169958    
   2.4150083    
   2.4130299    
   2.4110601    
   2.4090991    
   2.4071467    
   2.4052029    
   2.4032674    
   2.4013402    
   2.3994215    
   2.3975110    
   2.3956087    
   2.3937142    
   2.3918278    
   2.3899493    
   2.3880787    
   2.3862157    
   2.3843603    
   2.3825126    
   2.3806725    
   2.3788397    
   2.3770146    
   2.3751965    
   2.3733859    
   2.3715823    
   2.3697860    
   2.3679967    
   2.3662143    
   2.3644388    
   2.3626702    
   2.3609085    
   2.3591535    
   2.3574054    
   2.3556638    
   2.3539286    
   2.3522000    
   2.3504779    
   2.3487623    
   2.3470531    
   2.3453500    
   2.3436532    
   2.3419626    
   2.3402781    
   2.3385999    
   2.3369277    
   2.3352613    
   2.3336010    
   2.3319464    
   2.3302977    
   2.3286550    
   2.3270178    
   2.3253865    
   2.3237607    
   2.3221407    
   2.3205261    
   2.3189170    
   2.3173137    
   2.3157156    
   2.3141227    
   2.3125353    
   2.3109534    
   2.3093765    
   2.3078051    
   2.3062387    
   2.3046772    
   2.3031213    
   2.3015702    
   2.3000243    
   2.2984831    
   2.2969470    
   2.2954159    
   2.2938898    
   2.2923682    
   2.2908516    
   2.2893398    
   2.2878327    
   2.2863302    
   2.2848325    
   2.2833393    
   2.2818508    
   2.2803669    
   2.2788875    
   2.2774127    
   2.2759421    
   2.2744763    
   2.2730145    
   2.2715573    
   2.2701046    
   2.2686560    
   2.2672117    
   2.2657716    
   2.2643359    
   2.2629044    
   2.2614768    
   2.2600536    
   2.2586343    
   2.2572193    
   2.2558081    
   2.2544012    
   2.2529981    
   2.2515991    
   2.2502041    
   2.2488127    
   2.2474256    
   2.2460420    
   2.2446625    
   2.2432866    
   2.2419145    
   2.2405465    
   2.2391820    
   2.2378211    
   2.2364640    
   2.2351105    
   2.2337608    
   2.2324147    
   2.2310722    
   2.2297330    
   2.2283976    
   2.2270658    
   2.2257373    
   2.2244124    
   2.2230909    
   2.2217729    
   2.2204583    
   2.2191472    
   2.2178392    
   2.2165349    
   2.2152336    
   2.2139359    
   2.2126412    
   2.2113500    
   2.2100620    
   2.2087772    
   2.2074957    
   2.2062173    
   2.2049420    
   2.2036700    
   2.2024012    
   2.2011354    
   2.1998725    
   2.1986129    
   2.1973565    
   2.1961029    
   2.1948524    
   2.1936049    
   2.1923604    
   2.1911190    
