  0.42881656    
  0.55133080    
  0.62258106    
  0.66953564    
  0.70247412    
  0.72644097    
  0.74426913    
  0.75769430    
  0.76784796    
  0.77550298    
  0.78120703    
  0.78535998    
  0.78826088    
  0.79013830    
  0.79116988    
  0.79149580    
  0.79122835    
  0.79045826    
  0.78925991    
  0.78769469    
  0.78581357    
  0.78365952    
  0.78126860    
  0.77867174    
  0.77589518    
  0.77296150    
  0.76989025    
  0.76669830    
  0.76340050    
  0.76000965    
  0.75653708    
  0.75299275    
  0.74938542    
  0.74572289    
  0.74201202    
  0.73825896    
  0.73446918    
  0.73064756    
  0.72679847    
  0.72292590    
  0.71903330    
  0.71512383    
  0.71120042    
  0.70726562    
  0.70332170    
  0.69937086    
  0.69541490    
  0.69145566    
  0.68749458    
  0.68353319    
  0.67957276    
  0.67561436    
  0.67165917    
  0.66770816    
  0.66376209    
  0.65982193    
  0.65588820    
  0.65196174    
  0.64804310    
  0.64413273    
  0.64023125    
  0.63633907    
  0.63245660    
  0.62858415    
  0.62472212    
  0.62087083    
  0.61703050    
  0.61320132    
  0.60938364    
  0.60557759    
  0.60178334    
  0.59800100    
  0.59423083    
  0.59047282    
  0.58672720    
  0.58299392    
  0.57927322    
  0.57556504    
  0.57186943    
  0.56818658    
  0.56451637    
  0.56085885    
  0.55721414    
  0.55358213    
  0.54996294    
  0.54635650    
  0.54276276    
  0.53918177    
  0.53561354    
  0.53205800    
  0.52851510    
  0.52498490    
  0.52146727    
  0.51796222    
  0.51446974    
  0.51098967    
  0.50752211    
  0.50406694    
  0.50062412    
  0.49719357    
  0.49377528    
  0.49036917    
  0.48697519    
  0.48359329    
  0.48022339    
  0.47686547    
  0.47351941    
  0.47018522    
  0.46686277    
  0.46355203    
  0.46025294    
  0.45696542    
  0.45368943    
  0.45042488    
  0.44717169    
  0.44392985    
  0.44069925    
  0.43747982    
  0.43427151    
  0.43107426    
  0.42788801    
  0.42471266    
  0.42154816    
  0.41839448    
  0.41525149    
  0.41211915    
  0.40899742    
  0.40588620    
  0.40278545    
  0.39969510    
  0.39661506    
  0.39354530    
  0.39048573    
  0.38743633    
  0.38439697    
  0.38136762    
  0.37834823    
  0.37533873    
  0.37233904    
  0.36934912    
  0.36636892    
  0.36339834    
  0.36043733    
  0.35748586    
  0.35454383    
  0.35161123    
  0.34868795    
  0.34577394    
  0.34286916    
  0.33997357    
  0.33708706    
  0.33420962    
  0.33134118    
  0.32848167    
  0.32563105    
  0.32278928    
  0.31995627    
  0.31713197    
  0.31431636    
  0.31150934    
  0.30871090    
  0.30592096    
  0.30313948    
  0.30036643    
  0.29760170    
  0.29484528    
  0.29209712    
  0.28935716    
  0.28662536    
  0.28390166    
  0.28118601    
  0.27847838    
  0.27577871    
  0.27308697    
  0.27040306    
  0.26772699    
  0.26505867    
  0.26239809    
  0.25974521    
  0.25709993    
  0.25446227    
  0.25183213    
  0.24920952    
  0.24659435    
  0.24398661    
  0.24138623    
  0.23879319    
  0.23620744    
  0.23362893    
  0.23105763    
  0.22849348    
  0.22593647    
  0.22338654    
  0.22084364    
  0.21830776    
  0.21577883    
  0.21325684    
  0.21074171    
  0.20823345    
  0.20573199    
  0.20323731    
  0.20074935    
  0.19826810    
  0.19579351    
  0.19332553    
  0.19086415    
  0.18840931    
  0.18596099    
  0.18351915    
  0.18108377    
  0.17865479    
  0.17623217    
  0.17381592    
  0.17140597    
  0.16900228    
  0.16660485    
  0.16421361    
  0.16182856    
  0.15944965    
  0.15707685    
  0.15471011    
  0.15234944    
  0.14999478    
  0.14764610    
  0.14530338    
  0.14296658    
  0.14063567    
  0.13831063    
  0.13599141    
  0.13367799    
  0.13137035    
  0.12906845    
  0.12677227    
  0.12448177    
  0.12219692    
  0.11991771    
  0.11764409    
  0.11537606    
  0.11311355    
  0.11085658    
  0.10860508    
  0.10635906    
  0.10411847    
  0.10188328    
  9.96534824E-02
  9.74290371E-02
  9.52099189E-02
  9.29961130E-02
  9.07875821E-02
  8.85843113E-02
  8.63862634E-02
  8.41934159E-02
  8.20057541E-02
  7.98232406E-02
  7.76458457E-02
  7.54735693E-02
  7.33063743E-02
  7.11442307E-02
  6.89871237E-02
  6.68350235E-02
  6.46879151E-02
  6.25457615E-02
  6.04085475E-02
  5.82762547E-02
  5.61488532E-02
  5.40263243E-02
  5.19086421E-02
  4.97957915E-02
  4.76877429E-02
  4.55844738E-02
  4.34859693E-02
  4.13922071E-02
  3.93031575E-02
  3.72188017E-02
  3.51391323E-02
  3.30641046E-02
  3.09937261E-02
  2.89279521E-02
  2.68667638E-02
  2.48101503E-02
  2.27581114E-02
  2.07105707E-02
  1.86675694E-02
  1.66290440E-02
  1.45949861E-02
  1.25653744E-02
  1.05402051E-02
  8.51945486E-03
  6.50312845E-03
  4.49109962E-03
  2.48358562E-03
  4.79982758E-04
   3.1400740    
   3.1380792    
   3.1360888    
   3.1341028    
   3.1321208    
   3.1301432    
   3.1281698    
   3.1262004    
