   1.5847887    
   1.5157520    
   1.4727845    
   1.4399666    
   1.4126979    
   1.3889899    
   1.3677921    
   1.3484766    
   1.3306359    
   1.3139888    
   1.2983321    
   1.2835139    
   1.2694170    
   1.2559491    
   1.2430358    
   1.2306161    
   1.2186394    
   1.2070633    
   1.1958517    
   1.1849734    
   1.1744016    
   1.1641130    
   1.1540868    
   1.1443049    
   1.1347508    
   1.1254106    
   1.1162708    
   1.1073197    
   1.0985470    
   1.0899427    
   1.0814981    
   1.0732052    
   1.0650566    
   1.0570452    
   1.0491651    
   1.0414102    
   1.0337752    
   1.0262551    
   1.0188452    
   1.0115410    
   1.0043386    
  0.99723417    
  0.99022394    
  0.98330474    
  0.97647327    
  0.96972656    
  0.96306181    
  0.95647633    
  0.94996762    
  0.94353324    
  0.93717098    
  0.93087864    
  0.92465419    
  0.91849566    
  0.91240126    
  0.90636915    
  0.90039766    
  0.89448518    
  0.88863015    
  0.88283110    
  0.87708664    
  0.87139541    
  0.86575615    
  0.86016750    
  0.85462838    
  0.84913760    
  0.84369409    
  0.83829671    
  0.83294451    
  0.82763648    
  0.82237166    
  0.81714910    
  0.81196803    
  0.80682755    
  0.80172676    
  0.79666495    
  0.79164129    
  0.78665513    
  0.78170568    
  0.77679223    
  0.77191418    
  0.76707083    
  0.76226151    
  0.75748569    
  0.75274277    
  0.74803209    
  0.74335313    
  0.73870540    
  0.73408824    
  0.72950131    
  0.72494400    
  0.72041583    
  0.71591640    
  0.71144515    
  0.70700169    
  0.70258558    
  0.69819641    
  0.69383377    
  0.68949723    
  0.68518639    
  0.68090087    
  0.67664039    
  0.67240447    
  0.66819274    
  0.66400498    
  0.65984082    
  0.65569985    
  0.65158182    
  0.64748639    
  0.64341319    
  0.63936204    
  0.63533258    
  0.63132459    
  0.62733769    
  0.62337166    
  0.61942619    
  0.61550111    
  0.61159605    
  0.60771084    
  0.60384524    
  0.59999895    
  0.59617174    
  0.59236342    
  0.58857369    
  0.58480245    
  0.58104938    
  0.57731438    
  0.57359707    
  0.56989735    
  0.56621504    
  0.56254989    
  0.55890179    
  0.55527043    
  0.55165565    
  0.54805738    
  0.54447532    
  0.54090929    
  0.53735924    
  0.53382486    
  0.53030610    
  0.52680272    
  0.52331460    
  0.51984149    
  0.51638341    
  0.51294005    
  0.50951135    
  0.50609708    
  0.50269717    
  0.49931148    
  0.49593982    
  0.49258205    
  0.48923811    
  0.48590779    
  0.48259097    
  0.47928756    
  0.47599742    
  0.47272038    
  0.46945637    
  0.46620527    
  0.46296695    
  0.45974126    
  0.45652810    
  0.45332739    
  0.45013899    
  0.44696280    
  0.44379869    
  0.44064659    
  0.43750635    
  0.43437791    
  0.43126112    
  0.42815593    
  0.42506224    
  0.42197990    
  0.41890883    
  0.41584900    
  0.41280022    
  0.40976247    
  0.40673560    
  0.40371957    
  0.40071428    
  0.39771965    
  0.39473554    
  0.39176193    
  0.38879871    
  0.38584581    
  0.38290310    
  0.37997055    
  0.37704808    
  0.37413558    
  0.37123302    
  0.36834025    
  0.36545727    
  0.36258397    
  0.35972029    
  0.35686612    
  0.35402143    
  0.35118616    
  0.34836018    
  0.34554347    
  0.34273595    
  0.33993754    
  0.33714819    
  0.33436784    
  0.33159640    
  0.32883385    
  0.32608005    
  0.32333502    
  0.32059866    
  0.31787089    
  0.31515169    
  0.31244096    
  0.30973870    
  0.30704477    
  0.30435920    
  0.30168185    
  0.29901272    
  0.29635173    
  0.29369885    
  0.29105401    
  0.28841713    
  0.28578821    
  0.28316715    
  0.28055391    
  0.27794847    
  0.27535072    
  0.27276069    
  0.27017826    
  0.26760340    
  0.26503605    
  0.26247621    
  0.25992379    
  0.25737876    
  0.25484106    
  0.25231063    
  0.24978746    
  0.24727151    
  0.24476269    
  0.24226099    
  0.23976636    
  0.23727874    
  0.23479812    
  0.23232444    
  0.22985764    
  0.22739770    
  0.22494458    
  0.22249822    
  0.22005859    
  0.21762566    
  0.21519940    
  0.21277973    
  0.21036664    
  0.20796008    
  0.20556003    
  0.20316644    
  0.20077927    
  0.19839849    
  0.19602405    
  0.19365594    
  0.19129409    
  0.18893848    
  0.18658909    
  0.18424587    
  0.18190879    
  0.17957780    
  0.17725287    
  0.17493400    
  0.17262112    
  0.17031421    
  0.16801324    
  0.16571817    
  0.16342898    
  0.16114561    
  0.15886806    
  0.15659629    
  0.15433027    
  0.15206996    
  0.14981534    
  0.14756635    
  0.14532301    
  0.14308526    
  0.14085308    
  0.13862643    
  0.13640529    
  0.13418962    
  0.13197941    
  0.12977462    
  0.12757523    
  0.12538120    
  0.12319251    
  0.12100914    
  0.11883105    
  0.11665823    
  0.11449062    
  0.11232823    
  0.11017102    
  0.10801896    
  0.10587204    
  0.10373021    
  0.10159346    
  9.94617715E-02
