  0.94429052    
   1.0441105    
   1.0818925    
   1.0987636    
   1.1060046    
   1.1080555    
   1.1070311    
   1.1040677    
   1.0998285    
   1.0947255    
   1.0890263    
   1.0829117    
   1.0765070    
   1.0699012    
   1.0631591    
   1.0563283    
   1.0494442    
   1.0425334    
   1.0356163    
   1.0287085    
   1.0218215    
   1.0149648    
   1.0081452    
   1.0013680    
  0.99463737    
  0.98795629    
  0.98132694    
  0.97475094    
  0.96822941    
  0.96176296    
  0.95535201    
  0.94899666    
  0.94269675    
  0.93645203    
  0.93026209    
  0.92412645    
  0.91804451    
  0.91201556    
  0.90603894    
  0.90011388    
  0.89423966    
  0.88841546    
  0.88264054    
  0.87691402    
  0.87123507    
  0.86560303    
  0.86001694    
  0.85447609    
  0.84897971    
  0.84352702    
  0.83811718    
  0.83274955    
  0.82742327    
  0.82213777    
  0.81689227    
  0.81168604    
  0.80651850    
  0.80138886    
  0.79629660    
  0.79124099    
  0.78622144    
  0.78123736    
  0.77628821    
  0.77137333    
  0.76649219    
  0.76164418    
  0.75682890    
  0.75204575    
  0.74729413    
  0.74257374    
  0.73788387    
  0.73322421    
  0.72859424    
  0.72399354    
  0.71942157    
  0.71487802    
  0.71036237    
  0.70587426    
  0.70141321    
  0.69697899    
  0.69257104    
  0.68818909    
  0.68383271    
  0.67950159    
  0.67519534    
  0.67091364    
  0.66665614    
  0.66242254    
  0.65821248    
  0.65402561    
  0.64986175    
  0.64572048    
  0.64160156    
  0.63750470    
  0.63342953    
  0.62937593    
  0.62534350    
  0.62133205    
  0.61734122    
  0.61337090    
  0.60942072    
  0.60549051    
  0.60157996    
  0.59768885    
  0.59381706    
  0.58996421    
  0.58613014    
  0.58231467    
  0.57851750    
  0.57473850    
  0.57097745    
  0.56723410    
  0.56350827    
  0.55979985    
  0.55610853    
  0.55243415    
  0.54877657    
  0.54513562    
  0.54151106    
  0.53790271    
  0.53431046    
  0.53073412    
  0.52717352    
  0.52362847    
  0.52009887    
  0.51658452    
  0.51308525    
  0.50960094    
  0.50613147    
  0.50267661    
  0.49923626    
  0.49581030    
  0.49239856    
  0.48900089    
  0.48561719    
  0.48224732    
  0.47889113    
  0.47554851    
  0.47221932    
  0.46890342    
  0.46560073    
  0.46231109    
  0.45903438    
  0.45577052    
  0.45251936    
  0.44928080    
  0.44605473    
  0.44284102    
  0.43963957    
  0.43645030    
  0.43327305    
  0.43010777    
  0.42695433    
  0.42381263    
  0.42068255    
  0.41756403    
  0.41445696    
  0.41136125    
  0.40827677    
  0.40520346    
  0.40214121    
  0.39908996    
  0.39604959    
  0.39302003    
  0.39000118    
  0.38699293    
  0.38399526    
  0.38100803    
  0.37803119    
  0.37506464    
  0.37210831    
  0.36916211    
  0.36622596    
  0.36329979    
  0.36038354    
  0.35747713    
  0.35458043    
  0.35169345    
  0.34881607    
  0.34594822    
  0.34308985    
  0.34024087    
  0.33740118    
  0.33457080    
  0.33174959    
  0.32893750    
  0.32613447    
  0.32334045    
  0.32055536    
  0.31777912    
  0.31501171    
  0.31225303    
  0.30950302    
  0.30676162    
  0.30402881    
  0.30130449    
  0.29858860    
  0.29588112    
  0.29318196    
  0.29049104    
  0.28780839    
  0.28513387    
  0.28246745    
  0.27980909    
  0.27715874    
  0.27451631    
  0.27188182    
  0.26925513    
  0.26663625    
  0.26402509    
  0.26142165    
  0.25882584    
  0.25623763    
  0.25365695    
  0.25108376    
  0.24851803    
  0.24595970    
  0.24340872    
  0.24086507    
  0.23832867    
  0.23579949    
  0.23327748    
  0.23076260    
  0.22825481    
  0.22575407    
  0.22326033    
  0.22077355    
  0.21829368    
  0.21582069    
  0.21335453    
  0.21089515    
  0.20844255    
  0.20599665    
  0.20355743    
  0.20112485    
  0.19869885    
  0.19627942    
  0.19386651    
  0.19146007    
  0.18906009    
  0.18666652    
  0.18427931    
  0.18189844    
  0.17952387    
  0.17715557    
  0.17479350    
  0.17243762    
  0.17008790    
  0.16774431    
  0.16540681    
  0.16307537    
  0.16074996    
  0.15843053    
  0.15611707    
  0.15380952    
  0.15150788    
  0.14921211    
  0.14692216    
  0.14463802    
  0.14235963    
  0.14008699    
  0.13782007    
  0.13555881    
  0.13330321    
  0.13105322    
  0.12880883    
  0.12657000    
  0.12433670    
  0.12210890    
  0.11988658    
  0.11766969    
  0.11545824    
  0.11325217    
  0.11105146    
  0.10885610    
  0.10666604    
  0.10448126    
  0.10230174    
  0.10012745    
  9.79583636E-02
  9.57944542E-02
  9.36356932E-02
  9.14820656E-02
  8.93335342E-02
  8.71900842E-02
  8.50516856E-02
  8.29183161E-02
  8.07899386E-02
  7.86665529E-02
  7.65481144E-02
  7.44346082E-02
  7.23260045E-02
  7.02222884E-02
  6.81234375E-02
  6.60294220E-02
  6.39402121E-02
  6.18558004E-02
  5.97761534E-02
  5.77012561E-02
  5.56310751E-02
