  0.23886871    
  0.32202211    
  0.37719256    
  0.41770238    
  0.44894063    
  0.47374359    
  0.49381849    
  0.51028198    
  0.52390695    
  0.53525138    
  0.54473090    
  0.55266339    
  0.55929685    
  0.56482834    
  0.56941664    
  0.57319152    
  0.57625997    
  0.57871133    
  0.58062065    
  0.58205163    
  0.58305866    
  0.58368832    
  0.58398110    
  0.58397198    
  0.58369166    
  0.58316696    
  0.58242154    
  0.58147627    
  0.58034980    
  0.57905859    
  0.57761747    
  0.57603955    
  0.57433683    
  0.57251996    
  0.57059860    
  0.56858146    
  0.56647658    
  0.56429106    
  0.56203145    
  0.55970383    
  0.55731356    
  0.55486578    
  0.55236495    
  0.54981536    
  0.54722083    
  0.54458499    
  0.54191113    
  0.53920221    
  0.53646111    
  0.53369045    
  0.53089255    
  0.52806973    
  0.52522397    
  0.52235729    
  0.51947141    
  0.51656801    
  0.51364857    
  0.51071471    
  0.50776762    
  0.50480860    
  0.50183886    
  0.49885949    
  0.49587151    
  0.49287584    
  0.48987344    
  0.48686510    
  0.48385164    
  0.48083380    
  0.47781226    
  0.47478771    
  0.47176069    
  0.46873185    
  0.46570170    
  0.46267071    
  0.45963943    
  0.45660824    
  0.45357761    
  0.45054790    
  0.44751951    
  0.44449276    
  0.44146803    
  0.43844557    
  0.43542573    
  0.43240872    
  0.42939487    
  0.42638439    
  0.42337748    
  0.42037439    
  0.41737536    
  0.41438049    
  0.41139004    
  0.40840411    
  0.40542293    
  0.40244660    
  0.39947525    
  0.39650905    
  0.39354813    
  0.39059258    
  0.38764250    
  0.38469800    
  0.38175920    
  0.37882614    
  0.37589896    
  0.37297767    
  0.37006241    
  0.36715323    
  0.36425018    
  0.36135331    
  0.35846266    
  0.35557833    
  0.35270035    
  0.34982875    
  0.34696358    
  0.34410486    
  0.34125262    
  0.33840692    
  0.33556777    
  0.33273518    
  0.32990921    
  0.32708982    
  0.32427707    
  0.32147101    
  0.31867158    
  0.31587881    
  0.31309274    
  0.31031337    
  0.30754068    
  0.30477470    
  0.30201542    
  0.29926285    
  0.29651698    
  0.29377782    
  0.29104534    
  0.28831959    
  0.28560051    
  0.28288811    
  0.28018242    
  0.27748337    
  0.27479100    
  0.27210531    
  0.26942623    
  0.26675379    
  0.26408798    
  0.26142877    
  0.25877616    
  0.25613013    
  0.25349066    
  0.25085774    
  0.24823138    
  0.24561153    
  0.24299820    
  0.24039133    
  0.23779096    
  0.23519702    
  0.23260953    
  0.23002845    
  0.22745377    
  0.22488546    
  0.22232352    
  0.21976793    
  0.21721864    
  0.21467566    
  0.21213897    
  0.20960853    
  0.20708433    
  0.20456634    
  0.20205456    
  0.19954894    
  0.19704948    
  0.19455616    
  0.19206895    
  0.18958783    
  0.18711278    
  0.18464378    
  0.18218078    
  0.17972380    
  0.17727280    
  0.17482775    
  0.17238864    
  0.16995545    
  0.16752814    
  0.16510670    
  0.16269110    
  0.16028133    
  0.15787737    
  0.15547918    
  0.15308675    
  0.15070005    
  0.14831907    
  0.14594378    
  0.14357413    
  0.14121015    
  0.13885179    
  0.13649903    
  0.13415185    
  0.13181022    
  0.12947413    
  0.12714355    
  0.12481845    
  0.12249883    
  0.12018465    
  0.11787590    
  0.11557254    
  0.11327457    
  0.11098196    
  0.10869468    
  0.10641272    
  0.10413605    
  0.10186466    
  9.95985195E-02
  9.73376036E-02
  9.50818956E-02
  9.28313807E-02
  9.05860290E-02
  8.83458257E-02
  8.61107484E-02
  8.38807672E-02
  8.16558823E-02
  7.94360489E-02
  7.72212669E-02
  7.50114992E-02
  7.28067309E-02
  7.06069469E-02
  6.84121251E-02
  6.62222430E-02
  6.40372857E-02
  6.18572198E-02
  5.96820414E-02
  5.75117283E-02
  5.53462468E-02
  5.31855933E-02
  5.10297455E-02
  4.88786735E-02
  4.67323661E-02
  4.45907973E-02
  4.24539633E-02
  4.03218344E-02
  3.81943956E-02
  3.60716172E-02
  3.39534953E-02
  3.18400115E-02
  2.97311302E-02
  2.76268367E-02
  2.55271383E-02
  2.34319754E-02
  2.13413574E-02
  1.92552637E-02
  1.71736907E-02
  1.50965862E-02
  1.30239427E-02
  1.09557742E-02
  8.89198761E-03
  6.83265412E-03
  4.77773277E-03
  2.72720447E-03
  6.80658675E-04
   3.1402318    
   3.1381943    
   3.1361611    
   3.1341321    
   3.1321075    
   3.1300871    
   3.1280708    
   3.1260591    
   3.1240513    
   3.1220479    
   3.1200485    
   3.1180534    
   3.1160624    
   3.1140754    
   3.1120927    
   3.1101139    
   3.1081393    
   3.1061687    
   3.1042023    
   3.1022398    
   3.1002815    
   3.0983272    
   3.0963767    
   3.0944302    
   3.0924876    
   3.0905492    
   3.0886145    
   3.0866838    
   3.0847571    
   3.0828340    
   3.0809150    
   3.0789998    
   3.0770884    
   3.0751810    
   3.0732772    
   3.0713773    
   3.0694811    
   3.0675888    
   3.0657001    
   3.0638154    
   3.0619342    
   3.0600567    
   3.0581830    
   3.0563130    
