   1.2472442    
   1.2753886    
   1.2760208    
   1.2693161    
   1.2599109    
   1.2494078    
   1.2384815    
   1.2274503    
   1.2164738    
   1.2056350    
   1.1949759    
   1.1845168    
   1.1742659    
   1.1642239    
   1.1543876    
   1.1447514    
   1.1353085    
   1.1260517    
   1.1169733    
   1.1080658    
   1.0993220    
   1.0907348    
   1.0822976    
   1.0740038    
   1.0658475    
   1.0578231    
   1.0499251    
   1.0421486    
   1.0344886    
   1.0269408    
   1.0195009    
   1.0121650    
   1.0049291    
  0.99778986    
  0.99074394    
  0.98378801    
  0.97691917    
  0.97013456    
  0.96343142    
  0.95680726    
  0.95025963    
  0.94378620    
  0.93738472    
  0.93105322    
  0.92478961    
  0.91859198    
  0.91245848    
  0.90638751    
  0.90037727    
  0.89442623    
  0.88853288    
  0.88269573    
  0.87691343    
  0.87118459    
  0.86550790    
  0.85988224    
  0.85430628    
  0.84877896    
  0.84329915    
  0.83786583    
  0.83247793    
  0.82713455    
  0.82183462    
  0.81657732    
  0.81136173    
  0.80618703    
  0.80105239    
  0.79595697    
  0.79089999    
  0.78588080    
  0.78089863    
  0.77595276    
  0.77104253    
  0.76616728    
  0.76132637    
  0.75651926    
  0.75174522    
  0.74700373    
  0.74229431    
  0.73761630    
  0.73296916    
  0.72835249    
  0.72376567    
  0.71920830    
  0.71467984    
  0.71017987    
  0.70570791    
  0.70126355    
  0.69684637    
  0.69245589    
  0.68809175    
  0.68375361    
  0.67944098    
  0.67515355    
  0.67089099    
  0.66665280    
  0.66243881    
  0.65824854    
  0.65408176    
  0.64993805    
  0.64581716    
  0.64171875    
  0.63764256    
  0.63358825    
  0.62955558    
  0.62554419    
  0.62155384    
  0.61758429    
  0.61363524    
  0.60970646    
  0.60579765    
  0.60190856    
  0.59803903    
  0.59418881    
  0.59035754    
  0.58654511    
  0.58275127    
  0.57897580    
  0.57521844    
  0.57147908    
  0.56775743    
  0.56405330    
  0.56036651    
  0.55669683    
  0.55304408    
  0.54940814    
  0.54578876    
  0.54218578    
  0.53859895    
  0.53502822    
  0.53147334    
  0.52793419    
  0.52441055    
  0.52090228    
  0.51740921    
  0.51393121    
  0.51046813    
  0.50701976    
  0.50358599    
  0.50016671    
  0.49676177    
  0.49337095    
  0.48999420    
  0.48663133    
  0.48328221    
  0.47994673    
  0.47662476    
  0.47331616    
  0.47002080    
  0.46673855    
  0.46346930    
  0.46021295    
  0.45696935    
  0.45373839    
  0.45051995    
  0.44731393    
  0.44412023    
  0.44093871    
  0.43776929    
  0.43461186    
  0.43146631    
  0.42833251    
  0.42521039    
  0.42209983    
  0.41900077    
  0.41591308    
  0.41283664    
  0.40977141    
  0.40671727    
  0.40367413    
  0.40064189    
  0.39762047    
  0.39460981    
  0.39160976    
  0.38862029    
  0.38564128    
  0.38267264    
  0.37971434    
  0.37676626    
  0.37382832    
  0.37090045    
  0.36798257    
  0.36507457    
  0.36217645    
  0.35928807    
  0.35640937    
  0.35354030    
  0.35068077    
  0.34783068    
  0.34499002    
  0.34215868    
  0.33933660    
  0.33652371    
  0.33371994    
  0.33092523    
  0.32813951    
  0.32536271    
  0.32259479    
  0.31983566    
  0.31708530    
  0.31434357    
  0.31161049    
  0.30888596    
  0.30616993    
  0.30346233    
  0.30076310    
  0.29807219    
  0.29538956    
  0.29271513    
  0.29004887    
  0.28739068    
  0.28474057    
  0.28209841    
  0.27946422    
  0.27683792    
  0.27421942    
  0.27160871    
  0.26900575    
  0.26641047    
  0.26382279    
  0.26124272    
  0.25867018    
  0.25610512    
  0.25354749    
  0.25099728    
  0.24845438    
  0.24591880    
  0.24339046    
  0.24086933    
  0.23835535    
  0.23584850    
  0.23334873    
  0.23085599    
  0.22837023    
  0.22589143    
  0.22341952    
  0.22095448    
  0.21849625    
  0.21604481    
  0.21360011    
  0.21116211    
  0.20873077    
  0.20630604    
  0.20388791    
  0.20147632    
  0.19907123    
  0.19667262    
  0.19428043    
  0.19189464    
  0.18951520    
  0.18714209    
  0.18477526    
  0.18241468    
  0.18006031    
  0.17771214    
  0.17537010    
  0.17303418    
  0.17070432    
  0.16838051    
  0.16606273    
  0.16375090    
  0.16144504    
  0.15914507    
  0.15685099    
  0.15456276    
  0.15228035    
  0.15000372    
  0.14773284    
  0.14546768    
  0.14320822    
  0.14095442    
  0.13870627    
  0.13646370    
  0.13422672    
  0.13199528    
  0.12976936    
  0.12754892    
  0.12533395    
  0.12312440    
  0.12092026    
  0.11872149    
  0.11652807    
  0.11433998    
  0.11215717    
  0.10997964    
  0.10780735    
  0.10564026    
  0.10347836    
  0.10132164    
  9.91700515E-02
  9.70235616E-02
  9.48821753E-02
  9.27458405E-02
  9.06145424E-02
  8.84882584E-02
  8.63669589E-02
  8.42506289E-02
  8.21392387E-02
  8.00327510E-02
  7.79311657E-02
