  0.19665499    
  0.26741889    
  0.31557164    
  0.35172710    
  0.38017830    
  0.40319702    
  0.42216259    
  0.43798637    
  0.45130637    
  0.46258831    
  0.47218320    
  0.48036230    
  0.48733971    
  0.49328718    
  0.49834454    
  0.50262707    
  0.50623083    
  0.50923663    
  0.51171291    
  0.51371825    
  0.51530302    
  0.51651073    
  0.51737940    
  0.51794213    
  0.51822811    
  0.51826310    
  0.51806986    
  0.51766866    
  0.51707757    
  0.51631290    
  0.51538908    
  0.51431924    
  0.51311523    
  0.51178771    
  0.51034641    
  0.50880015    
  0.50715697    
  0.50542420    
  0.50360852    
  0.50171620    
  0.49975273    
  0.49772340    
  0.49563295    
  0.49348578    
  0.49128595    
  0.48903725    
  0.48674309    
  0.48440677    
  0.48203123    
  0.47961926    
  0.47717345    
  0.47469619    
  0.47218972    
  0.46965614    
  0.46709740    
  0.46451530    
  0.46191156    
  0.45928776    
  0.45664543    
  0.45398590    
  0.45131055    
  0.44862053    
  0.44591707    
  0.44320121    
  0.44047397    
  0.43773633    
  0.43498921    
  0.43223339    
  0.42946973    
  0.42669898    
  0.42392182    
  0.42113894    
  0.41835099    
  0.41555852    
  0.41276214    
  0.40996236    
  0.40715969    
  0.40435460    
  0.40154755    
  0.39873898    
  0.39592925    
  0.39311877    
  0.39030787    
  0.38749695    
  0.38468629    
  0.38187620    
  0.37906700    
  0.37625891    
  0.37345225    
  0.37064722    
  0.36784407    
  0.36504304    
  0.36224431    
  0.35944808    
  0.35665458    
  0.35386392    
  0.35107633    
  0.34829196    
  0.34551093    
  0.34273341    
  0.33995956    
  0.33718944    
  0.33442321    
  0.33166102    
  0.32890290    
  0.32614905    
  0.32339948    
  0.32065433    
  0.31791365    
  0.31517759    
  0.31244618    
  0.30971947    
  0.30699760    
  0.30428058    
  0.30156848    
  0.29886135    
  0.29615927    
  0.29346231    
  0.29077044    
  0.28808379    
  0.28540236    
  0.28272617    
  0.28005531    
  0.27738976    
  0.27472958    
  0.27207482    
  0.26942548    
  0.26678157    
  0.26414314    
  0.26151019    
  0.25888279    
  0.25626090    
  0.25364456    
  0.25103378    
  0.24842857    
  0.24582896    
  0.24323495    
  0.24064654    
  0.23806374    
  0.23548657    
  0.23291503    
  0.23034911    
  0.22778882    
  0.22523418    
  0.22268517    
  0.22014181    
  0.21760409    
  0.21507199    
  0.21254553    
  0.21002471    
  0.20750952    
  0.20499994    
  0.20249598    
  0.19999763    
  0.19750491    
  0.19501777    
  0.19253623    
  0.19006027    
  0.18758990    
  0.18512508    
  0.18266582    
  0.18021213    
  0.17776395    
  0.17532131    
  0.17288420    
  0.17045258    
  0.16802646    
  0.16560581    
  0.16319065    
  0.16078094    
  0.15837666    
  0.15597783    
  0.15358441    
  0.15119639    
  0.14881377    
  0.14643653    
  0.14406464    
  0.14169809    
  0.13933688    
  0.13698101    
  0.13463041    
  0.13228512    
  0.12994510    
  0.12761033    
  0.12528080    
  0.12295651    
  0.12063742    
  0.11832352    
  0.11601481    
  0.11371125    
  0.11141285    
  0.10911956    
  0.10683140    
  0.10454834    
  0.10227035    
  9.99974385E-02
  9.77295637E-02
  9.54667255E-02
  9.32088941E-02
  9.09560695E-02
  8.87082219E-02
  8.64653438E-02
  8.42274129E-02
  8.19944069E-02
  7.97663257E-02
  7.75431395E-02
  7.53248334E-02
  7.31113926E-02
  7.09027946E-02
  6.86990321E-02
  6.65000826E-02
  6.43059313E-02
  6.21165596E-02
  5.99319562E-02
  5.77521026E-02
  5.55769689E-02
  5.34065589E-02
  5.12408391E-02
  4.90798019E-02
  4.69234325E-02
  4.47717123E-02
  4.26246189E-02
  4.04821374E-02
  3.83442529E-02
  3.62109579E-02
  3.40822265E-02
  3.19580473E-02
  2.98383925E-02
  2.77232528E-02
  2.56126206E-02
  2.35064719E-02
  2.14047860E-02
  1.93075575E-02
  1.72147732E-02
  1.51263764E-02
  1.30424174E-02
  1.09628420E-02
  8.88759550E-03
  6.81675505E-03
  4.75020660E-03
  2.68800533E-03
  6.29981339E-04
   3.1401694    
   3.1381199    
   3.1360748    
   3.1340342    
   3.1319976    
   3.1299651    
   3.1279371    
   3.1259131    
   3.1238933    
   3.1218777    
   3.1198661    
   3.1178586    
   3.1158555    
   3.1138563    
   3.1118612    
   3.1098702    
   3.1078832    
   3.1059003    
   3.1039214    
   3.1019466    
   3.0999756    
   3.0980086    
   3.0960457    
   3.0940866    
   3.0921316    
   3.0901804    
   3.0882332    
   3.0862899    
   3.0843503    
   3.0824149    
   3.0804830    
   3.0785551    
   3.0766311    
   3.0747108    
   3.0727942    
   3.0708816    
   3.0689726    
   3.0670676    
   3.0651660    
   3.0632684    
   3.0613744    
   3.0594842    
   3.0575976    
   3.0557146    
   3.0538354    
   3.0519600    
   3.0500879    
   3.0482197    
   3.0463550    
   3.0444939    
   3.0426364    
   3.0407825    
   3.0389321    
   3.0370853    
   3.0352421    
   3.0334022    
   3.0315659    
   3.0297332    
