   2.9427431    
   2.8610590    
   2.7988341    
   2.7467470    
   2.7011764    
   2.6602588    
   2.6228845    
   2.5883276    
   2.5560827    
   2.5257809    
   2.4971423    
   2.4699495    
   2.4440281    
   2.4192374    
   2.3954604    
   2.3725994    
   2.3505709    
   2.3293042    
   2.3087378    
   2.2888176    
   2.2694967    
   2.2507331    
   2.2324901    
   2.2147341    
   2.1974356    
   2.1805673    
   2.1641049    
   2.1480265    
   2.1323113    
   2.1169410    
   2.1018982    
   2.0871677    
   2.0727344    
   2.0585849    
   2.0447071    
   2.0310888    
   2.0177195    
   2.0045891    
   1.9916878    
   1.9790069    
   1.9665381    
   1.9542733    
   1.9422054    
   1.9303273    
   1.9186324    
   1.9071144    
   1.8957675    
   1.8845860    
   1.8735647    
   1.8626987    
   1.8519828    
   1.8414129    
   1.8309842    
   1.8206930    
   1.8105352    
   1.8005068    
   1.7906045    
   1.7808247    
   1.7711639    
   1.7616194    
   1.7521878    
   1.7428664    
   1.7336521    
   1.7245426    
   1.7155350    
   1.7066271    
   1.6978164    
   1.6891005    
   1.6804773    
   1.6719445    
   1.6635002    
   1.6551424    
   1.6468693    
   1.6386788    
   1.6305692    
   1.6225388    
   1.6145860    
   1.6067090    
   1.5989064    
   1.5911767    
   1.5835184    
   1.5759299    
   1.5684100    
   1.5609574    
   1.5535707    
   1.5462487    
   1.5389901    
   1.5317938    
   1.5246588    
   1.5175836    
   1.5105674    
   1.5036092    
   1.4967077    
   1.4898621    
   1.4830713    
   1.4763345    
   1.4696507    
   1.4630190    
   1.4564387    
   1.4499086    
   1.4434282    
   1.4369965    
   1.4306127    
   1.4242762    
   1.4179862    
   1.4117419    
   1.4055426    
   1.3993877    
   1.3932763    
   1.3872081    
   1.3811821    
   1.3751978    
   1.3692546    
   1.3633519    
   1.3574892    
   1.3516657    
   1.3458810    
   1.3401345    
   1.3344257    
   1.3287541    
   1.3231189    
   1.3175200    
   1.3119568    
   1.3064286    
   1.3009351    
   1.2954758    
   1.2900504    
   1.2846582    
   1.2792989    
   1.2739720    
   1.2686771    
   1.2634139    
   1.2581819    
   1.2529808    
   1.2478101    
   1.2426695    
   1.2375585    
   1.2324768    
   1.2274241    
   1.2224001    
   1.2174042    
   1.2124364    
   1.2074963    
   1.2025833    
   1.1976973    
   1.1928380    
   1.1880050    
   1.1831980    
   1.1784167    
   1.1736610    
   1.1689304    
   1.1642246    
   1.1595435    
   1.1548867    
   1.1502540    
   1.1456451    
   1.1410598    
   1.1364976    
   1.1319586    
   1.1274422    
   1.1229486    
   1.1184772    
   1.1140279    
   1.1096004    
   1.1051946    
   1.1008102    
   1.0964470    
   1.0921047    
   1.0877831    
   1.0834821    
   1.0792016    
   1.0749410    
   1.0707005    
   1.0664797    
   1.0622784    
   1.0580965    
   1.0539339    
   1.0497901    
   1.0456651    
   1.0415589    
   1.0374711    
   1.0334015    
   1.0293500    
   1.0253165    
   1.0213008    
   1.0173026    
   1.0133219    
   1.0093585    
   1.0054122    
   1.0014830    
  0.99757040    
  0.99367464    
  0.98979533    
  0.98593241    
  0.98208570    
  0.97825515    
  0.97444052    
  0.97064167    
  0.96685851    
  0.96309090    
  0.95933872    
  0.95560175    
  0.95187998    
  0.94817322    
  0.94448137    
  0.94080424    
  0.93714178    
  0.93349385    
  0.92986029    
  0.92624110    
  0.92263597    
  0.91904497    
  0.91546792    
  0.91190463    
  0.90835512    
  0.90481919    
  0.90129673    
  0.89778769    
  0.89429194    
  0.89080936    
  0.88733989    
  0.88388342    
  0.88043976    
  0.87700891    
  0.87359077    
  0.87018514    
  0.86679208    
  0.86341137    
  0.86004299    
  0.85668677    
  0.85334271    
  0.85001063    
  0.84669054    
  0.84338230    
  0.84008580    
  0.83680099    
  0.83352774    
  0.83026606    
  0.82701576    
  0.82377678    
  0.82054907    
  0.81733257    
  0.81412715    
  0.81093276    
  0.80774933    
  0.80457675    
  0.80141497    
  0.79826391    
  0.79512346    
  0.79199362    
  0.78887427    
  0.78576529    
  0.78266674    
  0.77957839    
  0.77650034    
  0.77343237    
  0.77037448    
  0.76732659    
  0.76428866    
  0.76126063    
  0.75824237    
  0.75523388    
  0.75223505    
  0.74924582    
  0.74626619    
  0.74329603    
  0.74033529    
  0.73738396    
  0.73444188    
  0.73150909    
  0.72858548    
  0.72567099    
  0.72276556    
  0.71986920    
  0.71698171    
  0.71410322    
  0.71123350    
  0.70837259    
  0.70552045    
  0.70267701    
  0.69984215    
  0.69701588    
  0.69419813    
  0.69138885    
  0.68858802    
  0.68579555    
  0.68301141    
  0.68023551    
  0.67746782    
  0.67470837    
  0.67195696    
  0.66921365    
  0.66647840    
  0.66375113    
  0.66103172    
  0.65832025    
  0.65561664    
  0.65292078    
  0.65023267    
  0.64755231    
