  0.64987093    
  0.78340805    
  0.84903908    
  0.88703835    
  0.91072589    
  0.92597425    
  0.93581772    
  0.94199461    
  0.94557679    
  0.94726259    
  0.94752687    
  0.94670385    
  0.94503558    
  0.94270146    
  0.93983710    
  0.93654680    
  0.93291205    
  0.92899722    
  0.92485374    
  0.92052323    
  0.91603959    
  0.91143054    
  0.90671915    
  0.90192455    
  0.89706266    
  0.89214706    
  0.88718903    
  0.88219827    
  0.87718296    
  0.87215006    
  0.86710560    
  0.86205477    
  0.85700190    
  0.85195082    
  0.84690481    
  0.84186673    
  0.83683902    
  0.83182377    
  0.82682276    
  0.82183766    
  0.81686974    
  0.81192017    
  0.80698991    
  0.80207986    
  0.79719079    
  0.79232323    
  0.78747767    
  0.78265464    
  0.77785444    
  0.77307731    
  0.76832354    
  0.76359326    
  0.75888664    
  0.75420374    
  0.74954456    
  0.74490923    
  0.74029762    
  0.73570979    
  0.73114568    
  0.72660512    
  0.72208810    
  0.71759450    
  0.71312422    
  0.70867711    
  0.70425296    
  0.69985175    
  0.69547319    
  0.69111723    
  0.68678367    
  0.68247223    
  0.67818290    
  0.67391539    
  0.66966957    
  0.66544515    
  0.66124207    
  0.65706009    
  0.65289903    
  0.64875871    
  0.64463890    
  0.64053941    
  0.63646007    
  0.63240069    
  0.62836105    
  0.62434101    
  0.62034041    
  0.61635900    
  0.61239654    
  0.60845298    
  0.60452807    
  0.60062164    
  0.59673351    
  0.59286350    
  0.58901143    
  0.58517712    
  0.58136046    
  0.57756120    
  0.57377917    
  0.57001430    
  0.56626630    
  0.56253511    
  0.55882055    
  0.55512238    
  0.55144054    
  0.54777485    
  0.54412514    
  0.54049128    
  0.53687310    
  0.53327042    
  0.52968317    
  0.52611119    
  0.52255434    
  0.51901245    
  0.51548535    
  0.51197302    
  0.50847518    
  0.50499183    
  0.50152278    
  0.49806789    
  0.49462706    
  0.49120015    
  0.48778701    
  0.48438758    
  0.48100168    
  0.47762924    
  0.47427011    
  0.47092417    
  0.46759135    
  0.46427146    
  0.46096447    
  0.45767021    
  0.45438862    
  0.45111954    
  0.44786292    
  0.44461861    
  0.44138652    
  0.43816659    
  0.43495864    
  0.43176264    
  0.42857847    
  0.42540601    
  0.42224517    
  0.41909590    
  0.41595808    
  0.41283160    
  0.40971640    
  0.40661237    
  0.40351939    
  0.40043744    
  0.39736640    
  0.39430621    
  0.39125675    
  0.38821793    
  0.38518971    
  0.38217199    
  0.37916467    
  0.37616771    
  0.37318099    
  0.37020448    
  0.36723804    
  0.36428165    
  0.36133522    
  0.35839868    
  0.35547194    
  0.35255495    
  0.34964761    
  0.34674987    
  0.34386167    
  0.34098294    
  0.33811358    
  0.33525357    
  0.33240280    
  0.32956123    
  0.32672879    
  0.32390541    
  0.32109103    
  0.31828558    
  0.31548902    
  0.31270128    
  0.30992228    
  0.30715200    
  0.30439034    
  0.30163726    
  0.29889271    
  0.29615659    
  0.29342890    
  0.29070956    
  0.28799853    
  0.28529572    
  0.28260109    
  0.27991462    
  0.27723619    
  0.27456582    
  0.27190343    
  0.26924893    
  0.26660234    
  0.26396355    
  0.26133251    
  0.25870922    
  0.25609362    
  0.25348562    
  0.25088522    
  0.24829234    
  0.24570695    
  0.24312899    
  0.24055842    
  0.23799519    
  0.23543927    
  0.23289061    
  0.23034917    
  0.22781488    
  0.22528774    
  0.22276767    
  0.22025463    
  0.21774860    
  0.21524954    
  0.21275738    
  0.21027210    
  0.20779365    
  0.20532200    
  0.20285711    
  0.20039894    
  0.19794744    
  0.19550258    
  0.19306432    
  0.19063263    
  0.18820745    
  0.18578877    
  0.18337654    
  0.18097073    
  0.17857130    
  0.17617822    
  0.17379144    
  0.17141092    
  0.16903666    
  0.16666859    
  0.16430670    
  0.16195095    
  0.15960130    
  0.15725771    
  0.15492018    
  0.15258862    
  0.15026306    
  0.14794342    
  0.14562970    
  0.14332186    
  0.14101987    
  0.13872369    
  0.13643329    
  0.13414864    
  0.13186972    
  0.12959649    
  0.12732892    
  0.12506698    
  0.12281066    
  0.12055991    
  0.11831471    
  0.11607502    
  0.11384083    
  0.11161210    
  0.10938881    
  0.10717093    
  0.10495843    
  0.10275128    
  0.10054945    
  9.83529314E-02
  9.61616859E-02
  9.39756855E-02
  9.17949080E-02
  8.96193236E-02
  8.74489099E-02
  8.52836445E-02
  8.31235051E-02
  8.09684545E-02
  7.88184777E-02
  7.66735449E-02
  7.45336339E-02
  7.23987222E-02
  7.02687800E-02
  6.81437850E-02
  6.60237297E-02
  6.39085695E-02
  6.17982894E-02
  5.96928708E-02
  5.75922765E-02
  5.54964989E-02
  5.34055158E-02
  5.13192937E-02
  4.92378175E-02
  4.71610576E-02
  4.50890027E-02
  4.30216305E-02
  4.09589112E-02
  3.89008336E-02
  3.68473679E-02
  3.47984843E-02
  3.27541940E-02
  3.07144467E-02
  2.86792256E-02
  2.66485177E-02
  2.46223062E-02
