   1.6487783    
   1.5614547    
   1.5102341    
   1.4724623    
   1.4418008    
   1.4155830    
   1.3924320    
   1.3715405    
   1.3523936    
   1.3346411    
   1.3180331    
   1.3023850    
   1.2875559    
   1.2734356    
   1.2599362    
   1.2469864    
   1.2345271    
   1.2225094    
   1.2108914    
   1.1996377    
   1.1887177    
   1.1781050    
   1.1677761    
   1.1577106    
   1.1478903    
   1.1382993    
   1.1289229    
   1.1197482    
   1.1107634    
   1.1019578    
   1.0933219    
   1.0848466    
   1.0765240    
   1.0683466    
   1.0603075    
   1.0524005    
   1.0446194    
   1.0369592    
   1.0294145    
   1.0219809    
   1.0146537    
   1.0074290    
   1.0003028    
  0.99327159    
  0.98633194    
  0.97948062    
  0.97271460    
  0.96603113    
  0.95942742    
  0.95290095    
  0.94644934    
  0.94007027    
  0.93376160    
  0.92752123    
  0.92134720    
  0.91523767    
  0.90919077    
  0.90320492    
  0.89727843    
  0.89140970    
  0.88559735    
  0.87983984    
  0.87413591    
  0.86848414    
  0.86288339    
  0.85733241    
  0.85183001    
  0.84637511    
  0.84096664    
  0.83560359    
  0.83028489    
  0.82500970    
  0.81977701    
  0.81458592    
  0.80943567    
  0.80432534    
  0.79925418    
  0.79422134    
  0.78922617    
  0.78426790    
  0.77934587    
  0.77445930    
  0.76960760    
  0.76479018    
  0.76000637    
  0.75525558    
  0.75053716    
  0.74585068    
  0.74119550    
  0.73657107    
  0.73197699    
  0.72741264    
  0.72287756    
  0.71837133    
  0.71389341    
  0.70944345    
  0.70502090    
  0.70062542    
  0.69625652    
  0.69191384    
  0.68759698    
  0.68330562    
  0.67903924    
  0.67479759    
  0.67058033    
  0.66638702    
  0.66221738    
  0.65807104    
  0.65394771    
  0.64984709    
  0.64576882    
  0.64171261    
  0.63767821    
  0.63366526    
  0.62967360    
  0.62570280    
  0.62175268    
  0.61782300    
  0.61391342    
  0.61002374    
  0.60615373    
  0.60230309    
  0.59847158    
  0.59465909    
  0.59086525    
  0.58708990    
  0.58333278    
  0.57959378    
  0.57587254    
  0.57216901    
  0.56848282    
  0.56481391    
  0.56116205    
  0.55752707    
  0.55390871    
  0.55030686    
  0.54672122    
  0.54315180    
  0.53959829    
  0.53606057    
  0.53253841    
  0.52903175    
  0.52554035    
  0.52206409    
  0.51860279    
  0.51515633    
  0.51172453    
  0.50830722    
  0.50490433    
  0.50151563    
  0.49814105    
  0.49478039    
  0.49143356    
  0.48810044    
  0.48478085    
  0.48147467    
  0.47818178    
  0.47490206    
  0.47163540    
  0.46838164    
  0.46514073    
  0.46191245    
  0.45869678    
  0.45549357    
  0.45230269    
  0.44912404    
  0.44595751    
  0.44280300    
  0.43966040    
  0.43652964    
  0.43341056    
  0.43030307    
  0.42720711    
  0.42412254    
  0.42104927    
  0.41798723    
  0.41493630    
  0.41189641    
  0.40886745    
  0.40584934    
  0.40284196    
  0.39984527    
  0.39685917    
  0.39388356    
  0.39091834    
  0.38796347    
  0.38501886    
  0.38208440    
  0.37916002    
  0.37624565    
  0.37334123    
  0.37044665    
  0.36756185    
  0.36468676    
  0.36182126    
  0.35896537    
  0.35611892    
  0.35328192    
  0.35045424    
  0.34763584    
  0.34482667    
  0.34202659    
  0.33923563    
  0.33645365    
  0.33368060    
  0.33091646    
  0.32816112    
  0.32541451    
  0.32267660    
  0.31994733    
  0.31722662    
  0.31451440    
  0.31181064    
  0.30911526    
  0.30642822    
  0.30374944    
  0.30107892    
  0.29841653    
  0.29576224    
  0.29311600    
  0.29047778    
  0.28784749    
  0.28522509    
  0.28261054    
  0.28000376    
  0.27740473    
  0.27481338    
  0.27222967    
  0.26965356    
  0.26708496    
  0.26452386    
  0.26197022    
  0.25942397    
  0.25688505    
  0.25435346    
  0.25182912    
  0.24931197    
  0.24680199    
  0.24429914    
  0.24180336    
  0.23931463    
  0.23683289    
  0.23435809    
  0.23189019    
  0.22942916    
  0.22697495    
  0.22452754    
  0.22208685    
  0.21965288    
  0.21722555    
  0.21480486    
  0.21239075    
  0.20998318    
  0.20758213    
  0.20518754    
  0.20279938    
  0.20041762    
  0.19804221    
  0.19567314    
  0.19331035    
  0.19095381    
  0.18860348    
  0.18625931    
  0.18392132    
  0.18158942    
  0.17926361    
  0.17694384    
  0.17463006    
  0.17232227    
  0.17002043    
  0.16772451    
  0.16543445    
  0.16315025    
  0.16087185    
  0.15859926    
  0.15633240    
  0.15407127    
  0.15181583    
  0.14956605    
  0.14732191    
  0.14508337    
  0.14285040    
  0.14062297    
  0.13840106    
  0.13618463    
  0.13397366    
  0.13176812    
  0.12956798    
  0.12737322    
  0.12518379    
  0.12299970    
  0.12082089    
  0.11864734    
  0.11647904    
  0.11431594    
  0.11215804    
  0.11000529    
  0.10785768    
  0.10571517    
  0.10357775    
