   1.9455397    
   1.7830232    
   1.6946827    
   1.6338148    
   1.5870222    
   1.5487226    
   1.5160879    
   1.4874967    
   1.4619374    
   1.4387373    
   1.4174269    
   1.3976660    
   1.3792002    
   1.3618343    
   1.3454150    
   1.3298199    
   1.3149498    
   1.3007228    
   1.2870708    
   1.2739363    
   1.2612705    
   1.2490314    
   1.2371829    
   1.2256932    
   1.2145348    
   1.2036830    
   1.1931164    
   1.1828157    
   1.1727633    
   1.1629441    
   1.1533438    
   1.1439496    
   1.1347502    
   1.1257349    
   1.1168941    
   1.1082190    
   1.0997014    
   1.0913339    
   1.0831094    
   1.0750215    
   1.0670643    
   1.0592321    
   1.0515200    
   1.0439229    
   1.0364366    
   1.0290564    
   1.0217787    
   1.0145996    
   1.0075157    
   1.0005234    
  0.99362004    
  0.98680228    
  0.98006749    
  0.97341293    
  0.96683621    
  0.96033484    
  0.95390660    
  0.94754928    
  0.94126093    
  0.93503958    
  0.92888325    
  0.92279029    
  0.91675895    
  0.91078764    
  0.90487474    
  0.89901882    
  0.89321840    
  0.88747215    
  0.88177878    
  0.87613696    
  0.87054551    
  0.86500335    
  0.85950923    
  0.85406214    
  0.84866101    
  0.84330487    
  0.83799273    
  0.83272368    
  0.82749683    
  0.82231134    
  0.81716627    
  0.81206089    
  0.80699444    
  0.80196607    
  0.79697514    
  0.79202086    
  0.78710264    
  0.78221971    
  0.77737153    
  0.77255738    
  0.76777667    
  0.76302886    
  0.75831336    
  0.75362962    
  0.74897707    
  0.74435520    
  0.73976350    
  0.73520148    
  0.73066866    
  0.72616452    
  0.72168869    
  0.71724069    
  0.71282011    
  0.70842648    
  0.70405936    
  0.69971848    
  0.69540334    
  0.69111359    
  0.68684882    
  0.68260878    
  0.67839301    
  0.67420119    
  0.67003298    
  0.66588807    
  0.66176617    
  0.65766686    
  0.65358996    
  0.64953512    
  0.64550197    
  0.64149034    
  0.63749993    
  0.63353038    
  0.62958151    
  0.62565309    
  0.62174469    
  0.61785626    
  0.61398739    
  0.61013794    
  0.60630769    
  0.60249633    
  0.59870368    
  0.59492946    
  0.59117359    
  0.58743566    
  0.58371562    
  0.58001322    
  0.57632828    
  0.57266051    
  0.56900978    
  0.56537598    
  0.56175876    
  0.55815804    
  0.55457366    
  0.55100536    
  0.54745305    
  0.54391646    
  0.54039550    
  0.53689003    
  0.53339982    
  0.52992475    
  0.52646470    
  0.52301937    
  0.51958883    
  0.51617271    
  0.51277101    
  0.50938356    
  0.50601023    
  0.50265080    
  0.49930522    
  0.49597332    
  0.49265498    
  0.48935008    
  0.48605847    
  0.48278001    
  0.47951463    
  0.47626218    
  0.47302255    
  0.46979558    
  0.46658123    
  0.46337932    
  0.46018976    
  0.45701244    
  0.45384726    
  0.45069411    
  0.44755286    
  0.44442344    
  0.44130573    
  0.43819961    
  0.43510503    
  0.43202186    
  0.42894998    
  0.42588934    
  0.42283982    
  0.41980135    
  0.41677380    
  0.41375712    
  0.41075119    
  0.40775594    
  0.40477127    
  0.40179712    
  0.39883336    
  0.39587995    
  0.39293683    
  0.39000383    
  0.38708094    
  0.38416809    
  0.38126513    
  0.37837207    
  0.37548879    
  0.37261519    
  0.36975124    
  0.36689687    
  0.36405197    
  0.36121649    
  0.35839036    
  0.35557353    
  0.35276589    
  0.34996742    
  0.34717798    
  0.34439760    
  0.34162614    
  0.33886355    
  0.33610982    
  0.33336481    
  0.33062851    
  0.32790083    
  0.32518172    
  0.32247111    
  0.31976900    
  0.31707525    
  0.31438982    
  0.31171268    
  0.30904379    
  0.30638304    
  0.30373040    
  0.30108583    
  0.29844925    
  0.29582062    
  0.29319990    
  0.29058701    
  0.28798190    
  0.28538457    
  0.28279489    
  0.28021288    
  0.27763844    
  0.27507153    
  0.27251214    
  0.26996019    
  0.26741564    
  0.26487845    
  0.26234856    
  0.25982592    
  0.25731051    
  0.25480226    
  0.25230113    
  0.24980707    
  0.24732007    
  0.24484006    
  0.24236700    
  0.23990084    
  0.23744155    
  0.23498909    
  0.23254342    
  0.23010449    
  0.22767228    
  0.22524671    
  0.22282778    
  0.22041543    
  0.21800964    
  0.21561034    
  0.21321753    
  0.21083114    
  0.20845115    
  0.20607753    
  0.20371023    
  0.20134921    
  0.19899446    
  0.19664592    
  0.19430356    
  0.19196734    
  0.18963724    
  0.18731321    
  0.18499523    
  0.18268327    
  0.18037729    
  0.17807725    
  0.17578313    
  0.17349488    
  0.17121248    
  0.16893589    
  0.16666511    
  0.16440006    
  0.16214074    
  0.15988712    
  0.15763916    
  0.15539683    
  0.15316011    
  0.15092896    
  0.14870337    
  0.14648327    
  0.14426868    
  0.14205953    
  0.13985582    
  0.13765751    
  0.13546456    
  0.13327698    
  0.13109471    
  0.12891774    
  0.12674603    
  0.12457956    
