   3.0453691    
   3.0055561    
   2.9750366    
   2.9493325    
   2.9267085    
   2.9062746    
   2.8875020    
   2.8700454    
   2.8536658    
   2.8381882    
   2.8234813    
   2.8094423    
   2.7959898    
   2.7830579    
   2.7705920    
   2.7585466    
   2.7468832    
   2.7355685    
   2.7245746    
   2.7138762    
   2.7034521    
   2.6932828    
   2.6833515    
   2.6736429    
   2.6641431    
   2.6548405    
   2.6457233    
   2.6367819    
   2.6280069    
   2.6193900    
   2.6109231    
   2.6025996    
   2.5944126    
   2.5863559    
   2.5784245    
   2.5706124    
   2.5629153    
   2.5553284    
   2.5478473    
   2.5404685    
   2.5331876    
   2.5260017    
   2.5189073    
   2.5119011    
   2.5049803    
   2.4981422    
   2.4913840    
   2.4847033    
   2.4780977    
   2.4715650    
   2.4651031    
   2.4587100    
   2.4523835    
   2.4461219    
   2.4399238    
   2.4337869    
   2.4277101    
   2.4216917    
   2.4157300    
   2.4098237    
   2.4039717    
   2.3981726    
   2.3924248    
   2.3867276    
   2.3810797    
   2.3754797    
   2.3699269    
   2.3644202    
   2.3589585    
   2.3535409    
   2.3481665    
   2.3428342    
   2.3375435    
   2.3322933    
   2.3270829    
   2.3219116    
   2.3167787    
   2.3116829    
   2.3066244    
   2.3016019    
   2.2966149    
   2.2916627    
   2.2867448    
   2.2818606    
   2.2770092    
   2.2721906    
   2.2674036    
   2.2626483    
   2.2579236    
   2.2532296    
   2.2485652    
   2.2439303    
   2.2393243    
   2.2347467    
   2.2301972    
   2.2256753    
   2.2211807    
   2.2167127    
   2.2122712    
   2.2078555    
   2.2034657    
   2.1991007    
   2.1947610    
   2.1904457    
   2.1861544    
   2.1818869    
   2.1776431    
   2.1734226    
   2.1692247    
   2.1650496    
   2.1608965    
   2.1567655    
   2.1526561    
   2.1485682    
   2.1445014    
   2.1404555    
   2.1364303    
   2.1324253    
   2.1284404    
   2.1244752    
   2.1205297    
   2.1166036    
   2.1126966    
   2.1088085    
   2.1049392    
   2.1010883    
   2.0972555    
   2.0934408    
   2.0896440    
   2.0858648    
   2.0821030    
   2.0783584    
   2.0746310    
   2.0709202    
   2.0672262    
   2.0635488    
   2.0598874    
   2.0562425    
   2.0526133    
   2.0490000    
   2.0454023    
   2.0418200    
   2.0382531    
   2.0347013    
   2.0311644    
   2.0276425    
   2.0241354    
   2.0206425    
   2.0171642    
   2.0137002    
   2.0102501    
   2.0068142    
   2.0033922    
   1.9999837    
   1.9965889    
   1.9932076    
   1.9898394    
   1.9864846    
   1.9831429    
   1.9798141    
   1.9764981    
   1.9731948    
   1.9699042    
   1.9666260    
   1.9633603    
   1.9601067    
   1.9568654    
   1.9536361    
   1.9504187    
   1.9472132    
   1.9440194    
   1.9408373    
   1.9376667    
   1.9345075    
   1.9313596    
   1.9282231    
   1.9250977    
   1.9219834    
   1.9188799    
   1.9157873    
   1.9127057    
   1.9096346    
   1.9065741    
   1.9035243    
   1.9004848    
   1.8974557    
   1.8944368    
   1.8914282    
   1.8884296    
   1.8854412    
   1.8824626    
   1.8794940    
   1.8765352    
   1.8735861    
   1.8706465    
   1.8677167    
   1.8647963    
   1.8618853    
   1.8589838    
   1.8560914    
   1.8532083    
   1.8503344    
   1.8474696    
   1.8446138    
   1.8417670    
   1.8389289    
   1.8360999    
   1.8332795    
   1.8304678    
   1.8276649    
   1.8248703    
   1.8220844    
   1.8193070    
   1.8165380    
   1.8137772    
   1.8110248    
   1.8082806    
   1.8055446    
   1.8028166    
   1.8000968    
   1.7973849    
   1.7946810    
   1.7919850    
   1.7892969    
   1.7866164    
   1.7839438    
   1.7812788    
   1.7786216    
   1.7759718    
   1.7733296    
   1.7706949    
   1.7680676    
   1.7654477    
   1.7628353    
   1.7602301    
   1.7576320    
   1.7550412    
   1.7524577    
   1.7498811    
   1.7473118    
   1.7447494    
   1.7421939    
   1.7396455    
   1.7371039    
   1.7345692    
   1.7320414    
   1.7295202    
   1.7270057    
   1.7244980    
   1.7219970    
   1.7195026    
   1.7170147    
   1.7145333    
   1.7120584    
   1.7095900    
   1.7071279    
   1.7046723    
   1.7022231    
   1.6997801    
   1.6973433    
   1.6949129    
   1.6924886    
   1.6900704    
   1.6876584    
   1.6852525    
   1.6828526    
   1.6804588    
   1.6780709    
   1.6756890    
   1.6733130    
   1.6709429    
   1.6685786    
   1.6662202    
   1.6638675    
   1.6615206    
   1.6591794    
   1.6568439    
   1.6545141    
   1.6521899    
   1.6498713    
   1.6475582    
   1.6452508    
   1.6429487    
   1.6406523    
   1.6383612    
   1.6360756    
   1.6337954    
   1.6315205    
   1.6292510    
   1.6269867    
   1.6247278    
   1.6224742    
   1.6202257    
   1.6179824    
   1.6157444    
   1.6135114    
   1.6112835    
   1.6090609    
   1.6068432    
   1.6046306    
