   3.1005957    
   3.0834339    
   3.0701437    
   3.0588396    
   3.0487936    
   3.0396342    
   3.0311413    
   3.0231719    
   3.0156276    
   3.0084364    
   3.0015447    
   2.9949107    
   2.9885015    
   2.9822903    
   2.9762554    
   2.9703786    
   2.9646444    
   2.9590402    
   2.9535542    
   2.9481771    
   2.9429004    
   2.9377165    
   2.9326191    
   2.9276021    
   2.9226601    
   2.9177890    
   2.9129844    
   2.9082422    
   2.9035592    
   2.8989322    
   2.8943584    
   2.8898351    
   2.8853598    
   2.8809304    
   2.8765447    
   2.8722010    
   2.8678975    
   2.8636324    
   2.8594043    
   2.8552117    
   2.8510535    
   2.8469281    
   2.8428347    
   2.8387721    
   2.8347390    
   2.8307347    
   2.8267581    
   2.8228087    
   2.8188853    
   2.8149872    
   2.8111141    
   2.8072646    
   2.8034387    
   2.7996352    
   2.7958541    
   2.7920942    
   2.7883556    
   2.7846375    
   2.7809391    
   2.7772605    
   2.7736008    
   2.7699599    
   2.7663374    
   2.7627325    
   2.7591453    
   2.7555749    
   2.7520216    
   2.7484846    
   2.7449639    
   2.7414589    
   2.7379694    
   2.7344952    
   2.7310359    
   2.7275913    
   2.7241611    
   2.7207453    
   2.7173436    
   2.7139554    
   2.7105806    
   2.7072194    
   2.7038713    
   2.7005358    
   2.6972132    
   2.6939030    
   2.6906052    
   2.6873198    
   2.6840460    
   2.6807842    
   2.6775341    
   2.6742954    
   2.6710680    
   2.6678519    
   2.6646469    
   2.6614525    
   2.6582692    
   2.6550965    
   2.6519341    
   2.6487825    
   2.6456409    
   2.6425095    
   2.6393881    
   2.6362765    
   2.6331749    
   2.6300828    
   2.6270003    
   2.6239274    
   2.6208639    
   2.6178098    
   2.6147647    
   2.6117287    
   2.6087017    
   2.6056836    
   2.6026745    
   2.5996740    
   2.5966821    
   2.5936987    
   2.5907240    
   2.5877576    
   2.5847998    
   2.5818498    
   2.5789082    
   2.5759749    
   2.5730493    
   2.5701320    
   2.5672224    
   2.5643206    
   2.5614266    
   2.5585403    
   2.5556619    
   2.5527909    
   2.5499272    
   2.5470712    
   2.5442224    
   2.5413811    
   2.5385470    
   2.5357201    
   2.5329006    
   2.5300879    
   2.5272825    
   2.5244839    
   2.5216923    
   2.5189075    
   2.5161297    
   2.5133588    
   2.5105946    
   2.5078371    
   2.5050859    
   2.5023417    
   2.4996040    
   2.4968729    
   2.4941480    
   2.4914298    
   2.4887178    
   2.4860122    
   2.4833131    
   2.4806201    
   2.4779332    
   2.4752526    
   2.4725783    
   2.4699099    
   2.4672475    
   2.4645913    
   2.4619410    
   2.4592967    
   2.4566584    
   2.4540257    
   2.4513991    
   2.4487782    
   2.4461632    
   2.4435537    
   2.4409502    
   2.4383521    
   2.4357598    
   2.4331729    
   2.4305918    
   2.4280162    
   2.4254460    
   2.4228814    
   2.4203222    
   2.4177685    
   2.4152203    
   2.4126770    
   2.4101396    
   2.4076071    
   2.4050798    
   2.4025581    
   2.4000413    
   2.3975298    
   2.3950236    
   2.3925223    
   2.3900263    
   2.3875353    
   2.3850493    
   2.3825686    
   2.3800926    
   2.3776217    
   2.3751557    
   2.3726947    
   2.3702385    
   2.3677871    
   2.3653407    
   2.3628991    
   2.3604624    
   2.3580303    
   2.3556032    
   2.3531806    
   2.3507628    
   2.3483496    
   2.3459413    
   2.3435373    
   2.3411381    
   2.3387437    
   2.3363538    
   2.3339682    
   2.3315873    
   2.3292110    
   2.3268390    
   2.3244717    
   2.3221087    
   2.3197501    
   2.3173959    
   2.3150463    
   2.3127010    
   2.3103600    
   2.3080232    
   2.3056910    
   2.3033628    
   2.3010392    
   2.2987196    
   2.2964044    
   2.2940934    
   2.2917864    
   2.2894838    
   2.2871854    
   2.2848911    
   2.2826009    
   2.2803149    
   2.2780328    
   2.2757549    
   2.2734811    
   2.2712114    
   2.2689457    
   2.2666838    
   2.2644262    
   2.2621725    
   2.2599225    
   2.2576766    
   2.2554348    
   2.2531967    
   2.2509627    
   2.2487326    
   2.2465062    
   2.2442837    
   2.2420650    
   2.2398503    
   2.2376392    
   2.2354319    
   2.2332284    
   2.2310288    
   2.2288330    
   2.2266407    
   2.2244523    
   2.2222674    
   2.2200863    
   2.2179089    
   2.2157352    
   2.2135651    
   2.2113986    
   2.2092359    
   2.2070765    
   2.2049210    
   2.2027688    
   2.2006204    
   2.1984756    
   2.1963341    
   2.1941962    
   2.1920619    
   2.1899312    
   2.1878037    
   2.1856799    
   2.1835594    
   2.1814425    
   2.1793289    
   2.1772189    
   2.1751122    
   2.1730089    
   2.1709089    
   2.1688125    
   2.1667192    
   2.1646295    
   2.1625431    
   2.1604600    
   2.1583800    
   2.1563036    
   2.1542304    
   2.1521604    
   2.1500938    
   2.1480305    
   2.1459703    
   2.1439133    
