   3.1250951    
   3.1181028    
   3.1126299    
   3.1079278    
   3.1037083    
   3.0998251    
   3.0961921    
   3.0927534    
   3.0894706    
   3.0863163    
   3.0832696    
   3.0803149    
   3.0774393    
   3.0746329    
   3.0718873    
   3.0691960    
   3.0665531    
   3.0639539    
   3.0613942    
   3.0588706    
   3.0563798    
   3.0539193    
   3.0514867    
   3.0490801    
   3.0466974    
   3.0443370    
   3.0419974    
   3.0396776    
   3.0373759    
   3.0350919    
   3.0328240    
   3.0305715    
   3.0283339    
   3.0261099    
   3.0238993    
   3.0217016    
   3.0195155    
   3.0173411    
   3.0151777    
   3.0130250    
   3.0108824    
   3.0087497    
   3.0066264    
   3.0045121    
   3.0024066    
   3.0003095    
   2.9982207    
   2.9961398    
   2.9940667    
   2.9920011    
   2.9899428    
   2.9878914    
   2.9858470    
   2.9838095    
   2.9817784    
   2.9797535    
   2.9777350    
   2.9757228    
   2.9737163    
   2.9717157    
   2.9697208    
   2.9677317    
   2.9657481    
   2.9637697    
   2.9617968    
   2.9598289    
   2.9578662    
   2.9559085    
   2.9539559    
   2.9520080    
   2.9500651    
   2.9481268    
   2.9461932    
   2.9442642    
   2.9423397    
   2.9404197    
   2.9385040    
   2.9365928    
   2.9346859    
   2.9327834    
   2.9308851    
   2.9289908    
   2.9271007    
   2.9252145    
   2.9233327    
   2.9214547    
   2.9195807    
   2.9177105    
   2.9158442    
   2.9139819    
   2.9121234    
   2.9102685    
   2.9084175    
   2.9065702    
   2.9047265    
   2.9028866    
   2.9010503    
   2.8992176    
   2.8973885    
   2.8955629    
   2.8937409    
   2.8919222    
   2.8901072    
   2.8882957    
   2.8864875    
   2.8846827    
   2.8828812    
   2.8810833    
   2.8792887    
   2.8774972    
   2.8757093    
   2.8739245    
   2.8721430    
   2.8703649    
   2.8685899    
   2.8668182    
   2.8650496    
   2.8632843    
   2.8615220    
   2.8597629    
   2.8580072    
   2.8562543    
   2.8545046    
   2.8527582    
   2.8510146    
   2.8492742    
   2.8475368    
   2.8458025    
   2.8440711    
   2.8423429    
   2.8406174    
   2.8388951    
   2.8371758    
   2.8354592    
   2.8337460    
   2.8320353    
   2.8303277    
   2.8286231    
   2.8269212    
   2.8252223    
   2.8235261    
   2.8218331    
   2.8201427    
   2.8184552    
   2.8167706    
   2.8150887    
   2.8134098    
   2.8117335    
   2.8100600    
   2.8083894    
   2.8067214    
   2.8050563    
   2.8033941    
   2.8017344    
   2.8000774    
   2.7984233    
   2.7967720    
   2.7951231    
   2.7934771    
   2.7918336    
   2.7901931    
   2.7885549    
   2.7869196    
   2.7852869    
   2.7836568    
   2.7820292    
   2.7804043    
   2.7787821    
   2.7771626    
   2.7755456    
   2.7739313    
   2.7723193    
   2.7707100    
   2.7691033    
   2.7674992    
   2.7658975    
   2.7642987    
   2.7627020    
   2.7611082    
   2.7595165    
   2.7579277    
   2.7563412    
   2.7547572    
   2.7531757    
   2.7515967    
   2.7500203    
   2.7484462    
   2.7468746    
   2.7453055    
   2.7437389    
   2.7421746    
   2.7406127    
   2.7390535    
   2.7374964    
   2.7359419    
   2.7343898    
   2.7328398    
   2.7312925    
   2.7297475    
   2.7282050    
   2.7266648    
   2.7251267    
   2.7235913    
   2.7220581    
   2.7205274    
   2.7189989    
   2.7174726    
   2.7159488    
   2.7144272    
   2.7129080    
   2.7113912    
   2.7098765    
   2.7083642    
   2.7068543    
   2.7053466    
   2.7038410    
   2.7023377    
   2.7008369    
   2.6993382    
   2.6978419    
   2.6963475    
   2.6948557    
   2.6933658    
   2.6918783    
   2.6903932    
   2.6889100    
   2.6874292    
   2.6859505    
   2.6844740    
   2.6829998    
   2.6815276    
   2.6800578    
   2.6785901    
   2.6771245    
   2.6756611    
   2.6741998    
   2.6727407    
   2.6712837    
   2.6698289    
   2.6683762    
   2.6669257    
   2.6654773    
   2.6640310    
   2.6625867    
   2.6611447    
   2.6597047    
   2.6582668    
   2.6568310    
   2.6553972    
   2.6539657    
   2.6525359    
   2.6511085    
   2.6496830    
   2.6482596    
   2.6468384    
   2.6454191    
   2.6440020    
   2.6425867    
   2.6411736    
   2.6397624    
   2.6383533    
   2.6369462    
   2.6355412    
   2.6341381    
   2.6327369    
   2.6313379    
   2.6299407    
   2.6285458    
   2.6271527    
   2.6257615    
   2.6243725    
   2.6229851    
   2.6215999    
   2.6202168    
   2.6188354    
   2.6174560    
   2.6160786    
   2.6147032    
   2.6133296    
   2.6119580    
   2.6105883    
   2.6092205    
   2.6078548    
   2.6064909    
   2.6051288    
   2.6037686    
   2.6024106    
   2.6010542    
   2.5996997    
   2.5983472    
   2.5969965    
   2.5956476    
   2.5943007    
   2.5929556    
   2.5916126    
   2.5902712    
   2.5889316    
   2.5875940    
   2.5862582    
   2.5849242    
