  0.41732636    
  0.53825670    
  0.60918516    
  0.65623909    
  0.68943763    
  0.71372443    
  0.73188913    
  0.74564773    
  0.75612283    
  0.76408356    
  0.77007639    
  0.77450114    
  0.77765775    
  0.77977556    
  0.78103328    
  0.78157228    
  0.78150582    
  0.78092557    
  0.77990681    
  0.77851170    
  0.77679205    
  0.77479136    
  0.77254647    
  0.77008873    
  0.76744485    
  0.76463795    
  0.76168799    
  0.75861222    
  0.75542575    
  0.75214177    
  0.74877185    
  0.74532628    
  0.74181396    
  0.73824298    
  0.73462039    
  0.73095250    
  0.72724497    
  0.72350287    
  0.71973073    
  0.71593255    
  0.71211207    
  0.70827246    
  0.70441681    
  0.70054770    
  0.69666767    
  0.69277877    
  0.68888307    
  0.68498242    
  0.68107837    
  0.67717242    
  0.67326599    
  0.66936028    
  0.66545641    
  0.66155541    
  0.65765816    
  0.65376556    
  0.64987838    
  0.64599729    
  0.64212298    
  0.63825601    
  0.63439685    
  0.63054609    
  0.62670416    
  0.62287140    
  0.61904818    
  0.61523485    
  0.61143178    
  0.60763907    
  0.60385710    
  0.60008609    
  0.59632617    
  0.59257752    
  0.58884037    
  0.58511484    
  0.58140099    
  0.57769895    
  0.57400888    
  0.57033080    
  0.56666481    
  0.56301093    
  0.55936927    
  0.55573982    
  0.55212271    
  0.54851782    
  0.54492527    
  0.54134500    
  0.53777713    
  0.53422153    
  0.53067827    
  0.52714729    
  0.52362859    
  0.52012223    
  0.51662803    
  0.51314610    
  0.50967634    
  0.50621873    
  0.50277323    
  0.49933982    
  0.49591845    
  0.49250904    
  0.48911160    
  0.48572603    
  0.48235232    
  0.47899041    
  0.47564021    
  0.47230172    
  0.46897486    
  0.46565959    
  0.46235582    
  0.45906350    
  0.45578259    
  0.45251304    
  0.44925478    
  0.44600770    
  0.44277182    
  0.43954703    
  0.43633327    
  0.43313050    
  0.42993864    
  0.42675763    
  0.42358741    
  0.42042792    
  0.41727909    
  0.41414088    
  0.41101322    
  0.40789601    
  0.40478921    
  0.40169278    
  0.39860666    
  0.39553073    
  0.39246500    
  0.38940936    
  0.38636380    
  0.38332820    
  0.38030252    
  0.37728670    
  0.37428069    
  0.37128443    
  0.36829785    
  0.36532089    
  0.36235350    
  0.35939562    
  0.35644719    
  0.35350814    
  0.35057843    
  0.34765798    
  0.34474677    
  0.34184471    
  0.33895177    
  0.33606789    
  0.33319297    
  0.33032700    
  0.32746994    
  0.32462171    
  0.32178223    
  0.31895149    
  0.31612945    
  0.31331599    
  0.31051111    
  0.30771473    
  0.30492684    
  0.30214736    
  0.29937622    
  0.29661343    
  0.29385886    
  0.29111251    
  0.28837433    
  0.28564429    
  0.28292230    
  0.28020832    
  0.27750233    
  0.27480423    
  0.27211404    
  0.26943168    
  0.26675710    
  0.26409024    
  0.26143110    
  0.25877959    
  0.25613570    
  0.25349936    
  0.25087056    
  0.24824922    
  0.24563530    
  0.24302877    
  0.24042961    
  0.23783773    
  0.23525313    
  0.23267573    
  0.23010553    
  0.22754246    
  0.22498649    
  0.22243758    
  0.21989569    
  0.21736078    
  0.21483281    
  0.21231174    
  0.20979755    
  0.20729017    
  0.20478959    
  0.20229575    
  0.19980863    
  0.19732819    
  0.19485439    
  0.19238719    
  0.18992656    
  0.18747248    
  0.18502489    
  0.18258375    
  0.18014905    
  0.17772074    
  0.17529880    
  0.17288317    
  0.17047383    
  0.16807076    
  0.16567393    
  0.16328327    
  0.16089877    
  0.15852042    
  0.15614815    
  0.15378195    
  0.15142179    
  0.14906763    
  0.14671943    
  0.14437717    
  0.14204083    
  0.13971037    
  0.13738576    
  0.13506696    
  0.13275395    
  0.13044672    
  0.12814520    
  0.12584938    
  0.12355925    
  0.12127477    
  0.11899590    
  0.11672261    
  0.11445490    
  0.11219271    
  0.10993604    
  0.10768484    
  0.10543910    
  0.10319877    
  0.10096386    
  9.87343192E-02
  9.65101197E-02
  9.42912474E-02
  9.20776725E-02
  8.98693651E-02
  8.76663029E-02
  8.54684636E-02
  8.32758099E-02
  8.10883343E-02
  7.89059997E-02
  7.67287910E-02
  7.45566860E-02
  7.23896399E-02
  7.02276528E-02
  6.80706948E-02
  6.59187287E-02
  6.37717471E-02
  6.16297238E-02
  5.94926327E-02
  5.73604479E-02
  5.52331507E-02
  5.31107187E-02
  5.09931408E-02
  4.88803647E-02
  4.67723981E-02
  4.46692109E-02
  4.25707698E-02
  4.04770672E-02
  3.83880846E-02
  3.63037810E-02
  3.42241451E-02
  3.21491696E-02
  3.00788227E-02
  2.80130748E-02
  2.59519089E-02
  2.38953121E-02
  2.18432825E-02
  1.97957624E-02
  1.77527480E-02
  1.57142207E-02
  1.36801768E-02
  1.16505641E-02
  9.62536689E-03
  7.60460785E-03
  5.58822602E-03
  3.57626961E-03
  1.56862533E-03
   3.1411579    
   3.1391590    
   3.1371641    
   3.1351738    
   3.1331875    
   3.1312056    
   3.1292279    
   3.1272545    
   3.1252851    
   3.1233201    
