   1.6614058    
   1.5705262    
   1.5176823    
   1.4789315    
   1.4475981    
   1.4208826    
   1.3973436    
   1.3761390    
   1.3567325    
   1.3387600    
   1.3219627    
   1.3061495    
   1.2911745    
   1.2769244    
   1.2633083    
   1.2502528    
   1.2376975    
   1.2255917    
   1.2138927    
   1.2025642    
   1.1915748    
   1.1808975    
   1.1705081    
   1.1603862    
   1.1505129    
   1.1408719    
   1.1314483    
   1.1222290    
   1.1132019    
   1.1043562    
   1.0956820    
   1.0871705    
   1.0788132    
   1.0706025    
   1.0625318    
   1.0545943    
   1.0467843    
   1.0390960    
   1.0315245    
   1.0240650    
   1.0167130    
   1.0094643    
   1.0023149    
  0.99526137    
  0.98830014    
  0.98142791    
  0.97464174    
  0.96793872    
  0.96131605    
  0.95477122    
  0.94830179    
  0.94190544    
  0.93557996    
  0.92932320    
  0.92313331    
  0.91700834    
  0.91094643    
  0.90494591    
  0.89900512    
  0.89312255    
  0.88729656    
  0.88152587    
  0.87580901    
  0.87014467    
  0.86453164    
  0.85896862    
  0.85345447    
  0.84798813    
  0.84256840    
  0.83719438    
  0.83186495    
  0.82657921    
  0.82133621    
  0.81613511    
  0.81097490    
  0.80585492    
  0.80077422    
  0.79573214    
  0.79072785    
  0.78576064    
  0.78082979    
  0.77593464    
  0.77107447    
  0.76624876    
  0.76145679    
  0.75669795    
  0.75197172    
  0.74727744    
  0.74261469    
  0.73798281    
  0.73338139    
  0.72880977    
  0.72426766    
  0.71975440    
  0.71526963    
  0.71081287    
  0.70638365    
  0.70198160    
  0.69760627    
  0.69325727    
  0.68893415    
  0.68463659    
  0.68036419    
  0.67611653    
  0.67189336    
  0.66769427    
  0.66351885    
  0.65936691    
  0.65523803    
  0.65113187    
  0.64704818    
  0.64298666    
  0.63894701    
  0.63492888    
  0.63093203    
  0.62695622    
  0.62300110    
  0.61906648    
  0.61515206    
  0.61125761    
  0.60738283    
  0.60352749    
  0.59969145    
  0.59587431    
  0.59207600    
  0.58829618    
  0.58453470    
  0.58079129    
  0.57706583    
  0.57335800    
  0.56966770    
  0.56599462    
  0.56233871    
  0.55869961    
  0.55507725    
  0.55147141    
  0.54788196    
  0.54430860    
  0.54075128    
  0.53720981    
  0.53368390    
  0.53017354    
  0.52667850    
  0.52319860    
  0.51973373    
  0.51628375    
  0.51284844    
  0.50942767    
  0.50602132    
  0.50262922    
  0.49925125    
  0.49588728    
  0.49253717    
  0.48920077    
  0.48587793    
  0.48256856    
  0.47927251    
  0.47598967    
  0.47271991    
  0.46946308    
  0.46621910    
  0.46298784    
  0.45976916    
  0.45656297    
  0.45336917    
  0.45018762    
  0.44701821    
  0.44386086    
  0.44071546    
  0.43758187    
  0.43446001    
  0.43134978    
  0.42825109    
  0.42516384    
  0.42208791    
  0.41902322    
  0.41596967    
  0.41292715    
  0.40989560    
  0.40687492    
  0.40386504    
  0.40086582    
  0.39787722    
  0.39489913    
  0.39193147    
  0.38897419    
  0.38602716    
  0.38309029    
  0.38016355    
  0.37724683    
  0.37434006    
  0.37144318    
  0.36855608    
  0.36567870    
  0.36281097    
  0.35995284    
  0.35710418    
  0.35426494    
  0.35143510    
  0.34861451    
  0.34580317    
  0.34300098    
  0.34020787    
  0.33742380    
  0.33464870    
  0.33188245    
  0.32912505    
  0.32637641    
  0.32363647    
  0.32090518    
  0.31818247    
  0.31546828    
  0.31276256    
  0.31006524    
  0.30737627    
  0.30469558    
  0.30202311    
  0.29935881    
  0.29670265    
  0.29405457    
  0.29141447    
  0.28878233    
  0.28615811    
  0.28354174    
  0.28093317    
  0.27833235    
  0.27573922    
  0.27315375    
  0.27057588    
  0.26800555    
  0.26544273    
  0.26288736    
  0.26033938    
  0.25779879    
  0.25526550    
  0.25273946    
  0.25022066    
  0.24770905    
  0.24520455    
  0.24270715    
  0.24021679    
  0.23773344    
  0.23525704    
  0.23278756    
  0.23032495    
  0.22786918    
  0.22542021    
  0.22297798    
  0.22054246    
  0.21811362    
  0.21569140    
  0.21327579    
  0.21086672    
  0.20846418    
  0.20606810    
  0.20367847    
  0.20129526    
  0.19891840    
  0.19654788    
  0.19418365    
  0.19182567    
  0.18947393    
  0.18712837    
  0.18478896    
  0.18245567    
  0.18012847    
  0.17780732    
  0.17549220    
  0.17318304    
  0.17087986    
  0.16858257    
  0.16629118    
  0.16400565    
  0.16172594    
  0.15945202    
  0.15718386    
  0.15492143    
  0.15266471    
  0.15041365    
  0.14816822    
  0.14592841    
  0.14369418    
  0.14146550    
  0.13924234    
  0.13702467    
  0.13481247    
  0.13260570    
  0.13040435    
  0.12820837    
  0.12601773    
  0.12383244    
  0.12165244    
  0.11947771    
  0.11730822    
  0.11514395    
  0.11298488    
  0.11083097    
  0.10868221    
  0.10653855    
  0.10439999    
