   3.1063390    
   3.0915062    
   3.0799706    
   3.0701184    
   3.0613284    
   3.0532837    
   3.0457973    
   3.0387483    
   3.0320525    
   3.0256495    
   3.0194943    
   3.0135512    
   3.0077929    
   3.0021970    
   2.9967453    
   2.9914224    
   2.9862158    
   2.9811146    
   2.9761095    
   2.9711924    
   2.9663565    
   2.9615955    
   2.9569042    
   2.9522777    
   2.9477117    
   2.9432025    
   2.9387467    
   2.9343412    
   2.9299829    
   2.9256699    
   2.9213991    
   2.9171691    
   2.9129777    
   2.9088228    
   2.9047031    
   2.9006171    
   2.8965633    
   2.8925405    
   2.8885474    
   2.8845828    
   2.8806458    
   2.8767352    
   2.8728504    
   2.8689904    
   2.8651543    
   2.8613415    
   2.8575511    
   2.8537824    
   2.8500352    
   2.8463085    
   2.8426018    
   2.8389146    
   2.8352466    
   2.8315969    
   2.8279653    
   2.8243515    
   2.8207548    
   2.8171749    
   2.8136115    
   2.8100641    
   2.8065324    
   2.8030162    
   2.7995152    
   2.7960289    
   2.7925572    
   2.7890997    
   2.7856562    
   2.7822263    
   2.7788103    
   2.7754071    
   2.7720170    
   2.7686398    
   2.7652752    
   2.7619231    
   2.7585831    
   2.7552552    
   2.7519391    
   2.7486346    
   2.7453415    
   2.7420599    
   2.7387896    
   2.7355301    
   2.7322817    
   2.7290437    
   2.7258165    
   2.7225997    
   2.7193935    
   2.7161973    
   2.7130110    
   2.7098348    
   2.7066684    
   2.7035120    
   2.7003648    
   2.6972272    
   2.6940992    
   2.6909804    
   2.6878710    
   2.6847703    
   2.6816790    
   2.6785965    
   2.6755228    
   2.6724577    
   2.6694014    
   2.6663537    
   2.6633146    
   2.6602838    
   2.6572614    
   2.6542470    
   2.6512411    
   2.6482432    
   2.6452534    
   2.6422715    
   2.6392975    
   2.6363313    
   2.6333730    
   2.6304224    
   2.6274793    
   2.6245439    
   2.6216159    
   2.6186955    
   2.6157825    
   2.6128767    
   2.6099784    
   2.6070871    
   2.6042032    
   2.6013262    
   2.5984566    
   2.5955937    
   2.5927379    
   2.5898890    
   2.5870471    
   2.5842121    
   2.5813835    
   2.5785620    
   2.5757470    
   2.5729387    
   2.5701368    
   2.5673418    
   2.5645530    
   2.5617709    
   2.5589950    
   2.5562258    
   2.5534627    
   2.5507059    
   2.5479555    
   2.5452111    
   2.5424731    
   2.5397413    
   2.5370154    
   2.5342958    
   2.5315821    
   2.5288744    
   2.5261726    
   2.5234768    
   2.5207870    
   2.5181029    
   2.5154247    
   2.5127523    
   2.5100858    
   2.5074248    
   2.5047696    
   2.5021200    
   2.4994762    
   2.4968379    
   2.4942052    
   2.4915781    
   2.4889565    
   2.4863403    
   2.4837296    
   2.4811244    
   2.4785244    
   2.4759300    
   2.4733410    
   2.4707570    
   2.4681785    
   2.4656053    
   2.4630373    
   2.4604745    
   2.4579167    
   2.4553642    
   2.4528170    
   2.4502747    
   2.4477377    
   2.4452055    
   2.4426785    
   2.4401565    
   2.4376392    
   2.4351273    
   2.4326200    
   2.4301178    
   2.4276204    
   2.4251280    
   2.4226403    
   2.4201574    
   2.4176795    
   2.4152062    
   2.4127376    
   2.4102740    
   2.4078150    
   2.4053607    
   2.4029109    
   2.4004660    
   2.3980255    
   2.3955898    
   2.3931584    
   2.3907318    
   2.3883097    
   2.3858924    
   2.3834794    
   2.3810706    
   2.3786666    
   2.3762670    
   2.3738718    
   2.3714809    
   2.3690946    
   2.3667126    
   2.3643351    
   2.3619616    
   2.3595927    
   2.3572280    
   2.3548677    
   2.3525114    
   2.3501596    
   2.3478119    
   2.3454685    
   2.3431292    
   2.3407941    
   2.3384633    
   2.3361366    
   2.3338139    
   2.3314955    
   2.3291810    
   2.3268707    
   2.3245645    
   2.3222623    
   2.3199639    
   2.3176699    
   2.3153799    
   2.3130937    
   2.3108113    
   2.3085332    
   2.3062589    
   2.3039885    
   2.3017220    
   2.2994595    
   2.2972007    
   2.2949460    
   2.2926950    
   2.2904477    
   2.2882044    
   2.2859650    
   2.2837293    
   2.2814972    
   2.2792692    
   2.2770448    
   2.2748241    
   2.2726071    
   2.2703938    
   2.2681842    
   2.2659783    
   2.2637763    
   2.2615776    
   2.2593827    
   2.2571914    
   2.2550039    
   2.2528198    
   2.2506394    
   2.2484624    
   2.2462893    
   2.2441194    
   2.2419531    
   2.2397904    
   2.2376313    
   2.2354755    
   2.2333236    
   2.2311747    
   2.2290294    
   2.2268877    
   2.2247493    
   2.2226145    
   2.2204831    
   2.2183549    
   2.2162302    
   2.2141089    
   2.2119911    
   2.2098763    
   2.2077651    
   2.2056572    
   2.2035527    
   2.2014515    
   2.1993535    
   2.1972589    
   2.1951675    
   2.1930795    
   2.1909945    
   2.1889129    
   2.1868346    
   2.1847594    
   2.1826875    
   2.1806188    
