  0.27993259    
  0.37392619    
  0.43466330    
  0.47825941    
  0.51120359    
  0.53687799    
  0.55729473    
  0.57375312    
  0.58714163    
  0.59809369    
  0.60707575    
  0.61444074    
  0.62046111    
  0.62535125    
  0.62928241    
  0.63239318    
  0.63479716    
  0.63658816    
  0.63784474    
  0.63863289    
  0.63900864    
  0.63901985    
  0.63870746    
  0.63810718    
  0.63724965    
  0.63616186    
  0.63486743    
  0.63338697    
  0.63173890    
  0.62993938    
  0.62800288    
  0.62594229    
  0.62376910    
  0.62149364    
  0.61912519    
  0.61667216    
  0.61414212    
  0.61154187    
  0.60887760    
  0.60615504    
  0.60337925    
  0.60055494    
  0.59768641    
  0.59477758    
  0.59183204    
  0.58885300    
  0.58584362    
  0.58280659    
  0.57974446    
  0.57665968    
  0.57355434    
  0.57043052    
  0.56729001    
  0.56413460    
  0.56096590    
  0.55778527    
  0.55459422    
  0.55139399    
  0.54818571    
  0.54497051    
  0.54174942    
  0.53852338    
  0.53529328    
  0.53206003    
  0.52882427    
  0.52558678    
  0.52234823    
  0.51910925    
  0.51587039    
  0.51263225    
  0.50939536    
  0.50616008    
  0.50292695    
  0.49969634    
  0.49646869    
  0.49324432    
  0.49002358    
  0.48680678    
  0.48359424    
  0.48038620    
  0.47718295    
  0.47398472    
  0.47079173    
  0.46760422    
  0.46442235    
  0.46124631    
  0.45807627    
  0.45491242    
  0.45175487    
  0.44860378    
  0.44545925    
  0.44232145    
  0.43919045    
  0.43606636    
  0.43294927    
  0.42983928    
  0.42673647    
  0.42364091    
  0.42055267    
  0.41747183    
  0.41439840    
  0.41133246    
  0.40827408    
  0.40522328    
  0.40218008    
  0.39914456    
  0.39611670    
  0.39309657    
  0.39008418    
  0.38707957    
  0.38408270    
  0.38109362    
  0.37811238    
  0.37513891    
  0.37217331    
  0.36921549    
  0.36626554    
  0.36332339    
  0.36038908    
  0.35746258    
  0.35454392    
  0.35163307    
  0.34873006    
  0.34583482    
  0.34294736    
  0.34006768    
  0.33719578    
  0.33433163    
  0.33147520    
  0.32862648    
  0.32578549    
  0.32295218    
  0.32012650    
  0.31730852    
  0.31449813    
  0.31169534    
  0.30890015    
  0.30611253    
  0.30333242    
  0.30055985    
  0.29779473    
  0.29503712    
  0.29228693    
  0.28954414    
  0.28680876    
  0.28408074    
  0.28136006    
  0.27864668    
  0.27594060    
  0.27324179    
  0.27055016    
  0.26786578    
  0.26518854    
  0.26251847    
  0.25985551    
  0.25719965    
  0.25455084    
  0.25190905    
  0.24927428    
  0.24664649    
  0.24402565    
  0.24141172    
  0.23880467    
  0.23620449    
  0.23361114    
  0.23102458    
  0.22844480    
  0.22587177    
  0.22330545    
  0.22074582    
  0.21819285    
  0.21564649    
  0.21310674    
  0.21057357    
  0.20804693    
  0.20552680    
  0.20301315    
  0.20050597    
  0.19800520    
  0.19551083    
  0.19302285    
  0.19054119    
  0.18806584    
  0.18559679    
  0.18313399    
  0.18067741    
  0.17822705    
  0.17578284    
  0.17334479    
  0.17091286    
  0.16848701    
  0.16606723    
  0.16365348    
  0.16124573    
  0.15884396    
  0.15644816    
  0.15405828    
  0.15167430    
  0.14929619    
  0.14692393    
  0.14455749    
  0.14219685    
  0.13984197    
  0.13749285    
  0.13514943    
  0.13281171    
  0.13047966    
  0.12815323    
  0.12583244    
  0.12351723    
  0.12120759    
  0.11890349    
  0.11660489    
  0.11431179    
  0.11202417    
  0.10974197    
  0.10746520    
  0.10519382    
  0.10292782    
  0.10066716    
  9.84118134E-02
  9.61617753E-02
  9.39170122E-02
  9.16774943E-02
  8.94432142E-02
  8.72141346E-02
  8.49902406E-02
  8.27715024E-02
  8.05579051E-02
  7.83494189E-02
  7.61460364E-02
  7.39477202E-02
  7.17544481E-02
  6.95662051E-02
  6.73829690E-02
  6.52047172E-02
  6.30314201E-02
  6.08630627E-02
  5.86996302E-02
  5.65410927E-02
  5.43874316E-02
  5.22386283E-02
  5.00946604E-02
  4.79555055E-02
  4.58211415E-02
  4.36915457E-02
  4.15667184E-02
  3.94466072E-02
  3.73312160E-02
  3.52205187E-02
  3.31144854E-02
  3.10131162E-02
  2.89163683E-02
  2.68242415E-02
  2.47367062E-02
  2.26537623E-02
  2.05753557E-02
  1.85014866E-02
  1.64321437E-02
  1.43672992E-02
  1.23069435E-02
  1.02509968E-02
  8.19958840E-03
  6.15251344E-03
  4.10986319E-03
  2.07153871E-03
  3.97022559E-05
   3.1396010    
   3.1375759    
   3.1355548    
   3.1335382    
   3.1315260    
   3.1295180    
   3.1275141    
   3.1255147    
   3.1235194    
   3.1215281    
   3.1195414    
   3.1175585    
   3.1155798    
   3.1136053    
   3.1116350    
   3.1096687    
   3.1077063    
   3.1057482    
   3.1037941    
   3.1018441    
   3.0998981    
   3.0979559    
   3.0960178    
   3.0940838    
   3.0921535    
   3.0902274    
   3.0883050    
   3.0863867    
   3.0844722    
   3.0825615    
   3.0806549    
   3.0787520    
   3.0768528    
