  0.18854518    
  0.25679132    
  0.30344498    
  0.33861980    
  0.36640438    
  0.38896340    
  0.40761268    
  0.42322308    
  0.43640530    
  0.44760603    
  0.45716256    
  0.46533620    
  0.47233349    
  0.47832048    
  0.48343268    
  0.48778194    
  0.49146163    
  0.49455047    
  0.49711522    
  0.49921313    
  0.50089347    
  0.50219893    
  0.50316679    
  0.50382960    
  0.50421607    
  0.50435156    
  0.50425857    
  0.50395709    
  0.50346506    
  0.50279850    
  0.50197184    
  0.50099808    
  0.49988893    
  0.49865502    
  0.49730608    
  0.49585083    
  0.49429730    
  0.49265283    
  0.49092412    
  0.48911732    
  0.48723811    
  0.48529160    
  0.48328266    
  0.48121566    
  0.47909468    
  0.47692353    
  0.47470570    
  0.47244439    
  0.47014263    
  0.46780327    
  0.46542883    
  0.46302181    
  0.46058446    
  0.45811886    
  0.45562696    
  0.45311069    
  0.45057169    
  0.44801164    
  0.44543201    
  0.44283423    
  0.44021961    
  0.43758944    
  0.43494490    
  0.43228704    
  0.42961696    
  0.42693558    
  0.42424387    
  0.42154267    
  0.41883281    
  0.41611505    
  0.41339013    
  0.41065875    
  0.40792152    
  0.40517908    
  0.40243202    
  0.39968088    
  0.39692613    
  0.39416835    
  0.39140794    
  0.38864535    
  0.38588101    
  0.38311529    
  0.38034859    
  0.37758127    
  0.37481365    
  0.37204602    
  0.36927873    
  0.36651203    
  0.36374620    
  0.36098152    
  0.35821819    
  0.35545650    
  0.35269660    
  0.34993875    
  0.34718317    
  0.34442997    
  0.34167936    
  0.33893153    
  0.33618665    
  0.33344480    
  0.33070621    
  0.32797098    
  0.32523921    
  0.32251108    
  0.31978667    
  0.31706610    
  0.31434947    
  0.31163687    
  0.30892843    
  0.30622420    
  0.30352429    
  0.30082875    
  0.29813769    
  0.29545116    
  0.29276922    
  0.29009196    
  0.28741944    
  0.28475165    
  0.28208876    
  0.27943072    
  0.27677760    
  0.27412948    
  0.27148637    
  0.26884830    
  0.26621535    
  0.26358750    
  0.26096484    
  0.25834733    
  0.25573507    
  0.25312802    
  0.25052628    
  0.24792978    
  0.24533860    
  0.24275275    
  0.24017224    
  0.23759708    
  0.23502730    
  0.23246290    
  0.22990388    
  0.22735028    
  0.22480209    
  0.22225931    
  0.21972197    
  0.21719006    
  0.21466358    
  0.21214253    
  0.20962693    
  0.20711678    
  0.20461206    
  0.20211279    
  0.19961898    
  0.19713059    
  0.19464764    
  0.19217013    
  0.18969804    
  0.18723139    
  0.18477017    
  0.18231435    
  0.17986394    
  0.17741893    
  0.17497933    
  0.17254512    
  0.17011628    
  0.16769283    
  0.16527472    
  0.16286197    
  0.16045457    
  0.15805250    
  0.15565576    
  0.15326433    
  0.15087819    
  0.14849736    
  0.14612180    
  0.14375150    
  0.14138646    
  0.13902667    
  0.13667211    
  0.13432276    
  0.13197862    
  0.12963966    
  0.12730588    
  0.12497727    
  0.12265381    
  0.12033548    
  0.11802228    
  0.11571418    
  0.11341117    
  0.11111325    
  0.10882039    
  0.10653257    
  0.10424980    
  0.10197204    
  9.96992812E-02
  9.74315181E-02
  9.51687321E-02
  9.29109007E-02
  9.06580091E-02
  8.84100497E-02
  8.61670002E-02
  8.39288533E-02
  8.16955864E-02
  7.94671848E-02
  7.72436336E-02
  7.50249177E-02
  7.28110150E-02
  7.06019253E-02
  6.83976188E-02
  6.61980808E-02
  6.40033111E-02
  6.18132688E-02
  5.96279576E-02
  5.74473515E-02
  5.52714393E-02
  5.31002097E-02
  5.09336330E-02
  4.87717055E-02
  4.66144122E-02
  4.44617271E-02
  4.23136391E-02
  4.01701406E-02
  3.80312093E-02
  3.58968228E-02
  3.37669700E-02
  3.16416435E-02
  2.95208152E-02
  2.74044778E-02
  2.52926145E-02
  2.31852047E-02
  2.10822355E-02
  1.89837161E-02
  1.68895647E-02
  1.47998510E-02
  1.27144847E-02
  1.06334919E-02
  8.55684839E-03
  6.48457278E-03
  4.41657659E-03
  2.35285680E-03
  2.93021469E-04
   3.1398308    
   3.1377802    
   3.1357336    
   3.1336911    
   3.1316531    
   3.1296189    
   3.1275892    
   3.1255636    
   3.1235421    
   3.1215248    
   3.1195116    
   3.1175025    
   3.1154974    
   3.1134965    
   3.1114995    
   3.1095068    
   3.1075182    
   3.1055334    
   3.1035526    
   3.1015759    
   3.0996032    
   3.0976343    
   3.0956695    
   3.0937085    
   3.0917516    
   3.0897985    
   3.0878494    
   3.0859041    
   3.0839627    
   3.0820251    
   3.0800915    
   3.0781615    
   3.0762355    
   3.0743132    
   3.0723946    
   3.0704801    
   3.0685692    
   3.0666618    
   3.0647585    
   3.0628588    
   3.0609627    
   3.0590703    
   3.0571818    
   3.0552969    
   3.0534155    
   3.0515378    
   3.0496638    
   3.0477934    
   3.0459266    
   3.0440633    
   3.0422039    
   3.0403478    
   3.0384953    
   3.0366464    
   3.0348010    
   3.0329590    
   3.0311208    
   3.0292859    
   3.0274544    
   3.0256264    
   3.0238020    
