   1.6360890    
   1.5523582    
   1.5027710    
   1.4659823    
   1.4359952    
   1.4102768    
   1.3875146    
   1.3669370    
   1.3480504    
   1.3305181    
   1.3140998    
   1.2986171    
   1.2839341    
   1.2699440    
   1.2565614    
   1.2437173    
   1.2313544    
   1.2194247    
   1.2078878    
   1.1967090    
   1.1858586    
   1.1753105    
   1.1650419    
   1.1550331    
   1.1452661    
   1.1357250    
   1.1263958    
   1.1172658    
   1.1083233    
   1.0995579    
   1.0909601    
   1.0825213    
   1.0742334    
   1.0660892    
   1.0580819    
   1.0502051    
   1.0424533    
   1.0348210    
   1.0273032    
   1.0198954    
   1.0125932    
   1.0053924    
  0.99828947    
  0.99128062    
  0.98436254    
  0.97753209    
  0.97078633    
  0.96412241    
  0.95753765    
  0.95102960    
  0.94459581    
  0.93823409    
  0.93194222    
  0.92571819    
  0.91956007    
  0.91346598    
  0.90743417    
  0.90146297    
  0.89555073    
  0.88969594    
  0.88389713    
  0.87815285    
  0.87246180    
  0.86682266    
  0.86123425    
  0.85569525    
  0.85020465    
  0.84476119    
  0.83936399    
  0.83401191    
  0.82870400    
  0.82343930    
  0.81821692    
  0.81303591    
  0.80789554    
  0.80279493    
  0.79773325    
  0.79270971    
  0.78772366    
  0.78277439    
  0.77786112    
  0.77298319    
  0.76813996    
  0.76333082    
  0.75855517    
  0.75381237    
  0.74910188    
  0.74442309    
  0.73977554    
  0.73515862    
  0.73057187    
  0.72601473    
  0.72148681    
  0.71698755    
  0.71251655    
  0.70807332    
  0.70365739    
  0.69926846    
  0.69490606    
  0.69056976    
  0.68625915    
  0.68197393    
  0.67771363    
  0.67347801    
  0.66926658    
  0.66507912    
  0.66091520    
  0.65677452    
  0.65265673    
  0.64856160    
  0.64448875    
  0.64043790    
  0.63640875    
  0.63240105    
  0.62841445    
  0.62444872    
  0.62050360    
  0.61657882    
  0.61267412    
  0.60878927    
  0.60492396    
  0.60107803    
  0.59725118    
  0.59344321    
  0.58965385    
  0.58588296    
  0.58213031    
  0.57839561    
  0.57467866    
  0.57097936    
  0.56729740    
  0.56363267    
  0.55998486    
  0.55635393    
  0.55273956    
  0.54914165    
  0.54556000    
  0.54199439    
  0.53844470    
  0.53491080    
  0.53139240    
  0.52788943    
  0.52440166    
  0.52092904    
  0.51747137    
  0.51402843    
  0.51060009    
  0.50718629    
  0.50378680    
  0.50040156    
  0.49703032    
  0.49367300    
  0.49032947    
  0.48699957    
  0.48368323    
  0.48038024    
  0.47709054    
  0.47381395    
  0.47055039    
  0.46729973    
  0.46406183    
  0.46083659    
  0.45762390    
  0.45442364    
  0.45123568    
  0.44805995    
  0.44489631    
  0.44174466    
  0.43860489    
  0.43547690    
  0.43236059    
  0.42925587    
  0.42616263    
  0.42308074    
  0.42001018    
  0.41695079    
  0.41390249    
  0.41086519    
  0.40783882    
  0.40482324    
  0.40181842    
  0.39882424    
  0.39584064    
  0.39286751    
  0.38990477    
  0.38695231    
  0.38401011    
  0.38107803    
  0.37815604    
  0.37524402    
  0.37234193    
  0.36944968    
  0.36656716    
  0.36369434    
  0.36083114    
  0.35797745    
  0.35513327    
  0.35229844    
  0.34947297    
  0.34665674    
  0.34384969    
  0.34105179    
  0.33826292    
  0.33548304    
  0.33271211    
  0.32995003    
  0.32719675    
  0.32445219    
  0.32171631    
  0.31898904    
  0.31627032    
  0.31356010    
  0.31085831    
  0.30816486    
  0.30547976    
  0.30280292    
  0.30013430    
  0.29747379    
  0.29482141    
  0.29217705    
  0.28954065    
  0.28691220    
  0.28429165    
  0.28167892    
  0.27907395    
  0.27647671    
  0.27388716    
  0.27130520    
  0.26873085    
  0.26616400    
  0.26360464    
  0.26105270    
  0.25850815    
  0.25597095    
  0.25344104    
  0.25091836    
  0.24840288    
  0.24589455    
  0.24339335    
  0.24089921    
  0.23841208    
  0.23593195    
  0.23345874    
  0.23099244    
  0.22853298    
  0.22608036    
  0.22363448    
  0.22119536    
  0.21876292    
  0.21633713    
  0.21391796    
  0.21150535    
  0.20909929    
  0.20669971    
  0.20430662    
  0.20191993    
  0.19953963    
  0.19716568    
  0.19479805    
  0.19243668    
  0.19008157    
  0.18773265    
  0.18538992    
  0.18305331    
  0.18072282    
  0.17839839    
  0.17607999    
  0.17376760    
  0.17146116    
  0.16916068    
  0.16686609    
  0.16457738    
  0.16229449    
  0.16001743    
  0.15774614    
  0.15548059    
  0.15322076    
  0.15096661    
  0.14871812    
  0.14647526    
  0.14423798    
  0.14200628    
  0.13978010    
  0.13755944    
  0.13534425    
  0.13313451    
  0.13093020    
  0.12873128    
  0.12653774    
  0.12434952    
  0.12216662    
  0.11998901    
  0.11781665    
  0.11564953    
  0.11348761    
  0.11133087    
  0.10917928    
  0.10703283    
  0.10489147    
  0.10275519    
