   3.0212569    
   2.9714952    
   2.9333677    
   2.9012718    
   2.8730359    
   2.8475456    
   2.8241386    
   2.8023837    
   2.7819800    
   2.7627099    
   2.7444074    
   2.7269447    
   2.7102196    
   2.6941490    
   2.6786652    
   2.6637104    
   2.6492367    
   2.6352026    
   2.6215725    
   2.6083152    
   2.5954034    
   2.5828135    
   2.5705235    
   2.5585148    
   2.5467701    
   2.5352740    
   2.5240126    
   2.5129731    
   2.5021441    
   2.4915149    
   2.4810758    
   2.4708178    
   2.4607325    
   2.4508126    
   2.4410510    
   2.4314408    
   2.4219761    
   2.4126511    
   2.4034605    
   2.3943992    
   2.3854625    
   2.3766460    
   2.3679454    
   2.3593571    
   2.3508773    
   2.3425021    
   2.3342288    
   2.3260536    
   2.3179741    
   2.3099871    
   2.3020902    
   2.2942805    
   2.2865558    
   2.2789135    
   2.2713516    
   2.2638681    
   2.2564607    
   2.2491276    
   2.2418668    
   2.2346768    
   2.2275558    
   2.2205017    
   2.2135136    
   2.2065895    
   2.1997283    
   2.1929283    
   2.1861882    
   2.1795068    
   2.1728830    
   2.1663153    
   2.1598027    
   2.1533439    
   2.1469378    
   2.1405838    
   2.1342802    
   2.1280267    
   2.1218219    
   2.1156650    
   2.1095550    
   2.1034913    
   2.0974729    
   2.0914989    
   2.0855687    
   2.0796814    
   2.0738363    
   2.0680327    
   2.0622699    
   2.0565472    
   2.0508637    
   2.0452192    
   2.0396128    
   2.0340440    
   2.0285120    
   2.0230165    
   2.0175569    
   2.0121324    
   2.0067427    
   2.0013871    
   1.9960654    
   1.9907768    
   1.9855210    
   1.9802973    
   1.9751054    
   1.9699450    
   1.9648153    
   1.9597162    
   1.9546471    
   1.9496076    
   1.9445975    
   1.9396161    
   1.9346632    
   1.9297384    
   1.9248413    
   1.9199716    
   1.9151288    
   1.9103129    
   1.9055232    
   1.9007595    
   1.8960215    
   1.8913089    
   1.8866214    
   1.8819585    
   1.8773202    
   1.8727059    
   1.8681157    
   1.8635490    
   1.8590057    
   1.8544854    
   1.8499879    
   1.8455130    
   1.8410603    
   1.8366296    
   1.8322208    
   1.8278335    
   1.8234675    
   1.8191227    
   1.8147986    
   1.8104951    
   1.8062122    
   1.8019494    
   1.7977065    
   1.7934835    
   1.7892801    
   1.7850959    
   1.7809310    
   1.7767850    
   1.7726579    
   1.7685492    
   1.7644591    
   1.7603872    
   1.7563332    
   1.7522973    
   1.7482790    
   1.7442782    
   1.7402947    
   1.7363285    
   1.7323793    
   1.7284470    
   1.7245314    
   1.7206324    
   1.7167498    
   1.7128834    
   1.7090331    
   1.7051988    
   1.7013804    
   1.6975775    
   1.6937902    
   1.6900183    
   1.6862618    
   1.6825203    
   1.6787938    
   1.6750821    
   1.6713853    
   1.6677030    
   1.6640352    
   1.6603818    
   1.6567426    
   1.6531175    
   1.6495064    
   1.6459093    
   1.6423259    
   1.6387562    
   1.6352000    
   1.6316572    
   1.6281278    
   1.6246116    
   1.6211085    
   1.6176184    
   1.6141413    
   1.6106770    
   1.6072253    
   1.6037863    
   1.6003598    
   1.5969456    
   1.5935439    
   1.5901543    
   1.5867767    
   1.5834113    
   1.5800579    
   1.5767163    
   1.5733864    
   1.5700682    
   1.5667616    
   1.5634665    
   1.5601829    
   1.5569105    
   1.5536495    
   1.5503995    
   1.5471607    
   1.5439330    
   1.5407162    
   1.5375102    
   1.5343149    
   1.5311304    
   1.5279565    
   1.5247931    
   1.5216403    
   1.5184978    
   1.5153657    
   1.5122439    
   1.5091321    
   1.5060306    
   1.5029391    
   1.4998577    
   1.4967860    
   1.4937242    
   1.4906723    
   1.4876301    
   1.4845976    
   1.4815745    
   1.4785610    
   1.4755571    
   1.4725626    
   1.4695773    
   1.4666014    
   1.4636346    
   1.4606770    
   1.4577285    
   1.4547892    
   1.4518588    
   1.4489372    
   1.4460247    
   1.4431208    
   1.4402257    
   1.4373394    
   1.4344618    
   1.4315927    
   1.4287322    
   1.4258802    
   1.4230366    
   1.4202014    
   1.4173746    
   1.4145560    
   1.4117457    
   1.4089435    
   1.4061496    
   1.4033637    
   1.4005859    
   1.3978161    
   1.3950542    
   1.3923002    
   1.3895540    
   1.3868158    
   1.3840852    
   1.3813624    
   1.3786472    
   1.3759397    
   1.3732398    
   1.3705474    
   1.3678625    
   1.3651851    
   1.3625151    
   1.3598524    
   1.3571972    
   1.3545492    
   1.3519083    
   1.3492749    
   1.3466485    
   1.3440292    
   1.3414171    
   1.3388119    
   1.3362138    
   1.3336227    
   1.3310385    
   1.3284613    
   1.3258908    
   1.3233272    
   1.3207704    
   1.3182204    
   1.3156770    
   1.3131403    
   1.3106103    
   1.3080869    
   1.3055700    
   1.3030597    
   1.3005559    
   1.2980586    
   1.2955678    
   1.2930832    
   1.2906051    
