   1.7153276    
   1.6095159    
   1.5497658    
   1.5068301    
   1.4726157    
   1.4437622    
   1.4185557    
   1.3960037    
   1.3754789    
   1.3565592    
   1.3389460    
   1.3224206    
   1.3068169    
   1.2920064    
   1.2778867    
   1.2643756    
   1.2514052    
   1.2389194    
   1.2268709    
   1.2152194    
   1.2039303    
   1.1929739    
   1.1823241    
   1.1719579    
   1.1618552    
   1.1519983    
   1.1423709    
   1.1329589    
   1.1237491    
   1.1147300    
   1.1058909    
   1.0972222    
   1.0887150    
   1.0803611    
   1.0721534    
   1.0640846    
   1.0561488    
   1.0483397    
   1.0406522    
   1.0330809    
   1.0256213    
   1.0182689    
   1.0110196    
   1.0038694    
  0.99681491    
  0.98985249    
  0.98297900    
  0.97619140    
  0.96948683    
  0.96286255    
  0.95631605    
  0.94984490    
  0.94344676    
  0.93711942    
  0.93086088    
  0.92466909    
  0.91854215    
  0.91247833    
  0.90647590    
  0.90053314    
  0.89464861    
  0.88882071    
  0.88304812    
  0.87732929    
  0.87166303    
  0.86604810    
  0.86048317    
  0.85496718    
  0.84949893    
  0.84407741    
  0.83870155    
  0.83337033    
  0.82808280    
  0.82283807    
  0.81763518    
  0.81247330    
  0.80735159    
  0.80226928    
  0.79722553    
  0.79221958    
  0.78725076    
  0.78231835    
  0.77742165    
  0.77256000    
  0.76773274    
  0.76293927    
  0.75817901    
  0.75345135    
  0.74875569    
  0.74409157    
  0.73945832    
  0.73485553    
  0.73028266    
  0.72573918    
  0.72122473    
  0.71673870    
  0.71228069    
  0.70785028    
  0.70344704    
  0.69907057    
  0.69472039    
  0.69039619    
  0.68609750    
  0.68182403    
  0.67757529    
  0.67335111    
  0.66915095    
  0.66497457    
  0.66082162    
  0.65669173    
  0.65258467    
  0.64850008    
  0.64443761    
  0.64039707    
  0.63637805    
  0.63238037    
  0.62840372    
  0.62444776    
  0.62051231    
  0.61659712    
  0.61270183    
  0.60882628    
  0.60497022    
  0.60113341    
  0.59731561    
  0.59351653    
  0.58973604    
  0.58597386    
  0.58222979    
  0.57850367    
  0.57479525    
  0.57110429    
  0.56743062    
  0.56377405    
  0.56013435    
  0.55651146    
  0.55290502    
  0.54931498    
  0.54574114    
  0.54218328    
  0.53864121    
  0.53511488    
  0.53160399    
  0.52810848    
  0.52462810    
  0.52116275    
  0.51771230    
  0.51427650    
  0.51085532    
  0.50744855    
  0.50405604    
  0.50067765    
  0.49731329    
  0.49396276    
  0.49062598    
  0.48730278    
  0.48399305    
  0.48069665    
  0.47741345    
  0.47414333    
  0.47088617    
  0.46764186    
  0.46441028    
  0.46119130    
  0.45798483    
  0.45479071    
  0.45160890    
  0.44843921    
  0.44528159    
  0.44213590    
  0.43900207    
  0.43587995    
  0.43276948    
  0.42967054    
  0.42658305    
  0.42350692    
  0.42044199    
  0.41738823    
  0.41434553    
  0.41131377    
  0.40829292    
  0.40528283    
  0.40228343    
  0.39929464    
  0.39631641    
  0.39334857    
  0.39039111    
  0.38744393    
  0.38450691    
  0.38158002    
  0.37866318    
  0.37575629    
  0.37285927    
  0.36997205    
  0.36709455    
  0.36422670    
  0.36136845    
  0.35851970    
  0.35568038    
  0.35285041    
  0.35002977    
  0.34721833    
  0.34441605    
  0.34162286    
  0.33883873    
  0.33606353    
  0.33329722    
  0.33053976    
  0.32779106    
  0.32505110    
  0.32231975    
  0.31959698    
  0.31688276    
  0.31417701    
  0.31147963    
  0.30879062    
  0.30610991    
  0.30343741    
  0.30077311    
  0.29811692    
  0.29546881    
  0.29282871    
  0.29019660    
  0.28757235    
  0.28495598    
  0.28234741    
  0.27974659    
  0.27715346    
  0.27456802    
  0.27199015    
  0.26941985    
  0.26685703    
  0.26430169    
  0.26175377    
  0.25921318    
  0.25667992    
  0.25415394    
  0.25163516    
  0.24912359    
  0.24661914    
  0.24412178    
  0.24163146    
  0.23914815    
  0.23667182    
  0.23420238    
  0.23173983    
  0.22928412    
  0.22683521    
  0.22439304    
  0.22195759    
  0.21952882    
  0.21710667    
  0.21469113    
  0.21228214    
  0.20987967    
  0.20748368    
  0.20509414    
  0.20271100    
  0.20033422    
  0.19796379    
  0.19559965    
  0.19324176    
  0.19089010    
  0.18854465    
  0.18620534    
  0.18387215    
  0.18154505    
  0.17922400    
  0.17690897    
  0.17459993    
  0.17229684    
  0.16999967    
  0.16770840    
  0.16542298    
  0.16314338    
  0.16086957    
  0.15860154    
  0.15633923    
  0.15408261    
  0.15183167    
  0.14958638    
  0.14734669    
  0.14511259    
  0.14288403    
  0.14066100    
  0.13844347    
  0.13623139    
  0.13402477    
  0.13182354    
  0.12962769    
  0.12743720    
  0.12525204    
  0.12307218    
  0.12089759    
  0.11872825    
  0.11656412    
  0.11440519    
  0.11225143    
  0.11010281    
  0.10795931    
