   1.5545334    
   1.4942620    
   1.4552078    
   1.4247292    
   1.3990592    
   1.3765322    
   1.3562524    
   1.3376772    
   1.3204497    
   1.3043214    
   1.2891110    
   1.2746820    
   1.2609285    
   1.2477664    
   1.2351277    
   1.2229563    
   1.2112058    
   1.1998367    
   1.1888155    
   1.1781130    
   1.1677043    
   1.1575675    
   1.1476830    
   1.1380339    
   1.1286047    
   1.1193817    
   1.1103526    
   1.1015064    
   1.0928329    
   1.0843228    
   1.0759679    
   1.0677603    
   1.0596931    
   1.0517596    
   1.0439538    
   1.0362701    
   1.0287036    
   1.0212489    
   1.0139021    
   1.0066586    
  0.99951458    
  0.99246633    
  0.98551047    
  0.97864360    
  0.97186279    
  0.96516502    
  0.95854765    
  0.95200807    
  0.94554377    
  0.93915248    
  0.93283206    
  0.92658031    
  0.92039526    
  0.91427505    
  0.90821791    
  0.90222198    
  0.89628577    
  0.89040762    
  0.88458604    
  0.87881964    
  0.87310696    
  0.86744678    
  0.86183774    
  0.85627866    
  0.85076839    
  0.84530574    
  0.83988976    
  0.83451933    
  0.82919341    
  0.82391113    
  0.81867146    
  0.81347364    
  0.80831671    
  0.80319983    
  0.79812223    
  0.79308307    
  0.78808171    
  0.78311735    
  0.77818930    
  0.77329683    
  0.76843935    
  0.76361620    
  0.75882673    
  0.75407040    
  0.74934655    
  0.74465466    
  0.73999417    
  0.73536456    
  0.73076522    
  0.72619581    
  0.72165573    
  0.71714449    
  0.71266168    
  0.70820683    
  0.70377952    
  0.69937927    
  0.69500566    
  0.69065839    
  0.68633693    
  0.68204105    
  0.67777020    
  0.67352414    
  0.66930246    
  0.66510481    
  0.66093087    
  0.65678024    
  0.65265274    
  0.64854789    
  0.64446551    
  0.64040524    
  0.63636678    
  0.63234985    
  0.62835413    
  0.62437940    
  0.62042540    
  0.61649179    
  0.61257839    
  0.60868490    
  0.60481107    
  0.60095668    
  0.59712148    
  0.59330529    
  0.58950776    
  0.58572876    
  0.58196807    
  0.57822549    
  0.57450074    
  0.57079363    
  0.56710398    
  0.56343162    
  0.55977631    
  0.55613786    
  0.55251610    
  0.54891086    
  0.54532188    
  0.54174912    
  0.53819227    
  0.53465128    
  0.53112590    
  0.52761596    
  0.52412134    
  0.52064186    
  0.51717740    
  0.51372778    
  0.51029283    
  0.50687242    
  0.50346637    
  0.50007463    
  0.49669695    
  0.49333325    
  0.48998338    
  0.48664722    
  0.48332465    
  0.48001549    
  0.47671965    
  0.47343698    
  0.47016740    
  0.46691072    
  0.46366689    
  0.46043575    
  0.45721722    
  0.45401114    
  0.45081741    
  0.44763595    
  0.44446662    
  0.44130933    
  0.43816397    
  0.43503040    
  0.43190858    
  0.42879838    
  0.42569968    
  0.42261240    
  0.41953644    
  0.41647172    
  0.41341814    
  0.41037560    
  0.40734398    
  0.40432325    
  0.40131325    
  0.39831397    
  0.39532527    
  0.39234707    
  0.38937929    
  0.38642186    
  0.38347471    
  0.38053772    
  0.37761083    
  0.37469396    
  0.37178701    
  0.36888996    
  0.36600268    
  0.36312512    
  0.36025718    
  0.35739884    
  0.35454997    
  0.35171053    
  0.34888044    
  0.34605965    
  0.34324807    
  0.34044564    
  0.33765230    
  0.33486795    
  0.33209255    
  0.32932606    
  0.32656839    
  0.32381946    
  0.32107925    
  0.31834766    
  0.31562465    
  0.31291017    
  0.31020412    
  0.30750647    
  0.30481717    
  0.30213615    
  0.29946336    
  0.29679877    
  0.29414225    
  0.29149380    
  0.28885338    
  0.28622088    
  0.28359631    
  0.28097957    
  0.27837062    
  0.27576941    
  0.27317593    
  0.27059007    
  0.26801181    
  0.26544109    
  0.26287788    
  0.26032212    
  0.25777376    
  0.25523275    
  0.25269905    
  0.25017262    
  0.24765339    
  0.24514134    
  0.24263643    
  0.24013861    
  0.23764782    
  0.23516403    
  0.23268719    
  0.23021728    
  0.22775422    
  0.22529800    
  0.22284858    
  0.22040589    
  0.21796992    
  0.21554062    
  0.21311796    
  0.21070187    
  0.20829234    
  0.20588933    
  0.20349279    
  0.20110269    
  0.19871898    
  0.19634165    
  0.19397065    
  0.19160593    
  0.18924747    
  0.18689524    
  0.18454918    
  0.18220928    
  0.17987551    
  0.17754780    
  0.17522615    
  0.17291051    
  0.17060088    
  0.16829717    
  0.16599938    
  0.16370748    
  0.16142143    
  0.15914121    
  0.15686677    
  0.15459810    
  0.15233515    
  0.15007791    
  0.14782631    
  0.14558037    
  0.14334004    
  0.14110528    
  0.13887607    
  0.13665238    
  0.13443418    
  0.13222143    
  0.13001414    
  0.12781224    
  0.12561572    
  0.12342455    
  0.12123871    
  0.11905816    
  0.11688289    
  0.11471286    
  0.11254805    
  0.11038842    
  0.10823396    
  0.10608464    
  0.10394043    
  0.10180132    
  9.96672660E-02
  9.75382477E-02
