   1.6062611    
   1.5310442    
   1.4853033    
   1.4508240    
   1.4224188    
   1.3978709    
   1.3760196    
   1.3561771    
   1.3378997    
   1.3208830    
   1.3049084    
   1.2898129    
   1.2754714    
   1.2617855    
   1.2486764    
   1.2360796    
   1.2239418    
   1.2122182    
   1.2008709    
   1.1898673    
   1.1791792    
   1.1687824    
   1.1586550    
   1.1487784    
   1.1391356    
   1.1297115    
   1.1204927    
   1.1114670    
   1.1026235    
   1.0939521    
   1.0854435    
   1.0770898    
   1.0688831    
   1.0608163    
   1.0528830    
   1.0450774    
   1.0373937    
   1.0298268    
   1.0223719    
   1.0150245    
   1.0077804    
   1.0006359    
  0.99358690    
  0.98663026    
  0.97976267    
  0.97298110    
  0.96628255    
  0.95966434    
  0.95312393    
  0.94665879    
  0.94026673    
  0.93394542    
  0.92769289    
  0.92150706    
  0.91538608    
  0.90932810    
  0.90333146    
  0.89739448    
  0.89151561    
  0.88569331    
  0.87992620    
  0.87421286    
  0.86855197    
  0.86294228    
  0.85738260    
  0.85187173    
  0.84640855    
  0.84099197    
  0.83562100    
  0.83029461    
  0.82501179    
  0.81977171    
  0.81457335    
  0.80941600    
  0.80429870    
  0.79922068    
  0.79418117    
  0.78917944    
  0.78421474    
  0.77928632    
  0.77439362    
  0.76953584    
  0.76471239    
  0.75992268    
  0.75516605    
  0.75044203    
  0.74574989    
  0.74108922    
  0.73645943    
  0.73185998    
  0.72729039    
  0.72275013    
  0.71823877    
  0.71375585    
  0.70930094    
  0.70487350    
  0.70047319    
  0.69609958    
  0.69175225    
  0.68743080    
  0.68313485    
  0.67886400    
  0.67461795    
  0.67039627    
  0.66619861    
  0.66202474    
  0.65787417    
  0.65374672    
  0.64964193    
  0.64555961    
  0.64149946    
  0.63746107    
  0.63344425    
  0.62944865    
  0.62547404    
  0.62152016    
  0.61758667    
  0.61367345    
  0.60978007    
  0.60590643    
  0.60205221    
  0.59821719    
  0.59440112    
  0.59060383    
  0.58682507    
  0.58306456    
  0.57932216    
  0.57559758    
  0.57189071    
  0.56820130    
  0.56452918    
  0.56087410    
  0.55723590    
  0.55361438    
  0.55000937    
  0.54642069    
  0.54284817    
  0.53929162    
  0.53575087    
  0.53222579    
  0.52871615    
  0.52522182    
  0.52174264    
  0.51827848    
  0.51482916    
  0.51139450    
  0.50797439    
  0.50456870    
  0.50117725    
  0.49779987    
  0.49443650    
  0.49108699    
  0.48775116    
  0.48442891    
  0.48112008    
  0.47782460    
  0.47454229    
  0.47127303    
  0.46801671    
  0.46477324    
  0.46154246    
  0.45832428    
  0.45511857    
  0.45192522    
  0.44874412    
  0.44557518    
  0.44241825    
  0.43927327    
  0.43614009    
  0.43301865    
  0.42990881    
  0.42681050    
  0.42372364    
  0.42064807    
  0.41758373    
  0.41453055    
  0.41148838    
  0.40845719    
  0.40543684    
  0.40242726    
  0.39942837    
  0.39644009    
  0.39346230    
  0.39049494    
  0.38753793    
  0.38459116    
  0.38165459    
  0.37872812    
  0.37581167    
  0.37290514    
  0.37000850    
  0.36712164    
  0.36424449    
  0.36137700    
  0.35851908    
  0.35567063    
  0.35283163    
  0.35000196    
  0.34718159    
  0.34437045    
  0.34156844    
  0.33877552    
  0.33599162    
  0.33321667    
  0.33045062    
  0.32769337    
  0.32494488    
  0.32220510    
  0.31947395    
  0.31675139    
  0.31403735    
  0.31133175    
  0.30863455    
  0.30594569    
  0.30326512    
  0.30059278    
  0.29792860    
  0.29527253    
  0.29262453    
  0.28998455    
  0.28735250    
  0.28472838    
  0.28211209    
  0.27950358    
  0.27690285    
  0.27430978    
  0.27172437    
  0.26914656    
  0.26657632    
  0.26401356    
  0.26145822    
  0.25891033    
  0.25636977    
  0.25383651    
  0.25131053    
  0.24879177    
  0.24628018    
  0.24377573    
  0.24127835    
  0.23878801    
  0.23630467    
  0.23382829    
  0.23135883    
  0.22889623    
  0.22644047    
  0.22399150    
  0.22154927    
  0.21911375    
  0.21668491    
  0.21426269    
  0.21184707    
  0.20943800    
  0.20703544    
  0.20463935    
  0.20224971    
  0.19986646    
  0.19748957    
  0.19511902    
  0.19275476    
  0.19039677    
  0.18804498    
  0.18569939    
  0.18335994    
  0.18102661    
  0.17869937    
  0.17637818    
  0.17406300    
  0.17175379    
  0.16945055    
  0.16715322    
  0.16486178    
  0.16257618    
  0.16029641    
  0.15802243    
  0.15575421    
  0.15349172    
  0.15123492    
  0.14898379    
  0.14673829    
  0.14449841    
  0.14226411    
  0.14003535    
  0.13781211    
  0.13559435    
  0.13338207    
  0.13117522    
  0.12897378    
  0.12677771    
  0.12458699    
  0.12240160    
  0.12022151    
  0.11804669    
  0.11587710    
  0.11371274    
  0.11155356    
  0.10939956    
  0.10725068    
  0.10510693    
  0.10296825    
  0.10083465    
