  0.18082707    
  0.24663743    
  0.29181951    
  0.32601699    
  0.35312599    
  0.37520999    
  0.39352450    
  0.40890160    
  0.42192575    
  0.43302521    
  0.44252402    
  0.45067352    
  0.45767295    
  0.46368268    
  0.46883380    
  0.47323483    
  0.47697636    
  0.48013493    
  0.48277569    
  0.48495442    
  0.48671928    
  0.48811209    
  0.48916927    
  0.48992288    
  0.49040109    
  0.49062884    
  0.49062827    
  0.49041918    
  0.49001920    
  0.48944417    
  0.48870838    
  0.48782468    
  0.48680475    
  0.48565909    
  0.48439732    
  0.48302820    
  0.48155972    
  0.47999913    
  0.47835314    
  0.47662786    
  0.47482899    
  0.47296163    
  0.47103068    
  0.46904048    
  0.46699512    
  0.46489844    
  0.46275389    
  0.46056479    
  0.45833412    
  0.45606470    
  0.45375916    
  0.45141992    
  0.44904932    
  0.44664943    
  0.44422230    
  0.44176972    
  0.43929347    
  0.43679520    
  0.43427643    
  0.43173859    
  0.42918304    
  0.42661101    
  0.42402375    
  0.42142236    
  0.41880786    
  0.41618133    
  0.41354361    
  0.41089565    
  0.40823826    
  0.40557224    
  0.40289831    
  0.40021721    
  0.39752957    
  0.39483604    
  0.39213720    
  0.38943359    
  0.38672578    
  0.38401428    
  0.38129956    
  0.37858203    
  0.37586215    
  0.37314034    
  0.37041694    
  0.36769238    
  0.36496696    
  0.36224100    
  0.35951483    
  0.35678878    
  0.35406309    
  0.35133803    
  0.34861383    
  0.34589079    
  0.34316912    
  0.34044901    
  0.33773068    
  0.33501431    
  0.33230013    
  0.32958826    
  0.32687894    
  0.32417226    
  0.32146841    
  0.31876752    
  0.31606972    
  0.31337515    
  0.31068394    
  0.30799621    
  0.30531204    
  0.30263159    
  0.29995489    
  0.29728210    
  0.29461324    
  0.29194847    
  0.28928784    
  0.28663141    
  0.28397927    
  0.28133151    
  0.27868813    
  0.27604926    
  0.27341491    
  0.27078518    
  0.26816007    
  0.26553968    
  0.26292399    
  0.26031312    
  0.25770706    
  0.25510585    
  0.25250956    
  0.24991821    
  0.24733181    
  0.24475041    
  0.24217401    
  0.23960268    
  0.23703641    
  0.23447523    
  0.23191917    
  0.22936822    
  0.22682244    
  0.22428182    
  0.22174637    
  0.21921611    
  0.21669106    
  0.21417122    
  0.21165660    
  0.20914721    
  0.20664306    
  0.20414415    
  0.20165050    
  0.19916210    
  0.19667895    
  0.19420105    
  0.19172843    
  0.18926106    
  0.18679895    
  0.18434210    
  0.18189052    
  0.17944418    
  0.17700310    
  0.17456728    
  0.17213669    
  0.16971137    
  0.16729127    
  0.16487639    
  0.16246675    
  0.16006233    
  0.15766311    
  0.15526910    
  0.15288030    
  0.15049668    
  0.14811823    
  0.14574496    
  0.14337686    
  0.14101389    
  0.13865608    
  0.13630340    
  0.13395584    
  0.13161339    
  0.12927604    
  0.12694378    
  0.12461659    
  0.12229447    
  0.11997741    
  0.11766538    
  0.11535838    
  0.11305641    
  0.11075943    
  0.10846744    
  0.10618044    
  0.10389839    
  0.10162131    
  9.93491486E-02
  9.70819220E-02
  9.48195979E-02
  9.25621688E-02
  9.03096348E-02
  8.80619586E-02
  8.58191401E-02
  8.35811645E-02
  8.13480243E-02
  7.91196823E-02
  7.68961385E-02
  7.46773854E-02
  7.24633858E-02
  7.02541545E-02
  6.80496544E-02
  6.58498928E-02
  6.36548251E-02
  6.14644624E-02
  5.92787750E-02
  5.70977591E-02
  5.49213849E-02
  5.27496524E-02
  5.05825430E-02
  4.84200343E-02
  4.62621115E-02
  4.41087782E-02
  4.19600084E-02
  3.98157686E-02
  3.76760736E-02
  3.55408862E-02
  3.34102139E-02
  3.12840194E-02
  2.91623008E-02
  2.70450208E-02
  2.49322038E-02
  2.28238180E-02
  2.07198150E-02
  1.86202284E-02
  1.65250413E-02
  1.44341914E-02
  1.23477299E-02
  1.02655478E-02
  8.18772055E-03
  6.11424958E-03
  4.04499797E-03
  1.97997410E-03
   3.1415119    
   3.1394556    
   3.1374035    
   3.1353555    
   3.1333117    
   3.1312721    
   3.1292367    
   3.1272056    
   3.1251786    
   3.1231556    
   3.1211367    
   3.1191220    
   3.1171114    
   3.1151049    
   3.1131024    
   3.1111040    
   3.1091094    
   3.1071191    
   3.1051328    
   3.1031504    
   3.1011720    
   3.0991976    
   3.0972271    
   3.0952606    
   3.0932980    
   3.0913393    
   3.0893846    
   3.0874336    
   3.0854864    
   3.0835433    
   3.0816040    
   3.0796685    
   3.0777369    
   3.0758090    
   3.0738847    
   3.0719645    
   3.0700479    
   3.0681353    
   3.0662260    
   3.0643208    
   3.0624192    
   3.0605214    
   3.0586271    
   3.0567365    
   3.0548496    
   3.0529664    
   3.0510867    
   3.0492108    
   3.0473385    
   3.0454698    
   3.0436046    
   3.0417430    
   3.0398850    
   3.0380304    
   3.0361795    
   3.0343320    
   3.0324883    
   3.0306480    
   3.0288110    
   3.0269775    
   3.0251477    
   3.0233212    
   3.0214982    
   3.0196786    
   3.0178623    
