   3.0545316    
   3.0184972    
   2.9908659    
   2.9675875    
   2.9470923    
   2.9285758    
   2.9115593    
   2.8957314    
   2.8808756    
   2.8668337    
   2.8534870    
   2.8407428    
   2.8285275    
   2.8167815    
   2.8054554    
   2.7945082    
   2.7839050    
   2.7736161    
   2.7636158    
   2.7538817    
   2.7443943    
   2.7351363    
   2.7260921    
   2.7172484    
   2.7085927    
   2.7001138    
   2.6918020    
   2.6836479    
   2.6756434    
   2.6677806    
   2.6600530    
   2.6524539    
   2.6449773    
   2.6376181    
   2.6303706    
   2.6232307    
   2.6161938    
   2.6092556    
   2.6024125    
   2.5956609    
   2.5889974    
   2.5824189    
   2.5759223    
   2.5695047    
   2.5631638    
   2.5568969    
   2.5507014    
   2.5445755    
   2.5385168    
   2.5325234    
   2.5265932    
   2.5207248    
   2.5149159    
   2.5091653    
   2.5034709    
   2.4978318    
   2.4922462    
   2.4867127    
   2.4812303    
   2.4757972    
   2.4704127    
   2.4650755    
   2.4597843    
   2.4545379    
   2.4493358    
   2.4441767    
   2.4390595    
   2.4339833    
   2.4289477    
   2.4239511    
   2.4189935    
   2.4140732    
   2.4091902    
   2.4043434    
   2.3995321    
   2.3947554    
   2.3900132    
   2.3853042    
   2.3806283    
   2.3759847    
   2.3713727    
   2.3667917    
   2.3622413    
   2.3577211    
   2.3532302    
   2.3487682    
   2.3443348    
   2.3399293    
   2.3355515    
   2.3312008    
   2.3268766    
   2.3225787    
   2.3183064    
   2.3140597    
   2.3098381    
   2.3056407    
   2.3014679    
   2.2973187    
   2.2931931    
   2.2890909    
   2.2850111    
   2.2809541    
   2.2769191    
   2.2729061    
   2.2689145    
   2.2649441    
   2.2609949    
   2.2570660    
   2.2531579    
   2.2492695    
   2.2454011    
   2.2415524    
   2.2377229    
   2.2339125    
   2.2301209    
   2.2263479    
   2.2225933    
   2.2188568    
   2.2151380    
   2.2114372    
   2.2077537    
   2.2040873    
   2.2004383    
   2.1968057    
   2.1931901    
   2.1895907    
   2.1860077    
   2.1824408    
   2.1788898    
   2.1753542    
   2.1718345    
   2.1683300    
   2.1648405    
   2.1613662    
   2.1579068    
   2.1544619    
   2.1510317    
   2.1476157    
   2.1442142    
   2.1408265    
   2.1374528    
   2.1340930    
   2.1307466    
   2.1274140    
   2.1240945    
   2.1207883    
   2.1174953    
   2.1142151    
   2.1109478    
   2.1076932    
   2.1044512    
   2.1012216    
   2.0980043    
   2.0947995    
   2.0916066    
   2.0884256    
   2.0852566    
   2.0820994    
   2.0789537    
   2.0758197    
   2.0726972    
   2.0695860    
   2.0664859    
   2.0633969    
   2.0603192    
   2.0572522    
   2.0541961    
   2.0511508    
   2.0481162    
   2.0450921    
   2.0420785    
   2.0390751    
   2.0360820    
   2.0330994    
   2.0301268    
   2.0271640    
   2.0242114    
   2.0212686    
   2.0183356    
   2.0154123    
   2.0124986    
   2.0095944    
   2.0066996    
   2.0038145    
   2.0009384    
   1.9980717    
   1.9952141    
   1.9923656    
   1.9895262    
   1.9866956    
   1.9838741    
   1.9810613    
   1.9782573    
   1.9754620    
   1.9726752    
   1.9698972    
   1.9671274    
   1.9643662    
   1.9616133    
   1.9588687    
   1.9561324    
   1.9534043    
   1.9506842    
   1.9479723    
   1.9452683    
   1.9425722    
   1.9398842    
   1.9372039    
   1.9345313    
   1.9318665    
   1.9292095    
   1.9265599    
   1.9239180    
   1.9212836    
   1.9186566    
   1.9160371    
   1.9134248    
   1.9108200    
   1.9082223    
   1.9056319    
   1.9030486    
   1.9004725    
   1.8979034    
   1.8953414    
   1.8927863    
   1.8902380    
   1.8876969    
   1.8851624    
   1.8826348    
   1.8801138    
   1.8775996    
   1.8750921    
   1.8725913    
   1.8700969    
   1.8676091    
   1.8651278    
   1.8626530    
   1.8601846    
   1.8577225    
   1.8552668    
   1.8528174    
   1.8503742    
   1.8479373    
   1.8455065    
   1.8430820    
   1.8406634    
   1.8382510    
   1.8358446    
   1.8334442    
   1.8310498    
   1.8286613    
   1.8262788    
   1.8239020    
   1.8215312    
   1.8191659    
   1.8168067    
   1.8144530    
   1.8121051    
   1.8097627    
   1.8074261    
   1.8050951    
   1.8027695    
   1.8004495    
   1.7981350    
   1.7958261    
   1.7935225    
   1.7912244    
   1.7889316    
   1.7866441    
   1.7843621    
   1.7820852    
   1.7798136    
   1.7775474    
   1.7752862    
   1.7730303    
   1.7707795    
   1.7685338    
   1.7662932    
   1.7640576    
   1.7618272    
   1.7596017    
   1.7573812    
   1.7551657    
   1.7529551    
   1.7507495    
   1.7485486    
   1.7463527    
   1.7441616    
   1.7419753    
   1.7397938    
   1.7376170    
   1.7354450    
   1.7332777    
   1.7311150    
   1.7289571    
   1.7268038    
   1.7246550    
   1.7225109    
   1.7203714    
   1.7182363    
