   3.0226650    
   2.9735963    
   2.9360750    
   2.9045513    
   2.8768730    
   2.8519347    
   2.8290792    
   2.8078771    
   2.7880306    
   2.7693219    
   2.7515867    
   2.7346971    
   2.7185512    
   2.7030663    
   2.6881745    
   2.6738183    
   2.6599495    
   2.6465266    
   2.6335139    
   2.6208804    
   2.6085985    
   2.5966439    
   2.5849957    
   2.5736344    
   2.5625424    
   2.5517049    
   2.5411072    
   2.5307367    
   2.5205817    
   2.5106316    
   2.5008764    
   2.4913070    
   2.4819155    
   2.4726934    
   2.4636343    
   2.4547307    
   2.4459772    
   2.4373672    
   2.4288960    
   2.4205577    
   2.4123483    
   2.4042625    
   2.3962965    
   2.3884463    
   2.3807082    
   2.3730781    
   2.3655531    
   2.3581300    
   2.3508053    
   2.3435764    
   2.3364406    
   2.3293951    
   2.3224373    
   2.3155651    
   2.3087761    
   2.3020680    
   2.2954388    
   2.2888865    
   2.2824092    
   2.2760050    
   2.2696722    
   2.2634089    
   2.2572138    
   2.2510850    
   2.2450213    
   2.2390211    
   2.2330830    
   2.2272058    
   2.2213879    
   2.2156281    
   2.2099257    
   2.2042787    
   2.1986866    
   2.1931481    
   2.1876621    
   2.1822278    
   2.1768439    
   2.1715095    
   2.1662240    
   2.1609859    
   2.1557951    
   2.1506500    
   2.1455503    
   2.1404948    
   2.1354830    
   2.1305141    
   2.1255875    
   2.1207023    
   2.1158578    
   2.1110532    
   2.1062882    
   2.1015620    
   2.0968738    
   2.0922232    
   2.0876095    
   2.0830324    
   2.0784910    
   2.0739849    
   2.0695136    
   2.0650764    
   2.0606730    
   2.0563028    
   2.0519652    
   2.0476599    
   2.0433867    
   2.0391445    
   2.0349333    
   2.0307527    
   2.0266023    
   2.0224812    
   2.0183897    
   2.0143268    
   2.0102925    
   2.0062861    
   2.0023077    
   1.9983566    
   1.9944324    
   1.9905350    
   1.9866638    
   1.9828187    
   1.9789993    
   1.9752052    
   1.9714361    
   1.9676918    
   1.9639719    
   1.9602761    
   1.9566041    
   1.9529558    
   1.9493307    
   1.9457287    
   1.9421494    
   1.9385926    
   1.9350580    
   1.9315454    
   1.9280545    
   1.9245851    
   1.9211369    
   1.9177097    
   1.9143033    
   1.9109174    
   1.9075519    
   1.9042065    
   1.9008809    
   1.8975750    
   1.8942887    
   1.8910215    
   1.8877734    
   1.8845441    
   1.8813336    
   1.8781415    
   1.8749677    
   1.8718120    
   1.8686742    
   1.8655541    
   1.8624516    
   1.8593664    
   1.8562984    
   1.8532475    
   1.8502135    
   1.8471962    
   1.8441955    
   1.8412111    
   1.8382430    
   1.8352909    
   1.8323548    
   1.8294345    
   1.8265297    
   1.8236405    
   1.8207666    
   1.8179079    
   1.8150643    
   1.8122356    
   1.8094217    
   1.8066224    
   1.8038377    
   1.8010672    
   1.7983111    
   1.7955692    
   1.7928413    
   1.7901272    
   1.7874269    
   1.7847403    
   1.7820672    
   1.7794075    
   1.7767612    
   1.7741280    
   1.7715079    
   1.7689008    
   1.7663064    
   1.7637249    
   1.7611560    
   1.7585996    
   1.7560557    
   1.7535242    
   1.7510048    
   1.7484976    
   1.7460024    
   1.7435192    
   1.7410477    
   1.7385881    
   1.7361401    
   1.7337036    
   1.7312787    
   1.7288651    
   1.7264628    
   1.7240717    
   1.7216917    
   1.7193228    
   1.7169647    
   1.7146176    
   1.7122812    
   1.7099556    
   1.7076405    
   1.7053360    
   1.7030419    
   1.7007582    
   1.6984849    
   1.6962217    
   1.6939687    
   1.6917257    
   1.6894928    
   1.6872698    
   1.6850566    
   1.6828532    
   1.6806595    
   1.6784755    
   1.6763010    
   1.6741360    
   1.6719805    
   1.6698344    
   1.6676975    
   1.6655699    
   1.6634514    
   1.6613420    
   1.6592417    
   1.6571504    
   1.6550679    
   1.6529944    
   1.6509297    
   1.6488736    
   1.6468263    
   1.6447875    
   1.6427573    
   1.6407356    
   1.6387223    
   1.6367174    
   1.6347209    
   1.6327326    
   1.6307526    
   1.6287807    
   1.6268170    
   1.6248612    
   1.6229135    
   1.6209737    
   1.6190418    
   1.6171178    
   1.6152016    
   1.6132931    
   1.6113923    
   1.6094991    
   1.6076134    
   1.6057355    
   1.6038649    
   1.6020019    
   1.6001462    
   1.5982980    
   1.5964569    
   1.5946232    
   1.5927967    
   1.5909773    
   1.5891651    
   1.5873599    
   1.5855619    
   1.5837708    
   1.5819867    
   1.5802094    
   1.5784390    
   1.5766755    
   1.5749187    
   1.5731688    
   1.5714254    
   1.5696888    
   1.5679587    
   1.5662353    
   1.5645185    
   1.5628080    
   1.5611041    
   1.5594066    
   1.5577155    
   1.5560308    
   1.5543523    
   1.5526801    
   1.5510142    
   1.5493544    
   1.5477009    
   1.5460534    
   1.5444121    
   1.5427768    
   1.5411476    
   1.5395243    
