   1.0869647    
   1.1563019    
   1.1770848    
   1.1828643    
   1.1821569    
   1.1781577    
   1.1723309    
   1.1654364    
   1.1579031    
   1.1499876    
   1.1418509    
   1.1335975    
   1.1252962    
   1.1169939    
   1.1087223    
   1.1005034    
   1.0923522    
   1.0842786    
   1.0762897    
   1.0683894    
   1.0605806    
   1.0528642    
   1.0452405    
   1.0377094    
   1.0302695    
   1.0229200    
   1.0156592    
   1.0084854    
   1.0013969    
  0.99439174    
  0.98746806    
  0.98062396    
  0.97385746    
  0.96716672    
  0.96054983    
  0.95400500    
  0.94753045    
  0.94112444    
  0.93478525    
  0.92851126    
  0.92230088    
  0.91615248    
  0.91006470    
  0.90403605    
  0.89806509    
  0.89215046    
  0.88629097    
  0.88048524    
  0.87473208    
  0.86903036    
  0.86337888    
  0.85777652    
  0.85222232    
  0.84671521    
  0.84125412    
  0.83583814    
  0.83046639    
  0.82513791    
  0.81985182    
  0.81460732    
  0.80940354    
  0.80423975    
  0.79911512    
  0.79402894    
  0.78898048    
  0.78396904    
  0.77899396    
  0.77405453    
  0.76915020    
  0.76428026    
  0.75944412    
  0.75464123    
  0.74987096    
  0.74513286    
  0.74042630    
  0.73575079    
  0.73110580    
  0.72649086    
  0.72190547    
  0.71734917    
  0.71282148    
  0.70832199    
  0.70385027    
  0.69940585    
  0.69498837    
  0.69059736    
  0.68623245    
  0.68189329    
  0.67757952    
  0.67329073    
  0.66902655    
  0.66478664    
  0.66057074    
  0.65637839    
  0.65220934    
  0.64806330    
  0.64393991    
  0.63983887    
  0.63575995    
  0.63170278    
  0.62766707    
  0.62365258    
  0.61965907    
  0.61568618    
  0.61173379    
  0.60780150    
  0.60388911    
  0.59999645    
  0.59612316    
  0.59226912    
  0.58843404    
  0.58461767    
  0.58081985    
  0.57704031    
  0.57327890    
  0.56953537    
  0.56580949    
  0.56210113    
  0.55840999    
  0.55473596    
  0.55107886    
  0.54743850    
  0.54381466    
  0.54020715    
  0.53661585    
  0.53304052    
  0.52948105    
  0.52593726    
  0.52240896    
  0.51889598    
  0.51539826    
  0.51191550    
  0.50844771    
  0.50499457    
  0.50155610    
  0.49813199    
  0.49472222    
  0.49132657    
  0.48794496    
  0.48457724    
  0.48122326    
  0.47788292    
  0.47455606    
  0.47124255    
  0.46794227    
  0.46465513    
  0.46138096    
  0.45811966    
  0.45487115    
  0.45163524    
  0.44841188    
  0.44520092    
  0.44200227    
  0.43881580    
  0.43564144    
  0.43247902    
  0.42932853    
  0.42618978    
  0.42306271    
  0.41994721    
  0.41684318    
  0.41375053    
  0.41066915    
  0.40759897    
  0.40453988    
  0.40149182    
  0.39845464    
  0.39542830    
  0.39241269    
  0.38940772    
  0.38641331    
  0.38342938    
  0.38045585    
  0.37749264    
  0.37453967    
  0.37159684    
  0.36866409    
  0.36574131    
  0.36282846    
  0.35992545    
  0.35703221    
  0.35414869    
  0.35127476    
  0.34841037    
  0.34555548    
  0.34270999    
  0.33987382    
  0.33704692    
  0.33422923    
  0.33142069    
  0.32862118    
  0.32583070    
  0.32304916    
  0.32027647    
  0.31751260    
  0.31475747    
  0.31201103    
  0.30927324    
  0.30654398    
  0.30382326    
  0.30111095    
  0.29840705    
  0.29571149    
  0.29302418    
  0.29034510    
  0.28767419    
  0.28501138    
  0.28235665    
  0.27970988    
  0.27707109    
  0.27444017    
  0.27181712    
  0.26920184    
  0.26659429    
  0.26399446    
  0.26140225    
  0.25881764    
  0.25624058    
  0.25367102    
  0.25110891    
  0.24855419    
  0.24600682    
  0.24346676    
  0.24093397    
  0.23840839    
  0.23588999    
  0.23337871    
  0.23087452    
  0.22837737    
  0.22588722    
  0.22340403    
  0.22092775    
  0.21845834    
  0.21599577    
  0.21353999    
  0.21109095    
  0.20864864    
  0.20621298    
  0.20378396    
  0.20136154    
  0.19894567    
  0.19653632    
  0.19413345    
  0.19173701    
  0.18934698    
  0.18696332    
  0.18458599    
  0.18221496    
  0.17985019    
  0.17749164    
  0.17513928    
  0.17279309    
  0.17045301    
  0.16811901    
  0.16579108    
  0.16346915    
  0.16115323    
  0.15884325    
  0.15653920    
  0.15424104    
  0.15194874    
  0.14966226    
  0.14738159    
  0.14510667    
  0.14283748    
  0.14057401    
  0.13831620    
  0.13606404    
  0.13381749    
  0.13157652    
  0.12934111    
  0.12711123    
  0.12488685    
  0.12266793    
  0.12045445    
  0.11824640    
  0.11604372    
  0.11384640    
  0.11165441    
  0.10946773    
  0.10728632    
  0.10511017    
  0.10293923    
  0.10077351    
  9.86129344E-02
  9.64575261E-02
  9.43072289E-02
  9.21620354E-02
  9.00219083E-02
  8.78868252E-02
  8.57567638E-02
  8.36317018E-02
  8.15116167E-02
  7.93964714E-02
  7.72862509E-02
  7.51809329E-02
  7.30804950E-02
  7.09849074E-02
  6.88941628E-02
  6.68082163E-02
