   1.6190802    
   1.5401933    
   1.4927982    
   1.4573268    
   1.4282422    
   1.4031918    
   1.3809495    
   1.3607916    
   1.3422527    
   1.3250148    
   1.3088498    
   1.2935883    
   1.2791003    
   1.2652838    
   1.2520574    
   1.2393546    
   1.2271202    
   1.2153082    
   1.2038796    
   1.1928008    
   1.1820431    
   1.1715814    
   1.1613935    
   1.1514602    
   1.1417640    
   1.1322899    
   1.1230237    
   1.1139532    
   1.1050673    
   1.0963556    
   1.0878088    
   1.0794185    
   1.0711770    
   1.0630771    
   1.0551120    
   1.0472759    
   1.0395629    
   1.0319680    
   1.0244862    
   1.0171129    
   1.0098438    
   1.0026752    
  0.99560308    
  0.98862404    
  0.98173481    
  0.97493225    
  0.96821350    
  0.96157569    
  0.95501626    
  0.94853276    
  0.94212276    
  0.93578416    
  0.92951471    
  0.92331254    
  0.91717559    
  0.91110218    
  0.90509045    
  0.89913875    
  0.89324558    
  0.88740933    
  0.88162863    
  0.87590206    
  0.87022823    
  0.86460590    
  0.85903388    
  0.85351098    
  0.84803605    
  0.84260798    
  0.83722574    
  0.83188832    
  0.82659471    
  0.82134408    
  0.81613547    
  0.81096792    
  0.80584073    
  0.80075306    
  0.79570407    
  0.79069299    
  0.78571910    
  0.78078175    
  0.77588022    
  0.77101380    
  0.76618189    
  0.76138383    
  0.75661910    
  0.75188696    
  0.74718696    
  0.74251854    
  0.73788112    
  0.73327416    
  0.72869718    
  0.72414976    
  0.71963125    
  0.71514136    
  0.71067953    
  0.70624530    
  0.70183831    
  0.69745815    
  0.69310433    
  0.68877649    
  0.68447429    
  0.68019730    
  0.67594510    
  0.67171746    
  0.66751391    
  0.66333419    
  0.65917790    
  0.65504479    
  0.65093446    
  0.64684659    
  0.64278102    
  0.63873726    
  0.63471514    
  0.63071436    
  0.62673461    
  0.62277567    
  0.61883724    
  0.61491901    
  0.61102080    
  0.60714233    
  0.60328335    
  0.59944367    
  0.59562296    
  0.59182113    
  0.58803779    
  0.58427286    
  0.58052605    
  0.57679713    
  0.57308596    
  0.56939226    
  0.56571597    
  0.56205672    
  0.55841440    
  0.55478883    
  0.55117983    
  0.54758722    
  0.54401076    
  0.54045033    
  0.53690577    
  0.53337687    
  0.52986348    
  0.52636546    
  0.52288258    
  0.51941478    
  0.51596189    
  0.51252365    
  0.50910008    
  0.50569087    
  0.50229597    
  0.49891523    
  0.49554849    
  0.49219564    
  0.48885649    
  0.48553097    
  0.48221892    
  0.47892022    
  0.47563472    
  0.47236234    
  0.46910292    
  0.46585637    
  0.46262252    
  0.45940134    
  0.45619261    
  0.45299631    
  0.44981226    
  0.44664040    
  0.44348061    
  0.44033274    
  0.43719676    
  0.43407249    
  0.43095991    
  0.42785883    
  0.42476922    
  0.42169097    
  0.41862395    
  0.41556811    
  0.41252330    
  0.40948951    
  0.40646657    
  0.40345442    
  0.40045300    
  0.39746219    
  0.39448190    
  0.39151207    
  0.38855258    
  0.38560340    
  0.38266438    
  0.37973553    
  0.37681669    
  0.37390783    
  0.37100884    
  0.36811966    
  0.36524022    
  0.36237043    
  0.35951024    
  0.35665956    
  0.35381833    
  0.35098645    
  0.34816390    
  0.34535056    
  0.34254640    
  0.33975136    
  0.33696532    
  0.33418825    
  0.33142009    
  0.32866079    
  0.32591024    
  0.32316843    
  0.32043526    
  0.31771067    
  0.31499460    
  0.31228703    
  0.30958787    
  0.30689704    
  0.30421454    
  0.30154026    
  0.29887417    
  0.29621622    
  0.29356632    
  0.29092446    
  0.28829056    
  0.28566459    
  0.28304645    
  0.28043613    
  0.27783358    
  0.27523872    
  0.27265155    
  0.27007195    
  0.26749995    
  0.26493543    
  0.26237836    
  0.25982875    
  0.25728649    
  0.25475153    
  0.25222385    
  0.24970342    
  0.24719016    
  0.24468406    
  0.24218503    
  0.23969306    
  0.23720810    
  0.23473011    
  0.23225905    
  0.22979486    
  0.22733751    
  0.22488697    
  0.22244318    
  0.22000612    
  0.21757573    
  0.21515198    
  0.21273483    
  0.21032424    
  0.20792018    
  0.20552261    
  0.20313148    
  0.20074676    
  0.19836842    
  0.19599640    
  0.19363070    
  0.19127126    
  0.18891804    
  0.18657103    
  0.18423016    
  0.18189543    
  0.17956680    
  0.17724422    
  0.17492765    
  0.17261709    
  0.17031248    
  0.16801380    
  0.16572100    
  0.16343407    
  0.16115297    
  0.15887766    
  0.15660812    
  0.15434432    
  0.15208621    
  0.14983380    
  0.14758702    
  0.14534585    
  0.14311028    
  0.14088026    
  0.13865575    
  0.13643676    
  0.13422322    
  0.13201514    
  0.12981246    
  0.12761518    
  0.12542325    
  0.12323665    
  0.12105535    
  0.11887933    
  0.11670855    
  0.11454301    
  0.11238266    
  0.11022747    
  0.10807744    
  0.10593253    
  0.10379270    
  0.10165795    
