  0.30765215    
  0.40825561    
  0.47206315    
  0.51715100    
  0.55075502    
  0.57661426    
  0.59693182    
  0.61311734    
  0.62612599    
  0.63663310    
  0.64513230    
  0.65199411    
  0.65750283    
  0.66188079    
  0.66530442    
  0.66791600    
  0.66983122    
  0.67114550    
  0.67193806    
  0.67227548    
  0.67221385    
  0.67180097    
  0.67107773    
  0.67007923    
  0.66883606    
  0.66737467    
  0.66571820    
  0.66388696    
  0.66189885    
  0.65976965    
  0.65751338    
  0.65514255    
  0.65266818    
  0.65010029    
  0.64744782    
  0.64471871    
  0.64192027    
  0.63905901    
  0.63614082    
  0.63317108    
  0.63015461    
  0.62709588    
  0.62399894    
  0.62086737    
  0.61770463    
  0.61451381    
  0.61129767    
  0.60805881    
  0.60479963    
  0.60152233    
  0.59822887    
  0.59492117    
  0.59160089    
  0.58826965    
  0.58492887    
  0.58157986    
  0.57822400    
  0.57486236    
  0.57149601    
  0.56812596    
  0.56475312    
  0.56137836    
  0.55800247    
  0.55462617    
  0.55125010    
  0.54787499    
  0.54450136    
  0.54112983    
  0.53776085    
  0.53439486    
  0.53103244    
  0.52767384    
  0.52431953    
  0.52096987    
  0.51762515    
  0.51428574    
  0.51095182    
  0.50762373    
  0.50430173    
  0.50098604    
  0.49767682    
  0.49437431    
  0.49107867    
  0.48779011    
  0.48450875    
  0.48123473    
  0.47796822    
  0.47470930    
  0.47145814    
  0.46821478    
  0.46497932    
  0.46175191    
  0.45853257    
  0.45532140    
  0.45211846    
  0.44892383    
  0.44573751    
  0.44255960    
  0.43939009    
  0.43622908    
  0.43307659    
  0.42993262    
  0.42679721    
  0.42367038    
  0.42055216    
  0.41744256    
  0.41434157    
  0.41124922    
  0.40816551    
  0.40509045    
  0.40202400    
  0.39896622    
  0.39591706    
  0.39287654    
  0.38984463    
  0.38682133    
  0.38380665    
  0.38080052    
  0.37780297    
  0.37481397    
  0.37183350    
  0.36886156    
  0.36589813    
  0.36294314    
  0.35999662    
  0.35705850    
  0.35412881    
  0.35120749    
  0.34829450    
  0.34538984    
  0.34249350    
  0.33960542    
  0.33672556    
  0.33385393    
  0.33099046    
  0.32813516    
  0.32528797    
  0.32244888    
  0.31961784    
  0.31679481    
  0.31397977    
  0.31117269    
  0.30837357    
  0.30558231    
  0.30279893    
  0.30002335    
  0.29725558    
  0.29449558    
  0.29174331    
  0.28899869    
  0.28626177    
  0.28353247    
  0.28081074    
  0.27809659    
  0.27538994    
  0.27269077    
  0.26999909    
  0.26731479    
  0.26463789    
  0.26196834    
  0.25930610    
  0.25665116    
  0.25400347    
  0.25136295    
  0.24872965    
  0.24610348    
  0.24348442    
  0.24087246    
  0.23826751    
  0.23566960    
  0.23307866    
  0.23049465    
  0.22791757    
  0.22534736    
  0.22278398    
  0.22022744    
  0.21767767    
  0.21513464    
  0.21259832    
  0.21006869    
  0.20754571    
  0.20502934    
  0.20251957    
  0.20001635    
  0.19751965    
  0.19502944    
  0.19254570    
  0.19006838    
  0.18759745    
  0.18513291    
  0.18267469    
  0.18022278    
  0.17777714    
  0.17533776    
  0.17290460    
  0.17047761    
  0.16805679    
  0.16564208    
  0.16323349    
  0.16083096    
  0.15843447    
  0.15604399    
  0.15365949    
  0.15128095    
  0.14890833    
  0.14654163    
  0.14418077    
  0.14182577    
  0.13947658    
  0.13713318    
  0.13479555    
  0.13246365    
  0.13013744    
  0.12781693    
  0.12550206    
  0.12319282    
  0.12088918    
  0.11859111    
  0.11629860    
  0.11401161    
  0.11173011    
  0.10945410    
  0.10718352    
  0.10491837    
  0.10265861    
  0.10040423    
  9.81551856E-02
  9.59114730E-02
  9.36730579E-02
  9.14399177E-02
  8.92120227E-02
  8.69893581E-02
  8.47719014E-02
  8.25596154E-02
  8.03524926E-02
  7.81504959E-02
  7.59536102E-02
  7.37618133E-02
  7.15750828E-02
  6.93933889E-02
  6.72167167E-02
  6.50450438E-02
  6.28783405E-02
  6.07165918E-02
  5.85597679E-02
  5.64078614E-02
  5.42608351E-02
  5.21186776E-02
  4.99813594E-02
  4.78488766E-02
  4.57211882E-02
  4.35982756E-02
  4.14801203E-02
  3.93667184E-02
  3.72580215E-02
  3.51540335E-02
  3.30547206E-02
  3.09600569E-02
  2.88700331E-02
  2.67846454E-02
  2.47038417E-02
  2.26276144E-02
  2.05559507E-02
  1.84888188E-02
  1.64262298E-02
  1.43681178E-02
  1.23144919E-02
  1.02653503E-02
  8.22061673E-03
  6.18033577E-03
  4.14448837E-03
  2.11292505E-03
  8.73837780E-05
   3.1396558    
   3.1376374    
   3.1356232    
   3.1336133    
   3.1316078    
   3.1296065    
   3.1276095    
   3.1256168    
   3.1236281    
   3.1216438    
   3.1196635    
   3.1176875    
   3.1157155    
   3.1137476    
   3.1117840    
   3.1098244    
   3.1078689    
   3.1059175    
   3.1039701    
   3.1020267    
   3.1000872    
   3.0981519    
   3.0962205    
   3.0942931    
   3.0923696    
   3.0904500    
   3.0885344    
