  0.76689917    
  0.89270860    
  0.94901937    
  0.97918618    
  0.99646127    
   1.0064046    
   1.0117887    
   1.0141591    
   1.0144472    
   1.0132486    
   1.0109611    
   1.0078605    
   1.0041436    
  0.99995428    
  0.99539971    
  0.99056137    
  0.98550200    
  0.98027050    
  0.97490543    
  0.96943760    
  0.96389157    
  0.95828736    
  0.95264119    
  0.94696635    
  0.94127381    
  0.93557256    
  0.92987001    
  0.92417240    
  0.91848481    
  0.91281164    
  0.90715635    
  0.90152192    
  0.89591086    
  0.89032513    
  0.88476640    
  0.87923610    
  0.87373537    
  0.86826503    
  0.86282587    
  0.85741836    
  0.85204303    
  0.84670013    
  0.84138983    
  0.83611232    
  0.83086759    
  0.82565570    
  0.82047653    
  0.81532997    
  0.81021589    
  0.80513412    
  0.80008435    
  0.79506654    
  0.79008025    
  0.78512526    
  0.78020132    
  0.77530813    
  0.77044541    
  0.76561272    
  0.76080990    
  0.75603652    
  0.75129229    
  0.74657691    
  0.74189001    
  0.73723125    
  0.73260033    
  0.72799695    
  0.72342074    
  0.71887136    
  0.71434850    
  0.70985192    
  0.70538116    
  0.70093602    
  0.69651616    
  0.69212127    
  0.68775105    
  0.68340516    
  0.67908341    
  0.67478538    
  0.67051089    
  0.66625959    
  0.66203123    
  0.65782559    
  0.65364230    
  0.64948112    
  0.64534187    
  0.64122421    
  0.63712788    
  0.63305265    
  0.62899834    
  0.62496465    
  0.62095135    
  0.61695820    
  0.61298496    
  0.60903144    
  0.60509741    
  0.60118258    
  0.59728688    
  0.59340996    
  0.58955169    
  0.58571184    
  0.58189023    
  0.57808667    
  0.57430089    
  0.57053280    
  0.56678212    
  0.56304878    
  0.55933243    
  0.55563307    
  0.55195040    
  0.54828429    
  0.54463464    
  0.54100114    
  0.53738368    
  0.53378218    
  0.53019637    
  0.52662617    
  0.52307135    
  0.51953185    
  0.51600742    
  0.51249802    
  0.50900340    
  0.50552350    
  0.50205815    
  0.49860716    
  0.49517047    
  0.49174789    
  0.48833933    
  0.48494464    
  0.48156369    
  0.47819635    
  0.47484252    
  0.47150204    
  0.46817482    
  0.46486071    
  0.46155962    
  0.45827141    
  0.45499599    
  0.45173323    
  0.44848302    
  0.44524527    
  0.44201985    
  0.43880668    
  0.43560562    
  0.43241656    
  0.42923945    
  0.42607415    
  0.42292058    
  0.41977862    
  0.41664821    
  0.41352919    
  0.41042155    
  0.40732512    
  0.40423986    
  0.40116566    
  0.39810243    
  0.39505008    
  0.39200854    
  0.38897771    
  0.38595751    
  0.38294786    
  0.37994865    
  0.37695983    
  0.37398133    
  0.37101302    
  0.36805487    
  0.36510679    
  0.36216870    
  0.35924053    
  0.35632217    
  0.35341361    
  0.35051471    
  0.34762546    
  0.34474576    
  0.34187552    
  0.33901471    
  0.33616322    
  0.33332103    
  0.33048806    
  0.32766420    
  0.32484943    
  0.32204369    
  0.31924689    
  0.31645897    
  0.31367987    
  0.31090954    
  0.30814791    
  0.30539495    
  0.30265054    
  0.29991466    
  0.29718724    
  0.29446825    
  0.29175761    
  0.28905526    
  0.28636113    
  0.28367522    
  0.28099743    
  0.27832770    
  0.27566600    
  0.27301228    
  0.27036646    
  0.26772854    
  0.26509842    
  0.26247609    
  0.25986144    
  0.25725448    
  0.25465512    
  0.25206336    
  0.24947912    
  0.24690233    
  0.24433300    
  0.24177103    
  0.23921640    
  0.23666908    
  0.23412898    
  0.23159610    
  0.22907038    
  0.22655177    
  0.22404023    
  0.22153573    
  0.21903820    
  0.21654762    
  0.21406396    
  0.21158715    
  0.20911716    
  0.20665395    
  0.20419750    
  0.20174773    
  0.19930463    
  0.19686817    
  0.19443828    
  0.19201495    
  0.18959811    
  0.18718776    
  0.18478385    
  0.18238634    
  0.17999519    
  0.17761037    
  0.17523184    
  0.17285958    
  0.17049353    
  0.16813368    
  0.16577996    
  0.16343239    
  0.16109090    
  0.15875545    
  0.15642603    
  0.15410259    
  0.15178511    
  0.14947355    
  0.14716789    
  0.14486808    
  0.14257410    
  0.14028592    
  0.13800351    
  0.13572684    
  0.13345586    
  0.13119057    
  0.12893093    
  0.12667689    
  0.12442844    
  0.12218556    
  0.11994820    
  0.11771635    
  0.11548997    
  0.11326903    
  0.11105352    
  0.10884339    
  0.10663863    
  0.10443921    
  0.10224508    
  0.10005625    
  9.78726670E-02
  9.56943184E-02
  9.35211778E-02
  9.13532078E-02
  8.91903937E-02
  8.70327130E-02
  8.48801211E-02
  8.27326179E-02
  8.05901662E-02
  7.84527361E-02
  7.63203204E-02
  7.41928741E-02
  7.20703974E-02
  6.99528381E-02
  6.78401962E-02
  6.57324344E-02
  6.36295378E-02
  6.15314879E-02
  5.94382398E-02
  5.73497899E-02
  5.52661195E-02
  5.31871878E-02
  5.11129908E-02
  4.90434952E-02
  4.69786748E-02
  4.49185297E-02
  4.28630114E-02
  4.08121198E-02
  3.87658253E-02
