   1.5933928    
   1.5218751    
   1.4777958    
   1.4443123    
   1.4165885    
   1.3925442    
   1.3710847    
   1.3515582    
   1.3335427    
   1.3167477    
   1.3009638    
   1.2860345    
   1.2718397    
   1.2582846    
   1.2452929    
   1.2328023    
   1.2207611    
   1.2091260    
   1.1978600    
   1.1869316    
   1.1763133    
   1.1659813    
   1.1559147    
   1.1460948    
   1.1365054    
   1.1271315    
   1.1179601    
   1.1089792    
   1.1001781    
   1.0915469    
   1.0830768    
   1.0747595    
   1.0665876    
   1.0585542    
   1.0506527    
   1.0428776    
   1.0352230    
   1.0276842    
   1.0202563    
   1.0129348    
   1.0057157    
  0.99859524    
  0.99156952    
  0.98463535    
  0.97778940    
  0.97102875    
  0.96435046    
  0.95775187    
  0.95123047    
  0.94478381    
  0.93840963    
  0.93210572    
  0.92587000    
  0.91970056    
  0.91359550    
  0.90755308    
  0.90157151    
  0.89564919    
  0.88978463    
  0.88397628    
  0.87822276    
  0.87252271    
  0.86687475    
  0.86127776    
  0.85573041    
  0.85023159    
  0.84478015    
  0.83937514    
  0.83401537    
  0.82870001    
  0.82342798    
  0.81819844    
  0.81301045    
  0.80786318    
  0.80275577    
  0.79768753    
  0.79265755    
  0.78766513    
  0.78270954    
  0.77779013    
  0.77290618    
  0.76805711    
  0.76324213    
  0.75846076    
  0.75371236    
  0.74899632    
  0.74431211    
  0.73965913    
  0.73503697    
  0.73044503    
  0.72588277    
  0.72134978    
  0.71684557    
  0.71236968    
  0.70792162    
  0.70350099    
  0.69910735    
  0.69474030    
  0.69039947    
  0.68608439    
  0.68179470    
  0.67753005    
  0.67329007    
  0.66907442    
  0.66488266    
  0.66071457    
  0.65656978    
  0.65244800    
  0.64834881    
  0.64427197    
  0.64021724    
  0.63618422    
  0.63217264    
  0.62818229    
  0.62421280    
  0.62026399    
  0.61633551    
  0.61242723    
  0.60853875    
  0.60466993    
  0.60082042    
  0.59699011    
  0.59317869    
  0.58938599    
  0.58561170    
  0.58185565    
  0.57811767    
  0.57439750    
  0.57069492    
  0.56700975    
  0.56334180    
  0.55969089    
  0.55605680    
  0.55243933    
  0.54883838    
  0.54525363    
  0.54168504    
  0.53813237    
  0.53459549    
  0.53107417    
  0.52756828    
  0.52407765    
  0.52060217    
  0.51714158    
  0.51369584    
  0.51026475    
  0.50684816    
  0.50344598    
  0.50005794    
  0.49668401    
  0.49332401    
  0.48997784    
  0.48664531    
  0.48332632    
  0.48002076    
  0.47672847    
  0.47344932    
  0.47018322    
  0.46693003    
  0.46368963    
  0.46046191    
  0.45724675    
  0.45404404    
  0.45085365    
  0.44767550    
  0.44450945    
  0.44135541    
  0.43821329    
  0.43508294    
  0.43196431    
  0.42885727    
  0.42576170    
  0.42267755    
  0.41960469    
  0.41654304    
  0.41349250    
  0.41045299    
  0.40742439    
  0.40440664    
  0.40139964    
  0.39840329    
  0.39541751    
  0.39244223    
  0.38947734    
  0.38652280    
  0.38357848    
  0.38064432    
  0.37772024    
  0.37480617    
  0.37190202    
  0.36900771    
  0.36612317    
  0.36324832    
  0.36038312    
  0.35752746    
  0.35468125    
  0.35184449    
  0.34901705    
  0.34619886    
  0.34338990    
  0.34059006    
  0.33779928    
  0.33501750    
  0.33224466    
  0.32948068    
  0.32672551    
  0.32397911    
  0.32124138    
  0.31851226    
  0.31579170    
  0.31307966    
  0.31037605    
  0.30768082    
  0.30499393    
  0.30231529    
  0.29964489    
  0.29698262    
  0.29432845    
  0.29168236    
  0.28904423    
  0.28641406    
  0.28379178    
  0.28117731    
  0.27857065    
  0.27597171    
  0.27338046    
  0.27079684    
  0.26822078    
  0.26565230    
  0.26309127    
  0.26053768    
  0.25799149    
  0.25545266    
  0.25292110    
  0.25039682    
  0.24787974    
  0.24536982    
  0.24286701    
  0.24037129    
  0.23788258    
  0.23540087    
  0.23292610    
  0.23045824    
  0.22799724    
  0.22554305    
  0.22309566    
  0.22065499    
  0.21822102    
  0.21579373    
  0.21337304    
  0.21095893    
  0.20855138    
  0.20615031    
  0.20375572    
  0.20136756    
  0.19898580    
  0.19661038    
  0.19424129    
  0.19187848    
  0.18952191    
  0.18717156    
  0.18482739    
  0.18248937    
  0.18015744    
  0.17783159    
  0.17551179    
  0.17319798    
  0.17089017    
  0.16858828    
  0.16629231    
  0.16400221    
  0.16171795    
  0.15943952    
  0.15716687    
  0.15489995    
  0.15263878    
  0.15038328    
  0.14813344    
  0.14588924    
  0.14365064    
  0.14141759    
  0.13919011    
  0.13696812    
  0.13475163    
  0.13254058    
  0.13033497    
  0.12813476    
  0.12593992    
  0.12375042    
  0.12156624    
  0.11938734    
  0.11721372    
  0.11504532    
  0.11288214    
  0.11072414    
  0.10857131    
  0.10642360    
  0.10428100    
  0.10214349    
  0.10001103    
