  0.20086597    
  0.27292013    
  0.32183215    
  0.35847819    
  0.38725832    
  0.41050017    
  0.42961603    
  0.44553822    
  0.45891884    
  0.47023329    
  0.47983950    
  0.48801392    
  0.49497434    
  0.50089538    
  0.50591910    
  0.51016241    
  0.51372272    
  0.51668179    
  0.51910901    
  0.52106351    
  0.52259618    
  0.52375102    
  0.52456629    
  0.52507544    
  0.52530783    
  0.52528936    
  0.52504301    
  0.52458912    
  0.52394587    
  0.52312958    
  0.52215481    
  0.52103466    
  0.51978105    
  0.51840472    
  0.51691532    
  0.51532167    
  0.51363194    
  0.51185334    
  0.50999266    
  0.50805598    
  0.50604898    
  0.50397682    
  0.50184429    
  0.49965578    
  0.49741530    
  0.49512666    
  0.49279326    
  0.49041834    
  0.48800489    
  0.48555565    
  0.48307317    
  0.48055992    
  0.47801802    
  0.47544962    
  0.47285664    
  0.47024086    
  0.46760401    
  0.46494764    
  0.46227321    
  0.45958218    
  0.45687577    
  0.45415524    
  0.45142171    
  0.44867626    
  0.44591990    
  0.44315359    
  0.44037822    
  0.43759462    
  0.43480358    
  0.43200582    
  0.42920208    
  0.42639303    
  0.42357928    
  0.42076138    
  0.41793993    
  0.41511545    
  0.41228843    
  0.40945932    
  0.40662858    
  0.40379664    
  0.40096390    
  0.39813069    
  0.39529741    
  0.39246437    
  0.38963190    
  0.38680029    
  0.38396984    
  0.38114080    
  0.37831342    
  0.37548795    
  0.37266466    
  0.36984369    
  0.36702532    
  0.36420968    
  0.36139697    
  0.35858741    
  0.35578111    
  0.35297823    
  0.35017893    
  0.34738338    
  0.34459168    
  0.34180394    
  0.33902028    
  0.33624086    
  0.33346575    
  0.33069503    
  0.32792884    
  0.32516727    
  0.32241035    
  0.31965819    
  0.31691086    
  0.31416845    
  0.31143099    
  0.30869859    
  0.30597126    
  0.30324909    
  0.30053210    
  0.29782039    
  0.29511395    
  0.29241285    
  0.28971714    
  0.28702682    
  0.28434193    
  0.28166255    
  0.27898866    
  0.27632031    
  0.27365753    
  0.27100030    
  0.26834869    
  0.26570272    
  0.26306239    
  0.26042768    
  0.25779867    
  0.25517535    
  0.25255772    
  0.24994579    
  0.24733956    
  0.24473907    
  0.24214430    
  0.23955527    
  0.23697197    
  0.23439440    
  0.23182258    
  0.22925651    
  0.22669616    
  0.22414157    
  0.22159269    
  0.21904957    
  0.21651217    
  0.21398051    
  0.21145456    
  0.20893432    
  0.20641981    
  0.20391099    
  0.20140788    
  0.19891044    
  0.19641869    
  0.19393261    
  0.19145219    
  0.18897742    
  0.18650828    
  0.18404478    
  0.18158691    
  0.17913462    
  0.17668794    
  0.17424685    
  0.17181133    
  0.16938135    
  0.16695693    
  0.16453803    
  0.16212465    
  0.15971677    
  0.15731438    
  0.15491746    
  0.15252601    
  0.15013999    
  0.14775941    
  0.14538424    
  0.14301446    
  0.14065006    
  0.13829105    
  0.13593736    
  0.13358903    
  0.13124602    
  0.12890829    
  0.12657586    
  0.12424870    
  0.12192678    
  0.11961012    
  0.11729866    
  0.11499241    
  0.11269134    
  0.11039545    
  0.10810471    
  0.10581910    
  0.10353860    
  0.10126322    
  9.89929065E-02
  9.67276692E-02
  9.44674760E-02
  9.22123194E-02
  8.99621770E-02
  8.77170265E-02
  8.54768604E-02
  8.32416639E-02
  8.10114071E-02
  7.87860751E-02
  7.65656605E-02
  7.43501410E-02
  7.21394941E-02
  6.99337050E-02
  6.77327588E-02
  6.55366406E-02
  6.33453280E-02
  6.11588135E-02
  5.89770637E-02
  5.68000674E-02
  5.46278208E-02
  5.24602905E-02
  5.02974726E-02
  4.81393337E-02
  4.59858775E-02
  4.38370630E-02
  4.16928940E-02
  3.95533480E-02
  3.74184027E-02
  3.52880396E-02
  3.31622548E-02
  3.10410187E-02
  2.89243311E-02
  2.68121455E-02
  2.47044731E-02
  2.26012915E-02
  2.05025803E-02
  1.84083395E-02
  1.63185000E-02
  1.42331216E-02
  1.21521326E-02
  1.00755431E-02
  8.00330099E-03
  5.93543425E-03
  3.87187442E-03
  1.81274791E-03
   3.1413510    
   3.1393001    
   3.1372535    
   3.1352115    
   3.1331737    
   3.1311402    
   3.1291108    
   3.1270857    
   3.1250646    
   3.1230478    
   3.1210353    
   3.1190267    
   3.1170223    
   3.1150222    
   3.1130259    
   3.1110339    
   3.1090457    
   3.1070619    
   3.1050818    
   3.1031060    
   3.1011341    
   3.0991662    
   3.0972023    
   3.0952423    
   3.0932863    
   3.0913341    
   3.0893860    
   3.0874417    
   3.0855012    
   3.0835648    
   3.0816321    
   3.0797033    
   3.0777783    
   3.0758574    
   3.0739400    
   3.0720265    
   3.0701168    
   3.0682108    
   3.0663085    
   3.0644100    
   3.0625153    
   3.0606244    
   3.0587370    
   3.0568533    
   3.0549734    
   3.0530970    
   3.0512242    
   3.0493553    
   3.0474899    
   3.0456281    
   3.0437698    
   3.0419154    
   3.0400643    
   3.0382168    
   3.0363729    
   3.0345325    
   3.0326955    
