  0.55570471    
  0.68893427    
  0.75934714    
  0.80246460    
  0.83081287    
  0.85016561    
  0.86360627    
  0.87294775    
  0.87933165    
  0.88351524    
  0.88602149    
  0.88722366    
  0.88739544    
  0.88674194    
  0.88542008    
  0.88355178    
  0.88123310    
  0.87854069    
  0.87553656    
  0.87227112    
  0.86878586    
  0.86511528    
  0.86128801    
  0.85732818    
  0.85325623    
  0.84908944    
  0.84484255    
  0.84052831    
  0.83615756    
  0.83173978    
  0.82728302    
  0.82279450    
  0.81828034    
  0.81374598    
  0.80919605    
  0.80463481    
  0.80006588    
  0.79549247    
  0.79091740    
  0.78634316    
  0.78177196    
  0.77720577    
  0.77264625    
  0.76809502    
  0.76355332    
  0.75902247    
  0.75450337    
  0.74999708    
  0.74550438    
  0.74102598    
  0.73656249    
  0.73211449    
  0.72768247    
  0.72326684    
  0.71886802    
  0.71448630    
  0.71012187    
  0.70577508    
  0.70144606    
  0.69713491    
  0.69284195    
  0.68856710    
  0.68431050    
  0.68007219    
  0.67585230    
  0.67165071    
  0.66746753    
  0.66330272    
  0.65915620    
  0.65502805    
  0.65091813    
  0.64682639    
  0.64275283    
  0.63869733    
  0.63465983    
  0.63064021    
  0.62663841    
  0.62265432    
  0.61868787    
  0.61473894    
  0.61080748    
  0.60689324    
  0.60299623    
  0.59911633    
  0.59525335    
  0.59140724    
  0.58757782    
  0.58376503    
  0.57996875    
  0.57618880    
  0.57242513    
  0.56867754    
  0.56494600    
  0.56123030    
  0.55753034    
  0.55384606    
  0.55017722    
  0.54652381    
  0.54288566    
  0.53926265    
  0.53565460    
  0.53206152    
  0.52848321    
  0.52491957    
  0.52137041    
  0.51783574    
  0.51431537    
  0.51080918    
  0.50731707    
  0.50383890    
  0.50037462    
  0.49692407    
  0.49348715    
  0.49006376    
  0.48665375    
  0.48325709    
  0.47987357    
  0.47650319    
  0.47314575    
  0.46980122    
  0.46646947    
  0.46315038    
  0.45984390    
  0.45654988    
  0.45326823    
  0.44999886    
  0.44674167    
  0.44349658    
  0.44026348    
  0.43704230    
  0.43383288    
  0.43063521    
  0.42744917    
  0.42427465    
  0.42111158    
  0.41795990    
  0.41481945    
  0.41169021    
  0.40857208    
  0.40546495    
  0.40236875    
  0.39928344    
  0.39620888    
  0.39314499    
  0.39009175    
  0.38704902    
  0.38401678    
  0.38099489    
  0.37798330    
  0.37498197    
  0.37199077    
  0.36900964    
  0.36603853    
  0.36307737    
  0.36012608    
  0.35718456    
  0.35425279    
  0.35133067    
  0.34841812    
  0.34551510    
  0.34262156    
  0.33973739    
  0.33686253    
  0.33399695    
  0.33114055    
  0.32829329    
  0.32545510    
  0.32262591    
  0.31980568    
  0.31699431    
  0.31419179    
  0.31139803    
  0.30861300    
  0.30583659    
  0.30306879    
  0.30030951    
  0.29755872    
  0.29481634    
  0.29208237    
  0.28935668    
  0.28663927    
  0.28393003    
  0.28122899    
  0.27853602    
  0.27585113    
  0.27317423    
  0.27050525    
  0.26784420    
  0.26519099    
  0.26254559    
  0.25990793    
  0.25727797    
  0.25465566    
  0.25204095    
  0.24943382    
  0.24683420    
  0.24424204    
  0.24165732    
  0.23907995    
  0.23650993    
  0.23394720    
  0.23139171    
  0.22884344    
  0.22630231    
  0.22376829    
  0.22124137    
  0.21872146    
  0.21620855    
  0.21370259    
  0.21120353    
  0.20871136    
  0.20622601    
  0.20374744    
  0.20127563    
  0.19881053    
  0.19635211    
  0.19390032    
  0.19145514    
  0.18901651    
  0.18658441    
  0.18415879    
  0.18173963    
  0.17932689    
  0.17692052    
  0.17452049    
  0.17212678    
  0.16973935    
  0.16735816    
  0.16498317    
  0.16261435    
  0.16025168    
  0.15789510    
  0.15554461    
  0.15320015    
  0.15086171    
  0.14852923    
  0.14620270    
  0.14388210    
  0.14156736    
  0.13925847    
  0.13695541    
  0.13465814    
  0.13236664    
  0.13008085    
  0.12780078    
  0.12552637    
  0.12325759    
  0.12099443    
  0.11873686    
  0.11648484    
  0.11423835    
  0.11199736    
  0.10976184    
  0.10753176    
  0.10530710    
  0.10308783    
  0.10087392    
  9.86653492E-02
  9.64620858E-02
  9.42641050E-02
  9.20713842E-02
  8.98838937E-02
  8.77016038E-02
  8.55245069E-02
  8.33525509E-02
  8.11857358E-02
  7.90240169E-02
  7.68673867E-02
  7.47158080E-02
  7.25692585E-02
  7.04277232E-02
  6.82911724E-02
  6.61595836E-02
  6.40329197E-02
  6.19111843E-02
  5.97943366E-02
  5.76823503E-02
  5.55752069E-02
  5.34728989E-02
  5.13753816E-02
  4.92826402E-02
  4.71946560E-02
  4.51114140E-02
  4.30328771E-02
  4.09590304E-02
  3.88898477E-02
  3.68253142E-02
  3.47654112E-02
  3.27101126E-02
  3.06594055E-02
  2.86132451E-02
  2.65716407E-02
  2.45345663E-02
  2.25019753E-02
  2.04738714E-02
  1.84502508E-02
  1.64310411E-02
  1.44162960E-02
  1.24059254E-02
  1.03999563E-02
