   1.6697881    
   1.5765594    
   1.5226390    
   1.4832383    
   1.4514582    
   1.4244117    
   1.4006147    
   1.3792019    
   1.3596225    
   1.3415036    
   1.3245804    
   1.3086572    
   1.2935852    
   1.2792485    
   1.2655548    
   1.2524290    
   1.2398096    
   1.2276452    
   1.2158923    
   1.2045139    
   1.1934783    
   1.1827580    
   1.1723285    
   1.1621689    
   1.1522602    
   1.1425859    
   1.1331309    
   1.1238818    
   1.1148266    
   1.1059542    
   1.0972546    
   1.0887188    
   1.0803384    
   1.0721058    
   1.0640138    
   1.0560561    
   1.0482267    
   1.0405198    
   1.0329305    
   1.0254537    
   1.0180851    
   1.0108204    
   1.0036557    
  0.99658722    
  0.98961157    
  0.98272550    
  0.97592586    
  0.96920979    
  0.96257448    
  0.95601743    
  0.94953614    
  0.94312823    
  0.93679154    
  0.93052393    
  0.92432350    
  0.91818815    
  0.91211629    
  0.90610600    
  0.90015572    
  0.89426386    
  0.88842887    
  0.88264936    
  0.87692392    
  0.87125117    
  0.86562991    
  0.86005890    
  0.85453695    
  0.84906292    
  0.84363574    
  0.83825439    
  0.83291781    
  0.82762510    
  0.82237524    
  0.81716734    
  0.81200063    
  0.80687416    
  0.80178720    
  0.79673886    
  0.79172850    
  0.78675532    
  0.78181863    
  0.77691776    
  0.77205199    
  0.76722068    
  0.76242328    
  0.75765914    
  0.75292760    
  0.74822825    
  0.74356037    
  0.73892355    
  0.73431718    
  0.72974086    
  0.72519392    
  0.72067606    
  0.71618670    
  0.71172541    
  0.70729178    
  0.70288539    
  0.69850576    
  0.69415247    
  0.68982518    
  0.68552351    
  0.68124706    
  0.67699546    
  0.67276835    
  0.66856533    
  0.66438615    
  0.66023046    
  0.65609783    
  0.65198803    
  0.64790076    
  0.64383566    
  0.63979250    
  0.63577092    
  0.63177067    
  0.62779146    
  0.62383306    
  0.61989516    
  0.61597747    
  0.61207980    
  0.60820186    
  0.60434347    
  0.60050428    
  0.59668416    
  0.59288281    
  0.58910006    
  0.58533567    
  0.58158934    
  0.57786101    
  0.57415038    
  0.57045728    
  0.56678146    
  0.56312275    
  0.55948102    
  0.55585599    
  0.55224752    
  0.54865545    
  0.54507953    
  0.54151964    
  0.53797561    
  0.53444725    
  0.53093445    
  0.52743697    
  0.52395463    
  0.52048737    
  0.51703501    
  0.51359737    
  0.51017427    
  0.50676566    
  0.50337130    
  0.49999112    
  0.49662492    
  0.49327260    
  0.48993403    
  0.48660904    
  0.48329753    
  0.47999939    
  0.47671446    
  0.47344261    
  0.47018373    
  0.46693772    
  0.46370447    
  0.46048379    
  0.45727566    
  0.45407990    
  0.45089641    
  0.44772509    
  0.44456583    
  0.44141853    
  0.43828309    
  0.43515939    
  0.43204734    
  0.42894682    
  0.42585775    
  0.42278007    
  0.41971359    
  0.41665828    
  0.41361406    
  0.41058078    
  0.40755841    
  0.40454683    
  0.40154594    
  0.39855567    
  0.39557594    
  0.39260665    
  0.38964772    
  0.38669908    
  0.38376063    
  0.38083231    
  0.37791404    
  0.37500572    
  0.37210727    
  0.36921865    
  0.36633977    
  0.36347052    
  0.36061087    
  0.35776076    
  0.35492006    
  0.35208875    
  0.34926674    
  0.34645396    
  0.34365034    
  0.34085584    
  0.33807033    
  0.33529383    
  0.33252621    
  0.32976744    
  0.32701746    
  0.32427618    
  0.32154354    
  0.31881949    
  0.31610399    
  0.31339696    
  0.31069833    
  0.30800804    
  0.30532607    
  0.30265236    
  0.29998681    
  0.29732940    
  0.29468003    
  0.29203871    
  0.28940535    
  0.28677991    
  0.28416231    
  0.28155255    
  0.27895054    
  0.27635622    
  0.27376959    
  0.27119052    
  0.26861903    
  0.26605508    
  0.26349854    
  0.26094946    
  0.25840771    
  0.25587329    
  0.25334617    
  0.25082627    
  0.24831353    
  0.24580795    
  0.24330947    
  0.24081802    
  0.23833360    
  0.23585613    
  0.23338559    
  0.23092194    
  0.22846512    
  0.22601511    
  0.22357185    
  0.22113530    
  0.21870545    
  0.21628222    
  0.21386561    
  0.21145554    
  0.20905200    
  0.20665495    
  0.20426434    
  0.20188014    
  0.19950232    
  0.19713083    
  0.19476564    
  0.19240671    
  0.19005403    
  0.18770753    
  0.18536720    
  0.18303297    
  0.18070485    
  0.17838278    
  0.17606674    
  0.17375669    
  0.17145260    
  0.16915442    
  0.16686215    
  0.16457573    
  0.16229513    
  0.16002034    
  0.15775131    
  0.15548803    
  0.15323043    
  0.15097852    
  0.14873224    
  0.14649159    
  0.14425652    
  0.14202701    
  0.13980301    
  0.13758452    
  0.13537149    
  0.13316391    
  0.13096173    
  0.12876496    
  0.12657352    
  0.12438742    
  0.12220663    
  0.12003110    
  0.11786083    
  0.11569578    
  0.11353593    
  0.11138125    
  0.10923171    
  0.10708729    
  0.10494797    
