  0.50812620    
  0.63877308    
  0.71036690    
  0.75543451    
  0.78580827    
  0.80707163    
  0.82226133    
  0.83318901    
  0.84100956    
  0.84649670    
  0.85018975    
  0.85247648    
  0.85364318    
  0.85390610    
  0.85343128    
  0.85234869    
  0.85076106    
  0.84875113    
  0.84638572    
  0.84371966    
  0.84079832    
  0.83765942    
  0.83433449    
  0.83085030    
  0.82722938    
  0.82349122    
  0.81965220    
  0.81572670    
  0.81172705    
  0.80766392    
  0.80354661    
  0.79938334    
  0.79518121    
  0.79094642    
  0.78668457    
  0.78240055    
  0.77809858    
  0.77378255    
  0.76945585    
  0.76512140    
  0.76078200    
  0.75643992    
  0.75209737    
  0.74775618    
  0.74341816    
  0.73908472    
  0.73475724    
  0.73043692    
  0.72612488    
  0.72182208    
  0.71752936    
  0.71324754    
  0.70897722    
  0.70471913    
  0.70047373    
  0.69624156    
  0.69202298    
  0.68781847    
  0.68362826    
  0.67945272    
  0.67529207    
  0.67114657    
  0.66701639    
  0.66290170    
  0.65880257    
  0.65471929    
  0.65065175    
  0.64660019    
  0.64256465    
  0.63854504    
  0.63454157    
  0.63055414    
  0.62658274    
  0.62262750    
  0.61868829    
  0.61476511    
  0.61085790    
  0.60696667    
  0.60309142    
  0.59923196    
  0.59538835    
  0.59156048    
  0.58774829    
  0.58395171    
  0.58017069    
  0.57640511    
  0.57265490    
  0.56891996    
  0.56520027    
  0.56149566    
  0.55780613    
  0.55413151    
  0.55047178    
  0.54682678    
  0.54319644    
  0.53958064    
  0.53597939    
  0.53239244    
  0.52881980    
  0.52526128    
  0.52171689    
  0.51818651    
  0.51466995    
  0.51116723    
  0.50767815    
  0.50420272    
  0.50074071    
  0.49729216    
  0.49385688    
  0.49043483    
  0.48702586    
  0.48362988    
  0.48024684    
  0.47687662    
  0.47351912    
  0.47017425    
  0.46684194    
  0.46352208    
  0.46021456    
  0.45691928    
  0.45363623    
  0.45036522    
  0.44710621    
  0.44385913    
  0.44062385    
  0.43740031    
  0.43418843    
  0.43098810    
  0.42779925    
  0.42462179    
  0.42145562    
  0.41830072    
  0.41515693    
  0.41202423    
  0.40890250    
  0.40579170    
  0.40269169    
  0.39960247    
  0.39652389    
  0.39345592    
  0.39039847    
  0.38735145    
  0.38431484    
  0.38128850    
  0.37827238    
  0.37526643    
  0.37227055    
  0.36928469    
  0.36630878    
  0.36334273    
  0.36038649    
  0.35743997    
  0.35450312    
  0.35157591    
  0.34865820    
  0.34574997    
  0.34285113    
  0.33996168    
  0.33708146    
  0.33421049    
  0.33134866    
  0.32849592    
  0.32565221    
  0.32281747    
  0.31999168    
  0.31717470    
  0.31436655    
  0.31156713    
  0.30877638    
  0.30599424    
  0.30322069    
  0.30045566    
  0.29769906    
  0.29495090    
  0.29221106    
  0.28947952    
  0.28675622    
  0.28404114    
  0.28133416    
  0.27863529    
  0.27594444    
  0.27326158    
  0.27058667    
  0.26791963    
  0.26526046    
  0.26260903    
  0.25996539    
  0.25732940    
  0.25470108    
  0.25208035    
  0.24946719    
  0.24686155    
  0.24426335    
  0.24167256    
  0.23908916    
  0.23651309    
  0.23394430    
  0.23138276    
  0.22882842    
  0.22628123    
  0.22374116    
  0.22120816    
  0.21868220    
  0.21616322    
  0.21365121    
  0.21114609    
  0.20864786    
  0.20615645    
  0.20367184    
  0.20119397    
  0.19872284    
  0.19625838    
  0.19380055    
  0.19134933    
  0.18890467    
  0.18646656    
  0.18403493    
  0.18160975    
  0.17919099    
  0.17677863    
  0.17437261    
  0.17197292    
  0.16957951    
  0.16719234    
  0.16481139    
  0.16243660    
  0.16006798    
  0.15770547    
  0.15534903    
  0.15299866    
  0.15065429    
  0.14831591    
  0.14598347    
  0.14365697    
  0.14133635    
  0.13902161    
  0.13671267    
  0.13440955    
  0.13211219    
  0.12982057    
  0.12753467    
  0.12525444    
  0.12297986    
  0.12071091    
  0.11844756    
  0.11618976    
  0.11393750    
  0.11169075    
  0.10944949    
  0.10721368    
  0.10498330    
  0.10275832    
  0.10053872    
  9.83244479E-02
  9.61155072E-02
  9.39118639E-02
  9.17134881E-02
  8.95203501E-02
  8.73324275E-02
  8.51497054E-02
  8.29721466E-02
  8.07997286E-02
  7.86324292E-02
  7.64702186E-02
  7.43130744E-02
  7.21609816E-02
  7.00139031E-02
  6.78718239E-02
  6.57347068E-02
  6.36025518E-02
  6.14753217E-02
  5.93529902E-02
  5.72355390E-02
  5.51229380E-02
  5.30151799E-02
  5.09122349E-02
  4.88140695E-02
  4.67206761E-02
  4.46320325E-02
  4.25481088E-02
  4.04688828E-02
  3.83943506E-02
  3.63244712E-02
  3.42592373E-02
  3.21986042E-02
  3.01425792E-02
  2.80911289E-02
  2.60442421E-02
  2.40018796E-02
  2.19640285E-02
  1.99306849E-02
  1.79018117E-02
  1.58773754E-02
  1.38573823E-02
  1.18418382E-02
  9.83068440E-03
  7.82385003E-03
  5.82140265E-03
  3.82338464E-03
  1.82968040E-03
