   2.1800780    
   1.9791224    
   1.8653357    
   1.7866888    
   1.7266669    
   1.6780533    
   1.6370943    
   1.6016057    
   1.5702116    
   1.5419931    
   1.5163072    
   1.4926879    
   1.4707865    
   1.4503360    
   1.4311274    
   1.4129944    
   1.3958020    
   1.3794396    
   1.3638154    
   1.3488523    
   1.3344848    
   1.3206570    
   1.3073207    
   1.2944342    
   1.2819608    
   1.2698685    
   1.2581289    
   1.2467167    
   1.2356097    
   1.2247875    
   1.2142320    
   1.2039268    
   1.1938572    
   1.1840097    
   1.1743718    
   1.1649325    
   1.1556814    
   1.1466089    
   1.1377064    
   1.1289657    
   1.1203794    
   1.1119406    
   1.1036427    
   1.0954798    
   1.0874462    
   1.0795368    
   1.0717465    
   1.0640708    
   1.0565054    
   1.0490462    
   1.0416894    
   1.0344313    
   1.0272688    
   1.0201982    
   1.0132169    
   1.0063218    
  0.99951011    
  0.99277931    
  0.98612696    
  0.97955072    
  0.97304833    
  0.96661764    
  0.96025664    
  0.95396340    
  0.94773602    
  0.94157284    
  0.93547207    
  0.92943209    
  0.92345142    
  0.91752851    
  0.91166198    
  0.90585041    
  0.90009248    
  0.89438701    
  0.88873267    
  0.88312835    
  0.87757295    
  0.87206531    
  0.86660445    
  0.86118937    
  0.85581905    
  0.85049254    
  0.84520894    
  0.83996743    
  0.83476710    
  0.82960719    
  0.82448685    
  0.81940532    
  0.81436187    
  0.80935580    
  0.80438638    
  0.79945296    
  0.79455489    
  0.78969145    
  0.78486216    
  0.78006631    
  0.77530342    
  0.77057284    
  0.76587403    
  0.76120645    
  0.75656962    
  0.75196302    
  0.74738622    
  0.74283862    
  0.73831981    
  0.73382938    
  0.72936684    
  0.72493178    
  0.72052372    
  0.71614236    
  0.71178722    
  0.70745796    
  0.70315421    
  0.69887555    
  0.69462162    
  0.69039208    
  0.68618661    
  0.68200487    
  0.67784649    
  0.67371124    
  0.66959870    
  0.66550863    
  0.66144067    
  0.65739465    
  0.65337014    
  0.64936692    
  0.64538473    
  0.64142334    
  0.63748240    
  0.63356167    
  0.62966096    
  0.62577999    
  0.62191844    
  0.61807621    
  0.61425298    
  0.61044860    
  0.60666275    
  0.60289526    
  0.59914589    
  0.59541446    
  0.59170079    
  0.58800465    
  0.58432585    
  0.58066410    
  0.57701939    
  0.57339138    
  0.56977993    
  0.56618494    
  0.56260610    
  0.55904335    
  0.55549645    
  0.55196524    
  0.54844958    
  0.54494929    
  0.54146427    
  0.53799427    
  0.53453916    
  0.53109884    
  0.52767313    
  0.52426183    
  0.52086490    
  0.51748216    
  0.51411343    
  0.51075858    
  0.50741756    
  0.50409013    
  0.50077623    
  0.49747568    
  0.49418840    
  0.49091426    
  0.48765311    
  0.48440486    
  0.48116934    
  0.47794652    
  0.47473621    
  0.47153834    
  0.46835276    
  0.46517941    
  0.46201813    
  0.45886886    
  0.45573145    
  0.45260584    
  0.44949189    
  0.44638953    
  0.44329867    
  0.44021916    
  0.43715096    
  0.43409392    
  0.43104801    
  0.42801309    
  0.42498907    
  0.42197588    
  0.41897345    
  0.41598165    
  0.41300043    
  0.41002968    
  0.40706933    
  0.40411928    
  0.40117946    
  0.39824980    
  0.39533019    
  0.39242059    
  0.38952091    
  0.38663107    
  0.38375098    
  0.38088059    
  0.37801981    
  0.37516859    
  0.37232682    
  0.36949447    
  0.36667144    
  0.36385769    
  0.36105311    
  0.35825765    
  0.35547128    
  0.35269389    
  0.34992543    
  0.34716585    
  0.34441507    
  0.34167302    
  0.33893964    
  0.33621490    
  0.33349872    
  0.33079100    
  0.32809174    
  0.32540086    
  0.32271832    
  0.32004404    
  0.31737795    
  0.31472003    
  0.31207019    
  0.30942842    
  0.30679464    
  0.30416879    
  0.30155081    
  0.29894069    
  0.29633832    
  0.29374370    
  0.29115677    
  0.28857744    
  0.28600571    
  0.28344151    
  0.28088480    
  0.27833551    
  0.27579361    
  0.27325907    
  0.27073184    
  0.26821184    
  0.26569903    
  0.26319340    
  0.26069489    
  0.25820345    
  0.25571901    
  0.25324160    
  0.25077111    
  0.24830751    
  0.24585079    
  0.24340089    
  0.24095775    
  0.23852137    
  0.23609167    
  0.23366863    
  0.23125221    
  0.22884238    
  0.22643907    
  0.22404228    
  0.22165196    
  0.21926805    
  0.21689054    
  0.21451938    
  0.21215454    
  0.20979598    
  0.20744367    
  0.20509757    
  0.20275764    
  0.20042387    
  0.19809619    
  0.19577459    
  0.19345902    
  0.19114946    
  0.18884587    
  0.18654823    
  0.18425649    
  0.18197063    
  0.17969061    
  0.17741640    
  0.17514798    
  0.17288530    
  0.17062834    
  0.16837707    
  0.16613147    
  0.16389148    
  0.16165709    
  0.15942828    
  0.15720500    
  0.15498723    
  0.15277496    
  0.15056813    
  0.14836672    
  0.14617072    
