  0.71701497    
  0.84714442    
  0.90780044    
  0.94144809    
  0.96150446    
  0.97371429    
  0.98098391    
  0.98495162    
  0.98661399    
  0.98661315    
  0.98538131    
  0.98322010    
  0.98034590    
  0.97691798    
  0.97305578    
  0.96885049    
  0.96437281    
  0.95967823    
  0.95481074    
  0.94980568    
  0.94469148    
  0.93949145    
  0.93422461    
  0.92890674    
  0.92355078    
  0.91816771    
  0.91276652    
  0.90735483    
  0.90193909    
  0.89652467    
  0.89111614    
  0.88571739    
  0.88033164    
  0.87496161    
  0.86960977    
  0.86427796    
  0.85896790    
  0.85368097    
  0.84841830    
  0.84318095    
  0.83796966    
  0.83278513    
  0.82762778    
  0.82249820    
  0.81739652    
  0.81232315    
  0.80727816    
  0.80226171    
  0.79727381    
  0.79231447    
  0.78738374    
  0.78248143    
  0.77760750    
  0.77276182    
  0.76794422    
  0.76315463    
  0.75839269    
  0.75365835    
  0.74895138    
  0.74427146    
  0.73961842    
  0.73499203    
  0.73039210    
  0.72581822    
  0.72127032    
  0.71674800    
  0.71225107    
  0.70777929    
  0.70333236    
  0.69891000    
  0.69451201    
  0.69013810    
  0.68578798    
  0.68146145    
  0.67715824    
  0.67287809    
  0.66862071    
  0.66438591    
  0.66017336    
  0.65598291    
  0.65181428    
  0.64766723    
  0.64354151    
  0.63943690    
  0.63535315    
  0.63129008    
  0.62724739    
  0.62322491    
  0.61922240    
  0.61523968    
  0.61127651    
  0.60733271    
  0.60340798    
  0.59950221    
  0.59561515    
  0.59174657    
  0.58789641    
  0.58406436    
  0.58025020    
  0.57645386    
  0.57267511    
  0.56891370    
  0.56516957    
  0.56144243    
  0.55773216    
  0.55403864    
  0.55036157    
  0.54670095    
  0.54305643    
  0.53942800    
  0.53581548    
  0.53221864    
  0.52863735    
  0.52507150    
  0.52152091    
  0.51798546    
  0.51446491    
  0.51095927    
  0.50746828    
  0.50399190    
  0.50052989    
  0.49708214    
  0.49364856    
  0.49022901    
  0.48682332    
  0.48343143    
  0.48005313    
  0.47668839    
  0.47333699    
  0.46999890    
  0.46667394    
  0.46336201    
  0.46006301    
  0.45677683    
  0.45350334    
  0.45024240    
  0.44699398    
  0.44375792    
  0.44053411    
  0.43732247    
  0.43412286    
  0.43093523    
  0.42775944    
  0.42459542    
  0.42144305    
  0.41830224    
  0.41517290    
  0.41205493    
  0.40894824    
  0.40585274    
  0.40276834    
  0.39969495    
  0.39663249    
  0.39358085    
  0.39053997    
  0.38750976    
  0.38449013    
  0.38148102    
  0.37848231    
  0.37549394    
  0.37251583    
  0.36954790    
  0.36659008    
  0.36364228    
  0.36070445    
  0.35777649    
  0.35485831    
  0.35194990    
  0.34905112    
  0.34616196    
  0.34328231    
  0.34041208    
  0.33755127    
  0.33469975    
  0.33185750    
  0.32902440    
  0.32620046    
  0.32338554    
  0.32057962    
  0.31778261    
  0.31499448    
  0.31221515    
  0.30944455    
  0.30668265    
  0.30392933    
  0.30118459    
  0.29844838    
  0.29572058    
  0.29300120    
  0.29029015    
  0.28758734    
  0.28489280    
  0.28220639    
  0.27952811    
  0.27685788    
  0.27419567    
  0.27154142    
  0.26889506    
  0.26625654    
  0.26362586    
  0.26100290    
  0.25838766    
  0.25578007    
  0.25318009    
  0.25058767    
  0.24800274    
  0.24542528    
  0.24285525    
  0.24029258    
  0.23773724    
  0.23518918    
  0.23264836    
  0.23011473    
  0.22758824    
  0.22506885    
  0.22255653    
  0.22005123    
  0.21755292    
  0.21506153    
  0.21257703    
  0.21009940    
  0.20762856    
  0.20516452    
  0.20270720    
  0.20025657    
  0.19781260    
  0.19537526    
  0.19294448    
  0.19052026    
  0.18810253    
  0.18569127    
  0.18328644    
  0.18088801    
  0.17849593    
  0.17611018    
  0.17373072    
  0.17135750    
  0.16899049    
  0.16662967    
  0.16427501    
  0.16192646    
  0.15958399    
  0.15724756    
  0.15491715    
  0.15259273    
  0.15027426    
  0.14796171    
  0.14565504    
  0.14335422    
  0.14105923    
  0.13877003    
  0.13648659    
  0.13420889    
  0.13193689    
  0.12967056    
  0.12740989    
  0.12515481    
  0.12290532    
  0.12066139    
  0.11842299    
  0.11619008    
  0.11396265    
  0.11174066    
  0.10952408    
  0.10731289    
  0.10510705    
  0.10290656    
  0.10071137    
  9.85214636E-02
  9.63368118E-02
  9.41573754E-02
  9.19831544E-02
  8.98141041E-02
  8.76502022E-02
  8.54914337E-02
  8.33377615E-02
  8.11891630E-02
  7.90456161E-02
  7.69070983E-02
  7.47735798E-02
  7.26450384E-02
  7.05214590E-02
  6.84028044E-02
  6.62890598E-02
  6.41801953E-02
  6.20761923E-02
  5.99770248E-02
  5.78826778E-02
  5.57931252E-02
  5.37083372E-02
  5.16283028E-02
  4.95529920E-02
  4.74823825E-02
  4.54164483E-02
  4.33551818E-02
  4.12985608E-02
  3.92465405E-02
  3.71991359E-02
  3.51562947E-02
  3.31180170E-02
