   1.6781404    
   1.5825806    
   1.5275885    
   1.4875399    
   1.4553144    
   1.4279375    
   1.4038831    
   1.3822623    
   1.3625103    
   1.3442454    
   1.3271964    
   1.3111633    
   1.2959944    
   1.2815713    
   1.2678000    
   1.2546039    
   1.2419206    
   1.2296976    
   1.2178907    
   1.2064627    
   1.1953809    
   1.1846175    
   1.1741480    
   1.1639507    
   1.1540067    
   1.1442991    
   1.1348127    
   1.1255339    
   1.1164505    
   1.1075515    
   1.0988265    
   1.0902665    
   1.0818629    
   1.0736083    
   1.0654953    
   1.0575173    
   1.0496684    
   1.0419431    
   1.0343357    
   1.0268419    
   1.0194566    
   1.0121759    
   1.0049958    
  0.99791253    
  0.99092251    
  0.98402250    
  0.97720945    
  0.97048032    
  0.96383244    
  0.95726317    
  0.95076996    
  0.94435054    
  0.93800271    
  0.93172419    
  0.92551315    
  0.91936755    
  0.91328567    
  0.90726560    
  0.90130585    
  0.89540476    
  0.88956076    
  0.88377243    
  0.87803835    
  0.87235725    
  0.86672783    
  0.86114877    
  0.85561901    
  0.85013735    
  0.84470272    
  0.83931404    
  0.83397031    
  0.82867056    
  0.82341385    
  0.81819928    
  0.81302595    
  0.80789304    
  0.80279976    
  0.79774523    
  0.79272878    
  0.78774965    
  0.78280711    
  0.77790046    
  0.77302909    
  0.76819229    
  0.76338941    
  0.75861996    
  0.75388318    
  0.74917865    
  0.74450576    
  0.73986393    
  0.73525274    
  0.73067153    
  0.72611988    
  0.72159737    
  0.71710342    
  0.71263766    
  0.70819956    
  0.70378882    
  0.69940484    
  0.69504738    
  0.69071597    
  0.68641019    
  0.68212968    
  0.67787409    
  0.67364305    
  0.66943616    
  0.66525316    
  0.66109365    
  0.65695739    
  0.65284395    
  0.64875305    
  0.64468443    
  0.64063776    
  0.63661271    
  0.63260907    
  0.62862647    
  0.62466472    
  0.62072355    
  0.61680263    
  0.61290175    
  0.60902071    
  0.60515916    
  0.60131693    
  0.59749371    
  0.59368938    
  0.58990365    
  0.58613634    
  0.58238715    
  0.57865596    
  0.57494247    
  0.57124656    
  0.56756800    
  0.56390661    
  0.56026214    
  0.55663443    
  0.55302334    
  0.54942864    
  0.54585016    
  0.54228777    
  0.53874123    
  0.53521037    
  0.53169507    
  0.52819514    
  0.52471042    
  0.52124077    
  0.51778603    
  0.51434606    
  0.51092070    
  0.50750977    
  0.50411314    
  0.50073069    
  0.49736232    
  0.49400780    
  0.49066705    
  0.48733991    
  0.48402628    
  0.48072603    
  0.47743899    
  0.47416508    
  0.47090417    
  0.46765614    
  0.46442086    
  0.46119821    
  0.45798808    
  0.45479038    
  0.45160496    
  0.44843173    
  0.44527057    
  0.44212139    
  0.43898410    
  0.43585855    
  0.43274465    
  0.42964235    
  0.42655149    
  0.42347199    
  0.42040378    
  0.41734672    
  0.41430074    
  0.41126576    
  0.40824169    
  0.40522841    
  0.40222585    
  0.39923391    
  0.39625254    
  0.39328161    
  0.39032108    
  0.38737082    
  0.38443080    
  0.38150090    
  0.37858105    
  0.37567118    
  0.37277120    
  0.36988103    
  0.36700064    
  0.36412990    
  0.36126876    
  0.35841715    
  0.35557500    
  0.35274222    
  0.34991875    
  0.34710455    
  0.34429950    
  0.34150356    
  0.33871669    
  0.33593878    
  0.33316979    
  0.33040965    
  0.32765830    
  0.32491568    
  0.32218170    
  0.31945634    
  0.31673950    
  0.31403115    
  0.31133121    
  0.30863968    
  0.30595642    
  0.30328140    
  0.30061460    
  0.29795593    
  0.29530534    
  0.29266277    
  0.29002818    
  0.28740153    
  0.28478274    
  0.28217176    
  0.27956855    
  0.27697307    
  0.27438521    
  0.27180502    
  0.26923236    
  0.26666725    
  0.26410958    
  0.26155934    
  0.25901648    
  0.25648093    
  0.25395268    
  0.25143167    
  0.24891785    
  0.24641117    
  0.24391161    
  0.24141909    
  0.23893359    
  0.23645507    
  0.23398347    
  0.23151876    
  0.22906090    
  0.22660986    
  0.22416556    
  0.22172800    
  0.21929713    
  0.21687289    
  0.21445526    
  0.21204419    
  0.20963967    
  0.20724162    
  0.20485003    
  0.20246486    
  0.20008607    
  0.19771363    
  0.19534749    
  0.19298761    
  0.19063398    
  0.18828654    
  0.18594527    
  0.18361013    
  0.18128107    
  0.17895810    
  0.17664114    
  0.17433019    
  0.17202519    
  0.16972612    
  0.16743295    
  0.16514565    
  0.16286418    
  0.16058852    
  0.15831861    
  0.15605445    
  0.15379600    
  0.15154324    
  0.14929612    
  0.14705461    
  0.14481871    
  0.14258835    
  0.14036353    
  0.13814421    
  0.13593037    
  0.13372196    
  0.13151899    
  0.12932138    
  0.12712915    
  0.12494226    
  0.12276067    
  0.12058435    
  0.11841330    
  0.11624747    
  0.11408684    
  0.11193138    
  0.10978107    
  0.10763589    
  0.10549580    
