   3.0820510    
   3.0573258    
   3.0383117    
   3.0222473    
   3.0080640    
   2.9952145    
   2.9833734    
   2.9723296    
   2.9619360    
   2.9520860    
   2.9426987    
   2.9337118    
   2.9250758    
   2.9167502    
   2.9087019    
   2.9009035    
   2.8933313    
   2.8859653    
   2.8787887    
   2.8717861    
   2.8649449    
   2.8582530    
   2.8517005    
   2.8452785    
   2.8389783    
   2.8327930    
   2.8267157    
   2.8207402    
   2.8148615    
   2.8090744    
   2.8033741    
   2.7977564    
   2.7922177    
   2.7867541    
   2.7813625    
   2.7760398    
   2.7707829    
   2.7655892    
   2.7604563    
   2.7553818    
   2.7503636    
   2.7453997    
   2.7404878    
   2.7356265    
   2.7308137    
   2.7260480    
   2.7213280    
   2.7166519    
   2.7120187    
   2.7074270    
   2.7028754    
   2.6983628    
   2.6938882    
   2.6894505    
   2.6850486    
   2.6806815    
   2.6763482    
   2.6720483    
   2.6677804    
   2.6635439    
   2.6593382    
   2.6551626    
   2.6510158    
   2.6468978    
   2.6428075    
   2.6387444    
   2.6347079    
   2.6306977    
   2.6267128    
   2.6227529    
   2.6188176    
   2.6149061    
   2.6110179    
   2.6071527    
   2.6033103    
   2.5994897    
   2.5956910    
   2.5919135    
   2.5881569    
   2.5844207    
   2.5807047    
   2.5770085    
   2.5733316    
   2.5696738    
   2.5660348    
   2.5624144    
   2.5588119    
   2.5552275    
   2.5516605    
   2.5481107    
   2.5445781    
   2.5410621    
   2.5375626    
   2.5340793    
   2.5306120    
   2.5271604    
   2.5237246    
   2.5203037    
   2.5168982    
   2.5135074    
   2.5101311    
   2.5067694    
   2.5034220    
   2.5000885    
   2.4967690    
   2.4934630    
   2.4901707    
   2.4868917    
   2.4836259    
   2.4803729    
   2.4771330    
   2.4739056    
   2.4706907    
   2.4674881    
   2.4642978    
   2.4611197    
   2.4579532    
   2.4547987    
   2.4516556    
   2.4485242    
   2.4454043    
   2.4422956    
   2.4391978    
   2.4361112    
   2.4330354    
   2.4299703    
   2.4269159    
   2.4238722    
   2.4208386    
   2.4178157    
   2.4148026    
   2.4117999    
   2.4088070    
   2.4058239    
   2.4028509    
   2.3998876    
   2.3969336    
   2.3939893    
   2.3910544    
   2.3881288    
   2.3852124    
   2.3823051    
   2.3794069    
   2.3765178    
   2.3736374    
   2.3707662    
   2.3679032    
   2.3650491    
   2.3622036    
   2.3593667    
   2.3565381    
   2.3537178    
   2.3509059    
   2.3481021    
   2.3453066    
   2.3425190    
   2.3397393    
   2.3369677    
   2.3342040    
   2.3314481    
   2.3286998    
   2.3259594    
   2.3232265    
   2.3205011    
   2.3177831    
   2.3150728    
   2.3123696    
   2.3096738    
   2.3069854    
   2.3043041    
   2.3016300    
   2.2989628    
   2.2963028    
   2.2936499    
   2.2910037    
   2.2883646    
   2.2857323    
   2.2831066    
   2.2804878    
   2.2778757    
   2.2752700    
   2.2726712    
   2.2700787    
   2.2674928    
   2.2649133    
   2.2623403    
   2.2597737    
   2.2572134    
   2.2546594    
   2.2521114    
   2.2495699    
   2.2470343    
   2.2445049    
   2.2419817    
   2.2394643    
   2.2369530    
   2.2344477    
   2.2319484    
   2.2294548    
   2.2269671    
   2.2244852    
   2.2220092    
   2.2195387    
   2.2170739    
   2.2146149    
   2.2121615    
   2.2097137    
   2.2072713    
   2.2048345    
   2.2024033    
   2.1999774    
   2.1975570    
   2.1951418    
   2.1927321    
   2.1903279    
   2.1879287    
   2.1855350    
   2.1831465    
   2.1807630    
   2.1783848    
   2.1760118    
   2.1736438    
   2.1712809    
   2.1689231    
   2.1665702    
   2.1642225    
   2.1618798    
   2.1595418    
   2.1572089    
   2.1548808    
   2.1525576    
   2.1502392    
   2.1479256    
   2.1456168    
   2.1433127    
   2.1410134    
   2.1387188    
   2.1364291    
   2.1341438    
   2.1318631    
   2.1295872    
   2.1273158    
   2.1250489    
   2.1227865    
   2.1205287    
   2.1182754    
   2.1160266    
   2.1137822    
   2.1115422    
   2.1093066    
   2.1070755    
   2.1048486    
   2.1026261    
   2.1004081    
   2.0981941    
   2.0959845    
   2.0937791    
   2.0915780    
   2.0893812    
   2.0871885    
   2.0849998    
   2.0828154    
   2.0806353    
   2.0784590    
   2.0762870    
   2.0741191    
   2.0719552    
   2.0697954    
   2.0676394    
   2.0654876    
   2.0633397    
   2.0611959    
   2.0590558    
   2.0569198    
   2.0547876    
   2.0526593    
   2.0505350    
   2.0484145    
   2.0462978    
   2.0441849    
   2.0420759    
   2.0399706    
   2.0378690    
   2.0357714    
   2.0336773    
   2.0315871    
   2.0295005    
   2.0274177    
   2.0253384    
   2.0232630    
   2.0211909    
   2.0191228    
   2.0170581    
   2.0149970    
   2.0129395    
   2.0108857    
   2.0088353    
   2.0067885    
   2.0047452    
   2.0027053    
