   3.0573037    
   3.0224867    
   2.9958365    
   2.9734240    
   2.9537261    
   2.9359608    
   2.9196637    
   2.9045312    
   2.8903527    
   2.8769748    
   2.8642812    
   2.8521819    
   2.8406048    
   2.8294916    
   2.8187945    
   2.8084729    
   2.7984931    
   2.7888260    
   2.7794461    
   2.7703319    
   2.7614636    
   2.7528248    
   2.7444003    
   2.7361763    
   2.7281408    
   2.7202833    
   2.7125936    
   2.7050629    
   2.6976826    
   2.6904457    
   2.6833451    
   2.6763744    
   2.6695278    
   2.6628001    
   2.6561859    
   2.6496806    
   2.6432800    
   2.6369803    
   2.6307771    
   2.6246672    
   2.6186469    
   2.6127136    
   2.6068640    
   2.6010952    
   2.5954046    
   2.5897901    
   2.5842490    
   2.5787790    
   2.5733781    
   2.5680442    
   2.5627754    
   2.5575697    
   2.5524259    
   2.5473418    
   2.5423160    
   2.5373471    
   2.5324333    
   2.5275736    
   2.5227664    
   2.5180104    
   2.5133047    
   2.5086477    
   2.5040386    
   2.4994760    
   2.4949591    
   2.4904869    
   2.4860585    
   2.4816725    
   2.4773285    
   2.4730253    
   2.4687624    
   2.4645388    
   2.4603536    
   2.4562061    
   2.4520957    
   2.4480214    
   2.4439831    
   2.4399796    
   2.4360101    
   2.4320745    
   2.4281721    
   2.4243021    
   2.4204640    
   2.4166572    
   2.4128814    
   2.4091358    
   2.4054198    
   2.4017334    
   2.3980756    
   2.3944461    
   2.3908446    
   2.3872705    
   2.3837235    
   2.3802030    
   2.3767087    
   2.3732402    
   2.3697970    
   2.3663790    
   2.3629854    
   2.3596163    
   2.3562710    
   2.3529491    
   2.3496506    
   2.3463752    
   2.3431222    
   2.3398914    
   2.3366828    
   2.3334956    
   2.3303299    
   2.3271854    
   2.3240616    
   2.3209584    
   2.3178754    
   2.3148122    
   2.3117690    
   2.3087451    
   2.3057408    
   2.3027551    
   2.2997885    
   2.2968402    
   2.2939103    
   2.2909985    
   2.2881045    
   2.2852280    
   2.2823691    
   2.2795274    
   2.2767029    
   2.2738950    
   2.2711039    
   2.2683291    
   2.2655706    
   2.2628281    
   2.2601016    
   2.2573907    
   2.2546954    
   2.2520156    
   2.2493508    
   2.2467010    
   2.2440662    
   2.2414460    
   2.2388403    
   2.2362492    
   2.2336721    
   2.2311094    
   2.2285602    
   2.2260251    
   2.2235036    
   2.2209957    
   2.2185011    
   2.2160196    
   2.2135513    
   2.2110960    
   2.2086537    
   2.2062240    
   2.2038066    
   2.2014022    
   2.1990097    
   2.1966298    
   2.1942616    
   2.1919057    
   2.1895616    
   2.1872292    
   2.1849084    
   2.1825993    
   2.1803017    
   2.1780152    
   2.1757400    
   2.1734760    
   2.1712229    
   2.1689808    
   2.1667495    
   2.1645288    
   2.1623189    
   2.1601195    
   2.1579306    
   2.1557519    
   2.1535835    
   2.1514254    
   2.1492772    
   2.1471391    
   2.1450107    
   2.1428924    
   2.1407835    
   2.1386845    
   2.1365950    
   2.1345148    
   2.1324444    
   2.1303830    
   2.1283309    
   2.1262879    
   2.1242542    
   2.1222293    
   2.1202135    
   2.1182065    
   2.1162083    
   2.1142190    
   2.1122382    
   2.1102657    
   2.1083021    
   2.1063468    
   2.1043999    
   2.1024613    
   2.1005311    
   2.0986090    
   2.0966949    
   2.0947890    
   2.0928910    
   2.0910008    
   2.0891187    
   2.0872443    
   2.0853777    
   2.0835187    
   2.0816674    
   2.0798237    
   2.0779874    
   2.0761588    
   2.0743375    
   2.0725234    
   2.0707166    
   2.0689170    
   2.0671248    
   2.0653396    
   2.0635614    
   2.0617905    
   2.0600264    
   2.0582693    
   2.0565188    
   2.0547755    
   2.0530388    
   2.0513086    
   2.0495853    
   2.0478687    
   2.0461588    
   2.0444551    
   2.0427580    
   2.0410674    
   2.0393832    
   2.0377054    
   2.0360339    
   2.0343685    
   2.0327094    
   2.0310564    
   2.0294096    
   2.0277691    
   2.0261345    
   2.0245059    
   2.0228832    
   2.0212665    
   2.0196557    
   2.0180507    
   2.0164514    
   2.0148580    
   2.0132704    
   2.0116885    
   2.0101120    
   2.0085413    
   2.0069761    
   2.0054166    
   2.0038626    
   2.0023139    
   2.0007708    
   1.9992330    
   1.9977006    
   1.9961735    
   1.9946517    
   1.9931351    
   1.9916238    
   1.9901177    
   1.9886167    
   1.9871209    
   1.9856302    
   1.9841444    
   1.9826638    
   1.9811881    
   1.9797174    
   1.9782516    
   1.9767908    
   1.9753348    
   1.9738835    
   1.9724373    
   1.9709957    
   1.9695588    
   1.9681268    
   1.9666994    
   1.9652766    
   1.9638585    
   1.9624449    
   1.9610361    
   1.9596317    
   1.9582318    
   1.9568365    
   1.9554455    
   1.9540591    
   1.9526770    
   1.9512993    
   1.9499260    
   1.9485571    
   1.9471924    
   1.9458320    
   1.9444760    
