   1.6572038    
   1.5675052    
   1.5152013    
   1.4767764    
   1.4456666    
   1.4191169    
   1.3957070    
   1.3746067    
   1.3552867    
   1.3373874    
   1.3206533    
   1.3048950    
   1.2899687    
   1.2757617    
   1.2621846    
   1.2491643    
   1.2366409    
   1.2245644    
   1.2128925    
   1.2015890    
   1.1906227    
   1.1799668    
   1.1695977    
   1.1594945    
   1.1496389    
   1.1400145    
   1.1306068    
   1.1214023    
   1.1123892    
   1.1035569    
   1.0948955    
   1.0863960    
   1.0780503    
   1.0698508    
   1.0617906    
   1.0538632    
   1.0460628    
   1.0383840    
   1.0308213    
   1.0233705    
   1.0160267    
   1.0087860    
   1.0016444    
  0.99459827    
  0.98764420    
  0.98077893    
  0.97399950    
  0.96730298    
  0.96068662    
  0.95414793    
  0.94768441    
  0.94129384    
  0.93497396    
  0.92872268    
  0.92253804    
  0.91641819    
  0.91036135    
  0.90436572    
  0.89842969    
  0.89255172    
  0.88673025    
  0.88096398    
  0.87525141    
  0.86959130    
  0.86398232    
  0.85842329    
  0.85291308    
  0.84745055    
  0.84203458    
  0.83666420    
  0.83133835    
  0.82605612    
  0.82081658    
  0.81561881    
  0.81046194    
  0.80534512    
  0.80026764    
  0.79522866    
  0.79022735    
  0.78526312    
  0.78033525    
  0.77544296    
  0.77058566    
  0.76576263    
  0.76097339    
  0.75621724    
  0.75149363    
  0.74680197    
  0.74214172    
  0.73751235    
  0.73291332    
  0.72834414    
  0.72380435    
  0.71929348    
  0.71481097    
  0.71035647    
  0.70592952    
  0.70152962    
  0.69715643    
  0.69280952    
  0.68848854    
  0.68419302    
  0.67992264    
  0.67567700    
  0.67145574    
  0.66725856    
  0.66308510    
  0.65893501    
  0.65480798    
  0.65070367    
  0.64662182    
  0.64256203    
  0.63852412    
  0.63450778    
  0.63051265    
  0.62653852    
  0.62258506    
  0.61865205    
  0.61473924    
  0.61084640    
  0.60697317    
  0.60311943    
  0.59928489    
  0.59546930    
  0.59167248    
  0.58789414    
  0.58413410    
  0.58039218    
  0.57666814    
  0.57296175    
  0.56927282    
  0.56560111    
  0.56194657    
  0.55830884    
  0.55468780    
  0.55108327    
  0.54749513    
  0.54392308    
  0.54036701    
  0.53682679    
  0.53330213    
  0.52979302    
  0.52629918    
  0.52282053    
  0.51935685    
  0.51590800    
  0.51247382    
  0.50905424    
  0.50564903    
  0.50225806    
  0.49888125    
  0.49551839    
  0.49216935    
  0.48883405    
  0.48551229    
  0.48220399    
  0.47890899    
  0.47562718    
  0.47235847    
  0.46910265    
  0.46585968    
  0.46262944    
  0.45941177    
  0.45620656    
  0.45301372    
  0.44983315    
  0.44666469    
  0.44350830    
  0.44036382    
  0.43723118    
  0.43411025    
  0.43100095    
  0.42790315    
  0.42481679    
  0.42174175    
  0.41867793    
  0.41562524    
  0.41258362    
  0.40955293    
  0.40653312    
  0.40352407    
  0.40052569    
  0.39753792    
  0.39456066    
  0.39159381    
  0.38863733    
  0.38569111    
  0.38275504    
  0.37982908    
  0.37691316    
  0.37400717    
  0.37111104    
  0.36822471    
  0.36534810    
  0.36248112    
  0.35962373    
  0.35677582    
  0.35393733    
  0.35110819    
  0.34828836    
  0.34547773    
  0.34267625    
  0.33988383    
  0.33710048    
  0.33432603    
  0.33156049    
  0.32880378    
  0.32605582    
  0.32331657    
  0.32058594    
  0.31786391    
  0.31515038    
  0.31244531    
  0.30974862    
  0.30706030    
  0.30438024    
  0.30170843    
  0.29904476    
  0.29638922    
  0.29374176    
  0.29110229    
  0.28847077    
  0.28584716    
  0.28323138    
  0.28062341    
  0.27802318    
  0.27543065    
  0.27284577    
  0.27026847    
  0.26769873    
  0.26513648    
  0.26258168    
  0.26003429    
  0.25749424    
  0.25496152    
  0.25243607    
  0.24991781    
  0.24740674    
  0.24490279    
  0.24240594    
  0.23991612    
  0.23743330    
  0.23495743    
  0.23248848    
  0.23002639    
  0.22757114    
  0.22512269    
  0.22268097    
  0.22024597    
  0.21781763    
  0.21539593    
  0.21298081    
  0.21057224    
  0.20817021    
  0.20577462    
  0.20338549    
  0.20100275    
  0.19862638    
  0.19625634    
  0.19389258    
  0.19153509    
  0.18918382    
  0.18683872    
  0.18449979    
  0.18216696    
  0.17984022    
  0.17751953    
  0.17520486    
  0.17289616    
  0.17059341    
  0.16829659    
  0.16600564    
  0.16372055    
  0.16144128    
  0.15916780    
  0.15690008    
  0.15463808    
  0.15238178    
  0.15013115    
  0.14788616    
  0.14564677    
  0.14341296    
  0.14118470    
  0.13896196    
  0.13674469    
  0.13453291    
  0.13232654    
  0.13012560    
  0.12793002    
  0.12573980    
  0.12355490    
  0.12137529    
  0.11920096    
  0.11703186    
  0.11486799    
  0.11270931    
  0.11055578    
  0.10840739    
  0.10626413    
  0.10412595    
