  0.45317647    
  0.57870698    
  0.65040088    
  0.69698745    
  0.72927111    
  0.75249130    
  0.76956099    
  0.78225023    
  0.79170430    
  0.79870093    
  0.80378801    
  0.80736381    
  0.80972487    
  0.81109685    
  0.81165463    
  0.81153566    
  0.81084979    
  0.80968547    
  0.80811501    
  0.80619788    
  0.80398351    
  0.80151320    
  0.79882193    
  0.79593915    
  0.79289013    
  0.78969646    
  0.78637677    
  0.78294718    
  0.77942175    
  0.77581263    
  0.77213049    
  0.76838481    
  0.76458377    
  0.76073474    
  0.75684422    
  0.75291783    
  0.74896079    
  0.74497759    
  0.74097234    
  0.73694861    
  0.73290974    
  0.72885853    
  0.72479779    
  0.72072971    
  0.71665651    
  0.71258008    
  0.70850217    
  0.70442426    
  0.70034790    
  0.69627428    
  0.69220454    
  0.68813980    
  0.68408090    
  0.68002880    
  0.67598414    
  0.67194778    
  0.66792023    
  0.66390216    
  0.65989393    
  0.65589619    
  0.65190923    
  0.64793348    
  0.64396924    
  0.64001685    
  0.63607657    
  0.63214862    
  0.62823325    
  0.62433064    
  0.62044096    
  0.61656433    
  0.61270094    
  0.60885078    
  0.60501409    
  0.60119087    
  0.59738117    
  0.59358507    
  0.58980268    
  0.58603394    
  0.58227885    
  0.57853752    
  0.57480991    
  0.57109600    
  0.56739581    
  0.56370932    
  0.56003648    
  0.55637735    
  0.55273175    
  0.54909980    
  0.54548132    
  0.54187638    
  0.53828490    
  0.53470683    
  0.53114206    
  0.52759063    
  0.52405238    
  0.52052736    
  0.51701540    
  0.51351649    
  0.51003063    
  0.50655764    
  0.50309747    
  0.49965012    
  0.49621546    
  0.49279347    
  0.48938403    
  0.48598707    
  0.48260254    
  0.47923034    
  0.47587043    
  0.47252274    
  0.46918714    
  0.46586362    
  0.46255207    
  0.45925239    
  0.45596457    
  0.45268849    
  0.44942409    
  0.44617128    
  0.44293001    
  0.43970019    
  0.43648174    
  0.43327463    
  0.43007872    
  0.42689398    
  0.42372030    
  0.42055765    
  0.41740593    
  0.41426510    
  0.41113505    
  0.40801573    
  0.40490705    
  0.40180898    
  0.39872140    
  0.39564428    
  0.39257753    
  0.38952109    
  0.38647488    
  0.38343886    
  0.38041294    
  0.37739703    
  0.37439111    
  0.37139511    
  0.36840895    
  0.36543256    
  0.36246589    
  0.35950884    
  0.35656142    
  0.35362348    
  0.35069504    
  0.34777600    
  0.34486628    
  0.34196582    
  0.33907461    
  0.33619258    
  0.33331960    
  0.33045569    
  0.32760078    
  0.32475477    
  0.32191765    
  0.31908935    
  0.31626979    
  0.31345895    
  0.31065676    
  0.30786315    
  0.30507806    
  0.30230150    
  0.29953334    
  0.29677358    
  0.29402214    
  0.29127896    
  0.28854403    
  0.28581727    
  0.28309864    
  0.28038809    
  0.27768555    
  0.27499101    
  0.27230436    
  0.26962560    
  0.26695469    
  0.26429158    
  0.26163617    
  0.25898847    
  0.25634843    
  0.25371599    
  0.25109109    
  0.24847370    
  0.24586380    
  0.24326131    
  0.24066618    
  0.23807842    
  0.23549792    
  0.23292470    
  0.23035868    
  0.22779982    
  0.22524808    
  0.22270344    
  0.22016585    
  0.21763524    
  0.21511163    
  0.21259491    
  0.21008509    
  0.20758212    
  0.20508596    
  0.20259656    
  0.20011391    
  0.19763793    
  0.19516863    
  0.19270594    
  0.19024985    
  0.18780029    
  0.18535724    
  0.18292068    
  0.18049055    
  0.17806683    
  0.17564948    
  0.17323847    
  0.17083377    
  0.16843534    
  0.16604313    
  0.16365713    
  0.16127729    
  0.15890360    
  0.15653601    
  0.15417449    
  0.15181901    
  0.14946954    
  0.14712605    
  0.14478850    
  0.14245687    
  0.14013112    
  0.13781123    
  0.13549715    
  0.13318887    
  0.13088636    
  0.12858959    
  0.12629850    
  0.12401310    
  0.12173336    
  0.11945923    
  0.11719068    
  0.11492771    
  0.11267027    
  0.11041833    
  0.10817188    
  0.10593088    
  0.10369530    
  0.10146513    
  9.92403254E-02
  9.70208719E-02
  9.48067307E-02
  9.25978944E-02
  9.03943181E-02
  8.81959870E-02
  8.60028788E-02
  8.38149562E-02
  8.16322118E-02
  7.94546008E-02
  7.72821158E-02
  7.51147270E-02
  7.29523972E-02
  7.07951188E-02
  6.86428621E-02
  6.64956048E-02
  6.43533245E-02
  6.22159913E-02
  6.00835979E-02
  5.79561032E-02
  5.58334924E-02
  5.37157319E-02
  5.16028218E-02
  4.94947247E-02
  4.73914258E-02
  4.52928916E-02
  4.31991033E-02
  4.11100499E-02
  3.90257016E-02
  3.69460396E-02
  3.48710418E-02
  3.28006856E-02
  3.07349619E-02
  2.86738351E-02
  2.66172811E-02
  2.45652962E-02
  2.25178506E-02
  2.04749219E-02
  1.84364952E-02
  1.64025687E-02
  1.43730687E-02
  1.23480158E-02
  1.03273932E-02
  8.31120461E-03
  6.29936624E-03
  4.29194840E-03
  2.28878018E-03
  2.89672636E-04
   3.1398880    
   3.1378980    
   3.1359119    
   3.1339304    
   3.1319530    
