  0.79349667    
  0.91642147    
  0.97022802    
  0.99847573    
   1.0142521    
   1.0229913    
   1.0273834    
   1.0289193    
   1.0284935    
   1.0266751    
   1.0238434    
   1.0202600    
   1.0161109    
   1.0115319    
   1.0066237    
   1.0014625    
  0.99610680    
  0.99060214    
  0.98498428    
  0.97928143    
  0.97351640    
  0.96770734    
  0.96186906    
  0.95601356    
  0.95015073    
  0.94428861    
  0.93843383    
  0.93259180    
  0.92676705    
  0.92096329    
  0.91518354    
  0.90943033    
  0.90370566    
  0.89801121    
  0.89234835    
  0.88671809    
  0.88112134    
  0.87555873    
  0.87003076    
  0.86453766    
  0.85907984    
  0.85365731    
  0.84827012    
  0.84291828    
  0.83760166    
  0.83232015    
  0.82707357    
  0.82186168    
  0.81668425    
  0.81154096    
  0.80643153    
  0.80135566    
  0.79631299    
  0.79130316    
  0.78632587    
  0.78138071    
  0.77646738    
  0.77158540    
  0.76673448    
  0.76191425    
  0.75712430    
  0.75236428    
  0.74763381    
  0.74293250    
  0.73826003    
  0.73361593    
  0.72899997    
  0.72441173    
  0.71985090    
  0.71531701    
  0.71080989    
  0.70632905    
  0.70187426    
  0.69744509    
  0.69304132    
  0.68866253    
  0.68430847    
  0.67997885    
  0.67567331    
  0.67139155    
  0.66713333    
  0.66289830    
  0.65868616    
  0.65449673    
  0.65032965    
  0.64618468    
  0.64206153    
  0.63795996    
  0.63387966    
  0.62982047    
  0.62578207    
  0.62176424    
  0.61776674    
  0.61378932    
  0.60983175    
  0.60589385    
  0.60197532    
  0.59807599    
  0.59419566    
  0.59033406    
  0.58649099    
  0.58266628    
  0.57885975    
  0.57507116    
  0.57130027    
  0.56754696    
  0.56381106    
  0.56009227    
  0.55639052    
  0.55270559    
  0.54903734    
  0.54538554    
  0.54175001    
  0.53813064    
  0.53452724    
  0.53093970    
  0.52736771    
  0.52381128    
  0.52027017    
  0.51674426    
  0.51323336    
  0.50973737    
  0.50625610    
  0.50278944    
  0.49933723    
  0.49589932    
  0.49247563    
  0.48906597    
  0.48567027    
  0.48228830    
  0.47892004    
  0.47556528    
  0.47222394    
  0.46889591    
  0.46558103    
  0.46227917    
  0.45899028    
  0.45571420    
  0.45245078    
  0.44920000    
  0.44596168    
  0.44273573    
  0.43952203    
  0.43632048    
  0.43313101    
  0.42995349    
  0.42678779    
  0.42363387    
  0.42049158    
  0.41736084    
  0.41424155    
  0.41113365    
  0.40803698    
  0.40495151    
  0.40187714    
  0.39881372    
  0.39576122    
  0.39271957    
  0.38968861    
  0.38666832    
  0.38365859    
  0.38065934    
  0.37767050    
  0.37469196    
  0.37172368    
  0.36876553    
  0.36581749    
  0.36287946    
  0.35995132    
  0.35703307    
  0.35412458    
  0.35122582    
  0.34833667    
  0.34545711    
  0.34258702    
  0.33972636    
  0.33687505    
  0.33403304    
  0.33120024    
  0.32837662    
  0.32556206    
  0.32275656    
  0.31995997    
  0.31717232    
  0.31439349    
  0.31162342    
  0.30886206    
  0.30610937    
  0.30336526    
  0.30062971    
  0.29790261    
  0.29518393    
  0.29247361    
  0.28977159    
  0.28707781    
  0.28439227    
  0.28171483    
  0.27904546    
  0.27638415    
  0.27373081    
  0.27108538    
  0.26844785    
  0.26581815    
  0.26319620    
  0.26058197    
  0.25797543    
  0.25537652    
  0.25278515    
  0.25020134    
  0.24762501    
  0.24505611    
  0.24249460    
  0.23994043    
  0.23739356    
  0.23485394    
  0.23232152    
  0.22979626    
  0.22727813    
  0.22476707    
  0.22226305    
  0.21976602    
  0.21727593    
  0.21479276    
  0.21231645    
  0.20984697    
  0.20738427    
  0.20492832    
  0.20247906    
  0.20003648    
  0.19760054    
  0.19517118    
  0.19274837    
  0.19033207    
  0.18792224    
  0.18551888    
  0.18312189    
  0.18073128    
  0.17834701    
  0.17596902    
  0.17359729    
  0.17123179    
  0.16887249    
  0.16651934    
  0.16417231    
  0.16183136    
  0.15949649    
  0.15716763    
  0.15484475    
  0.15252782    
  0.15021683    
  0.14791174    
  0.14561251    
  0.14331910    
  0.14103149    
  0.13874964    
  0.13647354    
  0.13420315    
  0.13193843    
  0.12967935    
  0.12742591    
  0.12517804    
  0.12293573    
  0.12069897    
  0.11846770    
  0.11624189    
  0.11402155    
  0.11180662    
  0.10959708    
  0.10739291    
  0.10519407    
  0.10300054    
  0.10081229    
  9.86293033E-02
  9.64515433E-02
  9.42789912E-02
  9.21116248E-02
  8.99493992E-02
  8.77923071E-02
  8.56403187E-02
  8.34934115E-02
  8.13515484E-02
  7.92147219E-02
  7.70829022E-02
  7.49560595E-02
  7.28341639E-02
  7.07172081E-02
  6.86051622E-02
  6.64980039E-02
  6.43957108E-02
  6.22982495E-02
  6.02056049E-02
  5.81177585E-02
  5.60346805E-02
  5.39563559E-02
  5.18827513E-02
  4.98138480E-02
  4.77496460E-02
  4.56900895E-02
  4.36351784E-02
  4.15848866E-02
