   1.6988832    
   1.5975782    
   1.5399292    
   1.4982706    
   1.4649370    
   1.4367378    
   1.4120419    
   1.3899027    
   1.3697207    
   1.3510914    
   1.3337286    
   1.3174216    
   1.3020108    
   1.2873721    
   1.2734071    
   1.2600358    
   1.2471929    
   1.2348237    
   1.2228825    
   1.2113301    
   1.2001331    
   1.1892624    
   1.1786926    
   1.1684014    
   1.1583692    
   1.1485785    
   1.1390138    
   1.1296608    
   1.1205072    
   1.1115414    
   1.1027529    
   1.0941325    
   1.0856714    
   1.0773616    
   1.0691959    
   1.0611675    
   1.0532702    
   1.0454984    
   1.0378464    
   1.0303094    
   1.0228829    
   1.0155624    
   1.0083438    
   1.0012233    
  0.99419743    
  0.98726273    
  0.98041606    
  0.97365445    
  0.96697503    
  0.96037519    
  0.95385242    
  0.94740421    
  0.94102842    
  0.93472278    
  0.92848527    
  0.92231405    
  0.91620708    
  0.91016275    
  0.90417922    
  0.89825499    
  0.89238846    
  0.88657814    
  0.88082266    
  0.87512058    
  0.86947066    
  0.86387169    
  0.85832238    
  0.85282165    
  0.84736830    
  0.84196138    
  0.83659977    
  0.83128256    
  0.82600868    
  0.82077736    
  0.81558758    
  0.81043857    
  0.80532950    
  0.80025953    
  0.79522789    
  0.79023385    
  0.78527671    
  0.78035575    
  0.77547032    
  0.77061969    
  0.76580328    
  0.76102048    
  0.75627065    
  0.75155324    
  0.74686772    
  0.74221349    
  0.73759001    
  0.73299682    
  0.72843337    
  0.72389919    
  0.71939385    
  0.71491683    
  0.71046770    
  0.70604599    
  0.70165133    
  0.69728327    
  0.69294143    
  0.68862540    
  0.68433481    
  0.68006927    
  0.67582840    
  0.67161191    
  0.66741937    
  0.66325051    
  0.65910494    
  0.65498233    
  0.65088248    
  0.64680493    
  0.64274949    
  0.63871586    
  0.63470364    
  0.63071269    
  0.62674266    
  0.62279326    
  0.61886430    
  0.61495543    
  0.61106646    
  0.60719717    
  0.60334724    
  0.59951645    
  0.59570462    
  0.59191149    
  0.58813685    
  0.58438045    
  0.58064210    
  0.57692158    
  0.57321870    
  0.56953323    
  0.56586504    
  0.56221384    
  0.55857950    
  0.55496180    
  0.55136061    
  0.54777569    
  0.54420692    
  0.54065406    
  0.53711700    
  0.53359556    
  0.53008956    
  0.52659881    
  0.52312326    
  0.51966262    
  0.51621681    
  0.51278561    
  0.50936902    
  0.50596672    
  0.50257868    
  0.49920475    
  0.49584475    
  0.49249858    
  0.48916608    
  0.48584715    
  0.48254162    
  0.47924939    
  0.47597030    
  0.47270429    
  0.46945119    
  0.46621087    
  0.46298325    
  0.45976821    
  0.45656562    
  0.45337537    
  0.45019737    
  0.44703147    
  0.44387761    
  0.44073564    
  0.43760550    
  0.43448704    
  0.43138018    
  0.42828485    
  0.42520091    
  0.42212826    
  0.41906685    
  0.41601655    
  0.41297728    
  0.40994892    
  0.40693143    
  0.40392467    
  0.40092862    
  0.39794311    
  0.39496812    
  0.39200354    
  0.38904926    
  0.38610527    
  0.38317141    
  0.38024765    
  0.37733391    
  0.37443009    
  0.37153611    
  0.36865190    
  0.36577743    
  0.36291257    
  0.36005723    
  0.35721141    
  0.35437500    
  0.35154793    
  0.34873015    
  0.34592155    
  0.34312209    
  0.34033170    
  0.33755034    
  0.33477789    
  0.33201435    
  0.32925957    
  0.32651359    
  0.32377627    
  0.32104757    
  0.31832746    
  0.31561583    
  0.31291267    
  0.31021789    
  0.30753145    
  0.30485326    
  0.30218330    
  0.29952148    
  0.29686779    
  0.29422215    
  0.29158449    
  0.28895479    
  0.28633296    
  0.28371900    
  0.28111279    
  0.27851436    
  0.27592358    
  0.27334046    
  0.27076492    
  0.26819691    
  0.26563638    
  0.26308331    
  0.26053762    
  0.25799927    
  0.25546825    
  0.25294447    
  0.25042790    
  0.24791850    
  0.24541621    
  0.24292101    
  0.24043283    
  0.23795165    
  0.23547742    
  0.23301008    
  0.23054962    
  0.22809598    
  0.22564912    
  0.22320899    
  0.22077557    
  0.21834882    
  0.21592867    
  0.21351512    
  0.21110812    
  0.20870762    
  0.20631358    
  0.20392598    
  0.20154476    
  0.19916992    
  0.19680138    
  0.19443914    
  0.19208315    
  0.18973337    
  0.18738976    
  0.18505231    
  0.18272096    
  0.18039568    
  0.17807646    
  0.17576323    
  0.17345598    
  0.17115469    
  0.16885929    
  0.16656978    
  0.16428612    
  0.16200827    
  0.15973620    
  0.15746988    
  0.15520929    
  0.15295438    
  0.15070514    
  0.14846154    
  0.14622352    
  0.14399108    
  0.14176418    
  0.13954280    
  0.13732691    
  0.13511646    
  0.13291146    
  0.13071184    
  0.12851760    
  0.12632871    
  0.12414514    
  0.12196685    
  0.11979382    
  0.11762604    
  0.11546347    
  0.11330608    
  0.11115386    
  0.10900676    
  0.10686477    
