   3.1276662    
   3.1214185    
   3.1163054    
   3.1117337    
   3.1074815    
   3.1034391    
   3.0995436    
   3.0957553    
   3.0920484    
   3.0884042    
   3.0848095    
   3.0812547    
   3.0777323    
   3.0742366    
   3.0707633    
   3.0673084    
   3.0638697    
   3.0604444    
   3.0570309    
   3.0536277    
   3.0502338    
   3.0468478    
   3.0434694    
   3.0400972    
   3.0367315    
   3.0333712    
   3.0300162    
   3.0266662    
   3.0233209    
   3.0199802    
   3.0166438    
   3.0133116    
   3.0099838    
   3.0066597    
   3.0033400    
   3.0000243    
   2.9967124    
   2.9934049    
   2.9901011    
   2.9868014    
   2.9835057    
   2.9802141    
   2.9769266    
   2.9736433    
   2.9703641    
   2.9670892    
   2.9638186    
   2.9605522    
   2.9572902    
   2.9540327    
   2.9507794    
   2.9475307    
   2.9442866    
   2.9410470    
   2.9378119    
   2.9345815    
   2.9313560    
   2.9281352    
   2.9249189    
   2.9217076    
   2.9185011    
   2.9152997    
   2.9121029    
   2.9089115    
   2.9057248    
   2.9025431    
   2.8993666    
   2.8961949    
   2.8930287    
   2.8898673    
   2.8867114    
   2.8835604    
   2.8804147    
   2.8772743    
   2.8741391    
   2.8710091    
   2.8678846    
   2.8647652    
   2.8616512    
   2.8585424    
   2.8554392    
   2.8523414    
   2.8492489    
   2.8461616    
   2.8430798    
   2.8400035    
   2.8369327    
   2.8338673    
   2.8308072    
   2.8277526    
   2.8247035    
   2.8216598    
   2.8186214    
   2.8155887    
   2.8125615    
   2.8095396    
   2.8065233    
   2.8035123    
   2.8005071    
   2.7975070    
   2.7945125    
   2.7915237    
   2.7885401    
   2.7855620    
   2.7825894    
   2.7796223    
   2.7766607    
   2.7737045    
   2.7707536    
   2.7678084    
   2.7648685    
   2.7619340    
   2.7590051    
   2.7560813    
   2.7531633    
   2.7502506    
   2.7473431    
   2.7444413    
   2.7415445    
   2.7386534    
   2.7357676    
   2.7328870    
   2.7300119    
   2.7271421    
   2.7242777    
   2.7214186    
   2.7185647    
   2.7157164    
   2.7128732    
   2.7100353    
   2.7072027    
   2.7043753    
   2.7015531    
   2.6987362    
   2.6959245    
   2.6931181    
   2.6903169    
   2.6875207    
   2.6847301    
   2.6819444    
   2.6791637    
   2.6763885    
   2.6736183    
   2.6708531    
   2.6680932    
   2.6653383    
   2.6625884    
   2.6598437    
   2.6571040    
   2.6543694    
   2.6516397    
   2.6489151    
   2.6461957    
   2.6434810    
   2.6407714    
   2.6380668    
   2.6353672    
   2.6326723    
   2.6299825    
   2.6272976    
   2.6246176    
   2.6219425    
   2.6192722    
   2.6166070    
   2.6139464    
   2.6112907    
   2.6086400    
   2.6059937    
   2.6033525    
   2.6007161    
   2.5980844    
   2.5954573    
   2.5928352    
   2.5902176    
   2.5876048    
   2.5849967    
   2.5823934    
   2.5797946    
   2.5772004    
   2.5746109    
   2.5720263    
   2.5694461    
   2.5668705    
   2.5642993    
   2.5617330    
   2.5591710    
   2.5566137    
   2.5540609    
   2.5515127    
   2.5489688    
   2.5464296    
   2.5438948    
   2.5413644    
   2.5388386    
   2.5363171    
   2.5338001    
   2.5312874    
   2.5287793    
   2.5262754    
   2.5237761    
   2.5212808    
   2.5187900    
   2.5163035    
   2.5138216    
   2.5113437    
   2.5088701    
   2.5064011    
   2.5039361    
   2.5014753    
   2.4990189    
   2.4965665    
   2.4941185    
   2.4916747    
   2.4892349    
   2.4867995    
   2.4843683    
   2.4819410    
   2.4795179    
   2.4770992    
   2.4746842    
   2.4722736    
   2.4698670    
   2.4674644    
   2.4650660    
   2.4626715    
   2.4602811    
   2.4578948    
   2.4555125    
   2.4531341    
   2.4507596    
   2.4483893    
   2.4460227    
   2.4436603    
   2.4413018    
   2.4389472    
   2.4365964    
   2.4342496    
   2.4319067    
   2.4295676    
   2.4272325    
   2.4249010    
   2.4225736    
   2.4202499    
   2.4179301    
   2.4156139    
   2.4133017    
   2.4109933    
   2.4086885    
   2.4063876    
   2.4040904    
   2.4017971    
   2.3995073    
   2.3972213    
   2.3949389    
   2.3926604    
   2.3903854    
   2.3881142    
   2.3858466    
   2.3835826    
   2.3813224    
   2.3790655    
   2.3768125    
   2.3745630    
   2.3723171    
   2.3700747    
   2.3678360    
   2.3656008    
   2.3633692    
   2.3611412    
   2.3589168    
   2.3566957    
   2.3544781    
   2.3522639    
   2.3500535    
   2.3478465    
   2.3456428    
   2.3434427    
   2.3412459    
   2.3390527    
   2.3368628    
   2.3346763    
   2.3324933    
   2.3303137    
   2.3281374    
   2.3259645    
   2.3237948    
   2.3216288    
   2.3194659    
   2.3173065    
   2.3151503    
   2.3129973    
   2.3108478    
   2.3087015    
   2.3065586    
   2.3044188    
   2.3022823    
   2.3001492    
   2.2980194    
   2.2958927    
   2.2937691    
