   1.6318461    
   1.5493207    
   1.5002801    
   1.4638201    
   1.4340582    
   1.4085066    
   1.3858742    
   1.3654014    
   1.3466017    
   1.3291429    
   1.3127879    
   1.2973605    
   1.2827262    
   1.2687794    
   1.2554358    
   1.2426270    
   1.2302963    
   1.2183959    
   1.2068861    
   1.1957324    
   1.1849051    
   1.1743785    
   1.1641302    
   1.1541401    
   1.1443908    
   1.1348665    
   1.1255531    
   1.1164379    
   1.1075095    
   1.0987576    
   1.0901725    
   1.0817459    
   1.0734695    
   1.0653363    
   1.0573395    
   1.0494730    
   1.0417309    
   1.0341079    
   1.0265992    
   1.0192000    
   1.0119060    
   1.0047134    
  0.99761808    
  0.99061668    
  0.98370582    
  0.97688234    
  0.97014332    
  0.96348590    
  0.95690751    
  0.95040554    
  0.94397771    
  0.93762177    
  0.93133551    
  0.92511696    
  0.91896415    
  0.91287518    
  0.90684837    
  0.90088207    
  0.89497459    
  0.88912445    
  0.88333017    
  0.87759030    
  0.87190360    
  0.86626863    
  0.86068428    
  0.85514933    
  0.84966260    
  0.84422302    
  0.83882958    
  0.83348113    
  0.82817680    
  0.82291561    
  0.81769669    
  0.81251907    
  0.80738199    
  0.80228460    
  0.79722607    
  0.79220569    
  0.78722268    
  0.78227633    
  0.77736598    
  0.77249098    
  0.76765060    
  0.76284420    
  0.75807130    
  0.75333118    
  0.74862331    
  0.74394709    
  0.73930204    
  0.73468763    
  0.73010331    
  0.72554862    
  0.72102302    
  0.71652609    
  0.71205741    
  0.70761645    
  0.70320278    
  0.69881600    
  0.69445574    
  0.69012153    
  0.68581307    
  0.68152988    
  0.67727160    
  0.67303795    
  0.66882855    
  0.66464299    
  0.66048098    
  0.65634221    
  0.65222627    
  0.64813298    
  0.64406192    
  0.64001286    
  0.63598543    
  0.63197947    
  0.62799460    
  0.62403059    
  0.62008715    
  0.61616397    
  0.61226088    
  0.60837764    
  0.60451394    
  0.60066950    
  0.59684420    
  0.59303778    
  0.58924997    
  0.58548057    
  0.58172929    
  0.57799608    
  0.57428062    
  0.57058269    
  0.56690216    
  0.56323874    
  0.55959237    
  0.55596274    
  0.55234975    
  0.54875314    
  0.54517275    
  0.54160845    
  0.53806007    
  0.53452736    
  0.53101027    
  0.52750850    
  0.52402198    
  0.52055061    
  0.51709408    
  0.51365232    
  0.51022518    
  0.50681251    
  0.50341421    
  0.50003004    
  0.49665993    
  0.49330375    
  0.48996130    
  0.48663253    
  0.48331723    
  0.48001531    
  0.47672665    
  0.47345114    
  0.47018862    
  0.46693897    
  0.46370208    
  0.46047786    
  0.45726618    
  0.45406690    
  0.45087993    
  0.44770515    
  0.44454247    
  0.44139177    
  0.43825293    
  0.43512589    
  0.43201050    
  0.42890668    
  0.42581436    
  0.42273340    
  0.41966370    
  0.41660517    
  0.41355777    
  0.41052136    
  0.40749583    
  0.40448111    
  0.40147716    
  0.39848381    
  0.39550105    
  0.39252871    
  0.38956678    
  0.38661516    
  0.38367376    
  0.38074249    
  0.37782127    
  0.37491006    
  0.37200874    
  0.36911723    
  0.36623549    
  0.36336344    
  0.36050099    
  0.35764804    
  0.35480461    
  0.35197052    
  0.34914577    
  0.34633026    
  0.34352395    
  0.34072673    
  0.33793861    
  0.33515942    
  0.33238918    
  0.32962778    
  0.32687518    
  0.32413131    
  0.32139611    
  0.31866950    
  0.31595147    
  0.31324190    
  0.31054077    
  0.30784798    
  0.30516353    
  0.30248734    
  0.29981932    
  0.29715946    
  0.29450768    
  0.29186395    
  0.28922820    
  0.28660038    
  0.28398043    
  0.28136829    
  0.27876392    
  0.27616727    
  0.27357832    
  0.27099696    
  0.26842317    
  0.26585692    
  0.26329812    
  0.26074678    
  0.25820279    
  0.25566617    
  0.25313681    
  0.25061467    
  0.24809976    
  0.24559200    
  0.24309133    
  0.24059772    
  0.23811115    
  0.23563156    
  0.23315889    
  0.23069310    
  0.22823419    
  0.22578207    
  0.22333673    
  0.22089811    
  0.21846618    
  0.21604089    
  0.21362223    
  0.21121013    
  0.20880456    
  0.20640551    
  0.20401289    
  0.20162669    
  0.19924688    
  0.19687343    
  0.19450627    
  0.19214539    
  0.18979074    
  0.18744232    
  0.18510003    
  0.18276390    
  0.18043387    
  0.17810990    
  0.17579196    
  0.17348003    
  0.17117405    
  0.16887401    
  0.16657987    
  0.16429161    
  0.16200916    
  0.15973255    
  0.15746169    
  0.15519658    
  0.15293719    
  0.15068346    
  0.14843540    
  0.14619295    
  0.14395611    
  0.14172482    
  0.13949907    
  0.13727883    
  0.13506405    
  0.13285473    
  0.13065083    
  0.12845232    
  0.12625916    
  0.12407136    
  0.12188885    
  0.11971164    
  0.11753968    
  0.11537295    
  0.11321142    
  0.11105508    
  0.10890388    
  0.10675780    
  0.10461684    
  0.10248093    
