   1.0495043    
   1.1275136    
   1.1528741    
   1.1615750    
   1.1629357    
   1.1604985    
   1.1559051    
   1.1500162    
   1.1433229    
   1.1361231    
   1.1286055    
   1.1208943    
   1.1130732    
   1.1051999    
   1.0973148    
   1.0894463    
   1.0816146    
   1.0738343    
   1.0661153    
   1.0584650    
   1.0508881    
   1.0433880    
   1.0359665    
   1.0286249    
   1.0213633    
   1.0141816    
   1.0070794    
   1.0000557    
  0.99310946    
  0.98623949    
  0.97944444    
  0.97272295    
  0.96607345    
  0.95949453    
  0.95298469    
  0.94654244    
  0.94016629    
  0.93385476    
  0.92760640    
  0.92141980    
  0.91529363    
  0.90922642    
  0.90321702    
  0.89726400    
  0.89136612    
  0.88552225    
  0.87973118    
  0.87399179    
  0.86830288    
  0.86266345    
  0.85707247    
  0.85152882    
  0.84603167    
  0.84057999    
  0.83517283    
  0.82980931    
  0.82448864    
  0.81920987    
  0.81397229    
  0.80877501    
  0.80361730    
  0.79849845    
  0.79341769    
  0.78837436    
  0.78336769    
  0.77839714    
  0.77346200    
  0.76856166    
  0.76369548    
  0.75886291    
  0.75406331    
  0.74929625    
  0.74456108    
  0.73985726    
  0.73518437    
  0.73054183    
  0.72592914    
  0.72134590    
  0.71679157    
  0.71226579    
  0.70776802    
  0.70329791    
  0.69885498    
  0.69443887    
  0.69004917    
  0.68568546    
  0.68134737    
  0.67703462    
  0.67274672    
  0.66848338    
  0.66424423    
  0.66002899    
  0.65583730    
  0.65166885    
  0.64752322    
  0.64340025    
  0.63929963    
  0.63522094    
  0.63116401    
  0.62712848    
  0.62311417    
  0.61912072    
  0.61514789    
  0.61119550    
  0.60726315    
  0.60335070    
  0.59945792    
  0.59558451    
  0.59173024    
  0.58789492    
  0.58407831    
  0.58028018    
  0.57650036    
  0.57273853    
  0.56899464    
  0.56526834    
  0.56155956    
  0.55786800    
  0.55419350    
  0.55053586    
  0.54689497    
  0.54327053    
  0.53966248    
  0.53607059    
  0.53249466    
  0.52893460    
  0.52539015    
  0.52186120    
  0.51834756    
  0.51484913    
  0.51136571    
  0.50789714    
  0.50444329    
  0.50100404    
  0.49757919    
  0.49416864    
  0.49077222    
  0.48738983    
  0.48402131    
  0.48066652    
  0.47732532    
  0.47399762    
  0.47068328    
  0.46738216    
  0.46409416    
  0.46081913    
  0.45755696    
  0.45430753    
  0.45107076    
  0.44784650    
  0.44463465    
  0.44143507    
  0.43824771    
  0.43507242    
  0.43190908    
  0.42875764    
  0.42561796    
  0.42248994    
  0.41937351    
  0.41626853    
  0.41317493    
  0.41009262    
  0.40702146    
  0.40396142    
  0.40091237    
  0.39787424    
  0.39484692    
  0.39183033    
  0.38882437    
  0.38582900    
  0.38284409    
  0.37986958    
  0.37690538    
  0.37395141    
  0.37100759    
  0.36807385    
  0.36515009    
  0.36223623    
  0.35933223    
  0.35643801    
  0.35355347    
  0.35067853    
  0.34781316    
  0.34495726    
  0.34211075    
  0.33927360    
  0.33644572    
  0.33362702    
  0.33081746    
  0.32801697    
  0.32522547    
  0.32244292    
  0.31966922    
  0.31690437    
  0.31414822    
  0.31140080    
  0.30866197    
  0.30593172    
  0.30320999    
  0.30049670    
  0.29779178    
  0.29509521    
  0.29240692    
  0.28972682    
  0.28705493    
  0.28439111    
  0.28173536    
  0.27908760    
  0.27644780    
  0.27381590    
  0.27119184    
  0.26857558    
  0.26596704    
  0.26336619    
  0.26077300    
  0.25818741    
  0.25560936    
  0.25303879    
  0.25047570    
  0.24791999    
  0.24537164    
  0.24283059    
  0.24029681    
  0.23777026    
  0.23525088    
  0.23273861    
  0.23023345    
  0.22773533    
  0.22524419    
  0.22276004    
  0.22028278    
  0.21781240    
  0.21534885    
  0.21289212    
  0.21044211    
  0.20799883    
  0.20556220    
  0.20313223    
  0.20070884    
  0.19829202    
  0.19588169    
  0.19347787    
  0.19108048    
  0.18868950    
  0.18630488    
  0.18392661    
  0.18155463    
  0.17918891    
  0.17682941    
  0.17447612    
  0.17212898    
  0.16978796    
  0.16745304    
  0.16512416    
  0.16280131    
  0.16048445    
  0.15817353    
  0.15586856    
  0.15356946    
  0.15127625    
  0.14898884    
  0.14670724    
  0.14443140    
  0.14216129    
  0.13989690    
  0.13763818    
  0.13538511    
  0.13313764    
  0.13089576    
  0.12865946    
  0.12642866    
  0.12420338    
  0.12198355    
  0.11976918    
  0.11756022    
  0.11535665    
  0.11315843    
  0.11096555    
  0.10877797    
  0.10659567    
  0.10441863    
  0.10224681    
  0.10008019    
  9.79187489E-02
  9.57624540E-02
  9.36112776E-02
  9.14651975E-02
  8.93241987E-02
  8.71882439E-02
  8.50573108E-02
  8.29313770E-02
  8.08104202E-02
  7.86944032E-02
  7.65833259E-02
  7.44771436E-02
  7.23758489E-02
  7.02793971E-02
  6.81877881E-02
  6.61009848E-02
  6.40189722E-02
