   3.0150688    
   2.9627573    
   2.9226825    
   2.8889523    
   2.8592832    
   2.8325031    
   2.8079154    
   2.7850664    
   2.7636399    
   2.7434065    
   2.7241921    
   2.7058620    
   2.6883087    
   2.6714449    
   2.6551986    
   2.6395099    
   2.6243281    
   2.6096094    
   2.5953164    
   2.5814164    
   2.5678804    
   2.5546834    
   2.5418029    
   2.5292187    
   2.5169129    
   2.5048692    
   2.4930730    
   2.4815106    
   2.4701703    
   2.4590404    
   2.4481111    
   2.4373729    
   2.4268169    
   2.4164355    
   2.4062207    
   2.3961656    
   2.3862641    
   2.3765101    
   2.3668976    
   2.3574216    
   2.3480773    
   2.3388596    
   2.3297644    
   2.3207874    
   2.3119249    
   2.3031731    
   2.2945282    
   2.2859874    
   2.2775474    
   2.2692049    
   2.2609575    
   2.2528021    
   2.2447364    
   2.2367578    
   2.2288640    
   2.2210529    
   2.2133222    
   2.2056696    
   2.1980937    
   2.1905923    
   2.1831634    
   2.1758058    
   2.1685174    
   2.1612966    
   2.1541421    
   2.1470523    
   2.1400256    
   2.1330612    
   2.1261570    
   2.1193123    
   2.1125257    
   2.1057961    
   2.0991220    
   2.0925026    
   2.0859368    
   2.0794234    
   2.0729618    
   2.0665505    
   2.0601890    
   2.0538759    
   2.0476108    
   2.0413926    
   2.0352206    
   2.0290937    
   2.0230114    
   2.0169730    
   2.0109775    
   2.0050242    
   1.9991127    
   1.9932420    
   1.9874115    
   1.9816207    
   1.9758688    
   1.9701554    
   1.9644796    
   1.9588411    
   1.9532391    
   1.9476733    
   1.9421430    
   1.9366477    
   1.9311869    
   1.9257601    
   1.9203669    
   1.9150066    
   1.9096791    
   1.9043835    
   1.8991196    
   1.8938870    
   1.8886853    
   1.8835139    
   1.8783726    
   1.8732609    
   1.8681784    
   1.8631247    
   1.8580995    
   1.8531024    
   1.8481331    
   1.8431911    
   1.8382764    
   1.8333882    
   1.8285265    
   1.8236909    
   1.8188812    
   1.8140967    
   1.8093375    
   1.8046032    
   1.7998934    
   1.7952080    
   1.7905465    
   1.7859088    
   1.7812946    
   1.7767035    
   1.7721355    
   1.7675900    
   1.7630671    
   1.7585664    
   1.7540877    
   1.7496306    
   1.7451950    
   1.7407807    
   1.7363875    
   1.7320150    
   1.7276632    
   1.7233318    
   1.7190205    
   1.7147292    
   1.7104577    
   1.7062058    
   1.7019732    
   1.6977599    
   1.6935655    
   1.6893899    
   1.6852330    
   1.6810945    
   1.6769743    
   1.6728722    
   1.6687880    
   1.6647215    
   1.6606727    
   1.6566411    
   1.6526270    
   1.6486299    
   1.6446497    
   1.6406864    
   1.6367396    
   1.6328094    
   1.6288955    
   1.6249979    
   1.6211162    
   1.6172504    
   1.6134005    
   1.6095661    
   1.6057472    
   1.6019437    
   1.5981555    
   1.5943823    
   1.5906241    
   1.5868808    
   1.5831522    
   1.5794381    
   1.5757385    
   1.5720534    
   1.5683824    
   1.5647256    
   1.5610827    
   1.5574539    
   1.5538387    
   1.5502372    
   1.5466492    
   1.5430748    
   1.5395137    
   1.5359658    
   1.5324310    
   1.5289093    
   1.5254005    
   1.5219046    
   1.5184214    
   1.5149509    
   1.5114928    
   1.5080472    
   1.5046140    
   1.5011930    
   1.4977844    
   1.4943876    
   1.4910029    
   1.4876301    
   1.4842691    
   1.4809198    
   1.4775822    
   1.4742562    
   1.4709415    
   1.4676384    
   1.4643464    
   1.4610658    
   1.4577963    
   1.4545379    
   1.4512905    
   1.4480540    
   1.4448283    
   1.4416133    
   1.4384092    
   1.4352156    
   1.4320325    
   1.4288599    
   1.4256978    
   1.4225459    
   1.4194044    
   1.4162730    
   1.4131517    
   1.4100406    
   1.4069394    
   1.4038482    
   1.4007667    
   1.3976951    
   1.3946333    
   1.3915811    
   1.3885385    
   1.3855054    
   1.3824818    
   1.3794677    
   1.3764629    
   1.3734674    
   1.3704813    
   1.3675041    
   1.3645363    
   1.3615774    
   1.3586276    
   1.3556867    
   1.3527547    
   1.3498316    
   1.3469173    
   1.3440117    
   1.3411148    
   1.3382266    
   1.3353468    
   1.3324757    
   1.3296131    
   1.3267587    
   1.3239130    
   1.3210754    
   1.3182461    
   1.3154252    
   1.3126123    
   1.3098075    
   1.3070109    
   1.3042223    
   1.3014418    
   1.2986691    
   1.2959043    
   1.2931474    
   1.2903984    
   1.2876570    
   1.2849234    
   1.2821975    
   1.2794791    
   1.2767684    
   1.2740654    
   1.2713697    
   1.2686815    
   1.2660007    
   1.2633274    
   1.2606612    
   1.2580025    
   1.2553511    
   1.2527068    
   1.2500696    
   1.2474397    
   1.2448169    
   1.2422011    
   1.2395923    
   1.2369906    
   1.2343957    
   1.2318078    
   1.2292268    
   1.2266526    
   1.2240852    
   1.2215246    
   1.2189707    
   1.2164235    
   1.2138829    
