  0.21417175    
  0.29022488    
  0.34144983    
  0.37956321    
  0.40930688    
  0.43318591    
  0.45271656    
  0.46889687    
  0.48242247    
  0.49379885    
  0.50340521    
  0.51153350    
  0.51841277    
  0.52422631    
  0.52912253    
  0.53322345    
  0.53663021    
  0.53942764    
  0.54168737    
  0.54347038    
  0.54482913    
  0.54580873    
  0.54644829    
  0.54678208    
  0.54683989    
  0.54664826    
  0.54623038    
  0.54560697    
  0.54479635    
  0.54381502    
  0.54267764    
  0.54139751    
  0.53998643    
  0.53845531    
  0.53681374    
  0.53507066    
  0.53323412    
  0.53131133    
  0.52930903    
  0.52723336    
  0.52508992    
  0.52288377    
  0.52061975    
  0.51830208    
  0.51593488    
  0.51352179    
  0.51106620    
  0.50857127    
  0.50603998    
  0.50347501    
  0.50087887    
  0.49825394    
  0.49560237    
  0.49292618    
  0.49022728    
  0.48750740    
  0.48476821    
  0.48201126    
  0.47923794    
  0.47644964    
  0.47364759    
  0.47083300    
  0.46800694    
  0.46517044    
  0.46232450    
  0.45947003    
  0.45660788    
  0.45373887    
  0.45086372    
  0.44798318    
  0.44509789    
  0.44220853    
  0.43931568    
  0.43641984    
  0.43352163    
  0.43062150    
  0.42771992    
  0.42481732    
  0.42191416    
  0.41901082    
  0.41610765    
  0.41320503    
  0.41030326    
  0.40740272    
  0.40450364    
  0.40160632    
  0.39871103    
  0.39581800    
  0.39292750    
  0.39003974    
  0.38715494    
  0.38427329    
  0.38139495    
  0.37852016    
  0.37564903    
  0.37278175    
  0.36991847    
  0.36705932    
  0.36420444    
  0.36135396    
  0.35850799    
  0.35566664    
  0.35283002    
  0.34999824    
  0.34717140    
  0.34434956    
  0.34153280    
  0.33872125    
  0.33591491    
  0.33311391    
  0.33031830    
  0.32752812    
  0.32474342    
  0.32196429    
  0.31919077    
  0.31642291    
  0.31366071    
  0.31090426    
  0.30815357    
  0.30540869    
  0.30266961    
  0.29993641    
  0.29720911    
  0.29448774    
  0.29177228    
  0.28906277    
  0.28635925    
  0.28366172    
  0.28097022    
  0.27828470    
  0.27560520    
  0.27293178    
  0.27026439    
  0.26760304    
  0.26494777    
  0.26229855    
  0.25965542    
  0.25701836    
  0.25438735    
  0.25176242    
  0.24914356    
  0.24653076    
  0.24392402    
  0.24132335    
  0.23872873    
  0.23614016    
  0.23355763    
  0.23098113    
  0.22841066    
  0.22584622    
  0.22328778    
  0.22073534    
  0.21818890    
  0.21564843    
  0.21311393    
  0.21058539    
  0.20806278    
  0.20554611    
  0.20303535    
  0.20053051    
  0.19803156    
  0.19553848    
  0.19305126    
  0.19056989    
  0.18809435    
  0.18562463    
  0.18316071    
  0.18070257    
  0.17825021    
  0.17580359    
  0.17336270    
  0.17092754    
  0.16849808    
  0.16607431    
  0.16365620    
  0.16124375    
  0.15883692    
  0.15643571    
  0.15404010    
  0.15165006    
  0.14926557    
  0.14688665    
  0.14451323    
  0.14214532    
  0.13978291    
  0.13742596    
  0.13507445    
  0.13272838    
  0.13038772    
  0.12805244    
  0.12572256    
  0.12339802    
  0.12107882    
  0.11876494    
  0.11645635    
  0.11415305    
  0.11185501    
  0.10956221    
  0.10727463    
  0.10499226    
  0.10271507    
  0.10044305    
  9.81761664E-02
  9.59144309E-02
  9.36577916E-02
  9.14062411E-02
  8.91597718E-02
  8.69183466E-02
  8.46819580E-02
  8.24505836E-02
  8.02242160E-02
  7.80028179E-02
  7.57863745E-02
  7.35748783E-02
  7.13682994E-02
  6.91666305E-02
  6.69698492E-02
  6.47779331E-02
  6.25908598E-02
  6.04086183E-02
  5.82311936E-02
  5.60585596E-02
  5.38906977E-02
  5.17276004E-02
  4.95692380E-02
  4.74155955E-02
  4.52666618E-02
  4.31224108E-02
  4.09828275E-02
  3.88478972E-02
  3.67175937E-02
  3.45919095E-02
  3.24708261E-02
  3.03543154E-02
  2.82423720E-02
  2.61349641E-02
  2.40320954E-02
  2.19337288E-02
  1.98398810E-02
  1.77504849E-02
  1.56655610E-02
  1.35850618E-02
  1.15089845E-02
  9.43736639E-03
  7.37006776E-03
  5.30718639E-03
  3.24872904E-03
  1.19466067E-03
   3.1407375    
   3.1386917    
   3.1366506    
   3.1346135    
   3.1325808    
   3.1305523    
   3.1285281    
   3.1265080    
   3.1244922    
   3.1224806    
   3.1204731    
   3.1184697    
   3.1164706    
   3.1144755    
   3.1124845    
   3.1104977    
   3.1085148    
   3.1065361    
   3.1045613    
   3.1025906    
   3.1006241    
   3.0986612    
   3.0967026    
   3.0947478    
   3.0927970    
   3.0908504    
   3.0889075    
   3.0869684    
   3.0850334    
   3.0831020    
   3.0811749    
   3.0792513    
   3.0773315    
   3.0754158    
   3.0735037    
   3.0715954    
   3.0696912    
   3.0677905    
   3.0658934    
   3.0640004    
   3.0621109    
   3.0602252    
   3.0583432    
   3.0564649    
   3.0545902    
   3.0527191    
   3.0508518    
   3.0489881    
   3.0471280    
   3.0452714    
   3.0434186    
   3.0415692    
