  0.37545478    
  0.48973557    
  0.55884236    
  0.60581040    
  0.63964915    
  0.66489071    
  0.68413651    
  0.69901121    
  0.71059150    
  0.71962363    
  0.72664332    
  0.73204619    
  0.73613119    
  0.73912889    
  0.74122018    
  0.74254888    
  0.74323094    
  0.74336094    
  0.74301666    
  0.74226278    
  0.74115348    
  0.73973441    
  0.73804444    
  0.73611671    
  0.73397970    
  0.73165798    
  0.72917295    
  0.72654319    
  0.72378498    
  0.72091269    
  0.71793878    
  0.71487451    
  0.71172971    
  0.70851314    
  0.70523268    
  0.70189536    
  0.69850731    
  0.69507432    
  0.69160134    
  0.68809301    
  0.68455338    
  0.68098629    
  0.67739499    
  0.67378265    
  0.67015195    
  0.66650552    
  0.66284555    
  0.65917426    
  0.65549350    
  0.65180504    
  0.64811045    
  0.64441121    
  0.64070868    
  0.63700414    
  0.63329858    
  0.62959313    
  0.62588871    
  0.62218618    
  0.61848634    
  0.61478996    
  0.61109769    
  0.60741013    
  0.60372788    
  0.60005140    
  0.59638131    
  0.59271789    
  0.58906162    
  0.58541286    
  0.58177197    
  0.57813925    
  0.57451493    
  0.57089937    
  0.56729275    
  0.56369525    
  0.56010717    
  0.55652863    
  0.55295980    
  0.54940081    
  0.54585183    
  0.54231292    
  0.53878427    
  0.53526592    
  0.53175795    
  0.52826047    
  0.52477354    
  0.52129722    
  0.51783150    
  0.51437652    
  0.51093227    
  0.50749880    
  0.50407606    
  0.50066417    
  0.49726307    
  0.49387279    
  0.49049333    
  0.48712468    
  0.48376685    
  0.48041984    
  0.47708362    
  0.47375819    
  0.47044352    
  0.46713957    
  0.46384636    
  0.46056381    
  0.45729196    
  0.45403072    
  0.45078009    
  0.44754001    
  0.44431049    
  0.44109145    
  0.43788287    
  0.43468472    
  0.43149692    
  0.42831948    
  0.42515233    
  0.42199540    
  0.41884869    
  0.41571215    
  0.41258574    
  0.40946937    
  0.40636301    
  0.40326664    
  0.40018019    
  0.39710364    
  0.39403689    
  0.39097992    
  0.38793269    
  0.38489515    
  0.38186723    
  0.37884888    
  0.37584007    
  0.37284073    
  0.36985084    
  0.36687031    
  0.36389914    
  0.36093724    
  0.35798454    
  0.35504106    
  0.35210669    
  0.34918141    
  0.34626517    
  0.34335789    
  0.34045956    
  0.33757010    
  0.33468947    
  0.33181763    
  0.32895452    
  0.32610011    
  0.32325435    
  0.32041714    
  0.31758851    
  0.31476834    
  0.31195664    
  0.30915335    
  0.30635840    
  0.30357173    
  0.30079335    
  0.29802316    
  0.29526117    
  0.29250729    
  0.28976145    
  0.28702366    
  0.28429389    
  0.28157201    
  0.27885807    
  0.27615196    
  0.27345365    
  0.27076310    
  0.26808029    
  0.26540515    
  0.26273766    
  0.26007774    
  0.25742540    
  0.25478053    
  0.25214314    
  0.24951319    
  0.24689063    
  0.24427541    
  0.24166748    
  0.23906682    
  0.23647340    
  0.23388715    
  0.23130804    
  0.22873606    
  0.22617114    
  0.22361323    
  0.22106233    
  0.21851839    
  0.21598135    
  0.21345119    
  0.21092789    
  0.20841138    
  0.20590165    
  0.20339864    
  0.20090234    
  0.19841269    
  0.19592968    
  0.19345325    
  0.19098338    
  0.18852003    
  0.18606317    
  0.18361276    
  0.18116876    
  0.17873117    
  0.17629991    
  0.17387499    
  0.17145634    
  0.16904396    
  0.16663779    
  0.16423781    
  0.16184400    
  0.15945630    
  0.15707470    
  0.15469918    
  0.15232968    
  0.14996618    
  0.14760865    
  0.14525709    
  0.14291140    
  0.14057162    
  0.13823770    
  0.13590959    
  0.13358727    
  0.13127072    
  0.12895991    
  0.12665482    
  0.12435540    
  0.12206163    
  0.11977349    
  0.11749094    
  0.11521397    
  0.11294254    
  0.11067662    
  0.10841620    
  0.10616124    
  0.10391171    
  0.10166759    
  9.94288623E-02
  9.71954837E-02
  9.49674472E-02
  9.27447155E-02
  9.05272588E-02
  8.83150697E-02
  8.61081034E-02
  8.39063525E-02
  8.17097798E-02
  7.95183703E-02
  7.73320869E-02
  7.51509294E-02
  7.29748458E-02
  7.08038211E-02
  6.86378554E-02
  6.64768890E-02
  6.43209293E-02
  6.21699244E-02
  6.00238778E-02
  5.78827523E-02
  5.57465255E-02
  5.36151864E-02
  5.14887087E-02
  4.93670553E-02
  4.72502224E-02
  4.51381803E-02
  4.30309176E-02
  4.09283899E-02
  3.88305932E-02
  3.67375165E-02
  3.46491225E-02
  3.25653739E-02
  3.04862875E-02
  2.84118354E-02
  2.63419766E-02
  2.42766943E-02
  2.22159792E-02
  2.01598182E-02
  1.81081519E-02
  1.60610098E-02
  1.40183549E-02
  1.19801611E-02
  9.94641613E-03
  7.91707542E-03
  5.89218782E-03
  3.87160573E-03
  1.85555103E-03
   3.1414359    
   3.1394289    
   3.1374257    
   3.1354270    
   3.1334324    
   3.1314421    
   3.1294558    
   3.1274741    
   3.1254964    
   3.1235230    
   3.1215537    
   3.1195886    
   3.1176276    
   3.1156707    
   3.1137178    
   3.1117692    
