   1.5718473    
   1.5065526    
   1.4652584    
   1.4334413    
   1.4068567    
   1.3836542    
   1.3628495    
   1.3438510    
   1.3262727    
   1.3098477    
   1.2943822    
   1.2797307    
   1.2657808    
   1.2524439    
   1.2396481    
   1.2273349    
   1.2154551    
   1.2039676    
   1.1928375    
   1.1820345    
   1.1715326    
   1.1613090    
   1.1513435    
   1.1416184    
   1.1321179    
   1.1228278    
   1.1137354    
   1.1048293    
   1.0960990    
   1.0875351    
   1.0791290    
   1.0708727    
   1.0627588    
   1.0547808    
   1.0469326    
   1.0392082    
   1.0316025    
   1.0241104    
   1.0167276    
   1.0094494    
   1.0022720    
  0.99519157    
  0.98820466    
  0.98130786    
  0.97449809    
  0.96777236    
  0.96112788    
  0.95456207    
  0.94807237    
  0.94165647    
  0.93531209    
  0.92903715    
  0.92282963    
  0.91668749    
  0.91060907    
  0.90459245    
  0.89863604    
  0.89273828    
  0.88689756    
  0.88111252    
  0.87538171    
  0.86970377    
  0.86407739    
  0.85850143    
  0.85297471    
  0.84749597    
  0.84206426    
  0.83667839    
  0.83133745    
  0.82604045    
  0.82078642    
  0.81557447    
  0.81040370    
  0.80527335    
  0.80018246    
  0.79513037    
  0.79011631    
  0.78513944    
  0.78019917    
  0.77529472    
  0.77042550    
  0.76559079    
  0.76078999    
  0.75602251    
  0.75128776    
  0.74658513    
  0.74191409    
  0.73727405    
  0.73266459    
  0.72808516    
  0.72353524    
  0.71901429    
  0.71452200    
  0.71005774    
  0.70562124    
  0.70121193    
  0.69682944    
  0.69247335    
  0.68814325    
  0.68383884    
  0.67955959    
  0.67530531    
  0.67107546    
  0.66686982    
  0.66268796    
  0.65852958    
  0.65439439    
  0.65028203    
  0.64619213    
  0.64212453    
  0.63807881    
  0.63405472    
  0.63005197    
  0.62607026    
  0.62210935    
  0.61816901    
  0.61424893    
  0.61034882    
  0.60646850    
  0.60260767    
  0.59876615    
  0.59494364    
  0.59113997    
  0.58735484    
  0.58358812    
  0.57983953    
  0.57610887    
  0.57239598    
  0.56870061    
  0.56502253    
  0.56136161    
  0.55771762    
  0.55409038    
  0.55047971    
  0.54688537    
  0.54330730    
  0.53974527    
  0.53619903    
  0.53266853    
  0.52915353    
  0.52565390    
  0.52216947    
  0.51870012    
  0.51524562    
  0.51180589    
  0.50838071    
  0.50497001    
  0.50157356    
  0.49819130    
  0.49482307    
  0.49146870    
  0.48812807    
  0.48480105    
  0.48148754    
  0.47818738    
  0.47490042    
  0.47162658    
  0.46836573    
  0.46511772    
  0.46188247    
  0.45865986    
  0.45544973    
  0.45225203    
  0.44906658    
  0.44589332    
  0.44273216    
  0.43958291    
  0.43644556    
  0.43331996    
  0.43020597    
  0.42710358    
  0.42401263    
  0.42093304    
  0.41786468    
  0.41480750    
  0.41176140    
  0.40872627    
  0.40570205    
  0.40268862    
  0.39968589    
  0.39669380    
  0.39371222    
  0.39074111    
  0.38778037    
  0.38482991    
  0.38188967    
  0.37895954    
  0.37603948    
  0.37312937    
  0.37022915    
  0.36733875    
  0.36445808    
  0.36158708    
  0.35872567    
  0.35587379    
  0.35303134    
  0.35019827    
  0.34737453    
  0.34456003    
  0.34175467    
  0.33895844    
  0.33617124    
  0.33339301    
  0.33062369    
  0.32786322    
  0.32511151    
  0.32236853    
  0.31963423    
  0.31690851    
  0.31419131    
  0.31148261    
  0.30878231    
  0.30609035    
  0.30340675    
  0.30073136    
  0.29806414    
  0.29540509    
  0.29275411    
  0.29011115    
  0.28747615    
  0.28484908    
  0.28222987    
  0.27961847    
  0.27701485    
  0.27441892    
  0.27183068    
  0.26925004    
  0.26667696    
  0.26411137    
  0.26155329    
  0.25900260    
  0.25645930    
  0.25392330    
  0.25139460    
  0.24887311    
  0.24635883    
  0.24385169    
  0.24135165    
  0.23885867    
  0.23637269    
  0.23389369    
  0.23142162    
  0.22895643    
  0.22649808    
  0.22404654    
  0.22160175    
  0.21916370    
  0.21673232    
  0.21430759    
  0.21188946    
  0.20947790    
  0.20707287    
  0.20467432    
  0.20228222    
  0.19989653    
  0.19751723    
  0.19514427    
  0.19277759    
  0.19041720    
  0.18806304    
  0.18571508    
  0.18337329    
  0.18103760    
  0.17870803    
  0.17638451    
  0.17406702    
  0.17175552    
  0.16945000    
  0.16715039    
  0.16485667    
  0.16256882    
  0.16028681    
  0.15801060    
  0.15574016    
  0.15347545    
  0.15121645    
  0.14896312    
  0.14671545    
  0.14447339    
  0.14223692    
  0.14000601    
  0.13778062    
  0.13556075    
  0.13334633    
  0.13113737    
  0.12893382    
  0.12673566    
  0.12454285    
  0.12235539    
  0.12017322    
  0.11799634    
  0.11582471    
  0.11365831    
  0.11149710    
  0.10934107    
  0.10719018    
  0.10504442    
  0.10290376    
  0.10076816    
  9.86376181E-02
