   1.5588677    
   1.4973371    
   1.4577221    
   1.4269085    
   1.4010096    
   1.3783135    
   1.3579024    
   1.3392212    
   1.3219061    
   1.3057035    
   1.2904292    
   1.2759446    
   1.2621421    
   1.2489362    
   1.2362581    
   1.2240514    
   1.2122685    
   1.2008698    
   1.1898212    
   1.1790937    
   1.1686617    
   1.1585032    
   1.1485984    
   1.1389302    
   1.1294832    
   1.1202434    
   1.1111985    
   1.1023374    
   1.0936496    
   1.0851262    
   1.0767584    
   1.0685387    
   1.0604597    
   1.0525151    
   1.0446987    
   1.0370049    
   1.0294285    
   1.0219646    
   1.0146086    
   1.0073565    
   1.0002041    
  0.99314785    
  0.98618418    
  0.97930986    
  0.97252178    
  0.96581703    
  0.95919287    
  0.95264673    
  0.94617611    
  0.93977869    
  0.93345225    
  0.92719465    
  0.92100400    
  0.91487837    
  0.90881586    
  0.90281481    
  0.89687353    
  0.89099044    
  0.88516408    
  0.87939298    
  0.87367582    
  0.86801118    
  0.86239779    
  0.85683447    
  0.85132009    
  0.84585345    
  0.84043354    
  0.83505923    
  0.82972956    
  0.82444358    
  0.81920034    
  0.81399900    
  0.80883861    
  0.80371833    
  0.79863739    
  0.79359508    
  0.78859049    
  0.78362304    
  0.77869189    
  0.77379644    
  0.76893604    
  0.76410997    
  0.75931770    
  0.75455856    
  0.74983197    
  0.74513739    
  0.74047428    
  0.73584205    
  0.73124021    
  0.72666824    
  0.72212571    
  0.71761209    
  0.71312690    
  0.70866966    
  0.70424002    
  0.69983751    
  0.69546175    
  0.69111222    
  0.68678868    
  0.68249059    
  0.67821765    
  0.67396951    
  0.66974580    
  0.66554618    
  0.66137022    
  0.65721768    
  0.65308827    
  0.64898157    
  0.64489728    
  0.64083517    
  0.63679487    
  0.63277614    
  0.62877870    
  0.62480223    
  0.62084651    
  0.61691123    
  0.61299610    
  0.60910100    
  0.60522556    
  0.60136956    
  0.59753275    
  0.59371495    
  0.58991593    
  0.58613539    
  0.58237320    
  0.57862908    
  0.57490289    
  0.57119429    
  0.56750321    
  0.56382942    
  0.56017274    
  0.55653286    
  0.55290973    
  0.54930311    
  0.54571289    
  0.54213876    
  0.53858060    
  0.53503829    
  0.53151166    
  0.52800047    
  0.52450460    
  0.52102387    
  0.51755816    
  0.51410735    
  0.51067120    
  0.50724959    
  0.50384235    
  0.50044942    
  0.49707061    
  0.49370578    
  0.49035481    
  0.48701754    
  0.48369384    
  0.48038357    
  0.47708666    
  0.47380292    
  0.47053227    
  0.46727458    
  0.46402970    
  0.46079752    
  0.45757794    
  0.45437086    
  0.45117614    
  0.44799370    
  0.44482338    
  0.44166511    
  0.43851879    
  0.43538427    
  0.43226150    
  0.42915034    
  0.42605072    
  0.42296255    
  0.41988567    
  0.41682005    
  0.41376555    
  0.41072211    
  0.40768963    
  0.40466800    
  0.40165716    
  0.39865702    
  0.39566746    
  0.39268842    
  0.38971981    
  0.38676158    
  0.38381359    
  0.38087577    
  0.37794808    
  0.37503040    
  0.37212268    
  0.36922482    
  0.36633676    
  0.36345842    
  0.36058974    
  0.35773060    
  0.35488099    
  0.35204080    
  0.34920996    
  0.34638843    
  0.34357613    
  0.34077296    
  0.33797890    
  0.33519384    
  0.33241776    
  0.32965052    
  0.32689217    
  0.32414255    
  0.32140163    
  0.31866938    
  0.31594568    
  0.31323051    
  0.31052381    
  0.30782551    
  0.30513555    
  0.30245388    
  0.29978043    
  0.29711518    
  0.29445803    
  0.29180893    
  0.28916788    
  0.28653476    
  0.28390956    
  0.28129220    
  0.27868265    
  0.27608085    
  0.27348673    
  0.27090028    
  0.26832142    
  0.26575011    
  0.26318631    
  0.26062995    
  0.25808102    
  0.25553945    
  0.25300518    
  0.25047818    
  0.24795838    
  0.24544577    
  0.24294031    
  0.24044193    
  0.23795059    
  0.23546626    
  0.23298888    
  0.23051842    
  0.22805484    
  0.22559808    
  0.22314814    
  0.22070493    
  0.21826844    
  0.21583861    
  0.21341543    
  0.21099883    
  0.20858879    
  0.20618527    
  0.20378822    
  0.20139763    
  0.19901343    
  0.19663560    
  0.19426411    
  0.19189891    
  0.18953997    
  0.18718724    
  0.18484071    
  0.18250035    
  0.18016610    
  0.17783792    
  0.17551580    
  0.17319970    
  0.17088959    
  0.16858543    
  0.16628718    
  0.16399483    
  0.16170834    
  0.15942767    
  0.15715279    
  0.15488367    
  0.15262029    
  0.15036260    
  0.14811058    
  0.14586420    
  0.14362343    
  0.14138824    
  0.13915861    
  0.13693449    
  0.13471587    
  0.13250272    
  0.13029499    
  0.12809269    
  0.12589575    
  0.12370419    
  0.12151793    
  0.11933699    
  0.11716130    
  0.11499088    
  0.11282566    
  0.11066564    
  0.10851079    
  0.10636108    
  0.10421649    
  0.10207698    
  9.99425426E-02
  9.78131443E-02
