  0.33093265    
  0.43663469    
  0.50260675    
  0.54860824    
  0.58249676    
  0.60829824    
  0.62836480    
  0.64418894    
  0.65677434    
  0.66682565    
  0.67485476    
  0.68124348    
  0.68628341    
  0.69020128    
  0.69317633    
  0.69535226    
  0.69684577    
  0.69775259    
  0.69815189    
  0.69810998    
  0.69768262    
  0.69691718    
  0.69585401    
  0.69452780    
  0.69296849    
  0.69120204    
  0.68925107    
  0.68713540    
  0.68487239    
  0.68247741    
  0.67996401    
  0.67734432    
  0.67462897    
  0.67182761    
  0.66894877    
  0.66600019    
  0.66298872    
  0.65992057    
  0.65680152    
  0.65363652    
  0.65043020    
  0.64718682    
  0.64391011    
  0.64060366    
  0.63727051    
  0.63391364    
  0.63053566    
  0.62713897    
  0.62372583    
  0.62029827    
  0.61685812    
  0.61340719    
  0.60994697    
  0.60647893    
  0.60300446    
  0.59952480    
  0.59604102    
  0.59255427    
  0.58906543    
  0.58557552    
  0.58208525    
  0.57859546    
  0.57510686    
  0.57162011    
  0.56813580    
  0.56465453    
  0.56117678    
  0.55770308    
  0.55423385    
  0.55076951    
  0.54731041    
  0.54385704    
  0.54040956    
  0.53696841    
  0.53353381    
  0.53010601    
  0.52668530    
  0.52327186    
  0.51986593    
  0.51646769    
  0.51307726    
  0.50969487    
  0.50632071    
  0.50295478    
  0.49959731    
  0.49624836    
  0.49290806    
  0.48957649    
  0.48625377    
  0.48293993    
  0.47963506    
  0.47633922    
  0.47305247    
  0.46977487    
  0.46650642    
  0.46324721    
  0.45999724    
  0.45675656    
  0.45352516    
  0.45030311    
  0.44709036    
  0.44388697    
  0.44069293    
  0.43750826    
  0.43433294    
  0.43116698    
  0.42801034    
  0.42486307    
  0.42172515    
  0.41859654    
  0.41547725    
  0.41236722    
  0.40926650    
  0.40617502    
  0.40309280    
  0.40001976    
  0.39695594    
  0.39390126    
  0.39085573    
  0.38781932    
  0.38479197    
  0.38177368    
  0.37876442    
  0.37576413    
  0.37277284    
  0.36979043    
  0.36681694    
  0.36385229    
  0.36089650    
  0.35794947    
  0.35501119    
  0.35208163    
  0.34916076    
  0.34624851    
  0.34334487    
  0.34044981    
  0.33756328    
  0.33468524    
  0.33181566    
  0.32895449    
  0.32610169    
  0.32325721    
  0.32042107    
  0.31759316    
  0.31477347    
  0.31196198    
  0.30915862    
  0.30636337    
  0.30357617    
  0.30079702    
  0.29802585    
  0.29526260    
  0.29250729    
  0.28975981    
  0.28702021    
  0.28428835    
  0.28156427    
  0.27884790    
  0.27613920    
  0.27343813    
  0.27074468    
  0.26805878    
  0.26538038    
  0.26270950    
  0.26004604    
  0.25738999    
  0.25474131    
  0.25209996    
  0.24946591    
  0.24683912    
  0.24421956    
  0.24160717    
  0.23900193    
  0.23640381    
  0.23381276    
  0.23122875    
  0.22865176    
  0.22608173    
  0.22351862    
  0.22096244    
  0.21841310    
  0.21587059    
  0.21333487    
  0.21080592    
  0.20828369    
  0.20576815    
  0.20325927    
  0.20075703    
  0.19826137    
  0.19577226    
  0.19328968    
  0.19081359    
  0.18834397    
  0.18588077    
  0.18342397    
  0.18097351    
  0.17852941    
  0.17609160    
  0.17366007    
  0.17123476    
  0.16881566    
  0.16640274    
  0.16399597    
  0.16159531    
  0.15920073    
  0.15681222    
  0.15442972    
  0.15205322    
  0.14968270    
  0.14731811    
  0.14495942    
  0.14260662    
  0.14025967    
  0.13791853    
  0.13558321    
  0.13325363    
  0.13092980    
  0.12861168    
  0.12629926    
  0.12399248    
  0.12169134    
  0.11939580    
  0.11710583    
  0.11482142    
  0.11254252    
  0.11026913    
  0.10800121    
  0.10573873    
  0.10348168    
  0.10123002    
  9.89837274E-02
  9.67427790E-02
  9.45071504E-02
  9.22768191E-02
  9.00517628E-02
  8.78319442E-02
  8.56173486E-02
  8.34079608E-02
  8.12037364E-02
  7.90046602E-02
  7.68107176E-02
  7.46218786E-02
  7.24381134E-02
  7.02594072E-02
  6.80857375E-02
  6.59170747E-02
  6.37534037E-02
  6.15946986E-02
  5.94409332E-02
  5.72920963E-02
  5.51481545E-02
  5.30090891E-02
  5.08748777E-02
  4.87455092E-02
  4.66209427E-02
  4.45011742E-02
  4.23861742E-02
  4.02759239E-02
  3.81704010E-02
  3.60695906E-02
  3.39734480E-02
  3.18819880E-02
  2.97951791E-02
  2.77129821E-02
  2.56354026E-02
  2.35624146E-02
  2.14939807E-02
  1.94300935E-02
  1.73707306E-02
  1.53158866E-02
  1.32655399E-02
  1.12196468E-02
  9.17815976E-03
  7.14117242E-03
  5.10861026E-03
  3.08032031E-03
  1.05675054E-03
   3.1406300    
   3.1386147    
   3.1366038    
   3.1345973    
   3.1325951    
   3.1305971    
   3.1286035    
   3.1266139    
   3.1246285    
   3.1226475    
   3.1206706    
   3.1186979    
   3.1167293    
   3.1147649    
   3.1128044    
   3.1108482    
   3.1088960    
   3.1069479    
   3.1050038    
   3.1030638    
   3.1011279    
   3.0991957    
   3.0972679    
