   1.2057793    
   1.2451159    
   1.2510275    
   1.2475467    
   1.2403699    
   1.2315248    
   1.2218941    
   1.2119113    
   1.2018057    
   1.1917051    
   1.1816822    
   1.1717790    
   1.1620190    
   1.1524147    
   1.1429718    
   1.1336917    
   1.1245732    
   1.1156135    
   1.1068084    
   1.0981537    
   1.0896443    
   1.0812755    
   1.0730422    
   1.0649395    
   1.0569627    
   1.0491074    
   1.0413690    
   1.0337434    
   1.0262265    
   1.0188146    
   1.0115038    
   1.0042909    
  0.99717253    
  0.99014556    
  0.98320693    
  0.97635388    
  0.96958363    
  0.96289372    
  0.95628160    
  0.94974500    
  0.94328165    
  0.93688953    
  0.93056649    
  0.92431068    
  0.91812021    
  0.91199332    
  0.90592831    
  0.89992362    
  0.89397764    
  0.88808888    
  0.88225597    
  0.87647754    
  0.87075222    
  0.86507875    
  0.85945594    
  0.85388261    
  0.84835768    
  0.84288001    
  0.83744866    
  0.83206248    
  0.82672060    
  0.82142198    
  0.81616586    
  0.81095129    
  0.80577749    
  0.80064356    
  0.79554874    
  0.79049230    
  0.78547341    
  0.78049147    
  0.77554578    
  0.77063560    
  0.76576036    
  0.76091933    
  0.75611198    
  0.75133771    
  0.74659586    
  0.74188602    
  0.73720753    
  0.73255986    
  0.72794259    
  0.72335517    
  0.71879709    
  0.71426791    
  0.70976710    
  0.70529437    
  0.70084912    
  0.69643104    
  0.69203961    
  0.68767452    
  0.68333536    
  0.67902172    
  0.67473322    
  0.67046952    
  0.66623032    
  0.66201514    
  0.65782374    
  0.65365577    
  0.64951086    
  0.64538878    
  0.64128911    
  0.63721168    
  0.63315612    
  0.62912214    
  0.62510943    
  0.62111783    
  0.61714691    
  0.61319655    
  0.60926640    
  0.60535628    
  0.60146588    
  0.59759498    
  0.59374332    
  0.58991069    
  0.58609688    
  0.58230162    
  0.57852471    
  0.57476598    
  0.57102519    
  0.56730211    
  0.56359655    
  0.55990833    
  0.55623722    
  0.55258310    
  0.54894567    
  0.54532486    
  0.54172039    
  0.53813219    
  0.53455997    
  0.53100365    
  0.52746302    
  0.52393794    
  0.52042818    
  0.51693368    
  0.51345426    
  0.50998968    
  0.50653988    
  0.50310469    
  0.49968395    
  0.49627754    
  0.49288529    
  0.48950705    
  0.48614272    
  0.48279217    
  0.47945526    
  0.47613183    
  0.47282177    
  0.46952498    
  0.46624127    
  0.46297061    
  0.45971280    
  0.45646775    
  0.45323536    
  0.45001552    
  0.44680807    
  0.44361293    
  0.44042999    
  0.43725917    
  0.43410030    
  0.43095332    
  0.42781812    
  0.42469457    
  0.42158261    
  0.41848212    
  0.41539302    
  0.41231522    
  0.40924859    
  0.40619305    
  0.40314850    
  0.40011489    
  0.39709210    
  0.39408001    
  0.39107862    
  0.38808775    
  0.38510737    
  0.38213739    
  0.37917772    
  0.37622824    
  0.37328896    
  0.37035972    
  0.36744049    
  0.36453119    
  0.36163169    
  0.35874197    
  0.35586193    
  0.35299152    
  0.35013065    
  0.34727925    
  0.34443727    
  0.34160459    
  0.33878121    
  0.33596700    
  0.33316192    
  0.33036590    
  0.32757887    
  0.32480079    
  0.32203156    
  0.31927115    
  0.31651947    
  0.31377649    
  0.31104210    
  0.30831629    
  0.30559897    
  0.30289012    
  0.30018961    
  0.29749745    
  0.29481357    
  0.29213789    
  0.28947034    
  0.28681093    
  0.28415954    
  0.28151616    
  0.27888072    
  0.27625316    
  0.27363345    
  0.27102152    
  0.26841733    
  0.26582080    
  0.26323193    
  0.26065063    
  0.25807688    
  0.25551063    
  0.25295180    
  0.25040036    
  0.24785627    
  0.24531950    
  0.24278997    
  0.24026765    
  0.23775250    
  0.23524447    
  0.23274352    
  0.23024960    
  0.22776267    
  0.22528270    
  0.22280963    
  0.22034343    
  0.21788405    
  0.21543145    
  0.21298559    
  0.21054645    
  0.20811397    
  0.20568810    
  0.20326883    
  0.20085610    
  0.19844988    
  0.19605014    
  0.19365682    
  0.19126990    
  0.18888935    
  0.18651512    
  0.18414719    
  0.18178551    
  0.17943004    
  0.17708075    
  0.17473762    
  0.17240059    
  0.17006965    
  0.16774476    
  0.16542588    
  0.16311297    
  0.16080602    
  0.15850498    
  0.15620983    
  0.15392052    
  0.15163703    
  0.14935935    
  0.14708740    
  0.14482118    
  0.14256068    
  0.14030582    
  0.13805661    
  0.13581300    
  0.13357498    
  0.13134249    
  0.12911554    
  0.12689406    
  0.12467805    
  0.12246747    
  0.12026230    
  0.11806251    
  0.11586807    
  0.11367895    
  0.11149514    
  0.10931659    
  0.10714328    
  0.10497519    
  0.10281230    
  0.10065457    
  9.85019729E-02
  9.63544995E-02
  9.42121074E-02
  9.20747817E-02
  8.99425000E-02
  8.78152326E-02
  8.56929496E-02
  8.35756361E-02
  8.14632624E-02
  7.93558061E-02
  7.72532448E-02
  7.51555562E-02
