   2.9892550    
   2.9263499    
   2.8782127    
   2.8377409    
   2.8021801    
   2.7701159    
   2.7407079    
   2.7134078    
   2.6878338    
   2.6637082    
   2.6408212    
   2.6190090    
   2.5981419    
   2.5781140    
   2.5588386    
   2.5402427    
   2.5222645    
   2.5048511    
   2.4879572    
   2.4715431    
   2.4555736    
   2.4400182    
   2.4248493    
   2.4100428    
   2.3955765    
   2.3814306    
   2.3675876    
   2.3540306    
   2.3407452    
   2.3277178    
   2.3149354    
   2.3023870    
   2.2900617    
   2.2779500    
   2.2660422    
   2.2543304    
   2.2428064    
   2.2314627    
   2.2202928    
   2.2092896    
   2.1984477    
   2.1877608    
   2.1772237    
   2.1668315    
   2.1565793    
   2.1464624    
   2.1364768    
   2.1266181    
   2.1168828    
   2.1072669    
   2.0977671    
   2.0883799    
   2.0791023    
   2.0699313    
   2.0608637    
   2.0518973    
   2.0430288    
   2.0342560    
   2.0255766    
   2.0169883    
   2.0084884    
   2.0000753    
   1.9917468    
   1.9835008    
   1.9753355    
   1.9672490    
   1.9592396    
   1.9513056    
   1.9434454    
   1.9356574    
   1.9279400    
   1.9202918    
   1.9127114    
   1.9051974    
   1.8977485    
   1.8903633    
   1.8830408    
   1.8757796    
   1.8685786    
   1.8614366    
   1.8543526    
   1.8473254    
   1.8403542    
   1.8334378    
   1.8265754    
   1.8197658    
   1.8130083    
   1.8063020    
   1.7996459    
   1.7930393    
   1.7864814    
   1.7799712    
   1.7735081    
   1.7670913    
   1.7607200    
   1.7543936    
   1.7481112    
   1.7418724    
   1.7356764    
   1.7295226    
   1.7234102    
   1.7173388    
   1.7113076    
   1.7053162    
   1.6993638    
   1.6934501    
   1.6875744    
   1.6817361    
   1.6759348    
   1.6701701    
   1.6644412    
   1.6587478    
   1.6530894    
   1.6474656    
   1.6418757    
   1.6363196    
   1.6307966    
   1.6253064    
   1.6198484    
   1.6144224    
   1.6090280    
   1.6036645    
   1.5983319    
   1.5930296    
   1.5877573    
   1.5825146    
   1.5773011    
   1.5721166    
   1.5669607    
   1.5618330    
   1.5567331    
   1.5516609    
   1.5466158    
   1.5415977    
   1.5366063    
   1.5316411    
   1.5267020    
   1.5217887    
   1.5169009    
   1.5120381    
   1.5072004    
   1.5023872    
   1.4975983    
   1.4928336    
   1.4880927    
   1.4833754    
   1.4786814    
   1.4740107    
   1.4693627    
   1.4647373    
   1.4601344    
   1.4555535    
   1.4509947    
   1.4464575    
   1.4419419    
   1.4374475    
   1.4329742    
   1.4285218    
   1.4240900    
   1.4196787    
   1.4152877    
   1.4109167    
   1.4065657    
   1.4022342    
   1.3979223    
   1.3936297    
   1.3893563    
   1.3851018    
   1.3808661    
   1.3766489    
   1.3724502    
   1.3682699    
   1.3641076    
   1.3599633    
   1.3558366    
   1.3517277    
   1.3476362    
   1.3435621    
   1.3395051    
   1.3354652    
   1.3314420    
   1.3274356    
   1.3234458    
   1.3194724    
   1.3155154    
   1.3115745    
   1.3076495    
   1.3037405    
   1.2998472    
   1.2959696    
   1.2921073    
   1.2882606    
   1.2844291    
   1.2806126    
   1.2768111    
   1.2730246    
   1.2692528    
   1.2654955    
   1.2617530    
   1.2580247    
   1.2543107    
   1.2506109    
   1.2469252    
   1.2432535    
   1.2395955    
   1.2359513    
   1.2323208    
   1.2287039    
   1.2251003    
   1.2215101    
   1.2179331    
   1.2143692    
   1.2108183    
   1.2072804    
   1.2037553    
   1.2002430    
   1.1967432    
   1.1932561    
   1.1897815    
   1.1863192    
   1.1828693    
   1.1794314    
   1.1760058    
   1.1725922    
   1.1691904    
   1.1658006    
   1.1624224    
   1.1590561    
   1.1557013    
   1.1523581    
   1.1490262    
   1.1457057    
   1.1423966    
   1.1390986    
   1.1358118    
   1.1325361    
   1.1292713    
   1.1260173    
   1.1227744    
   1.1195421    
   1.1163205    
   1.1131096    
   1.1099092    
   1.1067193    
   1.1035397    
   1.1003706    
   1.0972117    
   1.0940630    
   1.0909245    
   1.0877961    
   1.0846777    
   1.0815692    
   1.0784706    
   1.0753818    
   1.0723028    
   1.0692334    
   1.0661738    
   1.0631237    
   1.0600832    
   1.0570520    
   1.0540303    
   1.0510179    
   1.0480149    
   1.0450209    
   1.0420363    
   1.0390607    
   1.0360942    
   1.0331367    
   1.0301882    
   1.0272485    
   1.0243177    
   1.0213957    
   1.0184823    
   1.0155778    
   1.0126818    
   1.0097945    
   1.0069157    
   1.0040452    
   1.0011834    
  0.99832982    
  0.99548465    
  0.99264777    
  0.98981911    
  0.98699862    
  0.98418629    
  0.98138207    
  0.97858590    
  0.97579777    
  0.97301757    
  0.97024530    
  0.96748096    
  0.96472436    
  0.96197557    
  0.95923460    
  0.95650125    
  0.95377558    
  0.95105749    
  0.94834703    
  0.94564408    
  0.94294864    
