  0.17347351    
  0.23692782    
  0.28066733    
  0.31389341    
  0.34032080    
  0.36191732    
  0.37988120    
  0.39500743    
  0.40785536    
  0.41883537    
  0.42825860    
  0.43636677    
  0.44335184    
  0.44936854    
  0.45454368    
  0.45898226    
  0.46277225    
  0.46598795    
  0.46869275    
  0.47094101    
  0.47277975    
  0.47424981    
  0.47538686    
  0.47622228    
  0.47678372    
  0.47709569    
  0.47717994    
  0.47705600    
  0.47674119    
  0.47625118    
  0.47560009    
  0.47480062    
  0.47386429    
  0.47280157    
  0.47162196    
  0.47033414    
  0.46894607    
  0.46746495    
  0.46589747    
  0.46424973    
  0.46252733    
  0.46073550    
  0.45887899    
  0.45696223    
  0.45498928    
  0.45296398    
  0.45088977    
  0.44876999    
  0.44660765    
  0.44440556    
  0.44216636    
  0.43989250    
  0.43758631    
  0.43524989    
  0.43288529    
  0.43049437    
  0.42807883    
  0.42564040    
  0.42318061    
  0.42070088    
  0.41820261    
  0.41568705    
  0.41315547    
  0.41060892    
  0.40804854    
  0.40547532    
  0.40289021    
  0.40029407    
  0.39768782    
  0.39507222    
  0.39244804    
  0.38981599    
  0.38717675    
  0.38453096    
  0.38187924    
  0.37922212    
  0.37656021    
  0.37389398    
  0.37122390    
  0.36855048    
  0.36587414    
  0.36319530    
  0.36051437    
  0.35783169    
  0.35514766    
  0.35246256    
  0.34977677    
  0.34709057    
  0.34440425    
  0.34171808    
  0.33903235    
  0.33634728    
  0.33366311    
  0.33098009    
  0.32829839    
  0.32561827    
  0.32293987    
  0.32026342    
  0.31758904    
  0.31491697    
  0.31224731    
  0.30958024    
  0.30691588    
  0.30425441    
  0.30159590    
  0.29894051    
  0.29628837    
  0.29363954    
  0.29099417    
  0.28835234    
  0.28571418    
  0.28307974    
  0.28044912    
  0.27782241    
  0.27519965    
  0.27258098    
  0.26996642    
  0.26735604    
  0.26474991    
  0.26214811    
  0.25955069    
  0.25695768    
  0.25436911    
  0.25178510    
  0.24920563    
  0.24663077    
  0.24406058    
  0.24149504    
  0.23893423    
  0.23637818    
  0.23382691    
  0.23128045    
  0.22873881    
  0.22620206    
  0.22367018    
  0.22114322    
  0.21862118    
  0.21610411    
  0.21359199    
  0.21108486    
  0.20858271    
  0.20608559    
  0.20359348    
  0.20110641    
  0.19862439    
  0.19614741    
  0.19367550    
  0.19120865    
  0.18874687    
  0.18629017    
  0.18383856    
  0.18139203    
  0.17895059    
  0.17651424    
  0.17408298    
  0.17165680    
  0.16923572    
  0.16681972    
  0.16440880    
  0.16200298    
  0.15960224    
  0.15720657    
  0.15481597    
  0.15243044    
  0.15004998    
  0.14767458    
  0.14530423    
  0.14293891    
  0.14057866    
  0.13822341    
  0.13587320    
  0.13352801    
  0.13118781    
  0.12885262    
  0.12652244    
  0.12419721    
  0.12187697    
  0.11956169    
  0.11725135    
  0.11494596    
  0.11264551    
  0.11034997    
  0.10805934    
  0.10577361    
  0.10349277    
  0.10121680    
  9.89456996E-02
  9.66794491E-02
  9.44180340E-02
  9.21614543E-02
  8.99096802E-02
  8.76627192E-02
  8.54205415E-02
  8.31831396E-02
  8.09505135E-02
  7.87226260E-02
  7.64994845E-02
  7.42810667E-02
  7.20673651E-02
  6.98583573E-02
  6.76540434E-02
  6.54543936E-02
  6.32594079E-02
  6.10690638E-02
  5.88833503E-02
  5.67022525E-02
  5.45257665E-02
  5.23538664E-02
  5.01865409E-02
  4.80237827E-02
  4.58655693E-02
  4.37118895E-02
  4.15627323E-02
  3.94180752E-02
  3.72779183E-02
  3.51422280E-02
  3.30110230E-02
  3.08842491E-02
  2.87619103E-02
  2.66440045E-02
  2.45305095E-02
  2.24213880E-02
  2.03166641E-02
  1.82163082E-02
  1.61202811E-02
  1.40286125E-02
  1.19412728E-02
  9.85819381E-03
  7.77948834E-03
  5.70497895E-03
  3.63475364E-03
  1.56867877E-03
   3.1410997    
   3.1390421    
   3.1369889    
   3.1349399    
   3.1328950    
   3.1308544    
   3.1288178    
   3.1267853    
   3.1247571    
   3.1227329    
   3.1207128    
   3.1186967    
   3.1166847    
   3.1146770    
   3.1126730    
   3.1106732    
   3.1086774    
   3.1066856    
   3.1046979    
   3.1027141    
   3.1007342    
   3.0987582    
   3.0967863    
   3.0948184    
   3.0928543    
   3.0908940    
   3.0889375    
   3.0869851    
   3.0850365    
   3.0830917    
   3.0811508    
   3.0792136    
   3.0772803    
   3.0753508    
   3.0734251    
   3.0715029    
   3.0695848    
   3.0676703    
   3.0657594    
   3.0638525    
   3.0619493    
   3.0600495    
   3.0581536    
   3.0562613    
   3.0543725    
   3.0524876    
   3.0506063    
   3.0487285    
   3.0468543    
   3.0449836    
   3.0431168    
   3.0412533    
   3.0393934    
   3.0375371    
   3.0356843    
   3.0338352    
   3.0319893    
   3.0301471    
   3.0283084    
   3.0264730    
   3.0246410    
   3.0228128    
   3.0209877    
   3.0191662    
   3.0173483    
   3.0155334    
   3.0137222    
   3.0119143    
