   1.5761656    
   1.5096209    
   1.4677682    
   1.4356172    
   1.4088044    
   1.3854334    
   1.3644975    
   1.3453933    
   1.3277276    
   1.3112285    
   1.2956991    
   1.2809920    
   1.2669933    
   1.2536126    
   1.2407776    
   1.2284288    
   1.2165167    
   1.2049997    
   1.1938424    
   1.1830144    
   1.1724892    
   1.1622438    
   1.1522582    
   1.1425140    
   1.1329957    
   1.1236889    
   1.1145808    
   1.1056596    
   1.0969152    
   1.0883378    
   1.0799189    
   1.0716503    
   1.0635248    
   1.0555358    
   1.0476769    
   1.0399424    
   1.0323269    
   1.0248255    
   1.0174335    
   1.0101467    
   1.0029610    
  0.99587256    
  0.98887789    
  0.98197359    
  0.97515661    
  0.96842384    
  0.96177262    
  0.95520025    
  0.94870424    
  0.94228220    
  0.93593186    
  0.92965108    
  0.92343789    
  0.91729033    
  0.91120654    
  0.90518481    
  0.89922339    
  0.89332068    
  0.88747519    
  0.88168550    
  0.87595010    
  0.87026775    
  0.86463708    
  0.85905689    
  0.85352606    
  0.84804332    
  0.84260762    
  0.83721793    
  0.83187324    
  0.82657254    
  0.82131493    
  0.81609946    
  0.81092525    
  0.80579150    
  0.80069733    
  0.79564202    
  0.79062474    
  0.78564477    
  0.78070146    
  0.77579403    
  0.77092183    
  0.76608419    
  0.76128060    
  0.75651032    
  0.75177282    
  0.74706751    
  0.74239385    
  0.73775125    
  0.73313922    
  0.72855729    
  0.72400486    
  0.71948159    
  0.71498686    
  0.71052033    
  0.70608145    
  0.70166987    
  0.69728518    
  0.69292688    
  0.68859464    
  0.68428808    
  0.68000680    
  0.67575037    
  0.67151850    
  0.66731083    
  0.66312706    
  0.65896672    
  0.65482962    
  0.65071535    
  0.64662361    
  0.64255416    
  0.63850659    
  0.63448071    
  0.63047624    
  0.62649280    
  0.62253022    
  0.61858815    
  0.61466640    
  0.61076462    
  0.60688269    
  0.60302025    
  0.59917712    
  0.59535307    
  0.59154785    
  0.58776122    
  0.58399296    
  0.58024287    
  0.57651079    
  0.57279640    
  0.56909961    
  0.56542009    
  0.56175774    
  0.55811238    
  0.55448377    
  0.55087173    
  0.54727614    
  0.54369670    
  0.54013336    
  0.53658581    
  0.53305405    
  0.52953780    
  0.52603692    
  0.52255124    
  0.51908064    
  0.51562494    
  0.51218396    
  0.50875765    
  0.50534576    
  0.50194818    
  0.49856475    
  0.49519536    
  0.49183989    
  0.48849815    
  0.48517004    
  0.48185542    
  0.47855416    
  0.47526616    
  0.47199124    
  0.46872935    
  0.46548030    
  0.46224403    
  0.45902038    
  0.45580924    
  0.45261052    
  0.44942412    
  0.44624987    
  0.44308773    
  0.43993753    
  0.43679920    
  0.43367264    
  0.43055776    
  0.42745441    
  0.42436254    
  0.42128202    
  0.41821280    
  0.41515473    
  0.41210774    
  0.40907171    
  0.40604663    
  0.40303233    
  0.40002874    
  0.39703578    
  0.39405337    
  0.39108142    
  0.38811988    
  0.38516858    
  0.38222754    
  0.37929660    
  0.37637573    
  0.37346482    
  0.37056381    
  0.36767262    
  0.36479118    
  0.36191943    
  0.35905725    
  0.35620460    
  0.35336143    
  0.35052761    
  0.34770313    
  0.34488788    
  0.34208182    
  0.33928484    
  0.33649695    
  0.33371800    
  0.33094797    
  0.32818681    
  0.32543442    
  0.32269076    
  0.31995574    
  0.31722933    
  0.31451148    
  0.31180209    
  0.30910113    
  0.30640855    
  0.30372426    
  0.30104822    
  0.29838037    
  0.29572070    
  0.29306906    
  0.29042548    
  0.28778985    
  0.28516215    
  0.28254235    
  0.27993032    
  0.27732611    
  0.27472958    
  0.27214071    
  0.26955947    
  0.26698580    
  0.26441965    
  0.26186097    
  0.25930971    
  0.25676581    
  0.25422925    
  0.25169998    
  0.24917795    
  0.24666309    
  0.24415541    
  0.24165481    
  0.23916127    
  0.23667476    
  0.23419520    
  0.23172259    
  0.22925687    
  0.22679800    
  0.22434592    
  0.22190061    
  0.21946204    
  0.21703015    
  0.21460490    
  0.21218626    
  0.20977418    
  0.20736864    
  0.20496960    
  0.20257699    
  0.20019081    
  0.19781102    
  0.19543757    
  0.19307041    
  0.19070953    
  0.18835489    
  0.18600646    
  0.18366419    
  0.18132804    
  0.17899799    
  0.17667401    
  0.17435606    
  0.17204410    
  0.16973810    
  0.16743805    
  0.16514388    
  0.16285558    
  0.16057312    
  0.15829645    
  0.15602557    
  0.15376042    
  0.15150099    
  0.14924723    
  0.14699912    
  0.14475663    
  0.14251974    
  0.14028840    
  0.13806260    
  0.13584229    
  0.13362746    
  0.13141809    
  0.12921412    
  0.12701555    
  0.12482234    
  0.12263447    
  0.12045190    
  0.11827461    
  0.11610258    
  0.11393578    
  0.11177418    
  0.10961775    
  0.10746648    
  0.10532033    
  0.10317928    
  0.10104330    
  9.89123657E-02
