   1.6739681    
   1.5795716    
   1.5251147    
   1.4853897    
   1.4533868    
   1.4261750    
   1.4022493    
   1.3807324    
   1.3610667    
   1.3428748    
   1.3258886    
   1.3099104    
   1.2947900    
   1.2804101    
   1.2666775    
   1.2535166    
   1.2408652    
   1.2286714    
   1.2168916    
   1.2054884    
   1.1944298    
   1.1836878    
   1.1732384    
   1.1630598    
   1.1531336    
   1.1434426    
   1.1339719    
   1.1247081    
   1.1156387    
   1.1067529    
   1.0980406    
   1.0894927    
   1.0811008    
   1.0728571    
   1.0647546    
   1.0567868    
   1.0489477    
   1.0412315    
   1.0336332    
   1.0261478    
   1.0187709    
   1.0114982    
   1.0043259    
  0.99724996    
  0.99026710    
  0.98337406    
  0.97656769    
  0.96984512    
  0.96320355    
  0.95664036    
  0.95015311    
  0.94373947    
  0.93739718    
  0.93112415    
  0.92491835    
  0.91877794    
  0.91270101    
  0.90668589    
  0.90073085    
  0.89483434    
  0.88899487    
  0.88321096    
  0.87748116    
  0.87180430    
  0.86617893    
  0.86060393    
  0.85507804    
  0.84960020    
  0.84416926    
  0.83878428    
  0.83344412    
  0.82814789    
  0.82289457    
  0.81768334    
  0.81251335    
  0.80738366    
  0.80229348    
  0.79724211    
  0.79222870    
  0.78725255    
  0.78231293    
  0.77740914    
  0.77254057    
  0.76770651    
  0.76290637    
  0.75813955    
  0.75340545    
  0.74870348    
  0.74403310    
  0.73939377    
  0.73478502    
  0.73020619    
  0.72565699    
  0.72113675    
  0.71664512    
  0.71218157    
  0.70774573    
  0.70333713    
  0.69895536    
  0.69459999    
  0.69027060    
  0.68596691    
  0.68168843    
  0.67743480    
  0.67320573    
  0.66900080    
  0.66481972    
  0.66066211    
  0.65652764    
  0.65241605    
  0.64832693    
  0.64426011    
  0.64021516    
  0.63619184    
  0.63218993    
  0.62820899    
  0.62424892    
  0.62030935    
  0.61639011    
  0.61249083    
  0.60861135    
  0.60475135    
  0.60091066    
  0.59708899    
  0.59328616    
  0.58950192    
  0.58573604    
  0.58198828    
  0.57825851    
  0.57454646    
  0.57085192    
  0.56717473    
  0.56351471    
  0.55987161    
  0.55624527    
  0.55263549    
  0.54904205    
  0.54546487    
  0.54190373    
  0.53835845    
  0.53482884    
  0.53131479    
  0.52781606    
  0.52433258    
  0.52086413    
  0.51741058    
  0.51397175    
  0.51054752    
  0.50713772    
  0.50374228    
  0.50036097    
  0.49699363    
  0.49364021    
  0.49030057    
  0.48697451    
  0.48366195    
  0.48036274    
  0.47707674    
  0.47380388    
  0.47054398    
  0.46729696    
  0.46406269    
  0.46084103    
  0.45763189    
  0.45443517    
  0.45125070    
  0.44807842    
  0.44491825    
  0.44176999    
  0.43863362    
  0.43550900    
  0.43239602    
  0.42929462    
  0.42620465    
  0.42312604    
  0.42005870    
  0.41700253    
  0.41395742    
  0.41092330    
  0.40790007    
  0.40488765    
  0.40188593    
  0.39889482    
  0.39591426    
  0.39294416    
  0.38998443    
  0.38703498    
  0.38409573    
  0.38116664    
  0.37824756    
  0.37533846    
  0.37243927    
  0.36954987    
  0.36667022    
  0.36380023    
  0.36093983    
  0.35808897    
  0.35524756    
  0.35241550    
  0.34959278    
  0.34677926    
  0.34397495    
  0.34117973    
  0.33839354    
  0.33561632    
  0.33284804    
  0.33008859    
  0.32733789    
  0.32459593    
  0.32186264    
  0.31913793    
  0.31642178    
  0.31371409    
  0.31101480    
  0.30832389    
  0.30564126    
  0.30296689    
  0.30030072    
  0.29764268    
  0.29499272    
  0.29235077    
  0.28971681    
  0.28709075    
  0.28447255    
  0.28186217    
  0.27925956    
  0.27666467    
  0.27407742    
  0.27149779    
  0.26892573    
  0.26636118    
  0.26380408    
  0.26125443    
  0.25871211    
  0.25617716    
  0.25364944    
  0.25112900    
  0.24861571    
  0.24610959    
  0.24361056    
  0.24111858    
  0.23863362    
  0.23615563    
  0.23368455    
  0.23122038    
  0.22876303    
  0.22631250    
  0.22386873    
  0.22143167    
  0.21900131    
  0.21657757    
  0.21416046    
  0.21174988    
  0.20934585    
  0.20694831    
  0.20455721    
  0.20217252    
  0.19979422    
  0.19742225    
  0.19505659    
  0.19269718    
  0.19034402    
  0.18799706    
  0.18565625    
  0.18332157    
  0.18099299    
  0.17867047    
  0.17635396    
  0.17404346    
  0.17173891    
  0.16944028    
  0.16714756    
  0.16486071    
  0.16257967    
  0.16030444    
  0.15803498    
  0.15577126    
  0.15351324    
  0.15126090    
  0.14901420    
  0.14677313    
  0.14453763    
  0.14230770    
  0.14008330    
  0.13786438    
  0.13565095    
  0.13344295    
  0.13124038    
  0.12904319    
  0.12685136    
  0.12466486    
  0.12248366    
  0.12030775    
  0.11813708    
  0.11597164    
  0.11381140    
  0.11165633    
  0.10950641    
  0.10736161    
  0.10522190    
