   3.0500836    
   3.0122876    
   2.9833596    
   2.9590333    
   2.9376552    
   2.9183762    
   2.9006917    
   2.8842726    
   2.8688896    
   2.8543761    
   2.8406065    
   2.8274822    
   2.8149254    
   2.8028729    
   2.7912724    
   2.7800803    
   2.7692595    
   2.7587783    
   2.7486098    
   2.7387295    
   2.7291169    
   2.7197537    
   2.7106233    
   2.7017112    
   2.6930041    
   2.6844902    
   2.6761589    
   2.6680005    
   2.6600058    
   2.6521668    
   2.6444762    
   2.6369269    
   2.6295125    
   2.6222274    
   2.6150658    
   2.6080227    
   2.6010935    
   2.5942738    
   2.5875595    
   2.5809464    
   2.5744312    
   2.5680101    
   2.5616803    
   2.5554385    
   2.5492818    
   2.5432079    
   2.5372138    
   2.5312970    
   2.5254555    
   2.5196869    
   2.5139892    
   2.5083606    
   2.5027988    
   2.4973021    
   2.4918690    
   2.4864976    
   2.4811864    
   2.4759340    
   2.4707389    
   2.4655995    
   2.4605148    
   2.4554832    
   2.4505036    
   2.4455748    
   2.4406958    
   2.4358654    
   2.4310825    
   2.4263463    
   2.4216554    
   2.4170094    
   2.4124067    
   2.4078472    
   2.4033294    
   2.3988528    
   2.3944163    
   2.3900197    
   2.3856618    
   2.3813419    
   2.3770595    
   2.3728137    
   2.3686039    
   2.3644297    
   2.3602903    
   2.3561850    
   2.3521130    
   2.3480744    
   2.3440681    
   2.3400939    
   2.3361509    
   2.3322389    
   2.3283572    
   2.3245056    
   2.3206835    
   2.3168902    
   2.3131256    
   2.3093891    
   2.3056803    
   2.3019986    
   2.2983439    
   2.2947156    
   2.2911136    
   2.2875371    
   2.2839861    
   2.2804601    
   2.2769587    
   2.2734816    
   2.2700286    
   2.2665989    
   2.2631929    
   2.2598097    
   2.2564495    
   2.2531114    
   2.2497957    
   2.2465017    
   2.2432292    
   2.2399781    
   2.2367477    
   2.2335384    
   2.2303495    
   2.2271810    
   2.2240322    
   2.2209032    
   2.2177939    
   2.2147038    
   2.2116327    
   2.2085805    
   2.2055469    
   2.2025316    
   2.1995344    
   2.1965554    
   2.1935940    
   2.1906502    
   2.1877239    
   2.1848147    
   2.1819224    
   2.1790471    
   2.1761882    
   2.1733458    
   2.1705196    
   2.1677096    
   2.1649156    
   2.1621370    
   2.1593742    
   2.1566269    
   2.1538949    
   2.1511776    
   2.1484756    
   2.1457884    
   2.1431158    
   2.1404576    
   2.1378138    
   2.1351840    
   2.1325686    
   2.1299670    
   2.1273792    
   2.1248050    
   2.1222444    
   2.1196971    
   2.1171632    
   2.1146424    
   2.1121345    
   2.1096396    
   2.1071575    
   2.1046879    
   2.1022310    
   2.0997863    
   2.0973542    
   2.0949340    
   2.0925262    
   2.0901301    
   2.0877459    
   2.0853736    
   2.0830128    
   2.0806637    
   2.0783260    
   2.0759997    
   2.0736847    
   2.0713806    
   2.0690877    
   2.0668058    
   2.0645347    
   2.0622745    
   2.0600247    
   2.0577857    
   2.0555573    
   2.0533390    
   2.0511312    
   2.0489337    
   2.0467463    
   2.0445690    
   2.0424016    
   2.0402441    
   2.0380967    
   2.0359588    
   2.0338306    
   2.0317121    
   2.0296030    
   2.0275033    
   2.0254130    
   2.0233319    
   2.0212603    
   2.0191975    
   2.0171440    
   2.0150995    
   2.0130639    
   2.0110371    
   2.0090191    
   2.0070097    
   2.0050092    
   2.0030172    
   2.0010338    
   1.9990588    
   1.9970922    
   1.9951340    
   1.9931840    
   1.9912422    
   1.9893086    
   1.9873830    
   1.9854655    
   1.9835560    
   1.9816544    
   1.9797606    
   1.9778748    
   1.9759966    
   1.9741261    
   1.9722632    
   1.9704078    
   1.9685601    
   1.9667197    
   1.9648869    
   1.9630613    
   1.9612432    
   1.9594322    
   1.9576285    
   1.9558319    
   1.9540424    
   1.9522600    
   1.9504846    
   1.9487162    
   1.9469546    
   1.9452000    
   1.9434521    
   1.9417111    
   1.9399768    
   1.9382491    
   1.9365281    
   1.9348137    
   1.9331058    
   1.9314045    
   1.9297097    
   1.9280212    
   1.9263390    
   1.9246633    
   1.9229938    
   1.9213306    
   1.9196736    
   1.9180228    
   1.9163780    
   1.9147394    
   1.9131068    
   1.9114802    
   1.9098597    
   1.9082450    
   1.9066362    
   1.9050332    
   1.9034362    
   1.9018449    
   1.9002594    
   1.8986795    
   1.8971053    
   1.8955368    
   1.8939738    
   1.8924165    
   1.8908646    
   1.8893182    
   1.8877773    
   1.8862419    
   1.8847119    
   1.8831872    
   1.8816679    
   1.8801538    
   1.8786449    
   1.8771414    
   1.8756430    
   1.8741498    
   1.8726617    
   1.8711787    
   1.8697009    
   1.8682281    
   1.8667603    
   1.8652974    
   1.8638395    
   1.8623866    
   1.8609385    
   1.8594953    
   1.8580569    
   1.8566234    
   1.8551946    
   1.8537706    
   1.8523513    
