   3.0999753    
   3.0827346    
   3.0695038    
   3.0583482    
   3.0485184    
   3.0396307    
   3.0314565    
   3.0238471    
   3.0166991    
   3.0099375    
   3.0035055    
   2.9973588    
   2.9914625    
   2.9857881    
   2.9803121    
   2.9750152    
   2.9698803    
   2.9648938    
   2.9600432    
   2.9553180    
   2.9507086    
   2.9462070    
   2.9418061    
   2.9374988    
   2.9332800    
   2.9291439    
   2.9250860    
   2.9211018    
   2.9171877    
   2.9133396    
   2.9095545    
   2.9058294    
   2.9021614    
   2.8985479    
   2.8949866    
   2.8914752    
   2.8880117    
   2.8845940    
   2.8812203    
   2.8778892    
   2.8745985    
   2.8713474    
   2.8681340    
   2.8649573    
   2.8618159    
   2.8587089    
   2.8556345    
   2.8525922    
   2.8495810    
   2.8465996    
   2.8436475    
   2.8407235    
   2.8378272    
   2.8349574    
   2.8321133    
   2.8292947    
   2.8265004    
   2.8237302    
   2.8209832    
   2.8182588    
   2.8155563    
   2.8128757    
   2.8102160    
   2.8075767    
   2.8049576    
   2.8023579    
   2.7997775    
   2.7972157    
   2.7946723    
   2.7921467    
   2.7896385    
   2.7871475    
   2.7846732    
   2.7822156    
   2.7797737    
   2.7773478    
   2.7749374    
   2.7725420    
   2.7701614    
   2.7677956    
   2.7654438    
   2.7631061    
   2.7607822    
   2.7584720    
   2.7561748    
   2.7538910    
   2.7516196    
   2.7493610    
   2.7471149    
   2.7448807    
   2.7426586    
   2.7404482    
   2.7382495    
   2.7360620    
   2.7338858    
   2.7317207    
   2.7295663    
   2.7274227    
   2.7252896    
   2.7231667    
   2.7210543    
   2.7189517    
   2.7168591    
   2.7147763    
   2.7127030    
   2.7106392    
   2.7085848    
   2.7065396    
   2.7045035    
   2.7024763    
   2.7004580    
   2.6984484    
   2.6964474    
   2.6944549    
   2.6924708    
   2.6904948    
   2.6885271    
   2.6865675    
   2.6846156    
   2.6826718    
   2.6807358    
   2.6788073    
   2.6768863    
   2.6749730    
   2.6730671    
   2.6711683    
   2.6692767    
   2.6673923    
   2.6655149    
   2.6636446    
   2.6617811    
   2.6599243    
   2.6580744    
   2.6562309    
   2.6543941    
   2.6525638    
   2.6507401    
   2.6489227    
   2.6471114    
   2.6453063    
   2.6435077    
   2.6417148    
   2.6399283    
   2.6381476    
   2.6363728    
   2.6346037    
   2.6328406    
   2.6310833    
   2.6293314    
   2.6275852    
   2.6258447    
   2.6241095    
   2.6223800    
   2.6206558    
   2.6189368    
   2.6172233    
   2.6155150    
   2.6138117    
   2.6121140    
   2.6104209    
   2.6087332    
   2.6070504    
   2.6053724    
   2.6036994    
   2.6020315    
   2.6003683    
   2.5987098    
   2.5970562    
   2.5954072    
   2.5937629    
   2.5921233    
   2.5904882    
   2.5888577    
   2.5872316    
   2.5856099    
   2.5839930    
   2.5823801    
   2.5807717    
   2.5791676    
   2.5775681    
   2.5759726    
   2.5743811    
   2.5727942    
   2.5712111    
   2.5696323    
   2.5680578    
   2.5664871    
   2.5649204    
   2.5633578    
   2.5617990    
   2.5602443    
   2.5586936    
   2.5571465    
   2.5556035    
   2.5540643    
   2.5525289    
   2.5509970    
   2.5494690    
   2.5479448    
   2.5464242    
   2.5449073    
   2.5433941    
   2.5418844    
   2.5403783    
   2.5388756    
   2.5373766    
   2.5358810    
   2.5343890    
   2.5329006    
   2.5314155    
   2.5299337    
   2.5284553    
   2.5269804    
   2.5255086    
   2.5240405    
   2.5225754    
   2.5211136    
   2.5196552    
   2.5181999    
   2.5167480    
   2.5152991    
   2.5138535    
   2.5124109    
   2.5109715    
   2.5095353    
   2.5081022    
   2.5066721    
   2.5052452    
   2.5038211    
   2.5024002    
   2.5009823    
   2.4995673    
   2.4981551    
   2.4967461    
   2.4953401    
   2.4939368    
   2.4925365    
   2.4911389    
   2.4897444    
   2.4883525    
   2.4869637    
   2.4855776    
   2.4841943    
   2.4828138    
   2.4814360    
   2.4800611    
   2.4786887    
   2.4773192    
   2.4759524    
   2.4745882    
   2.4732268    
   2.4718678    
   2.4705117    
   2.4691582    
   2.4678073    
   2.4664588    
   2.4651132    
   2.4637699    
   2.4624293    
   2.4610913    
   2.4597557    
   2.4584227    
   2.4570923    
   2.4557641    
   2.4544387    
   2.4531155    
   2.4517949    
   2.4504769    
   2.4491611    
   2.4478478    
   2.4465368    
   2.4452283    
   2.4439223    
   2.4426186    
   2.4413171    
   2.4400182    
   2.4387214    
   2.4374270    
   2.4361351    
   2.4348452    
   2.4335577    
   2.4322724    
   2.4309895    
   2.4297090    
   2.4284306    
   2.4271543    
   2.4258804    
   2.4246087    
   2.4233391    
   2.4220719    
   2.4208069    
   2.4195437    
   2.4182830    
   2.4170244    
   2.4157679    
   2.4145136    
   2.4132614    
   2.4120114    
   2.4107633    
   2.4095175    
