   3.0782380    
   3.0519509    
   3.0317502    
   3.0146952    
   2.9996479    
   2.9860246    
   2.9734790    
   2.9617858    
   2.9507883    
   2.9403725    
   2.9304523    
   2.9209611    
   2.9118462    
   2.9030640    
   2.8945796    
   2.8863633    
   2.8783901    
   2.8706384    
   2.8630903    
   2.8557293    
   2.8485417    
   2.8415151    
   2.8346386    
   2.8279021    
   2.8212972    
   2.8148160    
   2.8084509    
   2.8021960    
   2.7960453    
   2.7899933    
   2.7840350    
   2.7781661    
   2.7723820    
   2.7666790    
   2.7610540    
   2.7555032    
   2.7500234    
   2.7446120    
   2.7392662    
   2.7339835    
   2.7287617    
   2.7235982    
   2.7184913    
   2.7134390    
   2.7084391    
   2.7034900    
   2.6985903    
   2.6937382    
   2.6889324    
   2.6841714    
   2.6794538    
   2.6747782    
   2.6701438    
   2.6655493    
   2.6609933    
   2.6564751    
   2.6519935    
   2.6475477    
   2.6431367    
   2.6387599    
   2.6344159    
   2.6301043    
   2.6258242    
   2.6215749    
   2.6173558    
   2.6131661    
   2.6090050    
   2.6048722    
   2.6007669    
   2.5966885    
   2.5926363    
   2.5886102    
   2.5846093    
   2.5806332    
   2.5766814    
   2.5727532    
   2.5688486    
   2.5649669    
   2.5611079    
   2.5572708    
   2.5534554    
   2.5496612    
   2.5458879    
   2.5421352    
   2.5384028    
   2.5346904    
   2.5309973    
   2.5273235    
   2.5236685    
   2.5200322    
   2.5164139    
   2.5128138    
   2.5092316    
   2.5056665    
   2.5021188    
   2.4985878    
   2.4950738    
   2.4915760    
   2.4880943    
   2.4846287    
   2.4811788    
   2.4777443    
   2.4743252    
   2.4709210    
   2.4675319    
   2.4641573    
   2.4607973    
   2.4574516    
   2.4541197    
   2.4508021    
   2.4474978    
   2.4442074    
   2.4409301    
   2.4376664    
   2.4344153    
   2.4311774    
   2.4279523    
   2.4247396    
   2.4215393    
   2.4183514    
   2.4151757    
   2.4120119    
   2.4088600    
   2.4057198    
   2.4025912    
   2.3994741    
   2.3963685    
   2.3932738    
   2.3901906    
   2.3871181    
   2.3840566    
   2.3810058    
   2.3779655    
   2.3749359    
   2.3719168    
   2.3689077    
   2.3659091    
   2.3629205    
   2.3599417    
   2.3569732    
   2.3540142    
   2.3510652    
   2.3481255    
   2.3451955    
   2.3422749    
   2.3393636    
   2.3364618    
   2.3335688    
   2.3306851    
   2.3278105    
   2.3249447    
   2.3220878    
   2.3192396    
   2.3164001    
   2.3135691    
   2.3107469    
   2.3079329    
   2.3051274    
   2.3023303    
   2.2995412    
   2.2967606    
   2.2939880    
   2.2912233    
   2.2884667    
   2.2857180    
   2.2829771    
   2.2802439    
   2.2775185    
   2.2748008    
   2.2720907    
   2.2693882    
   2.2666929    
   2.2640052    
   2.2613249    
   2.2586520    
   2.2559860    
   2.2533274    
   2.2506759    
   2.2480316    
   2.2453942    
   2.2427638    
   2.2401404    
   2.2375238    
   2.2349141    
   2.2323112    
   2.2297149    
   2.2271254    
   2.2245424    
   2.2219660    
   2.2193964    
   2.2168331    
   2.2142763    
   2.2117257    
   2.2091818    
   2.2066438    
   2.2041125    
   2.2015872    
   2.1990681    
   2.1965551    
   2.1940484    
   2.1915476    
   2.1890531    
   2.1865644    
   2.1840816    
   2.1816046    
   2.1791337    
   2.1766686    
   2.1742094    
   2.1717558    
   2.1693079    
   2.1668658    
   2.1644294    
   2.1619985    
   2.1595731    
   2.1571534    
   2.1547391    
   2.1523306    
   2.1499274    
   2.1475294    
   2.1451371    
   2.1427498    
   2.1403682    
   2.1379917    
   2.1356204    
   2.1332545    
   2.1308937    
   2.1285381    
   2.1261876    
   2.1238422    
   2.1215019    
   2.1191666    
   2.1168365    
   2.1145113    
   2.1121912    
   2.1098759    
   2.1075654    
   2.1052599    
   2.1029594    
   2.1006637    
   2.0983727    
   2.0960865    
   2.0938051    
   2.0915282    
   2.0892563    
   2.0869889    
   2.0847263    
   2.0824683    
   2.0802150    
   2.0779660    
   2.0757217    
   2.0734820    
   2.0712469    
   2.0690160    
   2.0667899    
   2.0645680    
   2.0623505    
   2.0601375    
   2.0579290    
   2.0557246    
   2.0535247    
   2.0513291    
   2.0491378    
   2.0469508    
   2.0447681    
   2.0425894    
   2.0404150    
   2.0382450    
   2.0360789    
   2.0339170    
   2.0317593    
   2.0296056    
   2.0274560    
   2.0253105    
   2.0231693    
   2.0210319    
   2.0188985    
   2.0167692    
   2.0146437    
   2.0125222    
   2.0104046    
   2.0082910    
   2.0061815    
   2.0040755    
   2.0019736    
   1.9998757    
   1.9977814    
   1.9956909    
   1.9936043    
   1.9915215    
   1.9894423    
   1.9873670    
   1.9852954    
   1.9832275    
   1.9811633    
   1.9791027    
   1.9770459    
   1.9749928    
   1.9729432    
   1.9708972    
   1.9688549    
