   1.7030071    
   1.6005677    
   1.5423914    
   1.5004127    
   1.4668583    
   1.4384952    
   1.4136715    
   1.3914289    
   1.3711611    
   1.3524591    
   1.3350337    
   1.3186719    
   1.3032129    
   1.2885313    
   1.2745275    
   1.2611212    
   1.2482463    
   1.2358481    
   1.2238799    
   1.2123028    
   1.2010828    
   1.1901906    
   1.1796007    
   1.1692908    
   1.1592411    
   1.1494339    
   1.1398534    
   1.1304857    
   1.1213180    
   1.1123388    
   1.1035377    
   1.0949051    
   1.0864326    
   1.0781118    
   1.0699356    
   1.0618970    
   1.0539901    
   1.0462090    
   1.0385481    
   1.0310025    
   1.0235678    
   1.0162393    
   1.0090129    
   1.0018851    
  0.99485201    
  0.98791039    
  0.98105699    
  0.97428888    
  0.96760321    
  0.96099722    
  0.95446849    
  0.94801456    
  0.94163316    
  0.93532211    
  0.92907935    
  0.92290294    
  0.91679102    
  0.91074181    
  0.90475357    
  0.89882469    
  0.89295363    
  0.88713896    
  0.88137919    
  0.87567294    
  0.87001896    
  0.86441594    
  0.85886276    
  0.85335815    
  0.84790111    
  0.84249055    
  0.83712536    
  0.83180463    
  0.82652736    
  0.82129264    
  0.81609964    
  0.81094742    
  0.80583519    
  0.80076212    
  0.79572743    
  0.79073042    
  0.78577036    
  0.78084654    
  0.77595830    
  0.77110487    
  0.76628578    
  0.76150030    
  0.75674790    
  0.75202793    
  0.74733984    
  0.74268311    
  0.73805720    
  0.73346162    
  0.72889584    
  0.72435933    
  0.71985167    
  0.71537238    
  0.71092105    
  0.70649719    
  0.70210040    
  0.69773018    
  0.69338626    
  0.68906820    
  0.68477559    
  0.68050808    
  0.67626524    
  0.67204678    
  0.66785234    
  0.66368163    
  0.65953422    
  0.65540981    
  0.65130812    
  0.64722884    
  0.64317167    
  0.63913625    
  0.63512236    
  0.63112974    
  0.62715799    
  0.62320697    
  0.61927640    
  0.61536592    
  0.61147541    
  0.60760450    
  0.60375309    
  0.59992081    
  0.59610748    
  0.59231287    
  0.58853674    
  0.58477890    
  0.58103913    
  0.57731718    
  0.57361293    
  0.56992608    
  0.56625652    
  0.56260401    
  0.55896831    
  0.55534935    
  0.55174685    
  0.54816061    
  0.54459059    
  0.54103649    
  0.53749818    
  0.53397548    
  0.53046829    
  0.52697635    
  0.52349955    
  0.52003771    
  0.51659077    
  0.51315844    
  0.50974065    
  0.50633729    
  0.50294811    
  0.49957308    
  0.49621198    
  0.49286473    
  0.48953116    
  0.48621112    
  0.48290455    
  0.47961128    
  0.47633117    
  0.47306412    
  0.46981001    
  0.46656871    
  0.46334010    
  0.46012408    
  0.45692050    
  0.45372930    
  0.45055032    
  0.44738349    
  0.44422868    
  0.44108579    
  0.43795472    
  0.43483534    
  0.43172759    
  0.42863134    
  0.42554653    
  0.42247301    
  0.41941071    
  0.41635954    
  0.41331941    
  0.41029021    
  0.40727189    
  0.40426430    
  0.40126741    
  0.39828107    
  0.39530528    
  0.39233989    
  0.38938481    
  0.38644001    
  0.38350537    
  0.38058081    
  0.37766629    
  0.37476170    
  0.37186697    
  0.36898202    
  0.36610678    
  0.36324117    
  0.36038512    
  0.35753855    
  0.35470143    
  0.35187364    
  0.34905511    
  0.34624583    
  0.34344566    
  0.34065458    
  0.33787251    
  0.33509937    
  0.33233514    
  0.32957971    
  0.32683304    
  0.32409504    
  0.32136568    
  0.31864491    
  0.31593263    
  0.31322882    
  0.31053340    
  0.30784631    
  0.30516750    
  0.30249688    
  0.29983446    
  0.29718015    
  0.29453388    
  0.29189563    
  0.28926530    
  0.28664288    
  0.28402829    
  0.28142151    
  0.27882248    
  0.27623111    
  0.27364740    
  0.27107129    
  0.26850271    
  0.26594162    
  0.26338798    
  0.26084173    
  0.25830284    
  0.25577122    
  0.25324690    
  0.25072977    
  0.24821983    
  0.24571700    
  0.24322127    
  0.24073255    
  0.23825084    
  0.23577608    
  0.23330823    
  0.23084724    
  0.22839308    
  0.22594570    
  0.22350506    
  0.22107114    
  0.21864387    
  0.21622324    
  0.21380919    
  0.21140169    
  0.20900069    
  0.20660616    
  0.20421807    
  0.20183639    
  0.19946106    
  0.19709204    
  0.19472933    
  0.19237286    
  0.19002262    
  0.18767855    
  0.18534063    
  0.18300880    
  0.18068308    
  0.17836340    
  0.17604972    
  0.17374204    
  0.17144029    
  0.16914445    
  0.16685449    
  0.16457039    
  0.16229209    
  0.16001959    
  0.15775286    
  0.15549183    
  0.15323649    
  0.15098684    
  0.14874279    
  0.14650437    
  0.14427151    
  0.14204420    
  0.13982241    
  0.13760610    
  0.13539526    
  0.13318984    
  0.13098982    
  0.12879518    
  0.12660588    
  0.12442192    
  0.12224323    
  0.12006982    
  0.11790165    
  0.11573869    
  0.11358091    
  0.11142830    
  0.10928082    
  0.10713846    
