   3.0596185    
   3.0256801    
   2.9996493    
   2.9777138    
   2.9583964    
   2.9409397    
   2.9248934    
   2.9099641    
   2.8959484    
   2.8826973    
   2.8700993    
   2.8580673    
   2.8465316    
   2.8354368    
   2.8247359    
   2.8143907    
   2.8043680    
   2.7946403    
   2.7851832    
   2.7759759    
   2.7669997    
   2.7582386    
   2.7496781    
   2.7413051    
   2.7331085    
   2.7250774    
   2.7172029    
   2.7094760    
   2.7018890    
   2.6944351    
   2.6871073    
   2.6798999    
   2.6728075    
   2.6658244    
   2.6589463    
   2.6521685    
   2.6454871    
   2.6388981    
   2.6323979    
   2.6259832    
   2.6196511    
   2.6133983    
   2.6072221    
   2.6011198    
   2.5950890    
   2.5891273    
   2.5832324    
   2.5774026    
   2.5716355    
   2.5659292    
   2.5602822    
   2.5546927    
   2.5491588    
   2.5436795    
   2.5382526    
   2.5328772    
   2.5275519    
   2.5222752    
   2.5170460    
   2.5118630    
   2.5067253    
   2.5016315    
   2.4965808    
   2.4915721    
   2.4866047    
   2.4816771    
   2.4767888    
   2.4719388    
   2.4671264    
   2.4623508    
   2.4576111    
   2.4529066    
   2.4482365    
   2.4436002    
   2.4389973    
   2.4344265    
   2.4298878    
   2.4253802    
   2.4209034    
   2.4164565    
   2.4120393    
   2.4076509    
   2.4032912    
   2.3989594    
   2.3946550    
   2.3903778    
   2.3861270    
   2.3819022    
   2.3777032    
   2.3735294    
   2.3693805    
   2.3652558    
   2.3611553    
   2.3570786    
   2.3530250    
   2.3489943    
   2.3449862    
   2.3410006    
   2.3370366    
   2.3330944    
   2.3291733    
   2.3252730    
   2.3213937    
   2.3175347    
   2.3136957    
   2.3098764    
   2.3060768    
   2.3022964    
   2.2985349    
   2.2947922    
   2.2910681    
   2.2873621    
   2.2836740    
   2.2800040    
   2.2763512    
   2.2727160    
   2.2690978    
   2.2654965    
   2.2619119    
   2.2583437    
   2.2547917    
   2.2512560    
   2.2477360    
   2.2442319    
   2.2407432    
   2.2372699    
   2.2338116    
   2.2303684    
   2.2269399    
   2.2235260    
   2.2201266    
   2.2167418    
   2.2133708    
   2.2100139    
   2.2066710    
   2.2033417    
   2.2000258    
   2.1967235    
   2.1934345    
   2.1901584    
   2.1868954    
   2.1836452    
   2.1804080    
   2.1771832    
   2.1739707    
   2.1707706    
   2.1675830    
   2.1644073    
   2.1612434    
   2.1580915    
   2.1549513    
   2.1518228    
   2.1487060    
   2.1456003    
   2.1425061    
   2.1394229    
   2.1363509    
   2.1332898    
   2.1302397    
   2.1272004    
   2.1241717    
   2.1211536    
   2.1181462    
   2.1151488    
   2.1121621    
   2.1091855    
   2.1062188    
   2.1032624    
   2.1003158    
   2.0973790    
   2.0944521    
   2.0915351    
   2.0886273    
   2.0857294    
   2.0828407    
   2.0799615    
   2.0770915    
   2.0742309    
   2.0713792    
   2.0685368    
   2.0657034    
   2.0628788    
   2.0600631    
   2.0572562    
   2.0544579    
   2.0516684    
   2.0488873    
   2.0461149    
   2.0433509    
   2.0405953    
   2.0378478    
   2.0351088    
   2.0323780    
   2.0296552    
   2.0269403    
   2.0242338    
   2.0215349    
   2.0188441    
   2.0161612    
   2.0134859    
   2.0108182    
   2.0081584    
   2.0055063    
   2.0028615    
   2.0002244    
   1.9975946    
   1.9949721    
   1.9923571    
   1.9897494    
   1.9871489    
   1.9845556    
   1.9819694    
   1.9793903    
   1.9768182    
   1.9742532    
   1.9716951    
   1.9691439    
   1.9665995    
   1.9640620    
   1.9615312    
   1.9590070    
   1.9564897    
   1.9539789    
   1.9514747    
   1.9489770    
   1.9464859    
   1.9440012    
   1.9415230    
   1.9390510    
   1.9365855    
   1.9341263    
   1.9316732    
   1.9292264    
   1.9267858    
   1.9243513    
   1.9219230    
   1.9195007    
   1.9170845    
   1.9146742    
   1.9122698    
   1.9098713    
   1.9074788    
   1.9050921    
   1.9027113    
   1.9003361    
   1.8979669    
   1.8956032    
   1.8932452    
   1.8908929    
   1.8885462    
   1.8862051    
   1.8838694    
   1.8815393    
   1.8792148    
   1.8768955    
   1.8745818    
   1.8722734    
   1.8699704    
   1.8676728    
   1.8653804    
   1.8630934    
   1.8608115    
   1.8585348    
   1.8562633    
   1.8539970    
   1.8517357    
   1.8494797    
   1.8472286    
   1.8449826    
   1.8427416    
   1.8405056    
   1.8382745    
   1.8360484    
   1.8338271    
   1.8316108    
   1.8293993    
   1.8271927    
   1.8249909    
   1.8227938    
   1.8206015    
   1.8184139    
   1.8162310    
   1.8140528    
   1.8118792    
   1.8097103    
   1.8075460    
   1.8053862    
   1.8032311    
   1.8010805    
   1.7989343    
   1.7967926    
   1.7946556    
   1.7925228    
   1.7903945    
   1.7882707    
   1.7861512    
   1.7840360    
   1.7819252    
   1.7798188    
   1.7777165    
