   2.9954827    
   2.9351251    
   2.8889217    
   2.8500621    
   2.8159063    
   2.7850990    
   2.7568345    
   2.7305872    
   2.7059917    
   2.6827819    
   2.6607566    
   2.6397595    
   2.6196656    
   2.6003745    
   2.5818021    
   2.5638795    
   2.5465469    
   2.5297544    
   2.5134580    
   2.4976199    
   2.4822066    
   2.4671886    
   2.4525402    
   2.4382377    
   2.4242599    
   2.4105885    
   2.3972061    
   2.3840969    
   2.3712468    
   2.3586433    
   2.3462737    
   2.3341277    
   2.3221946    
   2.3104653    
   2.2989311    
   2.2875836    
   2.2764158    
   2.2654202    
   2.2545903    
   2.2439198    
   2.2334034    
   2.2230351    
   2.2128098    
   2.2027230    
   2.1927698    
   2.1829462    
   2.1732478    
   2.1636708    
   2.1542115    
   2.1448665    
   2.1356323    
   2.1265059    
   2.1174841    
   2.1085644    
   2.0997436    
   2.0910192    
   2.0823889    
   2.0738499    
   2.0654004    
   2.0570378    
   2.0487599    
   2.0405653    
   2.0324512    
   2.0244162    
   2.0164585    
   2.0085764    
   2.0007679    
   1.9930317    
   1.9853661    
   1.9777696    
   1.9702408    
   1.9627784    
   1.9553808    
   1.9480469    
   1.9407754    
   1.9335650    
   1.9264145    
   1.9193230    
   1.9122890    
   1.9053117    
   1.8983901    
   1.8915229    
   1.8847094    
   1.8779485    
   1.8712393    
   1.8645810    
   1.8579726    
   1.8514134    
   1.8449024    
   1.8384389    
   1.8320220    
   1.8256510    
   1.8193253    
   1.8130442    
   1.8068067    
   1.8006123    
   1.7944604    
   1.7883502    
   1.7822813    
   1.7762527    
   1.7702643    
   1.7643150    
   1.7584045    
   1.7525322    
   1.7466977    
   1.7409002    
   1.7351394    
   1.7294146    
   1.7237253    
   1.7180712    
   1.7124518    
   1.7068665    
   1.7013149    
   1.6957966    
   1.6903111    
   1.6848580    
   1.6794368    
   1.6740472    
   1.6686889    
   1.6633612    
   1.6580640    
   1.6527967    
   1.6475592    
   1.6423509    
   1.6371715    
   1.6320207    
   1.6268982    
   1.6218035    
   1.6167364    
   1.6116966    
   1.6066837    
   1.6016974    
   1.5967375    
   1.5918036    
   1.5868953    
   1.5820125    
   1.5771550    
   1.5723222    
   1.5675142    
   1.5627304    
   1.5579708    
   1.5532348    
   1.5485225    
   1.5438335    
   1.5391675    
   1.5345244    
   1.5299040    
   1.5253057    
   1.5207298    
   1.5161756    
   1.5116432    
   1.5071322    
   1.5026424    
   1.4981736    
   1.4937258    
   1.4892985    
   1.4848915    
   1.4805049    
   1.4761382    
   1.4717915    
   1.4674643    
   1.4631566    
   1.4588681    
   1.4545988    
   1.4503484    
   1.4461167    
   1.4419036    
   1.4377087    
   1.4335322    
   1.4293737    
   1.4252332    
   1.4211104    
   1.4170051    
   1.4129173    
   1.4088467    
   1.4047933    
   1.4007567    
   1.3967370    
   1.3927341    
   1.3887475    
   1.3847774    
   1.3808235    
   1.3768858    
   1.3729640    
   1.3690580    
   1.3651679    
   1.3612932    
   1.3574339    
   1.3535900    
   1.3497612    
   1.3459476    
   1.3421489    
   1.3383651    
   1.3345959    
   1.3308413    
   1.3271012    
   1.3233755    
   1.3196640    
   1.3159666    
   1.3122833    
   1.3086138    
   1.3049582    
   1.3013163    
   1.2976879    
   1.2940731    
   1.2904716    
   1.2868835    
   1.2833084    
   1.2797465    
   1.2761977    
   1.2726616    
   1.2691383    
   1.2656279    
   1.2621299    
   1.2586446    
   1.2551715    
   1.2517109    
   1.2482625    
   1.2448263    
   1.2414021    
   1.2379900    
   1.2345897    
   1.2312012    
   1.2278244    
   1.2244594    
   1.2211059    
   1.2177639    
   1.2144333    
   1.2111140    
   1.2078060    
   1.2045091    
   1.2012234    
   1.1979486    
   1.1946849    
   1.1914319    
   1.1881899    
   1.1849585    
   1.1817378    
   1.1785276    
   1.1753280    
   1.1721388    
   1.1689601    
   1.1657915    
   1.1626333    
   1.1594853    
   1.1563474    
   1.1532195    
   1.1501015    
   1.1469935    
   1.1438954    
   1.1408070    
   1.1377285    
   1.1346595    
   1.1316003    
   1.1285504    
   1.1255101    
   1.1224793    
   1.1194577    
   1.1164457    
   1.1134427    
   1.1104490    
   1.1074644    
   1.1044888    
   1.1015224    
   1.0985650    
   1.0956165    
   1.0926768    
   1.0897459    
   1.0868238    
   1.0839105    
   1.0810057    
   1.0781096    
   1.0752220    
   1.0723430    
   1.0694724    
   1.0666103    
   1.0637565    
   1.0609109    
   1.0580738    
   1.0552448    
   1.0524240    
   1.0496112    
   1.0468066    
   1.0440100    
   1.0412214    
   1.0384407    
   1.0356680    
   1.0329031    
   1.0301460    
   1.0273966    
   1.0246550    
   1.0219210    
   1.0191947    
   1.0164760    
   1.0137649    
   1.0110613    
   1.0083652    
   1.0056764    
   1.0029950    
   1.0003210    
