   3.0688803    
   3.0388412    
   3.0158453    
   2.9965038    
   2.9795027    
   2.9641681    
   2.9500988    
   2.9370334    
   2.9247901    
   2.9132364    
   2.9022725    
   2.8918204    
   2.8818183    
   2.8722155    
   2.8629713    
   2.8540504    
   2.8454235    
   2.8370657    
   2.8289554    
   2.8210735    
   2.8134034    
   2.8059304    
   2.7986419    
   2.7915258    
   2.7845721    
   2.7777710    
   2.7711143    
   2.7645943    
   2.7582037    
   2.7519362    
   2.7457857    
   2.7397470    
   2.7338147    
   2.7279844    
   2.7222519    
   2.7166128    
   2.7110636    
   2.7056007    
   2.7002208    
   2.6949208    
   2.6896980    
   2.6845496    
   2.6794727    
   2.6744654    
   2.6695254    
   2.6646502    
   2.6598377    
   2.6550865    
   2.6503944    
   2.6457598    
   2.6411808    
   2.6366560    
   2.6321840    
   2.6277633    
   2.6233921    
   2.6190698    
   2.6147947    
   2.6105657    
   2.6063819    
   2.6022418    
   2.5981443    
   2.5940888    
   2.5900741    
   2.5860991    
   2.5821633    
   2.5782657    
   2.5744050    
   2.5705810    
   2.5667927    
   2.5630393    
   2.5593202    
   2.5556345    
   2.5519817    
   2.5483611    
   2.5447719    
   2.5412138    
   2.5376859    
   2.5341878    
   2.5307190    
   2.5272789    
   2.5238669    
   2.5204828    
   2.5171256    
   2.5137951    
   2.5104909    
   2.5072124    
   2.5039592    
   2.5007310    
   2.4975271    
   2.4943476    
   2.4911916    
   2.4880588    
   2.4849491    
   2.4818621    
   2.4787972    
   2.4757540    
   2.4727325    
   2.4697323    
   2.4667530    
   2.4637942    
   2.4608557    
   2.4579370    
   2.4550383    
   2.4521589    
   2.4492986    
   2.4464571    
   2.4436343    
   2.4408298    
   2.4380436    
   2.4352751    
   2.4325240    
   2.4297905    
   2.4270740    
   2.4243746    
   2.4216917    
   2.4190254    
   2.4163752    
   2.4137414    
   2.4111230    
   2.4085205    
   2.4059334    
   2.4033616    
   2.4008048    
   2.3982630    
   2.3957357    
   2.3932230    
   2.3907249    
   2.3882408    
   2.3857706    
   2.3833144    
   2.3808718    
   2.3784428    
   2.3760271    
   2.3736248    
   2.3712354    
   2.3688591    
   2.3664954    
   2.3641443    
   2.3618059    
   2.3594797    
   2.3571658    
   2.3548639    
   2.3525741    
   2.3502960    
   2.3480299    
   2.3457751    
   2.3435318    
   2.3412998    
   2.3390791    
   2.3368695    
   2.3346708    
   2.3324831    
   2.3303061    
   2.3281398    
   2.3259840    
   2.3238387    
   2.3217037    
   2.3195791    
   2.3174644    
   2.3153598    
   2.3132653    
   2.3111806    
   2.3091054    
   2.3070402    
   2.3049843    
   2.3029380    
   2.3009009    
   2.2988734    
   2.2968550    
   2.2948456    
   2.2928452    
   2.2908540    
   2.2888713    
   2.2868977    
   2.2849326    
   2.2829764    
   2.2810285    
   2.2790892    
   2.2771583    
   2.2752357    
   2.2733214    
   2.2714150    
   2.2695169    
   2.2676270    
   2.2657449    
   2.2638707    
   2.2620044    
   2.2601457    
   2.2582948    
   2.2564516    
   2.2546158    
   2.2527876    
   2.2509668    
   2.2491534    
   2.2473474    
   2.2455485    
   2.2437568    
   2.2419722    
   2.2401948    
   2.2384243    
   2.2366607    
   2.2349043    
   2.2331545    
   2.2314115    
   2.2296753    
   2.2279458    
   2.2262228    
   2.2245064    
   2.2227967    
   2.2210932    
   2.2193964    
   2.2177057    
   2.2160215    
   2.2143435    
   2.2126718    
   2.2110062    
   2.2093468    
   2.2076936    
   2.2060461    
   2.2044048    
   2.2027695    
   2.2011399    
   2.1995163    
   2.1978984    
   2.1962864    
   2.1946800    
   2.1930795    
   2.1914845    
   2.1898949    
   2.1883111    
   2.1867328    
   2.1851599    
   2.1835923    
   2.1820304    
   2.1804738    
   2.1789224    
   2.1773763    
   2.1758354    
   2.1742997    
   2.1727693    
   2.1712439    
   2.1697237    
   2.1682086    
   2.1666985    
   2.1651931    
   2.1636930    
   2.1621976    
   2.1607072    
   2.1592216    
   2.1577411    
   2.1562650    
   2.1547937    
   2.1533272    
   2.1518655    
   2.1504083    
   2.1489558    
   2.1475079    
   2.1460645    
   2.1446257    
   2.1431913    
   2.1417615    
   2.1403363    
   2.1389151    
   2.1374986    
   2.1360862    
   2.1346784    
   2.1332748    
   2.1318753    
   2.1304803    
   2.1290894    
   2.1277025    
   2.1263199    
   2.1249416    
   2.1235671    
   2.1221969    
   2.1208308    
   2.1194685    
   2.1181104    
   2.1167562    
   2.1154060    
   2.1140597    
   2.1127172    
   2.1113787    
   2.1100440    
   2.1087132    
   2.1073861    
   2.1060629    
   2.1047432    
   2.1034274    
   2.1021154    
   2.1008070    
   2.0995023    
   2.0982013    
   2.0969038    
   2.0956099    
   2.0943198    
   2.0930331    
   2.0917499    
   2.0904701    
   2.0891941    
