  0.21884595    
  0.29627538    
  0.34828174    
  0.38688099    
  0.41693634    
  0.44101539    
  0.46067086    
  0.47692358    
  0.49048421    
  0.50186843    
  0.51146281    
  0.51956433    
  0.52640599    
  0.53217375    
  0.53701830    
  0.54106319    
  0.54441077    
  0.54714680    
  0.54934371    
  0.55106318    
  0.55235785    
  0.55327332    
  0.55384904    
  0.55411935    
  0.55411440    
  0.55386060    
  0.55338144    
  0.55269760    
  0.55182755    
  0.55078775    
  0.54959291    
  0.54825634    
  0.54678988    
  0.54520440    
  0.54350948    
  0.54171413    
  0.53982621    
  0.53785318    
  0.53580153    
  0.53367752    
  0.53148663    
  0.52923399    
  0.52692437    
  0.52456200    
  0.52215093    
  0.51969481    
  0.51719701    
  0.51466066    
  0.51208878    
  0.50948393    
  0.50684869    
  0.50418532    
  0.50149602    
  0.49878281    
  0.49604756    
  0.49329197    
  0.49051771    
  0.48772627    
  0.48491910    
  0.48209751    
  0.47926274    
  0.47641596    
  0.47355828    
  0.47069070    
  0.46781415    
  0.46492961    
  0.46203786    
  0.45913970    
  0.45623589    
  0.45332715    
  0.45041409    
  0.44749740    
  0.44457760    
  0.44165528    
  0.43873096    
  0.43580508    
  0.43287817    
  0.42995062    
  0.42702284    
  0.42409524    
  0.42116818    
  0.41824201    
  0.41531703    
  0.41239354    
  0.40947187    
  0.40655228    
  0.40363503    
  0.40072033    
  0.39780846    
  0.39489961    
  0.39199397    
  0.38909176    
  0.38619316    
  0.38329834    
  0.38040745    
  0.37752065    
  0.37463811    
  0.37175992    
  0.36888626    
  0.36601722    
  0.36315289    
  0.36029345    
  0.35743895    
  0.35458949    
  0.35174516    
  0.34890604    
  0.34607226    
  0.34324381    
  0.34042081    
  0.33760333    
  0.33479142    
  0.33198515    
  0.32918453    
  0.32638967    
  0.32360056    
  0.32081726    
  0.31803986    
  0.31526834    
  0.31250271    
  0.30974308    
  0.30698943    
  0.30424181    
  0.30150020    
  0.29876468    
  0.29603523    
  0.29331189    
  0.29059467    
  0.28788355    
  0.28517860    
  0.28247979    
  0.27978715    
  0.27710068    
  0.27442038    
  0.27174628    
  0.26907834    
  0.26641658    
  0.26376104    
  0.26111168    
  0.25846848    
  0.25583148    
  0.25320068    
  0.25057605    
  0.24795757    
  0.24534528    
  0.24273914    
  0.24013916    
  0.23754533    
  0.23495762    
  0.23237605    
  0.22980060    
  0.22723126    
  0.22466801    
  0.22211084    
  0.21955974    
  0.21701472    
  0.21447574    
  0.21194278    
  0.20941584    
  0.20689492    
  0.20437998    
  0.20187102    
  0.19936801    
  0.19687095    
  0.19437984    
  0.19189462    
  0.18941529    
  0.18694185    
  0.18447427    
  0.18201253    
  0.17955662    
  0.17710653    
  0.17466222    
  0.17222369    
  0.16979091    
  0.16736387    
  0.16494256    
  0.16252694    
  0.16011700    
  0.15771273    
  0.15531410    
  0.15292110    
  0.15053369    
  0.14815189    
  0.14577565    
  0.14340495    
  0.14103979    
  0.13868013    
  0.13632597    
  0.13397728    
  0.13163404    
  0.12929623    
  0.12696384    
  0.12463683    
  0.12231521    
  0.11999893    
  0.11768799    
  0.11538237    
  0.11308204    
  0.11078698    
  0.10849719    
  0.10621262    
  0.10393328    
  0.10165914    
  9.93901715E-02
  9.71263647E-02
  9.48676914E-02
  9.26141441E-02
  9.03657004E-02
  8.81223306E-02
  8.58840272E-02
  8.36507604E-02
  8.14225227E-02
  7.91992992E-02
  7.69810453E-02
  7.47677609E-02
  7.25594312E-02
  7.03560263E-02
  6.81575313E-02
  6.59639314E-02
  6.37751967E-02
  6.15913160E-02
  5.94122708E-02
  5.72380498E-02
  5.50686195E-02
  5.29039651E-02
  5.07440828E-02
  4.85889316E-02
  4.64385077E-02
  4.42927927E-02
  4.21517678E-02
  4.00154069E-02
  3.78837138E-02
  3.57566290E-02
  3.36341783E-02
  3.15163285E-02
  2.94030588E-02
  2.72943396E-02
  2.51901671E-02
  2.30905302E-02
  2.09954102E-02
  1.89047754E-02
  1.68186296E-02
  1.47369094E-02
  1.26596568E-02
  1.05868410E-02
  8.51839595E-03
  6.45438209E-03
  4.39472264E-03
  2.33946019E-03
  2.87719042E-04
   3.1398346    
   3.1377921    
   3.1357541    
   3.1337204    
   3.1316910    
   3.1296656    
   3.1276445    
   3.1256278    
   3.1236153    
   3.1216068    
   3.1196024    
   3.1176023    
   3.1156063    
   3.1136143    
   3.1116266    
   3.1096430    
   3.1076634    
   3.1056876    
   3.1037161    
   3.1017487    
   3.0997851    
   3.0978258    
   3.0958703    
   3.0939186    
   3.0919709    
   3.0900273    
   3.0880876    
   3.0861516    
   3.0842197    
   3.0822916    
   3.0803673    
   3.0784471    
   3.0765305    
   3.0746179    
   3.0727088    
   3.0708039    
   3.0689025    
   3.0670049    
   3.0651109    
   3.0632210    
   3.0613346    
   3.0594521    
   3.0575731    
   3.0556977    
   3.0538261    
   3.0519581    
   3.0500939    
   3.0482333    
   3.0463762    
   3.0445228    
