  0.59095323    
  0.72502637    
  0.79399568    
  0.83536559    
  0.86205083    
  0.87990355    
  0.89200908    
  0.90016311    
  0.90548718    
  0.90871996    
  0.91036838    
  0.91079247    
  0.91025484    
  0.90895146    
  0.90703160    
  0.90461081    
  0.90177977    
  0.89861065    
  0.89516157    
  0.89147955    
  0.88760334    
  0.88356489    
  0.87939066    
  0.87510294    
  0.87072045    
  0.86625898    
  0.86173213    
  0.85715133    
  0.85252643    
  0.84786600    
  0.84317726    
  0.83846664    
  0.83373964    
  0.82900101    
  0.82425493    
  0.81950510    
  0.81475455    
  0.81000620    
  0.80526245    
  0.80052543    
  0.79579699    
  0.79107881    
  0.78637230    
  0.78167874    
  0.77699924    
  0.77233469    
  0.76768607    
  0.76305401    
  0.75843918    
  0.75384212    
  0.74926329    
  0.74470311    
  0.74016196    
  0.73564011    
  0.73113775    
  0.72665519    
  0.72219247    
  0.71774977    
  0.71332723    
  0.70892483    
  0.70454264    
  0.70018077    
  0.69583911    
  0.69151765    
  0.68721646    
  0.68293536    
  0.67867440    
  0.67443341    
  0.67021239    
  0.66601127    
  0.66182983    
  0.65766805    
  0.65352583    
  0.64940304    
  0.64529955    
  0.64121521    
  0.63714993    
  0.63310355    
  0.62907594    
  0.62506694    
  0.62107652    
  0.61710441    
  0.61315054    
  0.60921472    
  0.60529679    
  0.60139674    
  0.59751427    
  0.59364927    
  0.58980167    
  0.58597124    
  0.58215791    
  0.57836145    
  0.57458180    
  0.57081878    
  0.56707221    
  0.56334203    
  0.55962801    
  0.55593008    
  0.55224806    
  0.54858184    
  0.54493129    
  0.54129624    
  0.53767657    
  0.53407216    
  0.53048289    
  0.52690858    
  0.52334917    
  0.51980442    
  0.51627433    
  0.51275867    
  0.50925738    
  0.50577033    
  0.50229740    
  0.49883848    
  0.49539340    
  0.49196208    
  0.48854437    
  0.48514023    
  0.48174948    
  0.47837201    
  0.47500774    
  0.47165653    
  0.46831831    
  0.46499294    
  0.46168032    
  0.45838034    
  0.45509294    
  0.45181793    
  0.44855529    
  0.44530490    
  0.44206664    
  0.43884042    
  0.43562615    
  0.43242371    
  0.42923307    
  0.42605406    
  0.42288664    
  0.41973069    
  0.41658616    
  0.41345289    
  0.41033086    
  0.40721998    
  0.40412009    
  0.40103120    
  0.39795315    
  0.39488593    
  0.39182937    
  0.38878345    
  0.38574812    
  0.38272321    
  0.37970871    
  0.37670451    
  0.37371057    
  0.37072676    
  0.36775306    
  0.36478937    
  0.36183560    
  0.35889170    
  0.35595763    
  0.35303324    
  0.35011852    
  0.34721339    
  0.34431779    
  0.34143162    
  0.33855486    
  0.33568740    
  0.33282918    
  0.32998016    
  0.32714027    
  0.32430944    
  0.32148761    
  0.31867471    
  0.31587070    
  0.31307551    
  0.31028906    
  0.30751130    
  0.30474219    
  0.30198166    
  0.29922965    
  0.29648614    
  0.29375100    
  0.29102424    
  0.28830576    
  0.28559554    
  0.28289351    
  0.28019962    
  0.27751380    
  0.27483603    
  0.27216625    
  0.26950437    
  0.26685041    
  0.26420426    
  0.26156589    
  0.25893527    
  0.25631234    
  0.25369704    
  0.25108933    
  0.24848916    
  0.24589649    
  0.24331126    
  0.24073344    
  0.23816298    
  0.23559983    
  0.23304395    
  0.23049530    
  0.22795384    
  0.22541952    
  0.22289228    
  0.22037211    
  0.21785896    
  0.21535277    
  0.21285352    
  0.21036115    
  0.20787564    
  0.20539694    
  0.20292500    
  0.20045979    
  0.19800130    
  0.19554944    
  0.19310421    
  0.19066554    
  0.18823344    
  0.18580782    
  0.18338868    
  0.18097597    
  0.17856966    
  0.17616972    
  0.17377609    
  0.17138876    
  0.16900767    
  0.16663282    
  0.16426414    
  0.16190162    
  0.15954523    
  0.15719491    
  0.15485066    
  0.15251243    
  0.15018018    
  0.14785388    
  0.14553353    
  0.14321905    
  0.14091045    
  0.13860767    
  0.13631070    
  0.13401949    
  0.13173403    
  0.12945427    
  0.12718020    
  0.12491179    
  0.12264898    
  0.12039178    
  0.11814015    
  0.11589404    
  0.11365344    
  0.11141833    
  0.10918867    
  0.10696443    
  0.10474560    
  0.10253213    
  0.10032401    
  9.81212035E-02
  9.59236845E-02
  9.37314406E-02
  9.15444344E-02
  8.93626362E-02
  8.71860310E-02
  8.50145817E-02
  8.28482732E-02
  8.06870759E-02
  7.85309672E-02
  7.63799250E-02
  7.42339194E-02
  7.20929205E-02
  6.99569210E-02
  6.78258836E-02
  6.56997934E-02
  6.35786131E-02
  6.14623390E-02
  5.93509413E-02
  5.72443940E-02
  5.51426709E-02
  5.30457459E-02
  5.09536155E-02
  4.88662384E-02
  4.67836037E-02
  4.47056741E-02
  4.26324569E-02
  4.05639037E-02
  3.85000110E-02
  3.64407450E-02
  3.43860760E-02
  3.23360190E-02
  3.02905086E-02
  2.82495636E-02
  2.62131318E-02
  2.41812244E-02
  2.21537892E-02
  2.01308094E-02
  1.81122944E-02
  1.60982087E-02
