   1.6864616    
   1.5885893    
   1.5325305    
   1.4918363    
   1.4591665    
   1.4314601    
   1.4071488    
   1.3853203    
   1.3653961    
   1.3469853    
   1.3298106    
   1.3136678    
   1.2984021    
   1.2838928    
   1.2700437    
   1.2567776    
   1.2440304    
   1.2317488    
   1.2198883    
   1.2084105    
   1.1972826    
   1.1864761    
   1.1759665    
   1.1657317    
   1.1557523    
   1.1460115    
   1.1364938    
   1.1271853    
   1.1180738    
   1.1091480    
   1.1003976    
   1.0918134    
   1.0833869    
   1.0751101    
   1.0669760    
   1.0589778    
   1.0511097    
   1.0433656    
   1.0357405    
   1.0282294    
   1.0208277    
   1.0135310    
   1.0063355    
  0.99923724    
  0.99223292    
  0.98531902    
  0.97849250    
  0.97175038    
  0.96508986    
  0.95850837    
  0.95200330    
  0.94557238    
  0.93921334    
  0.93292397    
  0.92670238    
  0.92054653    
  0.91445458    
  0.90842479    
  0.90245557    
  0.89654517    
  0.89069217    
  0.88489503    
  0.87915242    
  0.87346292    
  0.86782527    
  0.86223829    
  0.85670066    
  0.85121137    
  0.84576923    
  0.84037328    
  0.83502239    
  0.82971567    
  0.82445210    
  0.81923079    
  0.81405091    
  0.80891156    
  0.80381191    
  0.79875124    
  0.79372871    
  0.78874362    
  0.78379524    
  0.77888286    
  0.77400583    
  0.76916349    
  0.76435524    
  0.75958043    
  0.75483847    
  0.75012875    
  0.74545079    
  0.74080402    
  0.73618788    
  0.73160189    
  0.72704554    
  0.72251832    
  0.71801984    
  0.71354955    
  0.70910704    
  0.70469189    
  0.70030367    
  0.69594198    
  0.69160634    
  0.68729651    
  0.68301195    
  0.67875236    
  0.67451739    
  0.67030668    
  0.66611987    
  0.66195661    
  0.65781659    
  0.65369952    
  0.64960504    
  0.64553285    
  0.64148265    
  0.63745415    
  0.63344711    
  0.62946117    
  0.62549609    
  0.62155163    
  0.61762750    
  0.61372346    
  0.60983920    
  0.60597456    
  0.60212922    
  0.59830302    
  0.59449565    
  0.59070700    
  0.58693671    
  0.58318466    
  0.57945061    
  0.57573432    
  0.57203561    
  0.56835431    
  0.56469017    
  0.56104302    
  0.55741268    
  0.55379891    
  0.55020165    
  0.54662061    
  0.54305559    
  0.53950655    
  0.53597319    
  0.53245544    
  0.52895308    
  0.52546597    
  0.52199394    
  0.51853687    
  0.51509452    
  0.51166683    
  0.50825363    
  0.50485474    
  0.50147009    
  0.49809948    
  0.49474275    
  0.49139982    
  0.48807055    
  0.48475480    
  0.48145244    
  0.47816333    
  0.47488734    
  0.47162440    
  0.46837434    
  0.46513703    
  0.46191239    
  0.45870030    
  0.45550063    
  0.45231330    
  0.44913816    
  0.44597510    
  0.44282404    
  0.43968487    
  0.43655747    
  0.43344179    
  0.43033764    
  0.42724499    
  0.42416373    
  0.42109373    
  0.41803494    
  0.41498724    
  0.41195053    
  0.40892473    
  0.40590978    
  0.40290552    
  0.39991194    
  0.39692894    
  0.39395636    
  0.39099422    
  0.38804236    
  0.38510072    
  0.38216925    
  0.37924784    
  0.37633643    
  0.37343490    
  0.37054321    
  0.36766130    
  0.36478904    
  0.36192644    
  0.35907334    
  0.35622969    
  0.35339549    
  0.35057056    
  0.34775493    
  0.34494847    
  0.34215114    
  0.33936286    
  0.33658355    
  0.33381319    
  0.33105168    
  0.32829896    
  0.32555497    
  0.32281968    
  0.32009298    
  0.31737483    
  0.31466517    
  0.31196395    
  0.30927110    
  0.30658656    
  0.30391029    
  0.30124220    
  0.29858229    
  0.29593045    
  0.29328665    
  0.29065084    
  0.28802297    
  0.28540295    
  0.28279078    
  0.28018638    
  0.27758971    
  0.27500069    
  0.27241933    
  0.26984552    
  0.26727924    
  0.26472044    
  0.26216906    
  0.25962508    
  0.25708842    
  0.25455904    
  0.25203693    
  0.24952200    
  0.24701424    
  0.24451357    
  0.24201998    
  0.23953341    
  0.23705383    
  0.23458117    
  0.23211542    
  0.22965652    
  0.22720443    
  0.22475910    
  0.22232053    
  0.21988863    
  0.21746337    
  0.21504475    
  0.21263269    
  0.21022716    
  0.20782813    
  0.20543557    
  0.20304944    
  0.20066968    
  0.19829626    
  0.19592917    
  0.19356835    
  0.19121376    
  0.18886539    
  0.18652318    
  0.18418711    
  0.18185715    
  0.17953324    
  0.17721538    
  0.17490353    
  0.17259763    
  0.17029767    
  0.16800360    
  0.16571541    
  0.16343307    
  0.16115652    
  0.15888576    
  0.15662074    
  0.15436143    
  0.15210781    
  0.14985985    
  0.14761749    
  0.14538074    
  0.14314955    
  0.14092390    
  0.13870376    
  0.13648909    
  0.13427988    
  0.13207608    
  0.12987769    
  0.12768464    
  0.12549695    
  0.12331457    
  0.12113746    
  0.11896562    
  0.11679900    
  0.11463760    
  0.11248137    
  0.11033029    
  0.10818435    
  0.10604350    
