   3.0272038    
   2.9798944    
   2.9436417    
   2.9131200    
   2.8862658    
   2.8620198    
   2.8397532    
   2.8190551    
   2.7996407    
   2.7813022    
   2.7638829    
   2.7472608    
   2.7313390    
   2.7160385    
   2.7012947    
   2.6870532    
   2.6732683    
   2.6599004    
   2.6469159    
   2.6342852    
   2.6219821    
   2.6099844    
   2.5982714    
   2.5868249    
   2.5756290    
   2.5646689    
   2.5539312    
   2.5434039    
   2.5330763    
   2.5229380    
   2.5129800    
   2.5031939    
   2.4935715    
   2.4841058    
   2.4747899    
   2.4656179    
   2.4565835    
   2.4476817    
   2.4389071    
   2.4302552    
   2.4217215    
   2.4133015    
   2.4049914    
   2.3967876    
   2.3886867    
   2.3806851    
   2.3727796    
   2.3649673    
   2.3572457    
   2.3496118    
   2.3420630    
   2.3345969    
   2.3272114    
   2.3199039    
   2.3126726    
   2.3055155    
   2.2984307    
   2.2914162    
   2.2844701    
   2.2775910    
   2.2707770    
   2.2640269    
   2.2573390    
   2.2507119    
   2.2441442    
   2.2376347    
   2.2311816    
   2.2247844    
   2.2184415    
   2.2121520    
   2.2059143    
   2.1997278    
   2.1935914    
   2.1875041    
   2.1814647    
   2.1754725    
   2.1695266    
   2.1636260    
   2.1577697    
   2.1519573    
   2.1461878    
   2.1404605    
   2.1347747    
   2.1291294    
   2.1235240    
   2.1179578    
   2.1124306    
   2.1069410    
   2.1014888    
   2.0960734    
   2.0906942    
   2.0853505    
   2.0800419    
   2.0747676    
   2.0695271    
   2.0643203    
   2.0591462    
   2.0540047    
   2.0488949    
   2.0438166    
   2.0387692    
   2.0337527    
   2.0287659    
   2.0238090    
   2.0188813    
   2.0139825    
   2.0091121    
   2.0042698    
   1.9994552    
   1.9946679    
   1.9899076    
   1.9851739    
   1.9804665    
   1.9757849    
   1.9711291    
   1.9664984    
   1.9618926    
   1.9573116    
   1.9527549    
   1.9482222    
   1.9437132    
   1.9392277    
   1.9347653    
   1.9303260    
   1.9259092    
   1.9215147    
   1.9171424    
   1.9127920    
   1.9084631    
   1.9041556    
   1.8998692    
   1.8956037    
   1.8913589    
   1.8871343    
   1.8829302    
   1.8787458    
   1.8745813    
   1.8704364    
   1.8663108    
   1.8622043    
   1.8581167    
   1.8540480    
   1.8499978    
   1.8459659    
   1.8419522    
   1.8379564    
   1.8339785    
   1.8300183    
   1.8260754    
   1.8221499    
   1.8182415    
   1.8143500    
   1.8104752    
   1.8066171    
   1.8027755    
   1.7989502    
   1.7951410    
   1.7913479    
   1.7875705    
   1.7838088    
   1.7800628    
   1.7763321    
   1.7726167    
   1.7689165    
   1.7652313    
   1.7615609    
   1.7579052    
   1.7542642    
   1.7506377    
   1.7470254    
   1.7434274    
   1.7398435    
   1.7362736    
   1.7327175    
   1.7291752    
   1.7256465    
   1.7221314    
   1.7186296    
   1.7151411    
   1.7116657    
   1.7082036    
   1.7047542    
   1.7013178    
   1.6978941    
   1.6944830    
   1.6910845    
   1.6876985    
   1.6843247    
   1.6809633    
   1.6776140    
   1.6742767    
   1.6709515    
   1.6676381    
   1.6643363    
   1.6610464    
   1.6577680    
   1.6545012    
   1.6512458    
   1.6480017    
   1.6447688    
   1.6415472    
   1.6383367    
   1.6351371    
   1.6319484    
   1.6287706    
   1.6256036    
   1.6224471    
   1.6193014    
   1.6161662    
   1.6130414    
   1.6099271    
   1.6068230    
   1.6037291    
   1.6006454    
   1.5975718    
   1.5945083    
   1.5914546    
   1.5884109    
   1.5853770    
   1.5823528    
   1.5793383    
   1.5763334    
   1.5733380    
   1.5703522    
   1.5673758    
   1.5644087    
   1.5614508    
   1.5585023    
   1.5555630    
   1.5526327    
   1.5497115    
   1.5467993    
   1.5438960    
   1.5410016    
   1.5381160    
   1.5352392    
   1.5323710    
   1.5295116    
   1.5266607    
   1.5238184    
   1.5209845    
   1.5181592    
   1.5153421    
   1.5125334    
   1.5097330    
   1.5069408    
   1.5041568    
   1.5013809    
   1.4986131    
   1.4958533    
   1.4931015    
   1.4903576    
   1.4876215    
   1.4848934    
   1.4821731    
   1.4794604    
   1.4767555    
   1.4740582    
   1.4713684    
   1.4686863    
   1.4660118    
   1.4633446    
   1.4606848    
   1.4580325    
   1.4553875    
   1.4527498    
   1.4501194    
   1.4474962    
   1.4448801    
   1.4422711    
   1.4396694    
   1.4370745    
   1.4344867    
   1.4319060    
   1.4293321    
   1.4267652    
   1.4242051    
   1.4216518    
   1.4191054    
   1.4165657    
   1.4140326    
   1.4115062    
   1.4089864    
   1.4064733    
   1.4039668    
   1.4014667    
   1.3989731    
   1.3964860    
   1.3940054    
   1.3915311    
   1.3890631    
   1.3866016    
   1.3841462    
   1.3816972    
   1.3792543    
   1.3768177    
   1.3743871    
   1.3719628    
   1.3695445    
   1.3671323    
