   2.9858127    
   2.9215019    
   2.8722999    
   2.8309414    
   2.7946093    
   2.7618566    
   2.7318230    
   2.7039475    
   2.6778400    
   2.6532159    
   2.6298604    
   2.6076059    
   2.5863197    
   2.5658937    
   2.5462384    
   2.5272794    
   2.5089533    
   2.4912064    
   2.4739919    
   2.4572690    
   2.4410019    
   2.4251592    
   2.4097130    
   2.3946378    
   2.3799119    
   2.3655143    
   2.3514268    
   2.3376329    
   2.3241174    
   2.3108661    
   2.2978663    
   2.2851062    
   2.2725749    
   2.2602623    
   2.2481589    
   2.2362564    
   2.2245464    
   2.2130213    
   2.2016740    
   2.1904979    
   2.1794868    
   2.1686347    
   2.1579363    
   2.1473861    
   2.1369796    
   2.1267116    
   2.1165779    
   2.1065745    
   2.0966973    
   2.0869427    
   2.0773067    
   2.0677862    
   2.0583780    
   2.0490787    
   2.0398858    
   2.0307958    
   2.0218065    
   2.0129154    
   2.0041196    
   1.9954169    
   1.9868051    
   1.9782819    
   1.9698452    
   1.9614930    
   1.9532235    
   1.9450345    
   1.9369245    
   1.9288915    
   1.9209341    
   1.9130504    
   1.9052391    
   1.8974985    
   1.8898273    
   1.8822238    
   1.8746870    
   1.8672154    
   1.8598077    
   1.8524628    
   1.8451793    
   1.8379563    
   1.8307924    
   1.8236867    
   1.8166381    
   1.8096457    
   1.8027081    
   1.7958248    
   1.7889946    
   1.7822165    
   1.7754899    
   1.7688137    
   1.7621872    
   1.7556095    
   1.7490799    
   1.7425975    
   1.7361616    
   1.7297715    
   1.7234265    
   1.7171257    
   1.7108686    
   1.7046546    
   1.6984829    
   1.6923529    
   1.6862640    
   1.6802157    
   1.6742072    
   1.6682380    
   1.6623077    
   1.6564156    
   1.6505611    
   1.6447439    
   1.6389632    
   1.6332188    
   1.6275100    
   1.6218363    
   1.6161975    
   1.6105927    
   1.6050220    
   1.5994844    
   1.5939798    
   1.5885078    
   1.5830679    
   1.5776596    
   1.5722826    
   1.5669365    
   1.5616210    
   1.5563356    
   1.5510800    
   1.5458537    
   1.5406567    
   1.5354882    
   1.5303483    
   1.5252364    
   1.5201521    
   1.5150954    
   1.5100656    
   1.5050627    
   1.5000862    
   1.4951359    
   1.4902115    
   1.4853127    
   1.4804393    
   1.4755908    
   1.4707673    
   1.4659680    
   1.4611931    
   1.4564422    
   1.4517150    
   1.4470112    
   1.4423308    
   1.4376733    
   1.4330385    
   1.4284263    
   1.4238364    
   1.4192685    
   1.4147224    
   1.4101980    
   1.4056950    
   1.4012130    
   1.3967522    
   1.3923122    
   1.3878926    
   1.3834935    
   1.3791145    
   1.3747556    
   1.3704164    
   1.3660969    
   1.3617967    
   1.3575158    
   1.3532540    
   1.3490109    
   1.3447868    
   1.3405811    
   1.3363937    
   1.3322245    
   1.3280734    
   1.3239402    
   1.3198247    
   1.3157268    
   1.3116462    
   1.3075829    
   1.3035367    
   1.2995075    
   1.2954950    
   1.2914993    
   1.2875201    
   1.2835572    
   1.2796105    
   1.2756799    
   1.2717654    
   1.2678666    
   1.2639836    
   1.2601161    
   1.2562641    
   1.2524273    
   1.2486058    
   1.2447994    
   1.2410079    
   1.2372313    
   1.2334692    
   1.2297218    
   1.2259889    
   1.2222704    
   1.2185661    
   1.2148758    
   1.2111996    
   1.2075374    
   1.2038890    
   1.2002543    
   1.1966331    
   1.1930255    
   1.1894313    
   1.1858503    
   1.1822826    
   1.1787279    
   1.1751862    
   1.1716573    
   1.1681414    
   1.1646380    
   1.1611474    
   1.1576693    
   1.1542035    
   1.1507502    
   1.1473091    
   1.1438800    
   1.1404631    
   1.1370583    
   1.1336652    
   1.1302841    
   1.1269146    
   1.1235569    
   1.1202106    
   1.1168759    
   1.1135527    
   1.1102407    
   1.1069399    
   1.1036505    
   1.1003720    
   1.0971045    
   1.0938481    
   1.0906026    
   1.0873679    
   1.0841438    
   1.0809305    
   1.0777277    
   1.0745355    
   1.0713537    
   1.0681822    
   1.0650212    
   1.0618703    
   1.0587296    
   1.0555991    
   1.0524786    
   1.0493681    
   1.0462675    
   1.0431768    
   1.0400958    
   1.0370246    
   1.0339632    
   1.0309112    
   1.0278689    
   1.0248361    
   1.0218126    
   1.0187986    
   1.0157938    
   1.0127983    
   1.0098121    
   1.0068350    
   1.0038669    
   1.0009079    
  0.99795789    
  0.99501681    
  0.99208462    
  0.98916119    
  0.98624659    
  0.98334068    
  0.98044342    
  0.97755480    
  0.97467476    
  0.97180319    
  0.96894008    
  0.96608543    
  0.96323907    
  0.96040112    
  0.95757139    
  0.95474988    
  0.95193654    
  0.94913131    
  0.94633418    
  0.94354504    
  0.94076395    
  0.93799078    
  0.93522549    
  0.93246812    
  0.92971849    
  0.92697662    
  0.92424256    
  0.92151612    
  0.91879731    
  0.91608608    
  0.91338247    
