   3.0252366    
   2.9771156    
   2.9402425    
   2.9092000    
   2.8818882    
   2.8572302    
   2.8345859    
   2.8135376    
   2.7937956    
   2.7751484    
   2.7574363    
   2.7405355    
   2.7243474    
   2.7087915    
   2.6938024    
   2.6793242    
   2.6653106    
   2.6517217    
   2.6385229    
   2.6256840    
   2.6131790    
   2.6009846    
   2.5890799    
   2.5774467    
   2.5660684    
   2.5549302    
   2.5440183    
   2.5333209    
   2.5228264    
   2.5125251    
   2.5024071    
   2.4924638    
   2.4826875    
   2.4730706    
   2.4636064    
   2.4542885    
   2.4451108    
   2.4360681    
   2.4271550    
   2.4183667    
   2.4096987    
   2.4011467    
   2.3927066    
   2.3843746    
   2.3761473    
   2.3680212    
   2.3599930    
   2.3520598    
   2.3442187    
   2.3364670    
   2.3288021    
   2.3212214    
   2.3137226    
   2.3063035    
   2.2989619    
   2.2916958    
   2.2845032    
   2.2773824    
   2.2703311    
   2.2633481    
   2.2564316    
   2.2495801    
   2.2427919    
   2.2360654    
   2.2293997    
   2.2227929    
   2.2162440    
   2.2097518    
   2.2033150    
   2.1969323    
   2.1906028    
   2.1843252    
   2.1780984    
   2.1719220    
   2.1657941    
   2.1597145    
   2.1536818    
   2.1476955    
   2.1417544    
   2.1358578    
   2.1300051    
   2.1241951    
   2.1184273    
   2.1127009    
   2.1070154    
   2.1013696    
   2.0957634    
   2.0901957    
   2.0846660    
   2.0791738    
   2.0737185    
   2.0682993    
   2.0629158    
   2.0575674    
   2.0522535    
   2.0469735    
   2.0417271    
   2.0365138    
   2.0313330    
   2.0261841    
   2.0210667    
   2.0159805    
   2.0109251    
   2.0058999    
   2.0009043    
   1.9959383    
   1.9910011    
   1.9860927    
   1.9812124    
   1.9763600    
   1.9715350    
   1.9667370    
   1.9619659    
   1.9572212    
   1.9525025    
   1.9478096    
   1.9431421    
   1.9384997    
   1.9338820    
   1.9292889    
   1.9247198    
   1.9201747    
   1.9156532    
   1.9111551    
   1.9066800    
   1.9022276    
   1.8977978    
   1.8933902    
   1.8890046    
   1.8846408    
   1.8802985    
   1.8759774    
   1.8716774    
   1.8673981    
   1.8631395    
   1.8589011    
   1.8546830    
   1.8504847    
   1.8463061    
   1.8421471    
   1.8380072    
   1.8338865    
   1.8297848    
   1.8257016    
   1.8216370    
   1.8175907    
   1.8135625    
   1.8095523    
   1.8055599    
   1.8015850    
   1.7976276    
   1.7936875    
   1.7897643    
   1.7858582    
   1.7819688    
   1.7780960    
   1.7742397    
   1.7703996    
   1.7665757    
   1.7627678    
   1.7589756    
   1.7551993    
   1.7514384    
   1.7476931    
   1.7439629    
   1.7402478    
   1.7365478    
   1.7328627    
   1.7291923    
   1.7255365    
   1.7218952    
   1.7182683    
   1.7146555    
   1.7110568    
   1.7074722    
   1.7039015    
   1.7003446    
   1.6968012    
   1.6932714    
   1.6897550    
   1.6862519    
   1.6827619    
   1.6792850    
   1.6758212    
   1.6723703    
   1.6689321    
   1.6655065    
   1.6620935    
   1.6586931    
   1.6553049    
   1.6519291    
   1.6485654    
   1.6452138    
   1.6418743    
   1.6385466    
   1.6352307    
   1.6319265    
   1.6286340    
   1.6253530    
   1.6220834    
   1.6188253    
   1.6155784    
   1.6123427    
   1.6091181    
   1.6059046    
   1.6027020    
   1.5995103    
   1.5963293    
   1.5931592    
   1.5899997    
   1.5868506    
   1.5837122    
   1.5805842    
   1.5774664    
   1.5743589    
   1.5712616    
   1.5681746    
   1.5650975    
   1.5620304    
   1.5589733    
   1.5559260    
   1.5528884    
   1.5498606    
   1.5468425    
   1.5438340    
   1.5408349    
   1.5378454    
   1.5348651    
   1.5318943    
   1.5289327    
   1.5259804    
   1.5230372    
   1.5201031    
   1.5171779    
   1.5142618    
   1.5113547    
   1.5084563    
   1.5055668    
   1.5026861    
   1.4998140    
   1.4969506    
   1.4940957    
   1.4912494    
   1.4884115    
   1.4855821    
   1.4827610    
   1.4799483    
   1.4771439    
   1.4743476    
   1.4715595    
   1.4687796    
   1.4660077    
   1.4632438    
   1.4604878    
   1.4577399    
   1.4549998    
   1.4522675    
   1.4495430    
   1.4468263    
   1.4441172    
   1.4414158    
   1.4387220    
   1.4360358    
   1.4333570    
   1.4306856    
   1.4280218    
   1.4253653    
   1.4227163    
   1.4200745    
   1.4174398    
   1.4148126    
   1.4121923    
   1.4095793    
   1.4069734    
   1.4043745    
   1.4017826    
   1.3991977    
   1.3966197    
   1.3940487    
   1.3914845    
   1.3889271    
   1.3863765    
   1.3838327    
   1.3812956    
   1.3787651    
   1.3762413    
   1.3737241    
   1.3712134    
   1.3687093    
   1.3662118    
   1.3637207    
   1.3612360    
   1.3587576    
   1.3562857    
   1.3538201    
   1.3513608    
   1.3489077    
   1.3464609    
   1.3440202    
   1.3415858    
