  0.17710632    
  0.24172884    
  0.28618595    
  0.31989682    
  0.34666562    
  0.36850727    
  0.38664827    
  0.40190199    
  0.41484019    
  0.42588210    
  0.43534520    
  0.44347614    
  0.45047036    
  0.45648548    
  0.46165043    
  0.46607196    
  0.46983933    
  0.47302803    
  0.47570226    
  0.47791713    
  0.47972023    
  0.48115289    
  0.48225120    
  0.48304683    
  0.48356768    
  0.48383853    
  0.48388132    
  0.48371568    
  0.48335913    
  0.48282743    
  0.48213476    
  0.48129389    
  0.48031646    
  0.47921291    
  0.47799286    
  0.47666502    
  0.47523728    
  0.47371697    
  0.47211078    
  0.47042477    
  0.46866462    
  0.46683547    
  0.46494219    
  0.46298912    
  0.46098039    
  0.45891976    
  0.45681077    
  0.45465666    
  0.45246050    
  0.45022509    
  0.44795302    
  0.44564679    
  0.44330868    
  0.44094083    
  0.43854523    
  0.43612373    
  0.43367809    
  0.43120998    
  0.42872095    
  0.42621237    
  0.42368567    
  0.42114213    
  0.41858289    
  0.41600913    
  0.41342187    
  0.41082218    
  0.40821093    
  0.40558907    
  0.40295744    
  0.40031677    
  0.39766788    
  0.39501145    
  0.39234817    
  0.38967866    
  0.38700351    
  0.38432330    
  0.38163856    
  0.37894982    
  0.37625754    
  0.37356219    
  0.37086418    
  0.36816397    
  0.36546192    
  0.36275843    
  0.36005378    
  0.35734838    
  0.35464248    
  0.35193646    
  0.34923053    
  0.34652501    
  0.34382015    
  0.34111619    
  0.33841333    
  0.33571187    
  0.33301193    
  0.33031377    
  0.32761756    
  0.32492346    
  0.32223168    
  0.31954238    
  0.31685570    
  0.31417179    
  0.31149077    
  0.30881283    
  0.30613801    
  0.30346653    
  0.30079842    
  0.29813382    
  0.29547286    
  0.29281560    
  0.29016215    
  0.28751260    
  0.28486702    
  0.28222552    
  0.27958810    
  0.27695492    
  0.27432603    
  0.27170143    
  0.26908126    
  0.26646551    
  0.26385430    
  0.26124763    
  0.25864556    
  0.25604814    
  0.25345543    
  0.25086746    
  0.24828424    
  0.24570583    
  0.24313226    
  0.24056356    
  0.23799977    
  0.23544089    
  0.23288698    
  0.23033805    
  0.22779411    
  0.22525519    
  0.22272131    
  0.22019249    
  0.21766874    
  0.21515007    
  0.21263650    
  0.21012805    
  0.20762472    
  0.20512651    
  0.20263346    
  0.20014554    
  0.19766277    
  0.19518517    
  0.19271274    
  0.19024546    
  0.18778336    
  0.18532644    
  0.18287469    
  0.18042810    
  0.17798671    
  0.17555048    
  0.17311941    
  0.17069352    
  0.16827279    
  0.16585723    
  0.16344683    
  0.16104157    
  0.15864147    
  0.15624651    
  0.15385669    
  0.15147202    
  0.14909245    
  0.14671800    
  0.14434867    
  0.14198442    
  0.13962528    
  0.13727123    
  0.13492224    
  0.13257831    
  0.13023944    
  0.12790562    
  0.12557684    
  0.12325308    
  0.12093434    
  0.11862060    
  0.11631185    
  0.11400808    
  0.11170928    
  0.10941544    
  0.10712654    
  0.10484258    
  0.10256354    
  0.10028940    
  9.80201587E-02
  9.57558006E-02
  9.34963152E-02
  9.12416801E-02
  8.89918953E-02
  8.67469385E-02
  8.45067948E-02
  8.22714493E-02
  8.00409093E-02
  7.78151304E-02
  7.55941197E-02
  7.33778551E-02
  7.11663291E-02
  6.89595118E-02
  6.67574182E-02
  6.45600036E-02
  6.23672679E-02
  6.01792037E-02
  5.79957776E-02
  5.58169931E-02
  5.36428280E-02
  5.14732711E-02
  4.93083112E-02
  4.71479185E-02
  4.49920967E-02
  4.28408161E-02
  4.06940691E-02
  3.85518484E-02
  3.64141278E-02
  3.42809111E-02
  3.21521573E-02
  3.00278720E-02
  2.79080179E-02
  2.57926155E-02
  2.36816239E-02
  2.15750374E-02
  1.94728374E-02
  1.73749998E-02
  1.52815441E-02
  1.31924199E-02
  1.11076282E-02
  9.02715791E-03
  6.95097772E-03
  4.87909093E-03
  2.81147892E-03
  7.48494058E-04
   3.1402817    
   3.1382270    
   3.1361761    
   3.1341298    
   3.1320875    
   3.1300495    
   3.1280155    
   3.1259856    
   3.1239600    
   3.1219385    
   3.1199210    
   3.1179078    
   3.1158984    
   3.1138933    
   3.1118920    
   3.1098950    
   3.1079018    
   3.1059127    
   3.1039276    
   3.1019464    
   3.0999694    
   3.0979960    
   3.0960269    
   3.0940614    
   3.0920999    
   3.0901425    
   3.0881889    
   3.0862391    
   3.0842931    
   3.0823510    
   3.0804129    
   3.0784783    
   3.0765476    
   3.0746210    
   3.0726979    
   3.0707786    
   3.0688629    
   3.0669513    
   3.0650432    
   3.0631387    
   3.0612381    
   3.0593412    
   3.0574479    
   3.0555582    
   3.0536723    
   3.0517900    
   3.0499113    
   3.0480363    
   3.0461648    
   3.0442970    
   3.0424325    
   3.0405719    
   3.0387146    
   3.0368609    
   3.0350108    
   3.0331643    
   3.0313213    
   3.0294816    
   3.0276456    
   3.0258129    
   3.0239837    
   3.0221579    
   3.0203357    
   3.0185168    
   3.0167015    
   3.0148892    
