   3.0291646    
   2.9826641    
   2.9470298    
   2.9170280    
   2.8906298    
   2.8667951    
   2.8449049    
   2.8245561    
   2.8054688    
   2.7874386    
   2.7703116    
   2.7539678    
   2.7383118    
   2.7232664    
   2.7087679    
   2.6947627    
   2.6812060    
   2.6680591    
   2.6552887    
   2.6428659    
   2.6307650    
   2.6189637    
   2.6074424    
   2.5961828    
   2.5851691    
   2.5743871    
   2.5638237    
   2.5534668    
   2.5433061    
   2.5333312    
   2.5235333    
   2.5139043    
   2.5044360    
   2.4951217    
   2.4859545    
   2.4769282    
   2.4680376    
   2.4592769    
   2.4506412    
   2.4421258    
   2.4337265    
   2.4254389    
   2.4172595    
   2.4091842    
   2.4012098    
   2.3933330    
   2.3855505    
   2.3778596    
   2.3702576    
   2.3627417    
   2.3553095    
   2.3479586    
   2.3406866    
   2.3334913    
   2.3263707    
   2.3193231    
   2.3123462    
   2.3054385    
   2.2985978    
   2.2918231    
   2.2851124    
   2.2784641    
   2.2718771    
   2.2653496    
   2.2588804    
   2.2524683    
   2.2461119    
   2.2398100    
   2.2335615    
   2.2273653    
   2.2212203    
   2.2151253    
   2.2090795    
   2.2030818    
   2.1971314    
   2.1912272    
   2.1853683    
   2.1795540    
   2.1737833    
   2.1680555    
   2.1623700    
   2.1567256    
   2.1511221    
   2.1455584    
   2.1400337    
   2.1345479    
   2.1290998    
   2.1236889    
   2.1183150    
   2.1129768    
   2.1076741    
   2.1024065    
   2.0971732    
   2.0919735    
   2.0868073    
   2.0816739    
   2.0765727    
   2.0715032    
   2.0664651    
   2.0614579    
   2.0564811    
   2.0515344    
   2.0466170    
   2.0417290    
   2.0368695    
   2.0320385    
   2.0272353    
   2.0224597    
   2.0177114    
   2.0129898    
   2.0082946    
   2.0036256    
   1.9989823    
   1.9943645    
   1.9897718    
   1.9852040    
   1.9806607    
   1.9761415    
   1.9716462    
   1.9671744    
   1.9627260    
   1.9583006    
   1.9538980    
   1.9495178    
   1.9451598    
   1.9408238    
   1.9365095    
   1.9322166    
   1.9279450    
   1.9236943    
   1.9194643    
   1.9152548    
   1.9110657    
   1.9068965    
   1.9027472    
   1.8986174    
   1.8945071    
   1.8904159    
   1.8863438    
   1.8822905    
   1.8782556    
   1.8742393    
   1.8702410    
   1.8662610    
   1.8622986    
   1.8583540    
   1.8544267    
   1.8505169    
   1.8466241    
   1.8427484    
   1.8388894    
   1.8350470    
   1.8312212    
   1.8274117    
   1.8236182    
   1.8198408    
   1.8160793    
   1.8123333    
   1.8086030    
   1.8048882    
   1.8011886    
   1.7975042    
   1.7938347    
   1.7901801    
   1.7865402    
   1.7829149    
   1.7793040    
   1.7757075    
   1.7721252    
   1.7685570    
   1.7650027    
   1.7614623    
   1.7579356    
   1.7544227    
   1.7509230    
   1.7474368    
   1.7439638    
   1.7405040    
   1.7370573    
   1.7336235    
   1.7302026    
   1.7267942    
   1.7233986    
   1.7200155    
   1.7166448    
   1.7132864    
   1.7099402    
   1.7066061    
   1.7032841    
   1.6999741    
   1.6966758    
   1.6933892    
   1.6901144    
   1.6868510    
   1.6835992    
   1.6803588    
   1.6771296    
   1.6739117    
   1.6707050    
   1.6675092    
   1.6643244    
   1.6611506    
   1.6579875    
   1.6548351    
   1.6516933    
   1.6485622    
   1.6454415    
   1.6423314    
   1.6392314    
   1.6361418    
   1.6330624    
   1.6299930    
   1.6269337    
   1.6238844    
   1.6208451    
   1.6178155    
   1.6147957    
   1.6117857    
   1.6087852    
   1.6057943    
   1.6028130    
   1.5998410    
   1.5968785    
   1.5939252    
   1.5909812    
   1.5880464    
   1.5851208    
   1.5822042    
   1.5792966    
   1.5763980    
   1.5735083    
   1.5706273    
   1.5677552    
   1.5648918    
   1.5620370    
   1.5591909    
   1.5563532    
   1.5535241    
   1.5507034    
   1.5478911    
   1.5450872    
   1.5422915    
   1.5395042    
   1.5367249    
   1.5339538    
   1.5311908    
   1.5284357    
   1.5256886    
   1.5229496    
   1.5202184    
   1.5174949    
   1.5147793    
   1.5120715    
   1.5093714    
   1.5066788    
   1.5039939    
   1.5013165    
   1.4986467    
   1.4959843    
   1.4933294    
   1.4906819    
   1.4880416    
   1.4854087    
   1.4827831    
   1.4801645    
   1.4775532    
   1.4749491    
   1.4723520    
   1.4697620    
   1.4671789    
   1.4646028    
   1.4620337    
   1.4594715    
   1.4569161    
   1.4543675    
   1.4518257    
   1.4492906    
   1.4467623    
   1.4442406    
   1.4417255    
   1.4392170    
   1.4367151    
   1.4342197    
   1.4317307    
   1.4292482    
   1.4267721    
   1.4243025    
   1.4218391    
   1.4193821    
   1.4169313    
   1.4144868    
   1.4120485    
   1.4096164    
   1.4071903    
   1.4047705    
   1.4023566    
   1.3999490    
   1.3975472    
   1.3951515    
   1.3927617    
