   3.1126842    
   3.1004169    
   3.0908079    
   3.0825460    
   3.0751276    
   3.0682974    
   3.0619044    
   3.0558522    
   3.0500731    
   3.0445197    
   3.0391555    
   3.0339532    
   3.0288908    
   3.0239508    
   3.0191193    
   3.0143838    
   3.0097353    
   3.0051649    
   3.0006657    
   2.9962313    
   2.9918568    
   2.9875376    
   2.9832692    
   2.9790483    
   2.9748719    
   2.9707367    
   2.9666405    
   2.9625809    
   2.9585559    
   2.9545636    
   2.9506025    
   2.9466708    
   2.9427674    
   2.9388905    
   2.9350395    
   2.9312129    
   2.9274101    
   2.9236298    
   2.9198713    
   2.9161339    
   2.9124169    
   2.9087193    
   2.9050407    
   2.9013805    
   2.8977382    
   2.8941131    
   2.8905048    
   2.8869128    
   2.8833368    
   2.8797762    
   2.8762310    
   2.8727002    
   2.8691840    
   2.8656819    
   2.8621936    
   2.8587189    
   2.8552573    
   2.8518085    
   2.8483727    
   2.8449490    
   2.8415380    
   2.8381386    
   2.8347511    
   2.8313754    
   2.8280110    
   2.8246579    
   2.8213158    
   2.8179848    
   2.8146644    
   2.8113546    
   2.8080552    
   2.8047662    
   2.8014872    
   2.7982183    
   2.7949593    
   2.7917101    
   2.7884705    
   2.7852407    
   2.7820201    
   2.7788088    
   2.7756069    
   2.7724140    
   2.7692301    
   2.7660551    
   2.7628891    
   2.7597318    
   2.7565830    
   2.7534430    
   2.7503114    
   2.7471881    
   2.7440732    
   2.7409666    
   2.7378681    
   2.7347779    
   2.7316957    
   2.7286212    
   2.7255549    
   2.7224965    
   2.7194457    
   2.7164025    
   2.7133672    
   2.7103395    
   2.7073193    
   2.7043064    
   2.7013011    
   2.6983032    
   2.6953125    
   2.6923292    
   2.6893530    
   2.6863840    
   2.6834221    
   2.6804671    
   2.6775193    
   2.6745784    
   2.6716447    
   2.6687176    
   2.6657972    
   2.6628840    
   2.6599772    
   2.6570773    
   2.6541839    
   2.6512973    
   2.6484172    
   2.6455436    
   2.6426764    
   2.6398158    
   2.6369617    
   2.6341138    
   2.6312723    
   2.6284373    
   2.6256084    
   2.6227858    
   2.6199694    
   2.6171591    
   2.6143548    
   2.6115570    
   2.6087649    
   2.6059790    
   2.6031992    
   2.6004252    
   2.5976572    
   2.5948951    
   2.5921390    
   2.5893886    
   2.5866439    
   2.5839052    
   2.5811722    
   2.5784450    
   2.5757234    
   2.5730076    
   2.5702972    
   2.5675926    
   2.5648937    
   2.5622003    
   2.5595121    
   2.5568299    
   2.5541530    
   2.5514815    
   2.5488153    
   2.5461547    
   2.5434992    
   2.5408494    
   2.5382049    
   2.5355656    
   2.5329316    
   2.5303028    
   2.5276792    
   2.5250609    
   2.5224476    
   2.5198398    
   2.5172367    
   2.5146391    
   2.5120463    
   2.5094588    
   2.5068762    
   2.5042987    
   2.5017264    
   2.4991589    
   2.4965961    
   2.4940386    
   2.4914858    
   2.4889381    
   2.4863951    
   2.4838569    
   2.4813237    
   2.4787953    
   2.4762716    
   2.4737527    
   2.4712386    
   2.4687290    
   2.4662244    
   2.4637244    
   2.4612291    
   2.4587383    
   2.4562523    
   2.4537709    
   2.4512942    
   2.4488218    
   2.4463542    
   2.4438910    
   2.4414325    
   2.4389784    
   2.4365287    
   2.4340835    
   2.4316428    
   2.4292066    
   2.4267747    
   2.4243474    
   2.4219244    
   2.4195056    
   2.4170911    
   2.4146812    
   2.4122756    
   2.4098742    
   2.4074769    
   2.4050841    
   2.4026957    
   2.4003112    
   2.3979311    
   2.3955550    
   2.3931835    
   2.3908157    
   2.3884523    
   2.3860931    
   2.3837378    
   2.3813868    
   2.3790400    
   2.3766971    
   2.3743582    
   2.3720233    
   2.3696926    
   2.3673658    
   2.3650432    
   2.3627245    
   2.3604097    
   2.3580990    
   2.3557920    
   2.3534892    
   2.3511903    
   2.3488951    
   2.3466039    
   2.3443167    
   2.3420331    
   2.3397536    
   2.3374777    
   2.3352058    
   2.3329377    
   2.3306732    
   2.3284128    
   2.3261559    
   2.3239028    
   2.3216536    
   2.3194079    
   2.3171661    
   2.3149281    
   2.3126936    
   2.3104627    
   2.3082356    
   2.3060122    
   2.3037922    
   2.3015761    
   2.2993636    
   2.2971547    
   2.2949493    
   2.2927473    
   2.2905490    
   2.2883544    
   2.2861633    
   2.2839756    
   2.2817917    
   2.2796109    
   2.2774339    
   2.2752602    
   2.2730901    
   2.2709234    
   2.2687602    
   2.2666004    
   2.2644441    
   2.2622912    
   2.2601416    
   2.2579954    
   2.2558527    
   2.2537134    
   2.2515774    
   2.2494447    
   2.2473152    
   2.2451892    
   2.2430665    
   2.2409472    
   2.2388310    
   2.2367184    
   2.2346087    
   2.2325025    
   2.2303996    
   2.2282996    
   2.2262032    
   2.2241099    
   2.2220199    
   2.2199328    
   2.2178493    
