  0.67773467    
  0.79620177    
  0.84821880    
  0.87461460    
  0.88827342    
  0.89468837    
  0.89662182    
  0.89561981    
  0.89261526    
  0.88820374    
  0.88278222    
  0.87662470    
  0.86992568    
  0.86282617    
  0.85543078    
  0.84781802    
  0.84004796    
  0.83216667    
  0.82421029    
  0.81620699    
  0.80817908    
  0.80014437    
  0.79211694    
  0.78410816    
  0.77612704    
  0.76818085    
  0.76027548    
  0.75241542    
  0.74460447    
  0.73684543    
  0.72914058    
  0.72149169    
  0.71389997    
  0.70636636    
  0.69889152    
  0.69147581    
  0.68411940    
  0.67682225    
  0.66958427    
  0.66240519    
  0.65528464    
  0.64822215    
  0.64121729    
  0.63426948    
  0.62737811    
  0.62054259    
  0.61376220    
  0.60703623    
  0.60036409    
  0.59374505    
  0.58717835    
  0.58066332    
  0.57419920    
  0.56778526    
  0.56142086    
  0.55510527    
  0.54883772    
  0.54261762    
  0.53644419    
  0.53031677    
  0.52423471    
  0.51819730    
  0.51220399    
  0.50625402    
  0.50034684    
  0.49448180    
  0.48865831    
  0.48287573    
  0.47713351    
  0.47143108    
  0.46576783    
  0.46014327    
  0.45455679    
  0.44900787    
  0.44349602    
  0.43802071    
  0.43258142    
  0.42717767    
  0.42180899    
  0.41647488    
  0.41117486    
  0.40590852    
  0.40067542    
  0.39547506    
  0.39030704    
  0.38517097    
  0.38006637    
  0.37499291    
  0.36995012    
  0.36493766    
  0.35995516    
  0.35500219    
  0.35007840    
  0.34518346    
  0.34031701    
  0.33547866    
  0.33066812    
  0.32588503    
  0.32112905    
  0.31639990    
