   1.3696570    
   1.3428469    
   1.3148009    
   1.2886631    
   1.2644614    
   1.2419285    
   1.2208064    
   1.2008837    
   1.1819922    
   1.1639972    
   1.1467899    
   1.1302816    
   1.1143987    
   1.0990795    
   1.0842718    
   1.0699309    
   1.0560185    
   1.0425007    
   1.0293486    
   1.0165361    
   1.0040404    
  0.99184096    
  0.97991943    
  0.96825945    
  0.95684594    
  0.94566554    
  0.93470579    
  0.92395550    
  0.91340435    
  0.90304273    
  0.89286202    
  0.88285410    
  0.87301141    
  0.86332703    
  0.85379440    
  0.84440756    
  0.83516085    
  0.82604897    
  0.81706691    
  0.80821007    
  0.79947400    
  0.79085463    
  0.78234804    
  0.77395058    
  0.76565874    
  0.75746918    
  0.74937880    
  0.74138469    
  0.73348391    
  0.72567391    
  0.71795201    
  0.71031582    
  0.70276308    
  0.69529146    
  0.68789887    
  0.68058336    
  0.67334288    
  0.66617560    
  0.65907973    
  0.65205359    
  0.64509547    
  0.63820386    
  0.63137722    
  0.62461406    
  0.61791301    
  0.61127263    
  0.60469174    
  0.59816903    
  0.59170324    
  0.58529323    
  0.57893789    
  0.57263607    
  0.56638676    
  0.56018895    
  0.55404162    
  0.54794377    
  0.54189456    
  0.53589296    
  0.52993828    
  0.52402949    
  0.51816595    
  0.51234668    
  0.50657105    
  0.50083822    
  0.49514756    
  0.48949826    
  0.48388967    
  0.47832111    
  0.47279197    
  0.46730155    
  0.46184930    
  0.45643458    
  0.45105684    
  0.44571546    
  0.44040990    
  0.43513966    
  0.42990413    
  0.42470288    
  0.41953540    
  0.41440114    
