  0.26271302    
  0.34728023    
  0.39984295    
  0.43603802    
  0.46216473    
  0.48149586    
  0.49596843    
  0.50682604    
  0.51491332    
  0.52082860    
  0.52500957    
  0.52778476    
  0.52940649    
  0.53007156    
  0.52993625    
  0.52912617    
  0.52774340    
  0.52587187    
  0.52358115    
  0.52092940    
  0.51796550    
  0.51473099    
  0.51126128    
  0.50758666    
  0.50373328    
  0.49972376    
  0.49557778    
  0.49131247    
  0.48694286    
  0.48248214    
  0.47794196    
  0.47333261    
  0.46866319    
  0.46394178    
  0.45917562    
  0.45437106    
  0.44953394    
  0.44466934    
  0.43978187    
  0.43487570    
  0.42995453    
  0.42502177    
  0.42008036    
  0.41513309    
  0.41018242    
  0.40523055    
  0.40027952    
  0.39533117    
  0.39038712    
  0.38544884    
  0.38051778    
  0.37559506    
  0.37068188    
  0.36577919    
  0.36088794    
  0.35600895    
  0.35114297    
  0.34629065    
  0.34145260    
  0.33662939    
  0.33182153    
  0.32702944    
  0.32225356    
  0.31749418    
  0.31275165    
  0.30802628    
  0.30331829    
  0.29862791    
  0.29395536    
  0.28930080    
  0.28466433    
  0.28004614    
  0.27544627    
  0.27086487    
  0.26630199    
  0.26175767    
  0.25723198    
  0.25272492    
  0.24823654    
  0.24376681    
  0.23931575    
  0.23488335    
  0.23046957    
  0.22607440    
  0.22169779    
  0.21733971    
  0.21300009    
  0.20867890    
  0.20437607    
  0.20009153    
  0.19582522    
  0.19157706    
  0.18734698    
  0.18313491    
  0.17894074    
  0.17476441    
  0.17060582    
  0.16646490    
  0.16234152    
  0.15823562    
