  0.21156949    
  0.28292397    
  0.32882687    
  0.36140546    
  0.38558823    
  0.40397394    
  0.41812715    
  0.42906991    
  0.43750852    
  0.44395140    
  0.44877630    
  0.45227110    
  0.45465961    
  0.45611897    
  0.45679134    
  0.45679238    
  0.45621714    
  0.45514444    
  0.45364034    
  0.45176059    
  0.44955245    
  0.44705641    
  0.44430721    
  0.44133493    
  0.43816566    
  0.43482214    
  0.43132427    
  0.42768961    
  0.42393354    
  0.42006972    
  0.41611031    
  0.41206604    
  0.40794656    
  0.40376043    
  0.39951542    
  0.39521837    
  0.39087558    
  0.38649261    
  0.38207456    
  0.37762597    
  0.37315103    
  0.36865351    
  0.36413679    
  0.35960397    
  0.35505792    
  0.35050118    
  0.34593612    
  0.34136489    
  0.33678943    
  0.33221155    
  0.32763284    
  0.32305485    
  0.31847894    
  0.31390634    
  0.30933821    
  0.30477560    
  0.30021948    
  0.29567075    
  0.29113019    
  0.28659856    
  0.28207651    
  0.27756470    
  0.27306369    
  0.26857400    
  0.26409608    
  0.25963038    
  0.25517729    
  0.25073719    
  0.24631040    
  0.24189721    
  0.23749788    
  0.23311268    
  0.22874181    
  0.22438549    
  0.22004385    
  0.21571709    
  0.21140535    
  0.20710874    
  0.20282736    
  0.19856133    
  0.19431071    
  0.19007558    
  0.18585600    
  0.18165201    
  0.17746365    
  0.17329095    
  0.16913395    
  0.16499263    
  0.16086701    
  0.15675707    
  0.15266284    
  0.14858428    
  0.14452139    
  0.14047411    
  0.13644245    
  0.13242635    
  0.12842579    
  0.12444072    
  0.12047110    
  0.11651688    
