  0.76168197    
  0.87258470    
  0.91722780    
  0.93777126    
  0.94677728    
  0.94941336    
  0.94821107    
  0.94455796    
  0.93927664    
  0.93288356    
  0.92571807    
  0.91801077    
  0.90992296    
  0.90157002    
  0.89303613    
  0.88438350    
  0.87565869    
  0.86689711    
  0.85812569    
  0.84936500    
  0.84063101    
  0.83193594    
  0.82328933    
  0.81469840    
  0.80616868    
  0.79770440    
  0.78930867    
  0.78098375    
  0.77273118    
  0.76455212    
  0.75644702    
  0.74841613    
  0.74045950    
  0.73257673    
  0.72476739    
  0.71703088    
  0.70936650    
  0.70177341    
  0.69425070    
  0.68679744    
  0.67941266    
  0.67209536    
  0.66484445    
  0.65765899    
  0.65053779    
  0.64347994    
  0.63648427    
  0.62954986    
  0.62267554    
  0.61586046    
  0.60910344    
  0.60240364    
  0.59575999    
  0.58917153    
  0.58263743    
  0.57615668    
  0.56972837    
  0.56335163    
  0.55702567    
  0.55074954    
  0.54452246    
  0.53834361    
  0.53221226    
  0.52612752    
  0.52008873    
  0.51409507    
  0.50814593    
  0.50224054    
  0.49637818    
  0.49055824    
  0.48478001    
  0.47904289    
  0.47334623    
  0.46768942    
  0.46207187    
  0.45649299    
  0.45095220    
  0.44544894    
  0.43998265    
  0.43455285    
  0.42915896    
  0.42380050    
  0.41847694    
  0.41318783    
  0.40793267    
  0.40271097    
  0.39752233    
  0.39236623    
  0.38724229    
  0.38215005    
  0.37708911    
  0.37205905    
  0.36705944    
  0.36208990    
  0.35715008    
  0.35223955    
  0.34735799    
  0.34250498    
  0.33768019    
  0.33288327    
