  9.75506827E-02
  0.13302806    
  0.15722607    
  0.17532162    
  0.18941294    
  0.20061882    
  0.20962638    
  0.21689604    
  0.22275509    
  0.22744639    
  0.23115602    
  0.23403019    
  0.23618615    
  0.23771948    
  0.23870920    
  0.23922139    
  0.23931190    
  0.23902833    
  0.23841155    
  0.23749690    
  0.23631516    
  0.23489323    
  0.23325479    
  0.23142073    
  0.22940956    
  0.22723779    
  0.22492017    
  0.22246990    
  0.21989882    
  0.21721765    
  0.21443604    
  0.21156274    
  0.20860571    
  0.20557214    
  0.20246865    
  0.19930121    
  0.19607536    
  0.19279613    
  0.18946812    
  0.18609558    
  0.18268242    
  0.17923225    
  0.17574839    
  0.17223389    
  0.16869159    
  0.16512412    
  0.16153391    
  0.15792321    
  0.15429410    
  0.15064855    
  0.14698835    
  0.14331517    
  0.13963057    
  0.13593602    
  0.13223289    
  0.12852243    
  0.12480581    
  0.12108415    
  0.11735848    
  0.11362975    
  0.10989887    
  0.10616667    
  0.10243395    
  9.87014323E-02
  9.49698165E-02
  9.12397429E-02
  8.75118226E-02
  8.37866068E-02
  8.00646394E-02
  7.63463974E-02
  7.26323649E-02
  6.89229742E-02
  6.52186275E-02
  6.15196973E-02
  5.78265563E-02
  5.41395284E-02
  5.04589342E-02
  4.67850678E-02
  4.31181975E-02
  3.94585766E-02
  3.58064547E-02
  3.21620516E-02
  2.85255816E-02
  2.48972178E-02
  2.12771837E-02
  1.76656041E-02
  1.40626393E-02
  1.04685109E-02
  6.88327523E-03
  3.30705172E-03
   3.1413331    
   3.1377749    
   3.1342263    
   3.1306875    
   3.1271582    
   3.1236384    
   3.1201282    
   3.1166279    
   3.1131375    
   3.1096568    
