  7.33421966E-02
  0.10020961    
  0.11862709    
  0.13244982    
  0.14323738    
  0.15182126    
  0.15871286    
  0.16425583    
  0.16869532    
  0.17221408    
  0.17495281    
  0.17702271    
  0.17851342    
  0.17949848    
  0.18003903    
  0.18018652    
  0.17998467    
  0.17947099    
  0.17867787    
  0.17763351    
  0.17636254    
  0.17488670    
  0.17322518    
  0.17139497    
  0.16941130    
  0.16728774    
  0.16503651    
  0.16266859    
  0.16019389    
  0.15762141    
  0.15495931    
  0.15221500    
  0.14939527    
  0.14650628    
  0.14355367    
  0.14054267    
  0.13747804    
  0.13436411    
  0.13120498    
  0.12800434    
  0.12476564    
  0.12149205    
  0.11818653    
  0.11485180    
  0.11149041    
  0.10810468    
  0.10469683    
  0.10126887    
  9.78227183E-02
  9.43601280E-02
  9.08827484E-02
  8.73921141E-02
  8.38896707E-02
  8.03767517E-02
  7.68546164E-02
  7.33244419E-02
  6.97873235E-02
  6.62443042E-02
  6.26963228E-02
  5.91443069E-02
  5.55891059E-02
  5.20315021E-02
  4.84722555E-02
  4.49120551E-02
  4.13515754E-02
  3.77914235E-02
  3.42321843E-02
  3.06744110E-02
  2.71186177E-02
  2.35652663E-02
  2.00148299E-02
  1.64677445E-02
  1.29243918E-02
  9.38515924E-03
  5.85037144E-03
  2.32049101E-03
   3.1403883    
   3.1368687    
   3.1333551    
   3.1298473    
   3.1263456    
   3.1228504    
   3.1193621    
   3.1158803    
   3.1124058    
   3.1089382    
   3.1054783    
   3.1020257    
   3.0985808    
   3.0951438    
   3.0917149    
   3.0882938    
   3.0848808    
   3.0814764    
   3.0780802    
   3.0746925    
   3.0713134    
   3.0679429    
   3.0645809    
   3.0612280    
