  0.80832475    
  0.91333854    
  0.95336318    
  0.97048634    
  0.97686982    
  0.97742331    
  0.97451955    
  0.96944422    
  0.96295196    
  0.95551229    
  0.94743073    
  0.93891305    
  0.93010199    
  0.92109841    
  0.91197520    
  0.90278560    
  0.89356899    
  0.88435477    
  0.87516493    
  0.86601609    
  0.85692072    
  0.84788823    
  0.83892548    
  0.83003765    
  0.82122844    
  0.81250042    
  0.80385530    
  0.79529417    
  0.78681743    
  0.77842516    
  0.77011704    
  0.76189262    
  0.75375110    
  0.74569154    
  0.73771298    
  0.72981423    
  0.72199416    
  0.71425146    
  0.70658493    
  0.69899327    
  0.69147515    
  0.68402922    
  0.67665422    
  0.66934890    
  0.66211188    
  0.65494192    
  0.64783788    
  0.64079839    
  0.63382232    
  0.62690848    
  0.62005574    
  0.61326289    
  0.60652894    
  0.59985274    
  0.59323329    
  0.58666945    
  0.58016032    
  0.57370496    
  0.56730229    
  0.56095147    
  0.55465156    
  0.54840165    
  0.54220092    
  0.53604853    
  0.52994370    
  0.52388549    
  0.51787329    
  0.51190627    
  0.50598365    
  0.50010473    
  0.49426883    
  0.48847526    
  0.48272336    
  0.47701246    
  0.47134191    
  0.46571109    
  0.46011943    
  0.45456630    
  0.44905111    
  0.44357336    
  0.43813244    
  0.43272781    
  0.42735896    
  0.42202538    
  0.41672656    
  0.41146201    
  0.40623122    
  0.40103379    
  0.39586920    
  0.39073703    
  0.38563681    
  0.38056815    
  0.37553060    
  0.37052372    
  0.36554718    
  0.36060053    
  0.35568342    
  0.35079545    
  0.34593621    
  0.34110543    
