  0.43996376    
  0.55482656    
  0.61708933    
  0.65527856    
  0.67999321    
  0.69631159    
  0.70702541    
  0.71381271    
  0.71774858    
  0.71955556    
  0.71973807    
  0.71865916    
  0.71658665    
  0.71372241    
  0.71022129    
  0.70620400    
  0.70176578    
  0.69698280    
  0.69191658    
  0.68661708    
  0.68112552    
  0.67547584    
  0.66969639    
  0.66381091    
  0.65783936    
  0.65179861    
  0.64570302    
  0.63956481    
  0.63339448    
  0.62720090    
  0.62099189    
  0.61477405    
  0.60855311    
  0.60233402    
  0.59612119    
  0.58991820    
  0.58372843    
  0.57755452    
  0.57139903    
  0.56526399    
  0.55915129    
  0.55306238    
  0.54699880    
  0.54096156    
  0.53495169    
  0.52897012    
  0.52301747    
  0.51709437    
  0.51120144    
  0.50533891    
  0.49950728    
  0.49370670    
  0.48793745    
  0.48219961    
  0.47649333    
  0.47081867    
  0.46517560    
  0.45956412    
  0.45398420    
  0.44843575    
  0.44291866    
  0.43743283    
  0.43197811    
  0.42655435    
  0.42116138    
  0.41579899    
  0.41046703    
  0.40516528    
  0.39989352    
  0.39465153    
  0.38943911    
  0.38425598    
  0.37910196    
  0.37397677    
  0.36888021    
  0.36381200    
  0.35877189    
  0.35375968    
  0.34877509    
  0.34381786    
  0.33888775    
  0.33398452    
  0.32910794    
  0.32425773    
  0.31943366    
  0.31463549    
  0.30986294    
  0.30511582    
  0.30039388    
  0.29569685    
  0.29102451    
  0.28637660    
  0.28175294    
  0.27715325    
  0.27257735    
  0.26802498    
  0.26349592    
  0.25898993    
  0.25450683    
  0.25004637    
