   1.4423569    
   1.3943726    
   1.3569360    
   1.3252021    
   1.2971839    
   1.2718360    
   1.2485284    
   1.2268456    
   1.2064977    
   1.1872717    
   1.1690066    
   1.1515766    
   1.1348814    
   1.1188393    
   1.1033828    
   1.0884558    
   1.0740101    
   1.0600048    
   1.0464046    
   1.0331786    
   1.0202996    
   1.0077436    
  0.99548942    
  0.98351812    
  0.97181255    
  0.96035731    
  0.94913840    
  0.93814325    
  0.92736024    
  0.91677868    
  0.90638900    
  0.89618212    
  0.88614982    
  0.87628436    
  0.86657876    
  0.85702634    
  0.84762096    
  0.83835679    
  0.82922858    
  0.82023120    
  0.81135994    
  0.80261034    
  0.79397821    
  0.78545964    
  0.77705079    
  0.76874828    
  0.76054865    
  0.75244874    
  0.74444562    
  0.73653638    
  0.72871834    
  0.72098887    
  0.71334553    
  0.70578593    
  0.69830793    
  0.69090927    
  0.68358797    
  0.67634207    
  0.66916960    
  0.66206890    
  0.65503812    
  0.64807564    
  0.64117992    
  0.63434941    
  0.62758255    
  0.62087798    
  0.61423439    
  0.60765034    
  0.60112470    
  0.59465617    
  0.58824354    
  0.58188576    
  0.57558161    
  0.56933016    
  0.56313026    
  0.55698103    
  0.55088139    
  0.54483050    
  0.53882736    
  0.53287119    
  0.52696109    
  0.52109617    
  0.51527578    
  0.50949907    
  0.50376523    
  0.49807364    
  0.49242350    
  0.48681414    
  0.48124489    
  0.47571510    
  0.47022414    
  0.46477139    
  0.45935625    
  0.45397809    
  0.44863641    
  0.44333059    
  0.43806010    
  0.43282443    
  0.42762306    
  0.42245549    
