  0.96837461    
   1.0454305    
   1.0676935    
   1.0726240    
   1.0700279    
   1.0636293    
   1.0551431    
   1.0454606    
   1.0350837    
   1.0243118    
   1.0133318    
   1.0022634    
  0.99118537    
  0.98014992    
  0.96919227    
  0.95833576    
  0.94759601    
  0.93698299    
  0.92650288    
  0.91615897    
  0.90595275    
  0.89588422    
  0.88595229    
  0.87615538    
  0.86649126    
  0.85695744    
  0.84755105    
  0.83826929    
  0.82910919    
  0.82006770    
  0.81114185    
  0.80232865    
  0.79362524    
  0.78502864    
  0.77653623    
  0.76814520    
  0.75985289    
  0.75165677    
  0.74355447    
  0.73554349    
  0.72762150    
  0.71978641    
  0.71203595    
  0.70436811    
  0.69678086    
  0.68927228    
  0.68184054    
  0.67448384    
  0.66720039    
  0.65998858    
  0.65284675    
  0.64577335    
  0.63876694    
  0.63182604    
  0.62494916    
  0.61813504    
  0.61138237    
  0.60468984    
  0.59805620    
  0.59148031    
  0.58496106    
  0.57849723    
  0.57208782    
  0.56573176    
  0.55942804    
  0.55317569    
  0.54697371    
  0.54082125    
  0.53471738    
  0.52866119    
  0.52265191    
  0.51668864    
  0.51077062    
  0.50489712    
  0.49906731    
  0.49328050    
  0.48753595    
  0.48183298    
  0.47617093    
  0.47054914    
  0.46496692    
  0.45942369    
  0.45391887    
  0.44845179    
  0.44302192    
  0.43762872    
  0.43227160    
  0.42695001    
  0.42166346    
  0.41641146    
  0.41119346    
  0.40600899    
  0.40085757    
  0.39573878    
  0.39065209    
  0.38559714    
  0.38057342    
  0.37558058    
  0.37061813    
  0.36568573    
