  0.10206258    
  0.13911027    
  0.16434273    
  0.18318865    
  0.19784918    
  0.20949806    
  0.21885587    
  0.22640523    
  0.23248892    
  0.23736106    
  0.24121617    
  0.24420696    
  0.24645573    
  0.24806207    
  0.24910823    
  0.24966289    
  0.24978407    
  0.24952112    
  0.24891640    
  0.24800649    
  0.24682322    
  0.24539438    
  0.24374437    
  0.24189477    
  0.23986462    
  0.23767091    
  0.23532879    
  0.23285183    
  0.23025221    
  0.22754085    
  0.22472771    
  0.22182170    
  0.21883096    
  0.21576287    
  0.21262416    
  0.20942095    
  0.20615886    
  0.20284303    
  0.19947815    
  0.19606853    
  0.19261816    
  0.18913069    
  0.18560949    
  0.18205769    
  0.17847814    
  0.17487352    
  0.17124626    
  0.16759866    
  0.16393284    
  0.16025077    
  0.15655425    
  0.15284500    
  0.14912456    
  0.14539444    
  0.14165600    
  0.13791050    
  0.13415912    
  0.13040300    
  0.12664315    
  0.12288054    
  0.11911609    
  0.11535062    
  0.11158493    
  0.10781977    
  0.10405580    
  0.10029370    
  9.65340436E-02
  9.27774087E-02
  8.90243202E-02
  8.52752775E-02
  8.15307423E-02
  7.77911395E-02
  7.40568936E-02
  7.03283697E-02
  6.66059181E-02
  6.28898814E-02
  5.91805764E-02
  5.54782748E-02
  5.17832600E-02
  4.80957776E-02
  4.44160774E-02
  4.07443754E-02
  3.70808654E-02
  3.34257558E-02
  2.97792163E-02
  2.61414200E-02
  2.25125141E-02
  1.88926477E-02
  1.52819389E-02
  1.16805583E-02
  8.08853004E-03
  4.50606877E-03
  9.33350122E-04
   3.1389627    
   3.1354094    
   3.1318657    
   3.1283321    
   3.1248085    
   3.1212950    
   3.1177917    
