  0.36166075    
  0.46616146    
  0.52648956    
  0.56549507    
  0.59204847    
  0.61057007    
  0.62357277    
  0.63261098    
  0.63870525    
  0.64255673    
  0.64466399    
  0.64539230    
  0.64501512    
  0.64374179    
  0.64173484    
  0.63912261    
  0.63600761    
  0.63247275    
  0.62858552    
  0.62440169    
  0.61996734    
  0.61532110    
  0.61049545    
  0.60551786    
  0.60041171    
  0.59519684    
  0.58989048    
  0.58450735    
  0.57906026    
  0.57356018    
  0.56801677    
  0.56243849    
  0.55683267    
  0.55120569    
  0.54556322    
  0.53991032    
  0.53425127    
  0.52859002    
  0.52292991    
  0.51727402    
  0.51162499    
  0.50598520    
  0.50035667    
  0.49474138    
  0.48914087    
  0.48355663    
  0.47798994    
  0.47244191    
  0.46691355    
  0.46140572    
  0.45591921    
  0.45045468    
  0.44501272    
  0.43959385    
  0.43419850    
  0.42882705    
  0.42347983    
  0.41815707    
  0.41285902    
  0.40758589    
  0.40233782    
  0.39711487    
  0.39191717    
  0.38674477    
  0.38159767    
  0.37647590    
  0.37137946    
  0.36630830    
  0.36126238    
  0.35624164    
  0.35124600    
  0.34627536    
  0.34132966    
  0.33640876    
  0.33151257    
  0.32664093    
  0.32179374    
  0.31697085    
  0.31217214    
  0.30739743    
  0.30264658    
  0.29791945    
  0.29321587    
  0.28853568    
  0.28387871    
  0.27924481    
  0.27463382    
  0.27004555    
  0.26547983    
  0.26093650    
  0.25641540    
  0.25191632    
  0.24743915    
  0.24298365    
  0.23854971    
  0.23413712    
  0.22974572    
  0.22537534    
  0.22102581    
  0.21669695    
