  0.16409071    
  0.22151877    
  0.25952840    
  0.28720000    
  0.30823058    
  0.32458550    
  0.33746177    
  0.34765196    
  0.35571146    
  0.36204576    
  0.36696047    
  0.37069154    
  0.37342498    
  0.37530980    
  0.37646708    
  0.37699643    
  0.37698060    
  0.37648904    
  0.37558043    
  0.37430480    
  0.37270504    
  0.37081814    
  0.36867616    
  0.36630702    
  0.36373517    
  0.36098215    
  0.35806689    
  0.35500619    
  0.35181493    
  0.34850642    
  0.34509254    
  0.34158388    
  0.33799002    
  0.33431950    
  0.33058015    
  0.32677892    
  0.32292214    
  0.31901559    
  0.31506449    
  0.31107357    
  0.30704722    
  0.30298936    
  0.29890358    
  0.29479325    
  0.29066136    
  0.28651071    
  0.28234380    
  0.27816305    
  0.27397054    
  0.26976830    
  0.26555812    
  0.26134175    
  0.25712067    
  0.25289634    
  0.24867009    
  0.24444313    
  0.24021660    
  0.23599152    
  0.23176889    
  0.22754957    
  0.22333439    
  0.21912412    
  0.21491948    
  0.21072109    
  0.20652959    
  0.20234551    
  0.19816938    
  0.19400167    
  0.18984284    
  0.18569328    
  0.18155336    
  0.17742346    
  0.17330387    
  0.16919491    
  0.16509682    
  0.16100986    
  0.15693428    
  0.15287027    
  0.14881802    
  0.14477772    
  0.14074951    
  0.13673356    
  0.13272999    
  0.12873892    
  0.12476046    
  0.12079470    
  0.11684173    
  0.11290162    
  0.10897444    
  0.10506026    
  0.10115911    
  9.72710550E-02
  9.33961049E-02
  8.95343125E-02
  8.56856927E-02
  8.18502530E-02
  7.80280232E-02
  7.42189959E-02
  7.04231784E-02
  6.66405708E-02
