  7.70680085E-02
  0.10528017    
  0.12461205    
  0.13911919    
  0.15044257    
  0.15945707    
  0.16670071    
  0.17253479    
  0.17721699    
  0.18093924    
  0.18384922    
  0.18606348    
  0.18767600    
  0.18876371    
  0.18939057    
  0.18961035    
  0.18946867    
  0.18900464    
  0.18825205    
  0.18724021    
  0.18599479    
  0.18453833    
  0.18289074    
  0.18106973    
  0.17909101    
  0.17696865    
  0.17471531    
  0.17234232    
  0.16985995    
  0.16727746    
  0.16460329    
  0.16184507    
  0.15900978    
  0.15610379    
  0.15313290    
  0.15010245    
  0.14701736    
  0.14388208    
  0.14070080    
  0.13747731    
  0.13421516    
  0.13091758    
  0.12758759    
  0.12422799    
  0.12084137    
  0.11743014    
  0.11399651    
  0.11054259    
  0.10707028    
  0.10358141    
  0.10007764    
  9.65605453E-02
  9.30315852E-02
  8.94921273E-02
  8.59434456E-02
  8.23867321E-02
  7.88231120E-02
  7.52536282E-02
  7.16792569E-02
  6.81009218E-02
  6.45194650E-02
  6.09357245E-02
  5.73504344E-02
  5.37643172E-02
  5.01780286E-02
  4.65921946E-02
  4.30074185E-02
  3.94242480E-02
  3.58431786E-02
  3.22647281E-02
  2.86893416E-02
  2.51174476E-02
  2.15494521E-02
  1.79857463E-02
  1.44266589E-02
  1.08725354E-02
  7.32372468E-03
  3.78048094E-03
  2.42685273E-04
   3.1383045    
   3.1347797    
   3.1312613    
   3.1277499    
   3.1242454    
   3.1207480    
   3.1172583    
   3.1137760    
   3.1103013    
   3.1068347    
   3.1033759    
   3.0999253    
   3.0964828    
   3.0930486    
   3.0896230    
   3.0862060    
   3.0827975    
   3.0793977    
   3.0760069    
   3.0726247    
   3.0692515    
