  2.59519387E-02
  3.51525471E-02
  4.12103236E-02
  4.55179773E-02
  4.86429855E-02
  5.08904643E-02
  5.24498671E-02
  5.34498878E-02
  5.39834388E-02
  5.41206487E-02
  5.39162457E-02
  5.34140691E-02
  5.26499562E-02
  5.16537279E-02
  5.04505299E-02
  4.90618348E-02
  4.75061387E-02
  4.57995310E-02
  4.39561158E-02
  4.19883206E-02
  3.99071574E-02
  3.77224721E-02
  3.54430601E-02
  3.30768339E-02
  3.06309499E-02
  2.81118583E-02
  2.55254693E-02
  2.28771139E-02
  2.01716907E-02
  1.74136907E-02
  1.46072106E-02
  1.17560271E-02
  8.86367168E-03
  5.93330432E-03
  2.96780653E-03
   3.1415591    
   3.1385353    
   3.1354806    
   3.1324005    
   3.1292975    
   3.1261733    
   3.1230295    
   3.1198680    
   3.1166904    
   3.1134977    
   3.1102920    
   3.1070738    
   3.1038449    
   3.1006060    
   3.0973585    
   3.0941029    
   3.0908406    
   3.0875723    
   3.0842988    
   3.0810211    
   3.0777395    
   3.0744550    
   3.0711679    
   3.0678794    
   3.0645895    
   3.0612991    
   3.0580087    
   3.0547185    
   3.0514290    
   3.0481410    
   3.0448544    
   3.0415699    
   3.0382879    
   3.0350087    
   3.0317323    
   3.0284595    
   3.0251904    
   3.0219250    
   3.0186641    
   3.0154073    
   3.0121553    
   3.0089083    
   3.0056663    
   3.0024295    
   2.9991982    
   2.9959726    
   2.9927528    
   2.9895389    
   2.9863310    
   2.9831295    
   2.9799342    
   2.9767456    
   2.9735634    
   2.9703882    
   2.9672196    
   2.9640577    
   2.9609032    
   2.9577556    
   2.9546149    
   2.9514818    
   2.9483557    
   2.9452372    
   2.9421260    
   2.9390223    
   2.9359260    
