  6.28079325E-02
  8.58363807E-02
  0.10162134    
  0.11345730    
  0.12267643    
  0.12998916    
  0.13583273    
  0.14050131    
  0.14420508    
  0.14710104    
  0.14931032    
  0.15092884    
  0.15203416    
  0.15269004    
  0.15294963    
  0.15285780    
  0.15245275    
  0.15176736    
  0.15083009    
  0.14966579    
  0.14829621    
  0.14674059    
  0.14501597    
  0.14313748    
  0.14111872    
  0.13897181    
  0.13670768    
  0.13433623    
  0.13186638    
  0.12930624    
  0.12666319    
  0.12394395    
  0.12115468    
  0.11830099    
  0.11538804    
  0.11242057    
  0.10940294    
  0.10633918    
  0.10323299    
  0.10008779    
  9.69067663E-02
  9.36928466E-02
  9.04487595E-02
  8.71770307E-02
  8.38800147E-02
  8.05599019E-02
  7.72187263E-02
  7.38583878E-02
  7.04806522E-02
  6.70871735E-02
  6.36795014E-02
  6.02590702E-02
  5.68272434E-02
  5.33852801E-02
  4.99343462E-02
  4.64755744E-02
  4.30099964E-02
  3.95385921E-02
  3.60622518E-02
  3.25818658E-02
  2.90982258E-02
  2.56121065E-02
  2.21241880E-02
  1.86351705E-02
  1.51456743E-02
  1.16562881E-02
  8.16759001E-03
  4.68009291E-03
  1.19406136E-03
   3.1393032    
   3.1358221    
   3.1323440    
   3.1288693    
   3.1253984    
   3.1219316    
   3.1184692    
   3.1150117    
   3.1115589    
   3.1081116    
   3.1046698    
   3.1012340    
   3.0978038    
   3.0943801    
   3.0909626    
   3.0875521    
   3.0841479    
   3.0807509    
   3.0773611    
   3.0739784    
   3.0706031    
   3.0672355    
   3.0638754    
   3.0605230    
   3.0571785    
   3.0538418    
   3.0505133    
   3.0471931    
   3.0438807    
   3.0405769    
   3.0372813    
