  5.62748984E-02
  7.68959895E-02
  9.10141021E-02
  0.10158007    
  0.10978711    
  0.11627176    
  0.12142602    
  0.12551381    
  0.12872395    
  0.13119762    
  0.13304390    
  0.13434935    
  0.13518399    
  0.13560551    
  0.13566212    
  0.13539451    
  0.13483746    
  0.13402088    
  0.13297077    
  0.13170980    
  0.13025793    
  0.12863278    
  0.12685001    
  0.12492354    
  0.12286588    
  0.12068822    
  0.11840069    
  0.11601241    
  0.11353168    
  0.11096600    
  0.10832226    
  0.10560668    
  0.10282502    
  9.99825075E-02
  9.70839784E-02
  9.41338539E-02
  9.11362246E-02
  8.80948529E-02
  8.50132257E-02
  8.18945691E-02
  7.87418485E-02
  7.55578578E-02
  7.23451525E-02
  6.91061094E-02
  6.58429712E-02
  6.25577942E-02
  5.92525192E-02
  5.59289306E-02
  5.25887236E-02
  4.92334552E-02
  4.58645970E-02
  4.24835198E-02
  3.90915275E-02
  3.56898010E-02
  3.22794691E-02
  2.88616251E-02
  2.54372135E-02
  2.20072232E-02
  1.85724646E-02
  1.51338438E-02
  1.16920285E-02
  8.24784581E-03
  4.80194530E-03
  1.35502627E-03
   3.1395001    
   3.1360528    
   3.1326060    
   3.1291604    
   3.1257164    
   3.1222746    
   3.1188352    
   3.1153986    
   3.1119654    
   3.1085360    
   3.1051102    
   3.1016889    
   3.0982721    
   3.0948601    
   3.0914533    
   3.0880518    
   3.0846560    
   3.0812659    
   3.0778818    
   3.0745039    
   3.0711327    
   3.0677676    
   3.0644095    
   3.0610583    
   3.0577142    
   3.0543771    
   3.0510473    
   3.0477252    
   3.0444102    
   3.0411031    
   3.0378036    
   3.0345120    
   3.0312283    
   3.0279524    
   3.0246847    
   3.0214250    
