  0.25143307    
  0.33325174    
  0.38450742    
  0.42004490    
  0.44585982    
  0.46507889    
  0.47956023    
  0.49050164    
  0.49871987    
  0.50479549    
  0.50915462    
  0.51211828    
  0.51393348    
  0.51479375    
  0.51485294    
  0.51423502    
  0.51304096    
  0.51135409    
  0.50924343    
  0.50676697    
  0.50397342    
  0.50090426    
  0.49759501    
  0.49407598    
  0.49037343    
  0.48651013    
  0.48250586    
  0.47837797    
  0.47414160    
  0.46981013    
  0.46539533    
  0.46090764    
  0.45635632    
  0.45174962    
  0.44709486    
  0.44239861    
  0.43766674    
  0.43290451    
  0.42811665    
  0.42330739    
  0.41848060    
  0.41363972    
  0.40878791    
  0.40392792    
  0.39906234    
  0.39419347    
  0.38932341    
  0.38445407    
  0.37958717    
  0.37472430    
  0.36986682    
  0.36501607    
  0.36017320    
  0.35533929    
  0.35051528    
  0.34570208    
  0.34090048    
  0.33611119    
  0.33133486    
  0.32657212    
  0.32182345    
  0.31708941    
  0.31237036    
  0.30766675    
  0.30297890    
  0.29830715    
  0.29365179    
  0.28901303    
  0.28439113    
  0.27978629    
  0.27519867    
  0.27062842    
  0.26607570    
  0.26154056    
  0.25702316    
  0.25252354    
  0.24804178    
  0.24357791    
  0.23913200    
  0.23470405    
  0.23029408    
  0.22590210    
  0.22152810    
  0.21717207    
  0.21283399    
  0.20851384    
  0.20421158    
  0.19992717    
  0.19566055    
  0.19141169    
  0.18718052    
  0.18296701    
  0.17877105    
  0.17459260    
  0.17043158    
  0.16628793    
  0.16216157    
  0.15805240    
  0.15396036    
  0.14988537    
