  3.60102504E-02
  4.90420461E-02
  5.78303672E-02
  6.42784238E-02
  6.91579357E-02
  7.28818700E-02
  7.57055357E-02
  7.78015479E-02
  7.92939812E-02
  8.02760646E-02
  8.08202475E-02
  8.09842944E-02
  8.08152631E-02
  8.03521052E-02
  7.96275660E-02
  7.86694735E-02
  7.75017217E-02
  7.61450082E-02
  7.46174082E-02
  7.29347914E-02
  7.11111948E-02
  6.91590682E-02
  6.70895576E-02
  6.49126247E-02
  6.26372620E-02
  6.02715611E-02
  5.78228496E-02
  5.52978218E-02
  5.27025349E-02
  5.00425324E-02
  4.73229028E-02
  4.45483029E-02
  4.17229831E-02
  3.88508998E-02
  3.59356962E-02
  3.29807028E-02
  2.99890339E-02
  2.69635506E-02
  2.39069462E-02
  2.08216477E-02
  1.77100040E-02
  1.45741403E-02
  1.14160543E-02
  8.23755562E-03
  5.04052127E-03
  1.82627013E-03
   3.1401894    
   3.1369460    
   3.1336894    
   3.1304216    
   3.1271434    
   3.1238561    
   3.1205604    
   3.1172576    
   3.1139486    
   3.1106341    
   3.1073148    
   3.1039917    
   3.1006653    
   3.0973365    
   3.0940061    
   3.0906742    
   3.0873415    
   3.0840087    
   3.0806761    
   3.0773444    
   3.0740142    
   3.0706854    
   3.0673587    
   3.0640345    
   3.0607128    
   3.0573945    
   3.0540798    
   3.0507686    
   3.0474615    
   3.0441587    
   3.0408604    
   3.0375669    
   3.0342784    
   3.0309951    
   3.0277174    
   3.0244453    
   3.0211787    
   3.0179183    
   3.0146639    
   3.0114160    
   3.0081742    
   3.0049391    
   3.0017104    
   2.9984889    
   2.9952741    
   2.9920661    
   2.9888654    
   2.9856718    
   2.9824855    
   2.9793065    
   2.9761350    
   2.9729710    
   2.9698145    
   2.9666655    
