  2.35845651E-02
  3.18776071E-02
  3.72848958E-02
  4.10798416E-02
  4.37822789E-02
  4.56722192E-02
  4.69238088E-02
  4.76555452E-02
  4.79531027E-02
  4.78812344E-02
  4.74905670E-02
  4.68216836E-02
  4.59078215E-02
  4.47766632E-02
  4.34515849E-02
  4.19525728E-02
  4.02968526E-02
  3.84994373E-02
  3.65734920E-02
  3.45306322E-02
  3.23811546E-02
  3.01342960E-02
  2.77982783E-02
  2.53805649E-02
  2.28878129E-02
  2.03261394E-02
  1.77010708E-02
  1.50176175E-02
  1.22804334E-02
  9.49372072E-03
  6.66136341E-03
  3.78689822E-03
  8.73361540E-04
   3.1395173    
   3.1365354    
   3.1335230    
   3.1304827    
   3.1274168    
   3.1243272    
   3.1212161    
   3.1180849    
   3.1149356    
   3.1117697    
   3.1085887    
   3.1053939    
   3.1021867    
   3.0989683    
   3.0957398    
   3.0925021    
   3.0892565    
   3.0860038    
   3.0827448    
   3.0794804    
   3.0762115    
   3.0729384    
   3.0696626    
   3.0663838    
   3.0631034    
   3.0598216    
   3.0565391    
   3.0532560    
   3.0499735    
   3.0466914    
   3.0434105    
   3.0401313    
   3.0368538    
   3.0335786    
   3.0303061    
   3.0270367    
   3.0237703    
   3.0205076    
   3.0172486    
   3.0139937    
   3.0107431    
   3.0074973    
   3.0042562    
   3.0010200    
   2.9977891    
   2.9945636    
   2.9913435    
   2.9881294    
   2.9849210    
   2.9817185    
   2.9785223    
   2.9753323    
   2.9721489    
   2.9689720    
   2.9658015    
   2.9626379    
   2.9594812    
   2.9563315    
   2.9531887    
   2.9500530    
   2.9469244    
   2.9438031    
   2.9406891    
   2.9375825    
   2.9344833    
   2.9313915    
   2.9283073    
