   1.0918254    
   1.1407697    
   1.1480696    
   1.1434215    
   1.1340351    
   1.1225042    
   1.1099654    
   1.0969788    
   1.0838419    
   1.0707203    
   1.0577086    
   1.0448612    
   1.0322084    
   1.0197668    
   1.0075434    
  0.99553990    
  0.98375452    
  0.97218329    
  0.96082091    
  0.94966125    
  0.93869787    
  0.92792416    
  0.91733348    
  0.90691930    
  0.89667535    
  0.88659543    
  0.87667370    
  0.86690456    
  0.85728252    
  0.84780258    
  0.83845979    
  0.82924950    
  0.82016730    
  0.81120902    
  0.80237055    
  0.79364818    
  0.78503829    
  0.77653736    
  0.76814210    
  0.75984943    
  0.75165635    
  0.74355996    
  0.73555756    
  0.72764659    
  0.71982449    
  0.71208894    
  0.70443761    
  0.69686830    
  0.68937898    
  0.68196768    
  0.67463237    
  0.66737121    
  0.66018248    
  0.65306449    
  0.64601552    
  0.63903403    
  0.63211852    
  0.62526751    
  0.61847955    
  0.61175328    
  0.60508752    
  0.59848082    
  0.59193206    
  0.58543998    
  0.57900357    
  0.57262158    
  0.56629300    
  0.56001681    
  0.55379200    
  0.54761761    
  0.54149264    
  0.53541625    
  0.52938747    
  0.52340555    
  0.51746958    
  0.51157880    
  0.50573242    
  0.49992961    
  0.49416968    
  0.48845193    
  0.48277563    
  0.47714010    
  0.47154468    
  0.46598876    
  0.46047163    
  0.45499274    
  0.44955149    
  0.44414732    
  0.43877959    
  0.43344784    
  0.42815146    
  0.42288995    
  0.41766280    
  0.41246951    
  0.40730959    
  0.40218258    
  0.39708799    
  0.39202538    
  0.38699430    
  0.38199434    
