  4.14262675E-02
  5.65038398E-02
  6.67395741E-02
  7.43140951E-02
  8.01104158E-02
  8.46004263E-02
  8.80754292E-02
  9.07320827E-02
  9.27115008E-02
  9.41195711E-02
  9.50384140E-02
  9.55333933E-02
  9.56576690E-02
  9.54551846E-02
  9.49627757E-02
  9.42117274E-02
  9.32288468E-02
  9.20373052E-02
  9.06573087E-02
  8.91065821E-02
  8.74007493E-02
  8.55536833E-02
  8.35777521E-02
  8.14840049E-02
  7.92823955E-02
  7.69818798E-02
  7.45905638E-02
  7.21157938E-02
  6.95642605E-02
  6.69420734E-02
  6.42547980E-02
  6.15075417E-02
  5.87049834E-02
  5.58514372E-02
  5.29508814E-02
  5.00069521E-02
  4.70230505E-02
  4.40023057E-02
  4.09476049E-02
  3.78616527E-02
  3.47469486E-02
  3.16058025E-02
  2.84403767E-02
  2.52527054E-02
  2.20446568E-02
  1.88179836E-02
  1.55743072E-02
  1.23152006E-02
  9.04208794E-03
  5.75630367E-03
  2.45907297E-03
   3.1407440    
   3.1374276    
   3.1341031    
   3.1307712    
   3.1274333    
   3.1240900    
   3.1207423    
   3.1173906    
   3.1140361    
   3.1106791    
   3.1073205    
   3.1039608    
   3.1006002    
   3.0972400    
   3.0938802    
   3.0905213    
   3.0871637    
   3.0838082    
   3.0804548    
   3.0771039    
   3.0737560    
   3.0704117    
   3.0670707    
   3.0637336    
   3.0604010    
   3.0570726    
   3.0537491    
   3.0504303    
   3.0471170    
   3.0438089    
   3.0405066    
   3.0372097    
   3.0339191    
   3.0306346    
   3.0273564    
   3.0240846    
   3.0208192    
   3.0175607    
   3.0143089    
   3.0110641    
   3.0078263    
   3.0045958    
   3.0013723    
   2.9981565    
   2.9949479    
   2.9917469    
   2.9885533    
   2.9853675    
   2.9821894    
