  0.10672982    
  0.14539006    
  0.17167807    
  0.19128481    
  0.20651880    
  0.21861102    
  0.22831692    
  0.23614213    
  0.24244554    
  0.24749294    
  0.25148755    
  0.25458875    
  0.25692400    
  0.25859705    
  0.25969338    
  0.26028439    
  0.26043022    
  0.26018205    
  0.25958377    
  0.25867313    
  0.25748307    
  0.25604221    
  0.25437576    
  0.25250590    
  0.25045225    
  0.24823225    
  0.24586146    
  0.24335380    
  0.24072175    
  0.23797652    
  0.23512825    
  0.23218611    
  0.22915839    
  0.22605260    
  0.22287562    
  0.21963371    
  0.21633257    
  0.21297742    
  0.20957305    
  0.20612383    
  0.20263381    
  0.19910671    
  0.19554594    
  0.19195464    
  0.18833575    
  0.18469192    
  0.18102567    
  0.17733930    
  0.17363495    
  0.16991459    
  0.16618006    
  0.16243307    
  0.15867521    
  0.15490797    
  0.15113272    
  0.14735073    
  0.14356320    
  0.13977124    
  0.13597590    
  0.13217814    
  0.12837888    
  0.12457895    
  0.12077913    
  0.11698017    
  0.11318277    
  0.10938755    
  0.10559513    
  0.10180607    
  9.80208963E-02
  9.42400992E-02
  9.04641375E-02
  8.66934434E-02
  8.29284191E-02
  7.91694447E-02
  7.54168704E-02
  7.16710240E-02
  6.79322109E-02
  6.42007217E-02
  6.04768135E-02
  5.67607544E-02
  5.30527756E-02
  4.93530743E-02
  4.56618741E-02
  4.19793539E-02
  3.83056849E-02
  3.46410461E-02
  3.09855752E-02
  2.73394063E-02
  2.37026792E-02
  2.00755186E-02
  1.64580327E-02
  1.28503423E-02
  9.25248675E-03
  5.66455163E-03
  2.08676513E-03
   3.1401117    
   3.1365540    
   3.1330068    
   3.1294696    
   3.1259429    
