  9.31864306E-02
  0.12713437    
  0.15031874    
  0.16767463    
  0.18120144    
  0.19196527    
  0.20062101    
  0.20760778    
  0.21323791    
  0.21774337    
  0.22130205    
  0.22405386    
  0.22611114    
  0.22756557    
  0.22849299    
  0.22895694    
  0.22901113    
  0.22870140    
  0.22806717    
  0.22714257    
  0.22595732    
  0.22453745    
  0.22290584    
  0.22108279    
  0.21908623    
  0.21693221    
  0.21463503    
  0.21220753    
  0.20966126    
  0.20700665    
  0.20425311    
  0.20140919    
  0.19848262    
  0.19548050    
  0.19240922    
  0.18927470    
  0.18608232    
  0.18283701    
  0.17954330    
  0.17620537    
  0.17282705    
  0.16941187    
  0.16596310    
  0.16248375    
  0.15897664    
  0.15544432    
  0.15188922    
  0.14831352    
  0.14471933    
  0.14110854    
  0.13748296    
  0.13384421    
  0.13019386    
  0.12653337    
  0.12286406    
  0.11918719    
  0.11550394    
  0.11181539    
  0.10812258    
  0.10442645    
  0.10072790    
  9.70277786E-02
  9.33268592E-02
  8.96258727E-02
  8.59255046E-02
  8.22264105E-02
  7.85291791E-02
  7.48343766E-02
  7.11425394E-02
  6.74541667E-02
  6.37697205E-02
  6.00896217E-02
  5.64142950E-02
  5.27441204E-02
  4.90794554E-02
  4.54206392E-02
  4.17679735E-02
  3.81217785E-02
  3.44823040E-02
  3.08498181E-02
  2.72245649E-02
  2.36067753E-02
  1.99966524E-02
  1.63944028E-02
  1.28002129E-02
  9.21426062E-03
  5.63665107E-03
  2.06761830E-03
   3.1400998    
   3.1365483    
   3.1330056    
   3.1294720    
   3.1259475    
   3.1224322    
   3.1189263    
   3.1154299    
   3.1119428    
   3.1084654    
   3.1049974    
   3.1015394    
