  6.97268397E-02
  9.52828005E-02
  0.11280458    
  0.12595405    
  0.13621220    
  0.14436874    
  0.15090947    
  0.15616091    
  0.16035619    
  0.16366918    
  0.16623384    
  0.16815609    
  0.16952148    
  0.17040014    
  0.17085053    
  0.17092182    
  0.17065585    
  0.17008856    
  0.16925102    
  0.16817026    
  0.16686998    
  0.16537105    
  0.16369189    
  0.16184896    
  0.15985687    
  0.15772873    
  0.15547633    
  0.15311027    
  0.15064014    
  0.14807467    
  0.14542171    
  0.14268850    
  0.13988155    
  0.13700689    
  0.13407001    
  0.13107593    
  0.12802932    
  0.12493441    
  0.12179513    
  0.11861512    
  0.11539773    
  0.11214606    
  0.10886299    
  0.10555117    
  0.10221308    
  9.88510326E-02
  9.54671577E-02
  9.20634419E-02
  8.86417478E-02
  8.52038041E-02
  8.17512199E-02
  7.82855079E-02
  7.48080686E-02
  7.13202432E-02
  6.78232387E-02
  6.43182173E-02
  6.08062744E-02
  5.72884008E-02
  5.37655577E-02
  5.02386354E-02
  4.67084758E-02
  4.31758501E-02
  3.96415032E-02
  3.61061357E-02
  3.25703770E-02
  2.90348530E-02
  2.55001467E-02
  2.19667684E-02
  1.84352659E-02
  1.49060925E-02
  1.13796722E-02
  7.85646774E-03
  4.33688005E-03
  8.21272435E-04
   3.1389027    
   3.1353960    
   3.1318944    
   3.1283979    
   3.1249073    
   3.1214221    
   3.1179430    
   3.1144702    
   3.1110041    
   3.1075444    
   3.1040919    
   3.1006463    
   3.0972078    
   3.0937767    
   3.0903533    
   3.0869374    
   3.0835295    
   3.0801291    
   3.0767372    
   3.0733531    
   3.0699773    
   3.0666099    
   3.0632508    
   3.0599003    
   3.0565581    
   3.0532248    
