  5.31428121E-02
  7.26027712E-02
  8.59126821E-02
  9.58596766E-02
  0.10357091    
  0.10964780    
  0.11446084    
  0.11825963    
  0.12122282    
  0.12348405    
  0.12514667    
  0.12629274    
  0.12698869    
  0.12728934    
  0.12724046    
  0.12688079    
  0.12624343    
  0.12535685    
  0.12424587    
  0.12293213    
  0.12143467    
  0.11977034    
  0.11795411    
  0.11599933    
  0.11391796    
  0.11172076    
  0.10941742    
  0.10701672    
  0.10452661    
  0.10195433    
  9.93064716E-02
  9.65890735E-02
  9.38076377E-02
  9.09672305E-02
  8.80725160E-02
  8.51277485E-02
  8.21368843E-02
  7.91035742E-02
  7.60311708E-02
  7.29227960E-02
  6.97813407E-02
  6.66094795E-02
  6.34097084E-02
  6.01843297E-02
  5.69355190E-02
  5.36652766E-02
  5.03754728E-02
  4.70678508E-02
  4.37440574E-02
  4.04056050E-02
  3.70539241E-02
  3.36903594E-02
  3.03161573E-02
  2.69324929E-02
  2.35404707E-02
  2.01411247E-02
  1.67354234E-02
  1.33242439E-02
  9.90849361E-03
  6.48897421E-03
  3.06634326E-03
   3.1412342    
   3.1378076    
   3.1343801    
   3.1309519    
   3.1275241    
   3.1240969    
   3.1206708    
   3.1172464    
   3.1138241    
   3.1104043    
   3.1069870    
   3.1035733    
   3.1001630    
   3.0967567    
   3.0933547    
   3.0899572    
   3.0865643    
   3.0831766    
   3.0797944    
   3.0764174    
   3.0730462    
   3.0696809    
   3.0663218    
   3.0629692    
   3.0596230    
   3.0562832    
   3.0529506    
   3.0496247    
   3.0463059    
   3.0429943    
   3.0396900    
   3.0363932    
   3.0331037    
   3.0298221    
   3.0265481    
   3.0232818    
   3.0200236    
   3.0167732    
   3.0135307    
