  0.15730223    
  0.21261570    
  0.24936154    
  0.27620247    
  0.29666480    
  0.31262457    
  0.32522583    
  0.33522725    
  0.34316137    
  0.34941790    
  0.35429090    
  0.35800803    
  0.36074901    
  0.36265799    
  0.36385250    
  0.36442921    
  0.36446866    
  0.36403856    
  0.36319613    
  0.36199033    
  0.36046308    
  0.35865065    
  0.35658452    
  0.35429212    
  0.35179755    
  0.34912196    
  0.34628406    
  0.34330040    
  0.34018573    
  0.33695322    
  0.33361459    
  0.33018041    
  0.32666013    
  0.32306227    
  0.31939456    
  0.31566399    
  0.31187686    
  0.30803889    
  0.30415532    
  0.30023089    
  0.29626995    
  0.29227647    
  0.28825402    
  0.28420597    
  0.28013533    
  0.27604491    
  0.27193725    
  0.26781476    
  0.26367956    
  0.25953367    
  0.25537893    
  0.25121704    
  0.24704957    
  0.24287798    
  0.23870358    
  0.23452765    
  0.23035131    
  0.22617564    
  0.22200160    
  0.21783009    
  0.21366200    
  0.20949805    
  0.20533901    
  0.20118552    
  0.19703822    
  0.19289768    
  0.18876441    
  0.18463892    
  0.18052167    
  0.17641306    
  0.17231351    
  0.16822337    
  0.16414297    
  0.16007259    
  0.15601256    
  0.15196313    
  0.14792453    
  0.14389698    
  0.13988069    
  0.13587584    
  0.13188261    
  0.12790115    
  0.12393159    
  0.11997408    
  0.11602873    
  0.11209565    
  0.10817492    
  0.10426664    
  0.10037086    
  9.64876786E-02
  9.26171467E-02
  8.87592956E-02
  8.49141926E-02
  8.10818598E-02
  7.72623345E-02
  7.34556317E-02
  6.96617812E-02
  6.58807978E-02
  6.21126816E-02
  5.83574399E-02
