  0.20274431    
  0.27162766    
  0.31618884    
  0.34797242    
  0.37167376    
  0.38977349    
  0.40376875    
  0.41464028    
  0.42306766    
  0.42954150    
  0.43442726    
  0.43800411    
  0.44048968    
  0.44205660    
  0.44284374    
  0.44296429    
  0.44251138    
  0.44156256    
  0.44018281    
  0.43842703    
  0.43634200    
  0.43396771    
  0.43133858    
  0.42848447    
  0.42543128    
  0.42220163    
  0.41881540    
  0.41529000    
  0.41164088    
  0.40788171    
  0.40402457    
  0.40008032    
  0.39605859    
  0.39196801    
  0.38781634    
  0.38361055    
  0.37935689    
  0.37506109    
  0.37072819    
  0.36636290    
  0.36196938    
  0.35755146    
  0.35311261    
  0.34865600    
  0.34418446    
  0.33970067    
  0.33520699    
  0.33070564    
  0.32619861    
  0.32168773    
  0.31717467    
  0.31266099    
  0.30814812    
  0.30363727    
  0.29912969    
  0.29462647    
  0.29012859    
  0.28563696    
  0.28115246    
  0.27667582    
  0.27220777    
  0.26774892    
  0.26329994    
  0.25886133    
  0.25443360    
  0.25001720    
  0.24561256    
  0.24122007    
  0.23684005    
  0.23247287    
  0.22811876    
  0.22377802    
  0.21945089    
  0.21513759    
  0.21083829    
  0.20655319    
  0.20228244    
  0.19802617    
  0.19378452    
  0.18955760    
  0.18534549    
  0.18114829    
  0.17696607    
  0.17279889    
  0.16864678    
  0.16450982    
  0.16038801    
  0.15628140    
  0.15218998    
  0.14811379    
  0.14405280    
  0.14000703    
  0.13597648    
  0.13196111    
  0.12796091    
  0.12397585    
  0.12000592    
  0.11605108    
  0.11211129    
  0.10818651    
