   1.5149170    
   1.4457724    
   1.3989609    
   1.3616424    
   1.3298165    
   1.3016607    
   1.2761728    
   1.2527345    
   1.2309339    
   1.2104805    
   1.1911604    
   1.1728113    
   1.1553060    
   1.1385430    
   1.1224397    
   1.1069281    
   1.0919508    
   1.0774595    
   1.0634124    
   1.0497739    
   1.0365126    
   1.0236013    
   1.0110155    
  0.99873382    
  0.98673701    
  0.97500777    
  0.96353054    
  0.95229119    
  0.94127703    
  0.93047619    
  0.91987813    
  0.90947294    
  0.89925158    
  0.88920575    
  0.87932760    
  0.86961013    
  0.86004651    
  0.85063064    
  0.84135669    
  0.83221924    
  0.82321316    
  0.81433374    
  0.80557644    
  0.79693711    
  0.78841174    
  0.77999651    
  0.77168798    
  0.76348269    
  0.75537753    
  0.74736941    
  0.73945546    
  0.73163301    
  0.72389936    
  0.71625215    
  0.70868891    
  0.70120746    
  0.69380558    
  0.68648124    
  0.67923254    
  0.67205745    
  0.66495425    
  0.65792120    
  0.65095663    
  0.64405888    
  0.63722646    
  0.63045794    
  0.62375182    
  0.61710674    
  0.61052138    
  0.60399449    
  0.59752482    
  0.59111118    
  0.58475244    
  0.57844752    
  0.57219529    
  0.56599474    
  0.55984491    
  0.55374479    
  0.54769343    
  0.54168999    
  0.53573352    
  0.52982318    
  0.52395815    
  0.51813769    
  0.51236087    
  0.50662708    
  0.50093555    
  0.49528551    
  0.48967633    
  0.48410732    
  0.47857776    
  0.47308710    
  0.46763471    
  0.46221992    
  0.45684218    
  0.45150092    
  0.44619560    
  0.44092563    
  0.43569052    
  0.43048972    
