  0.32923090    
  0.42803541    
  0.48652154    
  0.52514410    
  0.55196196    
  0.57105213    
  0.58476448    
  0.59457046    
  0.60144699    
  0.60607147    
  0.60893017    
  0.61038172    
  0.61069703    
  0.61008435    
  0.60870677    
  0.60669369    
  0.60414881    
  0.60115671    
  0.59778649    
  0.59409535    
  0.59013104    
  0.58593357    
  0.58153683    
  0.57696944    
  0.57225609    
  0.56741768    
  0.56247246    
  0.55743605    
  0.55232209    
  0.54714251    
  0.54190761    
  0.53662652    
  0.53130722    
  0.52595675    
  0.52058131    
  0.51518637    
  0.50977677    
  0.50435686    
  0.49893048    
  0.49350098    
  0.48807141    
  0.48264447    
  0.47722256    
  0.47180784    
  0.46640220    
  0.46100739    
  0.45562485    
  0.45025602    
  0.44490206    
  0.43956411    
  0.43424305    
  0.42893979    
  0.42365506    
  0.41838953    
  0.41314381    
  0.40791839    
  0.40271378    
  0.39753032    
  0.39236841    
  0.38722828    
  0.38211027    
  0.37701455    
  0.37194130    
  0.36689070    
  0.36186284    
  0.35685781    
  0.35187569    
  0.34691656    
  0.34198043    
  0.33706728    
  0.33217713    
  0.32730997    
  0.32246575    
  0.31764439    
  0.31284592    
  0.30807018    
  0.30331713    
  0.29858670    
  0.29387879    
  0.28919327    
  0.28453007    
  0.27988908    
  0.27527016    
  0.27067322    
  0.26609808    
  0.26154467    
  0.25701284    
  0.25250244    
  0.24801336    
  0.24354544    
  0.23909856    
  0.23467258    
  0.23026732    
  0.22588268    
  0.22151849    
  0.21717462    
  0.21285091    
  0.20854723    
  0.20426343    
  0.19999935    
