  0.37941477    
  0.48668495    
  0.54775155    
  0.58677351    
  0.61304516    
  0.63115829    
  0.64370340    
  0.65227216    
  0.65790361    
  0.66130793    
  0.66298789    
  0.66331011    
  0.66254836    
  0.66091120    
  0.65856022    
  0.65562260    
  0.65219963    
  0.64837295    
  0.64420897    
  0.63976228    
  0.63507807    
  0.63019407    
  0.62514180    
  0.61994797    
  0.61463523    
  0.60922283    
  0.60372740    
  0.59816301    
  0.59254199    
  0.58687496    
  0.58117110    
  0.57543838    
  0.56968385    
  0.56391364    
  0.55813301    
  0.55234671    
  0.54655880    
  0.54077297    
  0.53499246    
  0.52921993    
  0.52345794    
  0.51770872    
  0.51197410    
  0.50625581    
  0.50055534    
  0.49487397    
  0.48921287    
  0.48357308    
  0.47795546    
  0.47236076    
  0.46678966    
  0.46124277    
  0.45572051    
  0.45022339    
  0.44475168    
  0.43930575    
  0.43388581    
  0.42849210    
  0.42312476    
  0.41778389    
  0.41246960    
  0.40718195    
  0.40192094    
  0.39668661    
  0.39147896    
  0.38629788    
  0.38114336    
  0.37601534    
  0.37091368    
  0.36583835    
  0.36078921    
  0.35576612    
  0.35076895    
  0.34579760    
  0.34085190    
  0.33593169    
  0.33103681    
  0.32616711    
  0.32132244    
  0.31650257    
  0.31170738    
  0.30693668    
  0.30219027    
  0.29746801    
  0.29276967    
  0.28809509    
  0.28344408    
  0.27881646    
  0.27421203    
  0.26963061    
  0.26507202    
  0.26053604    
  0.25602254    
  0.25153130    
  0.24706216    
  0.24261490    
  0.23818934    
  0.23378532    
  0.22940265    
  0.22504112    
