  0.85827160    
  0.95577151    
  0.99052846    
   1.0039030    
   1.0074725    
   1.0058212    
   1.0011325    
  0.99457514    
  0.98682755    
  0.97830731    
  0.96928304    
  0.95993376    
  0.95038211    
  0.94071364    
  0.93098921    
  0.92125261    
  0.91153562    
  0.90186137    
  0.89224690    
  0.88270438    
  0.87324280    
  0.86386853    
  0.85458589    
  0.84539783    
  0.83630615    
  0.82731175    
  0.81841487    
  0.80961531    
  0.80091238    
  0.79230517    
  0.78379250    
  0.77537298    
  0.76704526    
  0.75880772    
  0.75065875    
  0.74259675    
  0.73462003    
  0.72672689    
  0.71891576    
  0.71118486    
  0.70353270    
  0.69595754    
  0.68845785    
  0.68103206    
  0.67367870    
  0.66639626    
  0.65918332    
  0.65203840    
  0.64496017    
  0.63794726    
  0.63099837    
  0.62411231    
  0.61728770    
  0.61052346    
  0.60381836    
  0.59717131    
  0.59058118    
  0.58404684    
  0.57756734    
  0.57114160    
  0.56476867    
  0.55844760    
  0.55217743    
  0.54595721    
  0.53978616    
  0.53366333    
  0.52758789    
  0.52155912    
  0.51557612    
  0.50963819    
  0.50374454    
  0.49789447    
  0.49208724    
  0.48632213    
  0.48059854    
  0.47491577    
  0.46927315    
  0.46367010    
  0.45810598    
  0.45258021    
  0.44709221    
  0.44164139    
  0.43622723    
  0.43084913    
  0.42550665    
  0.42019922    
  0.41492632    
  0.40968749    
  0.40448225    
  0.39931011    
  0.39417061    
  0.38906336    
  0.38398781    
  0.37894365    
  0.37393036    
  0.36894760    
  0.36399496    
  0.35907197    
  0.35417834    
  0.34931365    
