   1.1580728    
   1.1901835    
   1.1891978    
   1.1794077    
   1.1664370    
   1.1522260    
   1.1375864    
   1.1228962    
   1.1083422    
   1.0940180    
   1.0799693    
   1.0662156    
   1.0527624    
   1.0396069    
   1.0267420    
   1.0141577    
   1.0018435    
  0.98978806    
  0.97798020    
  0.96640897    
  0.95506382    
  0.94393480    
  0.93301231    
  0.92228746    
  0.91175175    
  0.90139723    
  0.89121646    
  0.88120234    
  0.87134832    
  0.86164814    
  0.85209602    
  0.84268647    
  0.83341426    
  0.82427442    
  0.81526250    
  0.80637401    
  0.79760486    
  0.78895116    
  0.78040916    
  0.77197534    
  0.76364642    
  0.75541919    
  0.74729067    
  0.73925793    
  0.73131824    
  0.72346908    
  0.71570784    
  0.70803219    
  0.70043987    
  0.69292873    
  0.68549663    
  0.67814159    
  0.67086172    
  0.66365510    
  0.65652013    
  0.64945495    
  0.64245802    
  0.63552779    
  0.62866271    
  0.62186134    
  0.61512226    
  0.60844421    
  0.60182577    
  0.59526581    
  0.58876306    
  0.58231634    
  0.57592452    
  0.56958658    
  0.56330132    
  0.55706787    
  0.55088514    
  0.54475224    
  0.53866822    
  0.53263217    
  0.52664322    
  0.52070051    
  0.51480323    
  0.50895059    
  0.50314182    
  0.49737620    
  0.49165294    
  0.48597133    
  0.48033074    
  0.47473043    
  0.46916977    
  0.46364814    
  0.45816493    
  0.45271951    
  0.44731131    
  0.44193974    
  0.43660426    
  0.43130434    
  0.42603940    
  0.42080894    
  0.41561252    
  0.41044956    
  0.40531960    
  0.40022221    
  0.39515692    
  0.39012325    
