  5.94952889E-02
  8.13055560E-02
  9.62485448E-02
  0.10744413    
  0.11615382    
  0.12305046    
  0.12854828    
  0.13292608    
  0.13638316    
  0.13906850    
  0.14109708    
  0.14256009    
  0.14353126    
  0.14407130    
  0.14423080    
  0.14405254    
  0.14357300    
  0.14282355    
  0.14183140    
  0.14062031    
  0.13921112    
  0.13762227    
  0.13587007    
  0.13396908    
  0.13193232    
  0.12977147    
  0.12749705    
  0.12511855    
  0.12264460    
  0.12008301    
  0.11744089    
  0.11472474    
  0.11194049    
  0.10909358    
  0.10618898    
  0.10323132    
  0.10022479    
  9.71732885E-02
  9.40804183E-02
  9.09494907E-02
  8.77836123E-02
  8.45856071E-02
  8.13581422E-02
  7.81036690E-02
  7.48244673E-02
  7.15226829E-02
  6.82002902E-02
  6.48591369E-02
  6.15009591E-02
  5.81273511E-02
  5.47398403E-02
  5.13398238E-02
  4.79286164E-02
  4.45074588E-02
  4.10775170E-02
  3.76398563E-02
  3.41955163E-02
  3.07454281E-02
  2.72904988E-02
  2.38315742E-02
  2.03694496E-02
  1.69048365E-02
  1.34384790E-02
  9.97102167E-03
  6.50309864E-03
  3.03522171E-03
   3.1411610    
   3.1376946    
   3.1342301    
   3.1307678    
   3.1273081    
   3.1238513    
   3.1203978    
   3.1169479    
   3.1135020    
   3.1100605    
   3.1066236    
   3.1031919    
   3.0997651    
   3.0963438    
   3.0929282    
   3.0895185    
   3.0861149    
   3.0827177    
   3.0793269    
   3.0759430    
   3.0725656    
   3.0691955    
   3.0658324    
   3.0624764    
   3.0591280    
   3.0557871    
   3.0524538    
   3.0491281    
   3.0458105    
   3.0425005    
   3.0391986    
   3.0359049    
   3.0326195    
   3.0293419    
