  0.51388311    
  0.63419813    
  0.69548678    
  0.73115844    
  0.75303996    
  0.76658642    
  0.77470732    
  0.77910864    
  0.78086096    
  0.78067094    
  0.77902436    
  0.77626574    
  0.77264607    
  0.76835227    
  0.76352626    
  0.75827724    
  0.75269067    
  0.74683416    
  0.74076170    
  0.73451692    
  0.72813517    
  0.72164547    
  0.71507180    
  0.70843399    
  0.70174855    
  0.69502920    
  0.68828762    
  0.68153358    
  0.67477524    
  0.66801959    
  0.66127264    
  0.65453929    
  0.64782387    
  0.64112991    
  0.63446057    
  0.62781841    
  0.62120551    
  0.61462390    
  0.60807502    
  0.60156024    
  0.59508049    
  0.58863682    
  0.58222985    
  0.57586020    
  0.56952828    
  0.56323445    
  0.55697894    
  0.55076194    
  0.54458344    
  0.53844357    
  0.53234226    
  0.52627939    
  0.52025491    
  0.51426864    
  0.50832039    
  0.50240993    
  0.49653700    
  0.49070141    
  0.48490283    
  0.47914097    
  0.47341555    
  0.46772626    
  0.46207276    
  0.45645475    
  0.45087186    
  0.44532377    
  0.43981013    
  0.43433058    
  0.42888483    
  0.42347246    
  0.41809320    
  0.41274664    
  0.40743247    
  0.40215030    
  0.39689985    
  0.39168075    
  0.38649264    
  0.38133523    
  0.37620813    
  0.37111107    
  0.36604369    
  0.36100566    
  0.35599667    
  0.35101640    
  0.34606457    
  0.34114081    
  0.33624488    
  0.33137643    
  0.32653517    
  0.32172084    
  0.31693313    
  0.31217173    
  0.30743638    
  0.30272681    
  0.29804271    
  0.29338387    
  0.28874996    
  0.28414077    
  0.27955601    
  0.27499545    
