  0.13850076    
  0.18780437    
  0.22087519    
  0.24524269    
  0.26396903    
  0.27868569    
  0.29039049    
  0.29974782    
  0.30722624    
  0.31317019    
  0.31784105    
  0.32144210    
  0.32413465    
  0.32604885    
  0.32729113    
  0.32794967    
  0.32809812    
  0.32779869    
  0.32710427    
  0.32606024    
  0.32470557    
  0.32307422    
  0.32119566    
  0.31909576    
  0.31679729    
  0.31432024    
  0.31168246    
  0.30889973    
  0.30598620    
  0.30295447    
  0.29981583    
  0.29658052    
  0.29325768    
  0.28985566    
  0.28638187    
  0.28284320    
  0.27924582    
  0.27559534    
  0.27189693    
  0.26815528    
  0.26437467    
  0.26055902    
  0.25671196    
  0.25283679    
  0.24893656    
  0.24501406    
  0.24107185    
  0.23711233    
  0.23313770    
  0.22914997    
  0.22515102    
  0.22114258    
  0.21712624    
  0.21310350    
  0.20907575    
  0.20504424    
  0.20101015    
  0.19697462    
  0.19293861    
  0.18890312    
  0.18486901    
  0.18083708    
  0.17680810    
  0.17278279    
  0.16876180    
  0.16474573    
  0.16073518    
  0.15673062    
  0.15273260    
  0.14874154    
  0.14475787    
  0.14078198    
  0.13681427    
  0.13285503    
  0.12890460    
  0.12496328    
  0.12103132    
  0.11710898    
  0.11319649    
  0.10929407    
  0.10540191    
  0.10152020    
  9.76491049E-02
  9.37887728E-02
  8.99393559E-02
  8.61009657E-02
  8.22737440E-02
  7.84577876E-02
  7.46531934E-02
  7.08600506E-02
  6.70784339E-02
  6.33084327E-02
  5.95500842E-02
  5.58034703E-02
  5.20686358E-02
  4.83456068E-02
  4.46344465E-02
  4.09351662E-02
  3.72477956E-02
  3.35723646E-02
