  4.71289381E-02
  6.43470362E-02
  7.60889277E-02
  8.48293081E-02
  9.15694386E-02
  9.68439057E-02
  0.10098231    
  0.10420692    
  0.10667703    
  0.10851194    
  0.10980409    
  0.11062690    
  0.11104000    
  0.11109260    
  0.11082590    
  0.11027478    
  0.10946913    
  0.10843473    
  0.10719401    
  0.10576663    
  0.10416989    
  0.10241911    
  0.10052794    
  9.85085741E-02
  9.63719338E-02
  9.41278711E-02
  9.17852744E-02
  8.93522128E-02
  8.68359879E-02
  8.42432603E-02
  8.15801322E-02
  7.88521469E-02
  7.60644153E-02
  7.32216164E-02
  7.03280568E-02
  6.73877075E-02
  6.44042343E-02
  6.13810197E-02
  5.83212003E-02
  5.52276820E-02
  5.21031544E-02
  4.89501320E-02
  4.57709208E-02
  4.25677188E-02
  3.93425189E-02
  3.60972211E-02
  3.28335688E-02
  2.95532178E-02
  2.62576882E-02
  2.29484402E-02
  1.96268111E-02
  1.62940361E-02
  1.29513033E-02
  9.59975459E-03
  6.24037767E-03
  2.87416112E-03
   3.1410944    
   3.1377177    
   3.1343362    
   3.1309516    
   3.1275640    
   3.1241744    
   3.1207833    
   3.1173913    
   3.1139994    
   3.1106074    
   3.1072164    
   3.1038263    
   3.1004381    
   3.0970521    
   3.0936685    
   3.0902877    
   3.0869102    
   3.0835364    
   3.0801663    
   3.0768006    
   3.0734391    
   3.0700824    
   3.0667307    
   3.0633843    
   3.0600433    
   3.0567079    
   3.0533783    
   3.0500548    
   3.0467374    
   3.0434263    
   3.0401218    
   3.0368240    
   3.0335331    
   3.0302489    
   3.0269718    
   3.0237019    
   3.0204394    
   3.0171840    
   3.0139363    
   3.0106962    
   3.0074635    
   3.0042386    
   3.0010214    
   2.9978123    
