  4.42402922E-02
  6.03758879E-02
  7.13571683E-02
  7.95096084E-02
  8.57744366E-02
  9.06543955E-02
  9.44596380E-02
  9.73994136E-02
  9.96237919E-02
  0.10124526    
  0.10235100    
  0.10301038    
  0.10327972    
  0.10320556    
  0.10282689    
  0.10217679    
  0.10128355    
  0.10017166    
  9.88624245E-02
  9.73745063E-02
  9.57243666E-02
  9.39266086E-02
  9.19942260E-02
  8.99388269E-02
  8.77708495E-02
  8.54997113E-02
  8.31338838E-02
  8.06810856E-02
  7.81483129E-02
  7.55419433E-02
  7.28678033E-02
  7.01312274E-02
  6.73371106E-02
  6.44899458E-02
  6.15938753E-02
  5.86527027E-02
  5.56699634E-02
  5.26489094E-02
  4.95925620E-02
  4.65037078E-02
  4.33849581E-02
  4.02387232E-02
  3.70672382E-02
  3.38726006E-02
  3.06567643E-02
  2.74215490E-02
  2.41686497E-02
  2.08996516E-02
  1.76160671E-02
  1.43192401E-02
  1.10104904E-02
  7.69103551E-03
  4.36206674E-03
  1.02479034E-03
   3.1392722    
   3.1359208    
   3.1325638    
   3.1292019    
   3.1258361    
   3.1224668    
   3.1190951    
   3.1157215    
   3.1123466    
   3.1089711    
   3.1055954    
   3.1022198    
   3.0988455    
   3.0954721    
   3.0921006    
   3.0887313    
   3.0853646    
   3.0820007    
   3.0786402    
   3.0752833    
   3.0719302    
   3.0685811    
   3.0652368    
   3.0618970    
   3.0585623    
   3.0552325    
   3.0519085    
   3.0485899    
   3.0452771    
   3.0419703    
   3.0386696    
   3.0353754    
   3.0320873    
   3.0288062    
   3.0255318    
   3.0222640    
   3.0190034    
   3.0157499    
   3.0125036    
   3.0092645    
   3.0060329    
   3.0028088    
   2.9995923    
   2.9963832    
   2.9931819    
   2.9899886    
