  0.34496060    
  0.44663075    
  0.50609183    
  0.54495955    
  0.57169199    
  0.59053725    
  0.60392773    
  0.61337739    
  0.61988610    
  0.62414384    
  0.62664378    
  0.62774831    
  0.62773001    
  0.62679809    
  0.62511557    
  0.62281150    
  0.61998922    
  0.61673254    
  0.61310989    
  0.60917789    
  0.60498357    
  0.60056621    
  0.59595913    
  0.59119040    
  0.58628404    
  0.58126056    
  0.57613760    
  0.57093054    
  0.56565243    
  0.56031489    
  0.55492789    
  0.54950017    
  0.54403943    
  0.53855240    
  0.53304505    
  0.52752256    
  0.52198970    
  0.51645041    
  0.51090837    
  0.50536686    
  0.49982864    
  0.49429628    
  0.48877206    
  0.48325798    
  0.47775578    
  0.47226706    
  0.46679321    
  0.46133554    
  0.45589507    
  0.45047283    
  0.44506970    
  0.43968639    
  0.43432364    
  0.42898199    
  0.42366198    
  0.41836402    
  0.41308859    
  0.40783593    
  0.40260640    
  0.39740017    
  0.39221752    
  0.38705859    
  0.38192347    
  0.37681231    
  0.37172517    
  0.36666209    
  0.36162314    
  0.35660827    
  0.35161752    
  0.34665087    
  0.34170824    
  0.33678958    
  0.33189484    
  0.32702398    
  0.32217684    
  0.31735340    
  0.31255350    
  0.30777702    
  0.30302390    
  0.29829398    
  0.29358715    
  0.28890327    
  0.28424218    
  0.27960378    
  0.27498788    
  0.27039438    
  0.26582310    
  0.26127392    
  0.25674665    
  0.25224116    
  0.24775729    
  0.24329489    
  0.23885378    
  0.23443384    
  0.23003489    
  0.22565676    
  0.22129932    
  0.21696238    
  0.21264581    
  0.20834945    
