  8.48724321E-02
  0.11587865    
  0.13709706    
  0.15300640    
  0.16541995    
  0.17530447    
  0.18325418    
  0.18966784    
  0.19482948    
  0.19895034    
  0.20219272    
  0.20468454    
  0.20652865    
  0.20780919    
  0.20859593    
  0.20894738    
  0.20891315    
  0.20853567    
  0.20785148    
  0.20689228    
  0.20568573    
  0.20425613    
  0.20262487    
  0.20081089    
  0.19883108    
  0.19670047    
  0.19443253    
  0.19203937    
  0.18953191    
  0.18691997    
  0.18421252    
  0.18141763    
  0.17854267    
  0.17559439    
  0.17257889    
  0.16950180    
  0.16636826    
  0.16318300    
  0.15995038    
  0.15667437    
  0.15335867    
  0.15000668    
  0.14662157    
  0.14320621    
  0.13976333    
  0.13629542    
  0.13280478    
  0.12929359    
  0.12576385    
  0.12221742    
  0.11865603    
  0.11508130    
  0.11149475    
  0.10789777    
  0.10429169    
  0.10067772    
  9.70570296E-02
  9.34306830E-02
  8.97996724E-02
  8.61649513E-02
  8.25273991E-02
  7.88878351E-02
  7.52470344E-02
  7.16057196E-02
  6.79645836E-02
  6.43242300E-02
  6.06852919E-02
  5.70483096E-02
  5.34138158E-02
  4.97823022E-02
  4.61542346E-02
  4.25300412E-02
  3.89101282E-02
  3.52948941E-02
  3.16846967E-02
  2.80798562E-02
  2.44806856E-02
  2.08875202E-02
  1.73006076E-02
  1.37201967E-02
  1.01465434E-02
  6.57988712E-03
  3.02055082E-03
   3.1410611    
   3.1375167    
   3.1339800    
   3.1304514    
   3.1269307    
   3.1234183    
   3.1199143    
   3.1164188    
   3.1129320    
   3.1094537    
   3.1059842    
   3.1025238    
   3.0990722    
   3.0956299    
   3.0921967    
   3.0887725    
   3.0853579    
