  0.30038649    
  0.39343536    
  0.44971925    
  0.48757899    
  0.51432109    
  0.53368801    
  0.54786253    
  0.55822670    
  0.56570709    
  0.57095200    
  0.57443053    
  0.57649148    
  0.57739979    
  0.57736063    
  0.57653558    
  0.57505327    
  0.57301784    
  0.57051408    
  0.56761193    
  0.56436944    
  0.56083524    
  0.55705035    
  0.55304939    
  0.54886210    
  0.54451382    
  0.54002643    
  0.53541887    
  0.53070760    
  0.52590680    
  0.52102917    
  0.51608557    
  0.51108563    
  0.50603795    
  0.50095004    
  0.49582851    
  0.49067932    
  0.48550776    
  0.48031846    
  0.47511563    
  0.46990302    
  0.46468392    
  0.45946139    
  0.45423806    
  0.44901636    
  0.44379842    
  0.43858621    
  0.43338144    
  0.42818570    
  0.42300037    
  0.41782671    
  0.41266587    
  0.40751886    
  0.40238661    
  0.39726987    
  0.39216945    
  0.38708597    
  0.38202000    
  0.37697208    
  0.37194264    
  0.36693212    
  0.36194086    
  0.35696918    
  0.35201734    
  0.34708562    
  0.34217420    
  0.33728322    
  0.33241290    
  0.32756329    
  0.32273453    
  0.31792670    
  0.31313986    
  0.30837402    
  0.30362922    
  0.29890549    
  0.29420280    
  0.28952116    
  0.28486052    
  0.28022084    
  0.27560210    
  0.27100423    
  0.26642713    
  0.26187080    
  0.25733513    
  0.25282004    
  0.24832542    
  0.24385121    
  0.23939730    
  0.23496360    
  0.23054999    
  0.22615637    
  0.22178262    
  0.21742865    
  0.21309432    
  0.20877954    
  0.20448416    
  0.20020808    
  0.19595119    
  0.19171335    
  0.18749443    
  0.18329431    
