  0.11156067    
  0.15187714    
  0.17924196    
  0.19961967    
  0.21543081    
  0.22796603    
  0.23801714    
  0.24611372    
  0.25263131    
  0.25784776    
  0.26197529    
  0.26518011    
  0.26759505    
  0.26932803    
  0.27046788    
  0.27108872    
  0.27125290    
  0.27101341    
  0.27041557    
  0.26949853    
  0.26829615    
  0.26683801    
  0.26515004    
  0.26325503    
  0.26117319    
  0.25892240    
  0.25651863    
  0.25397614    
  0.25130770    
  0.24852480    
  0.24563777    
  0.24265598    
  0.23958789    
  0.23644118    
  0.23322284    
  0.22993924    
  0.22659616    
  0.22319894    
  0.21975240    
  0.21626104    
  0.21272892    
  0.20915981    
  0.20555717    
  0.20192419    
  0.19826381    
  0.19457875    
  0.19087154    
  0.18714449    
  0.18339975    
  0.17963932    
  0.17586505    
  0.17207868    
  0.16828179    
  0.16447589    
  0.16066231    
  0.15684238    
  0.15301730    
  0.14918815    
  0.14535600    
  0.14152181    
  0.13768651    
  0.13385089    
  0.13001579    
  0.12618192    
  0.12234997    
  0.11852059    
  0.11469437    
  0.11087189    
  0.10705364    
  0.10324015    
  9.94318351E-02
  9.56291482E-02
  9.18324888E-02
  8.80422220E-02
  8.42586905E-02
  8.04822296E-02
  7.67131448E-02
  7.29517043E-02
  6.91981763E-02
  6.54528216E-02
  6.17158525E-02
  5.79874888E-02
  5.42679206E-02
  5.05573489E-02
  4.68559302E-02
  4.31638323E-02
  3.94811966E-02
  3.58081572E-02
  3.21448408E-02
  2.84913685E-02
  2.48478502E-02
  2.12143715E-02
  1.75910369E-02
  1.39778983E-02
  1.03750946E-02
  6.78260345E-03
  3.20054940E-03
   3.1412220    
   3.1376605    
   3.1341102    
