  6.62169755E-02
  9.04936492E-02
  0.10713806    
  0.11962528    
  0.12936060    
  0.13709335    
  0.14328463    
  0.14824452    
  0.15219447    
  0.15529974    
  0.15768780    
  0.15945950    
  0.16069631    
  0.16146517    
  0.16182181    
  0.16181323    
  0.16147946    
  0.16085486    
  0.15996920    
  0.15884839    
  0.15751518    
  0.15598959    
  0.15428936    
  0.15243028    
  0.15042645    
  0.14829049    
  0.14603373    
  0.14366648    
  0.14119793    
  0.13863653    
  0.13598990    
  0.13326500    
  0.13046819    
  0.12760527    
  0.12468158    
  0.12170200    
  0.11867103    
  0.11559281    
  0.11247117    
  0.10930963    
  0.10611145    
  0.10287965    
  9.96170416E-02
  9.63262096E-02
  9.30095762E-02
  8.96693915E-02
  8.63077268E-02
  8.29265416E-02
  7.95276463E-02
  7.61127323E-02
  7.26833716E-02
  6.92410544E-02
  6.57871589E-02
  6.23229668E-02
  5.88496961E-02
  5.53684719E-02
  5.18803671E-02
  4.83863614E-02
  4.48874049E-02
  4.13843505E-02
  3.78780402E-02
  3.43692377E-02
  3.08586750E-02
  2.73470152E-02
  2.38349196E-02
  2.03229841E-02
  1.68117862E-02
  1.33018438E-02
  9.79365222E-03
  6.28768606E-03
  2.78443983E-03
   3.1408765    
   3.1373801    
   3.1338873    
   3.1303988    
   3.1269145    
   3.1234353    
   3.1199613    
   3.1164925    
   3.1130295    
   3.1095724    
   3.1061213    
   3.1026766    
   3.0992384    
   3.0958071    
   3.0923827    
   3.0889652    
   3.0855551    
   3.0821524    
   3.0787570    
   3.0753694    
   3.0719895    
   3.0686176    
   3.0652535    
   3.0618978    
   3.0585499    
   3.0552104    
   3.0518794    
   3.0485566    
   3.0452423    
