  0.48753703    
  0.60638124    
  0.66829401    
  0.70502251    
  0.72800666    
  0.74259484    
  0.75166982    
  0.75693655    
  0.75947243    
  0.75999326    
  0.75899345    
  0.75682569    
  0.75374776    
  0.74995267    
  0.74558729    
  0.74076527    
  0.73557585    
  0.73008984    
  0.72436386    
  0.71844405    
  0.71236783    
  0.70616603    
  0.69986421    
  0.69348353    
  0.68704182    
  0.68055397    
  0.67403251    
  0.66748810    
  0.66092980    
  0.65436524    
  0.64780098    
  0.64124262    
  0.63469487    
  0.62816197    
  0.62164724    
  0.61515379    
  0.60868412    
  0.60224044    
  0.59582460    
  0.58943814    
  0.58308238    
  0.57675856    
  0.57046747    
  0.56421000    
  0.55798674    
  0.55179816    
  0.54564476    
  0.53952682    
  0.53344452    
  0.52739811    
  0.52138758    
  0.51541305    
  0.50947446    
  0.50357175    
  0.49770492    
  0.49187374    
  0.48607811    
  0.48031786    
  0.47459278    
  0.46890265    
  0.46324721    
  0.45762628    
  0.45203954    
  0.44648674    
  0.44096762    
  0.43548188    
  0.43002921    
  0.42460933    
  0.41922197    
  0.41386676    
  0.40854344    
  0.40325171    
  0.39799124    
  0.39276171    
  0.38756284    
  0.38239431    
  0.37725583    
  0.37214705    
  0.36706772    
  0.36201751    
  0.35699612    
  0.35200325    
  0.34703860    
  0.34210190    
  0.33719283    
  0.33231115    
  0.32745653    
  0.32262868    
  0.31782737    
  0.31305230    
  0.30830318    
  0.30357978    
  0.29888180    
  0.29420900    
  0.28956112    
  0.28493789    
  0.28033906    
  0.27576438    
  0.27121362    
  0.26668653    
