  0.15078472    
  0.20404011    
  0.23954099    
  0.26555333    
  0.28544113    
  0.30099508    
  0.31330842    
  0.32310715    
  0.33090189    
  0.33706671    
  0.34188458    
  0.34557486    
  0.34831101    
  0.35023260    
  0.35145330    
  0.35206702    
  0.35215202    
  0.35177419    
  0.35098931    
  0.34984520    
  0.34838280    
  0.34663767    
  0.34464061    
  0.34241858    
  0.33999521    
  0.33739135    
  0.33462539    
  0.33171368    
  0.32867077    
  0.32550967    
  0.32224196    
  0.31887811    
  0.31542751    
  0.31189859    
  0.30829901    
  0.30463573    
  0.30091503    
  0.29714260    
  0.29332364    
  0.28946289    
  0.28556472    
  0.28163302    
  0.27767149    
  0.27368337    
  0.26967177    
  0.26563945    
  0.26158899    
  0.25752279    
  0.25344300    
  0.24935165    
  0.24525058    
  0.24114153    
  0.23702607    
  0.23290564    
  0.22878164    
  0.22465529    
  0.22052777    
  0.21640015    
  0.21227342    
  0.20814851    
  0.20402627    
  0.19990751    
  0.19579296    
  0.19168329    
  0.18757914    
  0.18348111    
  0.17938973    
  0.17530552    
  0.17122893    
  0.16716041    
  0.16310035    
  0.15904914    
  0.15500711    
  0.15097459    
  0.14695185    
  0.14293921    
  0.13893688    
  0.13494509    
  0.13096409    
  0.12699404    
  0.12303515    
  0.11908756    
  0.11515144    
  0.11122691    
  0.10731411    
  0.10341315    
  9.95241404E-02
  9.56471562E-02
  9.17822868E-02
  8.79296288E-02
  8.40892121E-02
  8.02611262E-02
  7.64454007E-02
  7.26420954E-02
  6.88512325E-02
  6.50728568E-02
  6.13069795E-02
  5.75536378E-02
  5.38128354E-02
  5.00845872E-02
