  0.60505688    
  0.72659022    
  0.78372020    
  0.81469256    
  0.83221006    
  0.84187299    
  0.84656793    
  0.84794217    
  0.84700608    
  0.84441394    
  0.84060758    
  0.83589566    
  0.83049959    
  0.82458222    
  0.81826526    
  0.81164140    
  0.80478215    
  0.79774332    
  0.79056901    
  0.78329414    
  0.77594692    
  0.76854992    
  0.76112163    
  0.75367707    
  0.74622846    
  0.73878592    
  0.73135769    
  0.72395068    
  0.71657044    
  0.70922166    
  0.70190811    
  0.69463289    
  0.68739855    
  0.68020719    
  0.67306042    
  0.66595954    
  0.65890557    
  0.65189934    
  0.64494133    
  0.63803202    
  0.63117164    
  0.62436020    
  0.61759782    
  0.61088437    
  0.60421973    
  0.59760362    
  0.59103572    
  0.58451575    
  0.57804340    
  0.57161814    
  0.56523961    
  0.55890739    
  0.55262089    
  0.54637975    
  0.54018342    
  0.53403139    
  0.52792317    
  0.52185822    
  0.51583606    
  0.50985610    
  0.50391787    
  0.49802083    
  0.49216449    
  0.48634830    
  0.48057181    
  0.47483444    
  0.46913576    
  0.46347523    
  0.45785236    
  0.45226672    
  0.44671777    
  0.44120508    
  0.43572816    
  0.43028659    
  0.42487988    
  0.41950762    
  0.41416934    
  0.40886462    
  0.40359306    
  0.39835423    
  0.39314774    
  0.38797313    
  0.38283008    
  0.37771815    
  0.37263697    
  0.36758617    
  0.36256540    
  0.35757425    
  0.35261241    
  0.34767947    
  0.34277517    
  0.33789909    
  0.33305094    
  0.32823041    
  0.32343712    
  0.31867081    
  0.31393114    
  0.30921778    
  0.30453050    
  0.29986894    
