  2.83759516E-02
  3.85035649E-02
  4.52243276E-02
  5.00534736E-02
  5.36074005E-02
  5.62170297E-02
  5.80875799E-02
  5.93582280E-02
  6.01293519E-02
  6.04765937E-02
  6.04589172E-02
  6.01235069E-02
  5.95088787E-02
  5.86470328E-02
  5.75649627E-02
  5.62856346E-02
  5.48288673E-02
  5.32118529E-02
  5.14496528E-02
  4.95555177E-02
  4.75412123E-02
  4.54171933E-02
  4.31928299E-02
  4.08765301E-02
  3.84758972E-02
  3.59977968E-02
  3.34484726E-02
  3.08335833E-02
  2.81583089E-02
  2.54274085E-02
  2.26452351E-02
  1.98157653E-02
  1.69426687E-02
  1.40293669E-02
  1.10789426E-02
  8.09433963E-03
  5.07826917E-03
  2.03306903E-03
   3.1405537    
   3.1374576    
   3.1343389    
   3.1311991    
   3.1280406    
   3.1248648    
   3.1216733    
   3.1184673    
   3.1152484    
   3.1120176    
   3.1087763    
   3.1055257    
   3.1022663    
   3.0989995    
   3.0957263    
   3.0924473    
   3.0891633    
   3.0858750    
   3.0825834    
   3.0792892    
   3.0759928    
   3.0726948    
   3.0693958    
   3.0660963    
   3.0627968    
   3.0594981    
   3.0562003    
   3.0529039    
   3.0496094    
   3.0463169    
   3.0430272    
   3.0397401    
   3.0364563    
   3.0331759    
   3.0298996    
   3.0266271    
   3.0233591    
   3.0200953    
   3.0168366    
   3.0135829    
   3.0103343    
   3.0070910    
   3.0038533    
   3.0006213    
   2.9973953    
   2.9941754    
   2.9909616    
   2.9877541    
   2.9845531    
   2.9813585    
   2.9781706    
   2.9749897    
   2.9718156    
   2.9686484    
   2.9654882    
   2.9623353    
   2.9591897    
   2.9560511    
   2.9529200    
   2.9497964    
   2.9466803    
   2.9435716    
