  0.17854995    
  0.24038127    
  0.28097028    
  0.31030208    
  0.33244219    
  0.34954777    
  0.36292869    
  0.37344900    
  0.38171172    
  0.38815540    
  0.39310914    
  0.39682600    
  0.39950463    
  0.40130365    
  0.40235138    
  0.40275300    
  0.40259570    
  0.40195227    
  0.40088415    
  0.39944348    
  0.39767483    
  0.39561653    
  0.39330173    
  0.39075926    
  0.38801426    
  0.38508880    
  0.38200226    
  0.37877178    
  0.37541255    
  0.37193808    
  0.36836043    
  0.36469030    
  0.36093739    
  0.35711029    
  0.35321686    
  0.34926409    
  0.34525836    
  0.34120539    
  0.33711040    
  0.33297816    
  0.32881296    
  0.32461870    
  0.32039899    
  0.31615710    
  0.31189600    
  0.30761844    
  0.30332693    
  0.29902375    
  0.29471102    
  0.29039067    
  0.28606448    
  0.28173408    
  0.27740100    
  0.27306661    
  0.26873219    
  0.26439890    
  0.26006785    
  0.25574005    
  0.25141639    
  0.24709775    
  0.24278487    
  0.23847853    
  0.23417936    
  0.22988799    
  0.22560500    
  0.22133090    
  0.21706615    
  0.21281125    
  0.20856655    
  0.20433246    
  0.20010932    
  0.19589745    
  0.19169712    
  0.18750864    
  0.18333220    
  0.17916808    
  0.17501643    
  0.17087747    
  0.16675137    
  0.16263825    
  0.15853827    
  0.15445155    
  0.15037818    
  0.14631830    
  0.14227195    
  0.13823925    
  0.13422024    
  0.13021497    
  0.12622350    
  0.12224589    
  0.11828214    
  0.11433229    
  0.11039636    
  0.10647435    
  0.10256629    
  9.86721665E-02
  9.47919860E-02
  9.09257308E-02
  8.70733932E-02
  8.32349584E-02
