   1.0284991    
   1.0924593    
   1.1075298    
   1.1077999    
   1.1018784    
   1.0929559    
   1.0824714    
   1.0711561    
   1.0594132    
   1.0474770    
   1.0354893    
   1.0235376    
   1.0116774    
  0.99994296    
  0.98835582    
  0.97692859    
  0.96566844    
  0.95457828    
  0.94365877    
  0.93290842    
  0.92232490    
  0.91190487    
  0.90164453    
  0.89153981    
  0.88158649    
  0.87178028    
  0.86211675    
  0.85259181    
  0.84320122    
  0.83394086    
  0.82480693    
  0.81579554    
  0.80690300    
  0.79812580    
  0.78946060    
  0.78090411    
  0.77245319    
  0.76410484    
  0.75585622    
  0.74770451    
  0.73964709    
  0.73168147    
  0.72380513    
  0.71601582    
  0.70831120    
  0.70068920    
  0.69314772    
  0.68568480    
  0.67829847    
  0.67098695    
  0.66374838    
  0.65658116    
  0.64948362    
  0.64245415    
  0.63549131    
  0.62859350    
  0.62175941    
  0.61498761    
  0.60827684    
  0.60162580    
  0.59503329    
  0.58849800    
  0.58201891    
  0.57559484    
  0.56922477    
  0.56290758    
  0.55664235    
  0.55042797    
  0.54426360    
  0.53814828    
  0.53208119    
  0.52606136    
  0.52008796    
  0.51416022    
  0.50827730    
  0.50243849    
  0.49664298    
  0.49089009    
  0.48517907    
  0.47950926    
  0.47387999    
  0.46829060    
  0.46274045    
  0.45722893    
  0.45175540    
  0.44631934    
  0.44092011    
  0.43555722    
  0.43023005    
  0.42493814    
  0.41968092    
  0.41445792    
  0.40926862    
  0.40411255    
  0.39898923    
  0.39389822    
  0.38883904    
  0.38381127    
  0.37881449    
  0.37384829    
