  0.22081929    
  0.29470450    
  0.34195238    
  0.37530860    
  0.39994761    
  0.41859171    
  0.43287531    
  0.44386294    
  0.45228809    
  0.45867717    
  0.46342021    
  0.46681365    
  0.46908739    
  0.47042295    
  0.47096568    
  0.47083360    
  0.47012341    
  0.46891525    
  0.46727619    
  0.46526253    
  0.46292216    
  0.46029589    
  0.45741874    
  0.45432100    
  0.45102879    
  0.44756502    
  0.44394961    
  0.44020006    
  0.43633178    
  0.43235844    
  0.42829213    
  0.42414352    
  0.41992220    
  0.41563672    
  0.41129467    
  0.40690297    
  0.40246776    
  0.39799455    
  0.39348838    
  0.38895375    
  0.38439476    
  0.37981507    
  0.37521809    
  0.37060684    
  0.36598411    
  0.36135238    
  0.35671398    
  0.35207096    
  0.34742528    
  0.34277865    
  0.33813268    
  0.33348879    
  0.32884836    
  0.32421252    
  0.31958246    
  0.31495914    
  0.31034350    
  0.30573642    
  0.30113864    
  0.29655087    
  0.29197377    
  0.28740793    
  0.28285387    
  0.27831209    
  0.27378306    
  0.26926717    
  0.26476476    
  0.26027623    
  0.25580183    
  0.25134185    
  0.24689655    
  0.24246614    
  0.23805082    
  0.23365077    
  0.22926615    
  0.22489710    
  0.22054374    
  0.21620618    
  0.21188450    
  0.20757879    
  0.20328912    
  0.19901554    
  0.19475809    
  0.19051680    
  0.18629171    
  0.18208282    
  0.17789014    
  0.17371367    
  0.16955341    
  0.16540934    
  0.16128145    
  0.15716970    
  0.15307409    
  0.14899455    
  0.14493105    
  0.14088356    
  0.13685203    
  0.13283642    
  0.12883665    
  0.12485267    
