  0.64008129    
  0.76056278    
  0.81539935    
  0.84423780    
  0.85992432    
  0.86803007    
  0.87139189    
  0.87161326    
  0.86966991    
  0.86618918    
  0.86159205    
  0.85617101    
  0.85013473    
  0.84363574    
  0.83678752    
  0.82967603    
  0.82236719    
  0.81491220    
  0.80735123    
  0.79971600    
  0.79203188    
  0.78431904    
  0.77659392    
  0.76886964    
  0.76115698    
  0.75346458    
  0.74579954    
  0.73816764    
  0.73057348    
  0.72302091    
  0.71551293    
  0.70805204    
  0.70064002    
  0.69327849    
  0.68596858    
  0.67871106    
  0.67150664    
  0.66435564    
  0.65725833    
  0.65021473    
  0.64322484    
  0.63628840    
  0.62940526    
  0.62257510    
  0.61579752    
  0.60907209    
  0.60239834    
  0.59577572    
  0.58920377    
  0.58268195    
  0.57620966    
  0.56978631    
  0.56341124    
  0.55708396    
  0.55080384    
  0.54457027    
  0.53838259    
  0.53224021    
  0.52614260    
  0.52008909    
  0.51407915    
  0.50811207    
  0.50218737    
  0.49630448    
  0.49046275    
  0.48466170    
  0.47890073    
  0.47317928    
  0.46749687    
  0.46185291    
  0.45624694    
  0.45067838    
  0.44514680    
  0.43965164    
  0.43419242    
  0.42876869    
  0.42338002    
  0.41802585    
  0.41270578    
  0.40741938    
  0.40216619    
  0.39694577    
  0.39175776    
  0.38660166    
  0.38147712    
  0.37638372    
  0.37132108    
  0.36628881    
  0.36128655    
  0.35631388    
  0.35137051    
  0.34645602    
  0.34157011    
  0.33671239    
  0.33188254    
  0.32708025    
  0.32230517    
  0.31755698    
  0.31283537    
  0.30814004    
