  0.11656394    
  0.15858172    
  0.18704481    
  0.20820324    
  0.22459456    
  0.23757176    
  0.24796444    
  0.25632712    
  0.26305261    
  0.26843125    
  0.27268451    
  0.27598569    
  0.27847299    
  0.28025866    
  0.28143495    
  0.28207871    
  0.28225458    
  0.28201729    
  0.28141373    
  0.28048429    
  0.27926388    
  0.27778295    
  0.27606815    
  0.27414298    
  0.27202812    
  0.26974189    
  0.26730072    
  0.26471916    
  0.26201025    
  0.25918573    
  0.25625622    
  0.25323120    
  0.25011930    
  0.24692836    
  0.24366550    
  0.24033715    
  0.23694924    
  0.23350713    
  0.23001575    
  0.22647965    
  0.22290292    
  0.21928941    
  0.21564259    
  0.21196570    
  0.20826171    
  0.20453335    
  0.20078318    
  0.19701351    
  0.19322655    
  0.18942426    
  0.18560855    
  0.18178111    
  0.17794359    
  0.17409743    
  0.17024405    
  0.16638473    
  0.16252066    
  0.15865296    
  0.15478268    
  0.15091079    
  0.14703819    
  0.14316571    
  0.13929415    
  0.13542424    
  0.13155666    
  0.12769204    
  0.12383100    
  0.11997408    
  0.11612181    
  0.11227466    
  0.10843309    
  0.10459753    
  0.10076836    
  9.69459563E-02
  9.31306630E-02
  8.93227905E-02
  8.55226517E-02
  8.17305073E-02
  7.79466406E-02
  7.41712674E-02
  7.04046190E-02
  6.66469112E-02
  6.28983304E-02
  5.91590628E-02
  5.54292612E-02
  5.17090969E-02
  4.79987077E-02
  4.42982167E-02
  4.06077392E-02
  3.69274132E-02
  3.32573205E-02
  2.95975581E-02
  2.59482134E-02
  2.23093443E-02
  1.86810568E-02
  1.50633985E-02
  1.14564598E-02
  7.86019582E-03
  4.27477062E-03
  6.99867203E-04
