  0.31439587    
  0.41032085    
  0.46774253    
  0.50602514    
  0.53284353    
  0.55210567    
  0.56607807    
  0.57618797    
  0.58338767    
  0.58834076    
  0.59152532    
  0.59329545    
  0.59391940    
  0.59360421    
  0.59251237    
  0.59077311    
  0.58849055    
  0.58574933    
  0.58261925    
  0.57915795    
  0.57541370    
  0.57142705    
  0.56723237    
  0.56285888    
  0.55833149    
  0.55367184    
  0.54889840    
  0.54402733    
  0.53907251    
  0.53404623    
  0.52895916    
  0.52382070    
  0.51863915    
  0.51342171    
  0.50817490    
  0.50290436    
  0.49761528    
  0.49231204    
  0.48699874    
  0.48167890    
  0.47635573    
  0.47103208    
  0.46571049    
  0.46039325    
  0.45508239    
  0.44977972    
  0.44448692    
  0.43920541    
  0.43393654    
  0.42868143    
  0.42344117    
  0.41821668    
  0.41300878    
  0.40781826    
  0.40264574    
  0.39749181    
  0.39235705    
  0.38724184    
  0.38214663    
  0.37707177    
  0.37201756    
  0.36698428    
  0.36197212    
  0.35698134    
  0.35201204    
  0.34706441    
  0.34213853    
  0.33723447    
  0.33235234    
  0.32749215    
  0.32265395    
  0.31783772    
  0.31304348    
  0.30827120    
  0.30352086    
  0.29879239    
  0.29408577    
  0.28940096    
  0.28473783    
  0.28009635    
  0.27547643    
  0.27087793    
  0.26630083    
  0.26174498    
  0.25721028    
  0.25269666    
  0.24820393    
  0.24373205    
  0.23928085    
  0.23485023    
  0.23044007    
  0.22605021    
  0.22168055    
  0.21733098    
  0.21300133    
  0.20869146    
  0.20440128    
  0.20013063    
  0.19587938    
  0.19164740    
