  0.23052397    
  0.30699822    
  0.35559008    
  0.38970214    
  0.41476822    
  0.43363976    
  0.44802347    
  0.45902744    
  0.46741262    
  0.47372356    
  0.47836250    
  0.48163429    
  0.48377475    
  0.48496965    
  0.48536733    
  0.48508796    
  0.48422989    
  0.48287445    
  0.48108941    
  0.47893181    
  0.47644991    
  0.47368479    
  0.47067171    
  0.46744105    
  0.46401906    
  0.46042860    
  0.45668960    
  0.45281959    
  0.44883388    
  0.44474611    
  0.44056824    
  0.43631095    
  0.43198371    
  0.42759496    
  0.42315233    
  0.41866249    
  0.41413161    
  0.40956512    
  0.40496793    
  0.40034449    
  0.39569882    
  0.39103451    
  0.38635492    
  0.38166296    
  0.37696138    
  0.37225261    
  0.36753890    
  0.36282229    
  0.35810462    
  0.35338753    
  0.34867266    
  0.34396133    
  0.33925486    
  0.33455440    
  0.32986102    
  0.32517570    
  0.32049930    
  0.31583264    
  0.31117648    
  0.30653146    
  0.30189821    
  0.29727730    
  0.29266924    
  0.28807443    
  0.28349334    
  0.27892637    
  0.27437380    
  0.26983598    
  0.26531321    
  0.26080567    
  0.25631365    
  0.25183731    
  0.24737686    
  0.24293244    
  0.23850417    
  0.23409221    
  0.22969663    
  0.22531752    
  0.22095498    
  0.21660906    
  0.21227980    
  0.20796724    
  0.20367143    
  0.19939235    
  0.19513005    
  0.19088450    
  0.18665572    
  0.18244368    
  0.17824836    
  0.17406975    
  0.16990781    
  0.16576250    
  0.16163379    
  0.15752162    
  0.15342596    
  0.14934674    
  0.14528391    
  0.14123742    
  0.13720720    
  0.13319317    
