  0.12712622    
  0.17268784    
  0.20341200    
  0.22615908    
  0.24371690    
  0.25757146    
  0.26863301    
  0.27750883    
  0.28462824    
  0.29030782    
  0.29478836    
  0.29825783    
  0.30086577    
  0.30273321    
  0.30395940    
  0.30462676    
  0.30480447    
  0.30455098    
  0.30391619    
  0.30294296    
  0.30166835    
  0.30012447    
  0.29833952    
  0.29633811    
  0.29414204    
  0.29177052    
  0.28924069    
  0.28656772    
  0.28376526    
  0.28084549    
  0.27781940    
  0.27469686    
  0.27148676    
  0.26819724    
  0.26483557    
  0.26140845    
  0.25792187    
  0.25438145    
  0.25079215    
  0.24715863    
  0.24348512    
  0.23977548    
  0.23603329    
  0.23226182    
  0.22846410    
  0.22464289    
  0.22080076    
  0.21694008    
  0.21306303    
  0.20917165    
  0.20526780    
  0.20135324    
  0.19742955    
  0.19349824    
  0.18956070    
  0.18561819    
  0.18167195    
  0.17772305    
  0.17377256    
  0.16982141    
  0.16587050    
  0.16192070    
  0.15797274    
  0.15402736    
  0.15008524    
  0.14614700    
  0.14221323    
  0.13828447    
  0.13436122    
  0.13044398    
  0.12653317    
  0.12262919    
  0.11873244    
  0.11484326    
  0.11096200    
  0.10708895    
  0.10322441    
  9.93686393E-02
  9.55218822E-02
  9.16843712E-02
  8.78563225E-02
  8.40379223E-02
  8.02293569E-02
  7.64308050E-02
  7.26424083E-02
  6.88643083E-02
  6.50966391E-02
  6.13395348E-02
  5.75930923E-02
  5.38574122E-02
  5.01325913E-02
  4.64187153E-02
  4.27158512E-02
  3.90240736E-02
  3.53434421E-02
  3.16740200E-02
  2.80158278E-02
  2.43689474E-02
  2.07333788E-02
  1.71091799E-02
