   1.2268338    
   1.2404931    
   1.2307873    
   1.2156712    
   1.1990199    
   1.1820714    
   1.1652942    
   1.1488752    
   1.1328862    
   1.1173462    
   1.1022503    
   1.0875828    
   1.0733230    
   1.0594488    
   1.0459383    
   1.0327700    
   1.0199244    
   1.0073825    
  0.99512732    
  0.98314297    
  0.97141480    
  0.95992935    
  0.94867414    
  0.93763781    
  0.92680967    
  0.91617996    
  0.90573955    
  0.89548010    
  0.88539368    
  0.87547302    
  0.86571139    
  0.85610229    
  0.84663981    
  0.83731842    
  0.82813281    
  0.81907809    
  0.81014961    
  0.80134308    
  0.79265428    
  0.78407931    
  0.77561456    
  0.76725650    
  0.75900179    
  0.75084734    
  0.74279010    
  0.73482734    
  0.72695625    
  0.71917433    
  0.71147907    
  0.70386809    
  0.69633931    
  0.68889040    
  0.68151939    
  0.67422432    
  0.66700333    
  0.65985459    
  0.65277630    
  0.64576691    
  0.63882476    
  0.63194835    
  0.62513614    
  0.61838675    
  0.61169881    
  0.60507101    
  0.59850198    
  0.59199059    
  0.58553565    
  0.57913595    
  0.57279044    
  0.56649798    
  0.56025761    
  0.55406827    
  0.54792905    
  0.54183894    
  0.53579706    
  0.52980256    
  0.52385449    
  0.51795214    
  0.51209462    
  0.50628114    
  0.50051099    
  0.49478343    
  0.48909768    
  0.48345312    
  0.47784901    
  0.47228473    
  0.46675962    
  0.46127304    
  0.45582443    
  0.45041317    
  0.44503865    
  0.43970037    
  0.43439773    
  0.42913023    
  0.42389730    
  0.41869849    
  0.41353327    
  0.40840116    
  0.40330172    
  0.39823443    
