  0.24071653    
  0.31983626    
  0.36976600    
  0.40460703    
  0.43006665    
  0.44913116    
  0.46358180    
  0.47457117    
  0.48288804    
  0.48909497    
  0.49360636    
  0.49673522    
  0.49872312    
  0.49975979    
  0.49999645    
  0.49955529    
  0.49853608    
  0.49702111    
  0.49507898    
  0.49276716    
  0.49013421    
  0.48722154    
  0.48406446    
  0.48069337    
  0.47713462    
  0.47341099    
  0.46954238    
  0.46554625    
  0.46143785    
  0.45723069    
  0.45293668    
  0.44856635    
  0.44412911    
  0.43963328    
  0.43508640    
  0.43049505    
  0.42586526    
  0.42120242    
  0.41651133    
  0.41179633    
  0.40706137    
  0.40231001    
  0.39754546    
  0.39277059    
  0.38798803    
  0.38320023    
  0.37840930    
  0.37361720    
  0.36882579    
  0.36403662    
  0.35925123    
  0.35447094    
  0.34969699    
  0.34493050    
  0.34017247    
  0.33542383    
  0.33068544    
  0.32595804    
  0.32124236    
  0.31653899    
  0.31184858    
  0.30717158    
  0.30250850    
  0.29785973    
  0.29322571    
  0.28860676    
  0.28400323    
  0.27941534    
  0.27484336    
  0.27028754    
  0.26574808    
  0.26122513    
  0.25671884    
  0.25222939    
  0.24775687    
  0.24330136    
  0.23886298    
  0.23444177    
  0.23003781    
  0.22565113    
  0.22128177    
  0.21692975    
  0.21259508    
  0.20827775    
  0.20397778    
  0.19969514    
  0.19542982    
  0.19118179    
  0.18695103    
  0.18273748    
  0.17854111    
  0.17436187    
  0.17019972    
  0.16605458    
  0.16192640    
  0.15781511    
  0.15372068    
  0.14964299    
  0.14558201    
  0.14153764    
