  0.27459955    
  0.36195958    
  0.41580245    
  0.45260915    
  0.47899854    
  0.49839482    
  0.51281571    
  0.52355099    
  0.53147304    
  0.53719747    
  0.54117310    
  0.54373568    
  0.54514217    
  0.54559267    
  0.54524547    
  0.54422748    
  0.54264176    
  0.54057264    
  0.53809005    
  0.53525227    
  0.53210819    
  0.52869934    
  0.52506089    
  0.52122301    
  0.51721174    
  0.51304948    
  0.50875568    
  0.50434732    
  0.49983922    
  0.49524438    
  0.49057424    
  0.48583895    
  0.48104739    
  0.47620752    
  0.47132638    
  0.46641022    
  0.46146470    
  0.45649475    
  0.45150492    
  0.44649917    
  0.44148114    
  0.43645409    
  0.43142089    
  0.42638421    
  0.42134643    
  0.41630965    
  0.41127580    
  0.40624669    
  0.40122381    
  0.39620861    
  0.39120242    
  0.38620633    
  0.38122144    
  0.37624869    
  0.37128896    
  0.36634293    
  0.36141139    
  0.35649493    
  0.35159412    
  0.34670946    
  0.34184140    
  0.33699036    
  0.33215669    
  0.32734069    
  0.32254267    
  0.31776285    
  0.31300148    
  0.30825877    
  0.30353484    
  0.29882982    
  0.29414386    
  0.28947705    
  0.28482950    
  0.28020120    
  0.27559227    
  0.27100271    
  0.26643255    
  0.26188177    
  0.25735041    
  0.25283843    
  0.24834582    
  0.24387254    
  0.23941854    
  0.23498379    
  0.23056825    
  0.22617184    
  0.22179449    
  0.21743613    
  0.21309672    
  0.20877616    
  0.20447436    
  0.20019124    
  0.19592673    
  0.19168070    
  0.18745309    
  0.18324378    
  0.17905270    
  0.17487971    
  0.17072475    
  0.16658770    
