  3.08587793E-02
  4.19334732E-02
  4.93300967E-02
  5.46896867E-02
  5.86789437E-02
  6.16553687E-02
  6.38403669E-02
  6.53839409E-02
  6.63941279E-02
  6.69522658E-02
  6.71216771E-02
  6.69529736E-02
  6.64874315E-02
  6.57593235E-02
  6.47974834E-02
  6.36264756E-02
  6.22674227E-02
  6.07386753E-02
  5.90562597E-02
  5.72342910E-02
  5.52852638E-02
  5.32202981E-02
  5.10493331E-02
  4.87813018E-02
  4.64242361E-02
  4.39854227E-02
  4.14714515E-02
  3.88883315E-02
  3.62415239E-02
  3.35360393E-02
  3.07764895E-02
  2.79670395E-02
  2.51115970E-02
  2.22137347E-02
  1.92767475E-02
  1.63036883E-02
  1.32973455E-02
  1.02603603E-02
  7.19519192E-03
  4.10410296E-03
  9.89258755E-04
   3.1394451    
   3.1362882    
   3.1331127    
   3.1299207    
   3.1267135    
   3.1234925    
   3.1202588    
   3.1170137    
   3.1137586    
   3.1104941    
   3.1072218    
   3.1039422    
   3.1006563    
   3.0973651    
   3.0940692    
   3.0907698    
   3.0874667    
   3.0841615    
   3.0808542    
   3.0775456    
   3.0742364    
   3.0709271    
   3.0676179    
   3.0643094    
   3.0610023    
   3.0576966    
   3.0543928    
   3.0510917    
   3.0477931    
   3.0444975    
   3.0412054    
   3.0379169    
   3.0346324    
   3.0313520    
   3.0280762    
   3.0248048    
   3.0215387    
   3.0182774    
   3.0150216    
   3.0117712    
   3.0085266    
   3.0052876    
   3.0020549    
   2.9988282    
   2.9956076    
   2.9923937    
   2.9891863    
   2.9859855    
   2.9827914    
   2.9796045    
   2.9764242    
   2.9732511    
   2.9700851    
   2.9669263    
   2.9637749    
   2.9606309    
   2.9574943    
   2.9543650    
   2.9512436    
