  0.39831445    
  0.50826144    
  0.56991452    
  0.60881674    
  0.63469458    
  0.65230840    
  0.66432202    
  0.67236078    
  0.67747927    
  0.68039441    
  0.68161154    
  0.68149745    
  0.68032509    
  0.67830157    
  0.67558688    
  0.67230654    
  0.66856027    
  0.66442823    
  0.65997541    
  0.65525508    
  0.65031135    
  0.64518070    
  0.63989383    
  0.63447648    
  0.62895054    
  0.62333459    
  0.61764443    
  0.61189371    
  0.60609412    
  0.60025579    
  0.59438741    
  0.58849657    
  0.58258992    
  0.57667315    
  0.57075131    
  0.56482881    
  0.55890948    
  0.55299664    
  0.54709327    
  0.54120201    
  0.53532505    
  0.52946442    
  0.52362186    
  0.51779890    
  0.51199681    
  0.50621682    
  0.50045991    
  0.49472699    
  0.48901880    
  0.48333600    
  0.47767916    
  0.47204873    
  0.46644515    
  0.46086872    
  0.45531973    
  0.44979841    
  0.44430491    
  0.43883941    
  0.43340194    
  0.42799258    
  0.42261136    
  0.41725829    
  0.41193336    
  0.40663648    
  0.40136760    
  0.39612663    
  0.39091349    
  0.38572806    
  0.38057020    
  0.37543976    
  0.37033662    
  0.36526063    
  0.36021158    
  0.35518935    
  0.35019371    
  0.34522453    
  0.34028161    
  0.33536473    
  0.33047372    
  0.32560840    
  0.32076854    
  0.31595394    
  0.31116441    
  0.30639976    
  0.30165976    
  0.29694423    
  0.29225296    
  0.28758574    
  0.28294235    
  0.27832261    
  0.27372631    
  0.26915324    
  0.26460320    
  0.26007602    
  0.25557145    
  0.25108930    
  0.24662943    
  0.24219158    
  0.23777558    
  0.23338124    
