   1.2975758    
   1.2914652    
   1.2727025    
   1.2521210    
   1.2317173    
   1.2119896    
   1.1930479    
   1.1748824    
   1.1574457    
   1.1406806    
   1.1245308    
   1.1089442    
   1.0938739    
   1.0792779    
   1.0651193    
   1.0513651    
   1.0379863    
   1.0249567    
   1.0122532    
  0.99985486    
  0.98774290    
  0.97590047    
  0.96431214    
  0.95296389    
  0.94184303    
  0.93093789    
  0.92023778    
  0.90973282    
  0.89941394    
  0.88927275    
  0.87930143    
  0.86949283    
  0.85984015    
  0.85033715    
  0.84097791    
  0.83175707    
  0.82266939    
  0.81371003    
  0.80487448    
  0.79615849    
  0.78755796    
  0.77906919    
  0.77068841    
  0.76241237    
  0.75423771    
  0.74616146    
  0.73818064    
  0.73029250    
  0.72249442    
  0.71478385    
  0.70715839    
  0.69961578    
  0.69215381    
  0.68477035    
  0.67746347    
  0.67023122    
  0.66307181    
  0.65598339    
  0.64896429    
  0.64201289    
  0.63512766    
  0.62830710    
  0.62154973    
  0.61485416    
  0.60821903    
  0.60164315    
  0.59512514    
  0.58866382    
  0.58225811    
  0.57590681    
  0.56960887    
  0.56336325    
  0.55716890    
  0.55102491    
  0.54493022    
  0.53888398    
  0.53288525    
  0.52693325    
  0.52102703    
  0.51516587    
  0.50934893    
  0.50357550    
  0.49784473    
  0.49215600    
  0.48650855    
  0.48090169    
  0.47533479    
  0.46980718    
  0.46431822    
  0.45886734    
  0.45345390    
  0.44807735    
  0.44273710    
  0.43743259    
  0.43216333    
  0.42692873    
  0.42172831    
  0.41656160    
  0.41142806    
  0.40632725    
