  0.46294516    
  0.57994658    
  0.64217144    
  0.67973286    
  0.70365816    
  0.71916860    
  0.72910696    
  0.73516858    
  0.73843205    
  0.73961848    
  0.73922843    
  0.73762059    
  0.73505849    
  0.73174000    
  0.72781634    
  0.72340506    
  0.71859854    
  0.71347046    
  0.70807999    
  0.70247537    
  0.69669592    
  0.69077426    
  0.68473721    
  0.67860746    
  0.67240375    
  0.66614217    
  0.65983611    
  0.65349704    
  0.64713478    
  0.64075762    
  0.63437277    
  0.62798625    
  0.62160343    
  0.61522883    
  0.60886633    
  0.60251933    
  0.59619069    
  0.58988297    
  0.58359826    
  0.57733846    
  0.57110506    
  0.56489950    
  0.55872291    
  0.55257630    
  0.54646039    
  0.54037595    
  0.53432351    
  0.52830356    
  0.52231652    
  0.51636255    
  0.51044190    
  0.50455481    
  0.49870130    
  0.49288148    
  0.48709530    
  0.48134273    
  0.47562373    
  0.46993822    
  0.46428603    
  0.45866704    
  0.45308107    
  0.44752795    
  0.44200748    
  0.43651947    
  0.43106365    
  0.42563981    
  0.42024773    
  0.41488713    
  0.40955776    
  0.40425935    
  0.39899167    
  0.39375442    
  0.38854733    
  0.38337016    
  0.37822258    
  0.37310436    
  0.36801523    
  0.36295485    
  0.35792303    
  0.35291943    
  0.34794381    
  0.34299588    
  0.33807537    
  0.33318204    
  0.32831556    
  0.32347572    
  0.31866226    
  0.31387487    
  0.30911332    
  0.30437735    
  0.29966670    
  0.29498112    
  0.29032040    
  0.28568423    
  0.28107241    
  0.27648467    
  0.27192077    
  0.26738051    
  0.26286364    
  0.25836992    
