  0.41846058    
  0.53095371    
  0.59301519    
  0.63164544    
  0.65700763    
  0.67402518    
  0.68542963    
  0.69287527    
  0.69742906    
  0.69981205    
  0.70053017    
  0.69994915    
  0.69833988    
  0.69590729    
  0.69280922    
  0.68916899    
  0.68508428    
  0.68063343    
  0.67587978    
  0.67087513    
  0.66566217    
  0.66027623    
  0.65474695    
  0.64909899    
  0.64335340    
  0.63752794    
  0.63163769    
  0.62569565    
  0.61971295    
  0.61369902    
  0.60766220    
  0.60160959    
  0.59554744    
  0.58948106    
  0.58341509    
  0.57735366    
  0.57130033    
  0.56525809    
  0.55922973    
  0.55321759    
  0.54722369    
  0.54124987    
  0.53529757    
  0.52936828    
  0.52346301    
  0.51758295    
  0.51172882    
  0.50590146    
  0.50010151    
  0.49432939    
  0.48858568    
  0.48287070    
  0.47718474    
  0.47152808    
  0.46590090    
  0.46030331    
  0.45473543    
  0.44919729    
  0.44368896    
  0.43821040    
  0.43276158    
  0.42734244    
  0.42195290    
  0.41659287    
  0.41126221    
  0.40596080    
  0.40068850    
  0.39544514    
  0.39023057    
  0.38504457    
  0.37988701    
  0.37475765    
  0.36965629    
  0.36458278    
  0.35953686    
  0.35451835    
  0.34952700    
  0.34456262    
  0.33962497    
  0.33471382    
  0.32982898    
  0.32497022    
  0.32013729    
  0.31533000    
  0.31054810    
  0.30579135    
  0.30105954    
  0.29635248    
  0.29166993    
  0.28701165    
  0.28237742    
  0.27776703    
  0.27318028    
  0.26861691    
  0.26407677    
  0.25955960    
  0.25506520    
  0.25059336    
  0.24614389    
  0.24171656    
